N :Calcite
Y :30.0% Gibbsite, Diffracto n :226
Y :70.0% Dolomite, Diffracto n :933
N :Hematite
0.0
0.0
0.0
0.0
0.0
0.0
0.0
0.0
0.0
0.0
0.0
0.0
0.0
0.0
0.0
0.0
0.0
0.0
0.0
0.0
0.0
0.0
0.0
0.0
0.0
0.0
0.0
0.0
0.0
0.0
0.0
0.0
0.0
0.0
0.0
0.0
0.0
0.0
0.0
0.0
0.0
0.0
0.0
0.0
0.0
0.0
0.0
0.0
0.0
0.0
0.0
0.0
0.0
0.0
0.0
0.0
0.0
0.0
0.0
0.0
0.0
0.0
0.0
0.0
0.0
0.0
0.0
0.0
0.0
0.0
0.0
0.0
0.0
0.0
0.0
0.0
0.0
0.0
0.0
0.0
0.0
0.0
0.0
0.0
0.0
0.0
0.0
0.0
0.0
0.0
0.0
0.0
0.0
0.0
0.0
0.0
0.0
0.0
0.0
0.0
0.0
0.0
0.0
0.0
0.0
0.0
0.0
0.0
0.0
0.0
0.0
0.0
0.0
0.0
0.0
0.0
0.0
0.0
0.0
0.0
0.0
0.0
0.0
0.0
0.0
0.0
0.0
0.0
0.0
0.0
0.0
0.0
0.0
0.0
0.0
2.429839258949001e-36
4.1669084832197704e-36
6.909572131339762e-36
1.107870817425374e-35
1.7176230737936025e-35
2.574941599588882e-35
3.7325675547077025e-35
4.6923513657647547e-35
6.431300117122964e-35
8.523300554832232e-35
1.0922388121345834e-34
1.3534062626739495e-34
1.6215843106345045e-34
1.878675020331087e-34
2.1045757553216465e-34
2.2797028402331673e-34
2.3877711066562576e-34
2.4182874395400872e-34
2.3682302423241265e-34
2.242542593100449e-34
2.053327639842195e-34
1.8179275912499681e-34
1.556308480943718e-34
1.288295714706206e-34
1.03118411766172e-34
7.981006116869478e-35
5.972825779424344e-35
4.322179762556357e-35
3.024311905661275e-35
2.914734117156114e-35
3.5831551390947085e-34
8.179928731642189e-34
1.3813772259235822e-33
1.9278681328343205e-33
3.096059584658831e-33
4.813850995616607e-33
7.238924055348935e-33
1.0528994796769287e-32
1.481164759803605e-32
2.0157753252439033e-32
2.652823747582981e-32
3.376692861931284e-32
4.157190697689523e-32
4.950435414138196e-32
5.702070965439197e-32
6.352992803057168e-32
6.846843576740308e-32
7.137995345437619e-32
7.198463072882976e-32
7.022306564774855e-32
6.626571712473013e-32
6.048572378983028e-32
5.340114384939722e-32
4.559892786404463e-32
3.7655921346047254e-32
3.0071324735406226e-32
2.32209176755563e-32
1.7337428490000684e-32
1.2515452608012634e-32
9.884304010701794e-33
6.744981995548224e-33
4.450055732069666e-33
2.8386997369606364e-33
1.7509472016085415e-33
1.0443959720673516e-33
6.024774458834798e-34
3.361612933233538e-34
1.8144029316565947e-34
1.0698860539925271e-34
5.118811146979826e-34
1.0469233654623101e-33
1.734584750733419e-33
2.852329951373122e-33
6.1016510036529524e-33
1.0846287407717962e-32
1.785105425614877e-32
2.86264924212955e-32
4.4567065617958374e-32
6.711188077772981e-32
9.741300810173967e-32
1.3587201493748627e-31
1.8163782243841961e-31
2.3223121622953456e-31
2.8349123338367124e-31
3.153818107372999e-31
3.5545244343048894e-31
3.814492120319794e-31
3.8956394286792845e-31
3.7851464907194073e-31
3.498763385991434e-31
3.077011723933467e-31
2.5755688477625827e-31
2.053024227695295e-31
1.5597472596155108e-31
1.1307068799765388e-31
7.833122289547606e-32
5.19569067248286e-32
3.307580186948061e-32
2.0266511274016972e-32
1.1991717044281874e-32
6.876741435813561e-33
3.8359871841239174e-33
2.088528502573957e-33
1.1129168257593208e-33
5.814406616126366e-34
2.980073588745144e-34
1.49762884239147e-34
7.369500632897502e-35
3.5440985394119345e-35
1.6623084434676077e-35
9.886806955646995e-36
4.429141516922145e-36
1.9262675674094855e-36
8.1235502260857e-37
3.319220529355912e-37
1.3131777281722795e-37
5.028369089821461e-38
1.86305996637481e-38
6.677978084526495e-39
2.3154363659291807e-39
7.765340136568483e-40
2.5188939901001985e-40
7.902607443088375e-41
2.397925923523353e-41
7.037237643010772e-42
1.9974111507315905e-42
5.483148383467297e-43
3.8347711647176565e-11
6.634358301400639e-11
1.1098369186673808e-10
1.795230373105941e-10
2.8079022337112833e-10
4.2466312608213854e-10
6.210233041818062e-10
8.781566973162734e-10
1.200706642489506e-09
1.4517867540809514e-09
1.876876443292501e-09
2.3462231330257335e-09
2.8359836097125573e-09
3.314659300101179e-09
3.74606104274884e-09
4.093658209033309e-09
4.3256271640428165e-09
4.419644761881387e-09
4.366429154533985e-09
4.1712502710712855e-09
3.853069589288145e-09
3.4415036361055396e-09
2.9722845760241636e-09
2.4821802629433594e-09
2.004365981869175e-09
1.5650258080079757e-09
1.1815898703077828e-09
8.626066258498697e-10
6.089190980338807e-10
4.156302765580922e-10
2.743187745888039e-10
1.750671505385173e-10
1.0803253553294107e-10
6.446221886004153e-11
1.3959721872540935e-08
2.4367447162509603e-08
4.118932504610946e-08
6.735457267062881e-08
1.0651654411239124e-07
1.62888105395699e-07
2.408626171271505e-07
3.443915177308197e-07
4.7614254586658776e-07
6.367719431102167e-07
8.288493174671126e-07
1.042518709369276e-06
1.2682748234102342e-06
1.4943379505007742e-06
1.7080665877165615e-06
1.8963799318026714e-06
2.0485148958329657e-06
2.1577453914389538e-06
2.2223839996270112e-06
2.2457737708154806e-06
2.235224098977563e-06
2.200125684279838e-06
2.1497093327658367e-06
2.0910166957758738e-06
2.0275914992745476e-06
1.959193560943244e-06
1.9092978546131546e-06
1.8245132092768138e-06
1.7235640150754595e-06
1.603121003058226e-06
1.4625734661475217e-06
1.3045313477215002e-06
1.1345148987043038e-06
9.599988430637467e-07
7.891171730017532e-07
6.2937039812983e-07
4.866172150775019e-07
3.645119305191696e-07
2.644131752120821e-07
1.8567849470968615e-07
1.4133008611084615e-07
1.1269469659749559e-07
1.0799581270664908e-07
1.2960117717370833e-07
1.8110954122978954e-07
2.6631459777690953e-07
4.6570048253132894e-07
6.788478889661106e-07
4.344040412329695e-06
8.728977224939836e-06
1.4265991311719387e-05
2.2715769779005243e-05
3.0513678849201218e-05
4.6409086992911487e-05
6.856676463903927e-05
9.830876533697287e-05
0.00013667003408890735
0.0001841050296558989
0.0002401860619013516
0.0003033597261388028
0.00037083606700084507
0.00043867424696918475
0.0005020962486613506
0.0005560110115065803
0.0005956768053902333
0.0006173852555880684
0.0006190312649006353
0.0006004478934896482
0.0005634326344751445
0.0005114594525028926
0.0004491404567503362
0.0003815526210218983
0.0003135650913272319
0.00024928821273028
0.00019172393335436283
0.0001426432494360564
0.00010266588091531755
7.148266417522294e-05
5.5129418760368036e-05
3.6320893288973605e-05
2.314877652018565e-05
1.427241126462313e-05
8.512629524235638e-06
4.911638277798988e-06
2.741475496954859e-06
1.4802555615039997e-06
7.731829331147257e-07
3.9067877860521834e-07
1.9096248708597766e-07
1.3186338453575836e-07
1.2684674349551985e-07
1.6557599262449355e-06
3.7019604014576092e-06
8.559712713941025e-06
1.590072689207423e-05
2.8019487102579145e-05
4.682665458435102e-05
7.421395001018134e-05
0.00011153798498476618
0.00015896271487740826
0.0002148305078596594
0.0002753085373104045
0.0003345513485724813
0.00036988585189519986
0.00041137534935115836
0.00043383426658244126
0.00043383462720469277
0.0004113764893811166
0.0003698877238548436
0.0003153667113464786
0.000254963110568132
0.0001954583090363779
0.0001420840795419087
9.793766524350932e-05
6.401251862487217e-05
3.967234396572102e-05
2.3313881768289805e-05
1.299092647119562e-05
6.863702785264655e-06
3.4384490429682732e-06
1.6332190291580102e-06
7.35520715813462e-07
3.140537402149863e-07
1.2713368273292373e-07
4.8792494762021686e-08
1.775286707431399e-08
6.123414771017455e-09
1.213988440087575e-05
2.113293213657132e-05
3.001762819293881e-05
4.9413442980948136e-05
7.865337532953196e-05
0.00012105726664299
0.0001801628397682158
0.00025926289262172687
0.00036075825952131636
0.0004853924080052002
0.0006314957770793842
0.0007944173073653257
0.0009663350204560584
0.001136599643805804
0.0012926712427715299
0.0014215738775102615
0.0015116510721386999
0.0015542985918924955
0.0015453189339284996
0.0014856023343313284
0.0013809812929597817
0.0012412915332794265
0.001078848757578412
0.0009066676357510158
0.0007367776384570106
0.0005789293056460374
0.0004398609494622079
0.0003231514102015791
0.00025823938201464876
0.00017938291636405946
0.00012048707521177158
7.825293203752577e-05
4.914298708791699e-05
2.9841679242106196e-05
1.7522083279302778e-05
9.94830284127536e-06
5.461513729203964e-06
2.899197738139495e-06
1.4881387301037356e-06
7.386008062303097e-07
3.544678981917017e-07
1.644920139802651e-07
7.380971033203928e-08
3.2024544330140505e-08
1.3435480165713473e-08
5.450347597197156e-09
7.751068582031703e-09
1.0465431033499657e-08
1.6354168192860627e-08
2.592723266384502e-08
4.018884452522363e-08
6.03851499061716e-08
8.777949173817304e-08
1.1056654305983256e-07
1.5199049185715042e-07
2.020291809445669e-07
2.5966504532610516e-07
3.22711067215921e-07
3.878064680844418e-07
4.5062680535763765e-07
7.72646374258239e-05
0.00013256032353905475
0.002664852947275183
0.004621251719461178
0.009370849013700479
0.01535253572946373
0.024341726375660157
0.037349482933953765
0.05545915156542121
0.07969148127770147
0.11081440301092302
0.1491178260241346
0.19417668102730987
0.2446819072544158
0.2983611001295486
0.35206062304002755
0.40200009009998516
0.44418958811476134
0.4749461367209185
0.4876441227107259
0.4936325203330744
0.4835500079908634
0.458372072458738
0.4204719499775198
0.37325179473862263
0.3206399697810697
0.26655715488287673
0.21445064201061514
0.1669696676763588
0.12581477729603036
0.09175338907669651
0.06476252419605576
0.04424397162547621
0.02925728223137507
0.018727879539330278
0.011605103132029197
0.006962320948138265
0.004044391363457021
0.0022751499686887782
0.0012396721066371271
0.0006544097377845737
0.00033479202759226424
0.00016605661516077912
7.989331794933827e-05
3.73084057393667e-05
2.209516109412665e-05
9.8344901935644e-06
4.258489853998909e-06
1.7959637509737504e-06
7.386130933647105e-07
3.1999888464647676e-07
1.5719094396075588e-07
1.1334939517368847e-07
1.3025641138964761e-06
2.510983432417253e-06
4.3457809030469526e-06
7.01237188117057e-06
1.0955385287978789e-05
1.656687043454614e-05
2.424783005879641e-05
3.4348957682243936e-05
4.709297835973635e-05
6.248791697057459e-05
8.024714709846648e-05
9.973645881253483e-05
0.00011996839416274877
0.0001396582627383426
0.00015734470261672323
0.00017156256724858778
0.00020704303864235238
0.00022173106570450517
0.0002471242855058173
0.001318550342329499
0.002113709659897936
0.00399055464774075
0.006335960008496345
0.009814293718845062
0.0147789354080519
0.02160526399346337
0.030596330620329803
0.042311321117558844
0.0563393388098247
0.07288738456583607
0.09121153678773569
0.11067272144295236
0.13037903066896556
0.14906662513261754
0.16571953412916254
0.17928262369881823
0.1891067871436408
0.19488796474943784
0.19671124665850592
0.19498418152296743
0.1903085379157751
0.1833258965889302
0.1745809831831631
0.16796142455918345
0.15700445576370053
0.1448929828205088
0.13167976414432545
0.11748106619083798
0.10255621974826745
0.08732881449991822
0.07234471431054702
0.05818516281911105
0.04536681932109646
0.03426058212154643
0.025049755350718184
0.017731996157091274
0.012155599654996466
0.008073461158004558
0.005198102697780186
0.003246134452447378
0.001967092303278458
0.0011570751283990646
0.0006607671590602463
0.0003663403230823313
0.000197153777466027
0.00010296598229350524
5.2167680534341184e-05
2.563084860570665e-05
1.2207067521253508e-05
7.315737630995078e-06
3.30555100452323e-06
1.4465624085103433e-06
6.12960400668204e-07
2.515609477773278e-07
1.0004282326254067e-07
3.871210512996956e-08
1.9224600982047762e-08
1.4620684651816132e-08
2.0440419988934836e-08
3.125437027863761e-08
4.896389460778914e-08
7.517897604341557e-08
1.1203210676753264e-07
1.6170639170944824e-07
2.259754589255363e-07
3.0570337329345377e-07
4.003411288676925e-07
5.07510028752827e-07
6.227865984241487e-07
7.397945332154735e-07
8.50664176787783e-07
9.468452936446839e-07
1.0201712005633224e-06
1.0639960892279084e-06
3.774133736595048e-06
5.4157896798497556e-06
9.535916689536414e-06
9.462558051968752e-05
0.00020702422583849996
0.0004315676803186538
0.000815705875554206
0.001428480880886452
0.0023777742696943992
0.0037603623550216134
0.0056494182076195255
0.008061906708808514
0.010926844183286825
0.014065367046274363
0.017194671425338103
0.019962694500716072
0.022010516653184212
0.023048181057598628
0.02292205421340514
0.021652169864579025
0.019427059435453035
0.016557906890929803
0.013407375873088812
0.010315467188849792
0.007542919086375095
0.00524380550794474
0.0040022684206003556
0.0025611583696601263
0.0015617705759015264
0.00090927622447186
0.0005070373078462817
0.0002721621993965223
0.0001417186322848174
7.240348091292148e-05
3.6842600659712734e-05
1.899056537589371e-05
1.0058393981732678e-05
5.508474067236829e-06
3.106298531820095e-06
1.7828480618848755e-06
1.0273800010138739e-06
5.876419334083278e-07
3.3102796636091036e-07
1.8284302084165274e-07
9.885003186290991e-08
5.230799174211049e-08
2.712558851388885e-08
1.381199166934277e-08
6.921446153669937e-09
3.4212784767588916e-09
1.671280409026903e-09
7.042758416258721e-07
1.016229546970556e-06
1.7138699705889311e-06
2.795594700424957e-06
4.4096247008364394e-06
6.725714062464118e-06
9.919240585487528e-06
1.4145553734555836e-05
1.950574197493692e-05
2.6007933048521987e-05
3.353126959102353e-05
4.1801795630701156e-05
5.1573146868662396e-05
6.078616240010415e-05
6.963805923264329e-05
7.77212980453829e-05
8.47692417214402e-05
9.072320657515313e-05
9.576861051693995e-05
0.00010027901723944513
0.00010477030190292702
0.00010975164515549294
0.00011558609287563416
0.00012236313157419244
0.00012982198681910897
0.00013734957302793043
0.00014405987149158838
0.00014757952091972582
0.0001507014186334436
0.00015053122150344024
0.00014659755002952325
0.00013885864340719512
0.00012771057396497053
0.00011391543561730463
9.847021235534782e-05
8.24484103569586e-05
6.684873133427116e-05
5.247860763391122e-05
3.9888290155763906e-05
2.935753082583315e-05
2.092557413259902e-05
1.4448571716144585e-05
9.667198140359518e-06
6.270124602826212e-06
3.944188315416987e-06
2.4076123961269534e-06
1.4270533346490218e-06
1.8662327897137157e-06
2.261836043831617e-06
3.259391817129355e-06
5.088635443586899e-06
7.81412898760357e-06
1.0378706508147824e-05
1.5326077117095186e-05
2.1970394254319534e-05
3.0476397867781162e-05
4.090179580409956e-05
5.313497090701982e-05
6.682285029064538e-05
8.136683864873597e-05
9.594806830034933e-05
0.00010959622591057265
0.00012129595481119461
0.00013011494809244057
0.00013533078926461096
0.00013653183869628051
0.0001336719863265164
0.00012706890153990922
0.00011734779677624976
0.00010534799131173445
9.261772968865253e-05
7.925636650318014e-05
6.648992897307397e-05
5.5034972691650703e-05
4.542437244104481e-05
6.709790117841585e-05
9.102355491100653e-05
0.00014004369960194025
0.00019255614738521043
0.00031168136968027523
0.000492609258408927
0.0007480491610048793
0.0010835325463813671
0.0014920629901250886
0.0019501556302602614
0.002417155014784135
0.0028398368112066835
0.0031651002480543055
0.003340904609745137
0.003342464074140153
0.003262772923481474
0.0030339959846439083
0.0027471939474054082
0.002572597794644402
0.0024909604084008435
0.00263237048518327
0.003069644828336059
0.0038584323439233084
0.005033464214721544
0.006604116963886527
0.008554769569661964
0.010819405322706843
0.01330328742236489
0.01586912306879113
0.01779538498206195
0.020298308553213514
0.022625550801436183
0.024524799154883096
0.026010012739573856
0.0271081396562862
0.027920950298746465
0.02861360823969052
0.02937870474010553
0.030407596149468773
0.03183909809178346
0.033727698602553265
0.036017999388711204
0.03854205695619242
0.04103830353282943
0.04318994221057329
0.04467587621942062
0.045224182793011054
0.044657553529269374
0.04292183675759652
0.04009265430468399
0.03635993591967823
0.03199487329615151
0.027307071419989875
0.022600849609696855
0.01813863901873597
0.015399458837571487
0.011742656878450818
0.008685473909113423
0.006233066429744234
0.004341510762375905
0.0029362853741567714
0.0019293110615742094
0.0012323263993168645
0.0007657534015813969
0.00046834460805910517
0.0002819092722465781
0.0001717423499217242
0.00011229822068012085
0.00032083943529196795
0.0004853280884694973
0.0008594785292706645
0.00138006934605707
0.0021357091204245206
0.003216561148971558
0.00469449597476821
0.006637714796877614
0.009095779116523017
0.012078601414377013
0.015542898948630928
0.019381091500350178
0.022063811292777773
0.02610615401349345
0.02993243852882507
0.03325753066092199
0.035809981943483095
0.03736867301806062
0.03779458769637207
0.037051365711546644
0.035210309837271
0.03244144297428964
0.0289805126516668
0.02510516112974804
0.02109387492562788
0.017297993850280594
0.013780208984037185
0.01096790956014832
0.008708231057141962
0.007202362976461869
0.01008502860195496
0.014807690610828896
0.023573300863762046
0.04181505794252367
0.06926848527579153
0.11118294654849353
0.171387611029377
0.25268856776684123
0.3189945089409959
0.4348715563620345
0.5648991993295562
0.6988457071492612
0.8231008261490177
0.9227949886438659
0.9846739873343074
1.0
0.9665625276309288
0.8891916135649386
0.7786018445891955
0.6489533352392288
0.5148946823732927
0.388930532153811
0.2797345184664686
0.1916359125788678
0.1251221167657362
0.07795662075006908
0.04646123058589412
0.026613856070573427
0.014786773501202966
0.008100242990942558
0.004494842102307375
0.0026200043529499267
0.0016589258106247107
0.0011542027715473661
0.0009482166215898139
0.0007403455683074446
0.0005989295245130608
0.0004949724145718484
0.00041567682841552717
0.00035408325474627653
0.00030499152198042975
0.0002639327741888711
0.00022734407013309306
0.00019294899729658518
0.0001598821181966149
0.0001284726474888474
9.965689460581695e-05
7.45278494827733e-05
5.383405637630822e-05
3.879662213480201e-05
2.779811048262517e-05
2.1140169098257048e-05
1.796193811450619e-05
1.7666125634631675e-05
1.9978579852050833e-05
2.473576112133628e-05
3.2006187361462416e-05
4.1684896432724996e-05
5.378150621734335e-05
6.309256766360861e-05
7.862192262380984e-05
9.543424908109204e-05
0.00011262130289328984
0.00012907034338432248
0.00014357404731544764
0.00015497377201166785
0.00016231154752151123
0.0001649622814559327
0.00016272023006639016
0.00015582273683060625
0.00014490744810418516
0.00013091317326387555
0.00011494553055327296
9.81337943727096e-05
8.15040653678308e-05
6.5887118396872e-05
5.8637800818543234e-05
5.330100538301529e-05
5.530127052529777e-05
6.743815997435241e-05
0.0003338242159001968
0.0006204144131758264
0.0011221525104265022
0.0021029300231590487
0.003539616760402939
0.004881386127747735
0.007598989275137927
0.011273530218157924
0.015930372722933465
0.02143412299313152
0.027454227791793975
0.0334727255897279
0.03884766282311242
0.04291590995496384
0.045133985740141595
0.045193683797715226
0.04309331500498948
0.03913929533513076
0.033866600713795776
0.027929186788786874
0.02196721170834935
0.016494994063254977
0.011848230710018122
0.008169936776861036
0.005443576989212335
0.003546176478449729
0.0023096885179351417
0.0015512744933883276
0.0011193707474604526
0.0009006288048206806
0.0008095499545231613
0.0007941168262255548
0.0008136259880062331
0.000865600069055732
0.0009369209561517405
0.001019479593969651
0.001107813347129928
0.0011977584200524734
0.0012856035333668689
0.0013675165291498407
0.0014390923636306524
0.0014953669233333158
0.0015310358513995212
0.0015410819515507424
0.0015215997812080947
0.0014706227311914518
0.0013887269165332023
0.0012792362423100874
0.001147954531929775
0.001002470833573252
0.0008511863044991463
0.0007022672856341263
0.0005627280130940293
0.0004377950496423696
0.00033063228645724993
0.00024237477288546134
0.0001989156033702391
0.0001466109581787666
0.00011345232577331133
0.00010038454552936397
0.00010778447634316345
0.0004499039637265125
0.0008095963104690819
0.0014296775484516754
0.0026068178072752505
0.004298485688814408
0.006773687971283256
0.010186654777188121
0.014617174926285044
0.01997901342966594
0.02601717523477899
0.032279301386036546
0.03814518882713828
0.04294366140099825
0.04606681475027714
0.04710177889904818
0.04592251802163858
0.042716583969603115
0.03793946515294945
0.03221023641127464
0.026184287337482758
0.02043453511535566
0.0169656690309961
0.012494899537643179
0.008977783422380908
0.006366611062225143
0.004522124846291765
0.0032677582668994057
0.0024317241947780853
0.0018702947610250169
0.0014786340262377207
0.001187854207231192
0.0009578380853238576
0.0007887425859604534
0.0006440668968982716
0.0005350649454614826
0.0004748155493471597
0.00045455558745116555
0.00048158350275648336
0.0005618221589980031
0.0006988794303689871
0.0008946635712567259
0.0011479213900579502
0.0014532741607033994
0.0018000296779395657
0.002171635856415247
0.00254634364944557
0.002898608612704556
0.003107694643695173
0.003363700407637574
0.00353140443599783
0.003595848623051182
0.0035511824638505035
0.0034014737474654354
0.0031600529504429826
0.0028475283740765052
0.0024888748519778735
0.002110269032243829
0.0017356780219734548
0.0013849727774515226
0.0010778481572351487
0.0008167989635333421
0.0006087544794907595
0.00045421951524276226
0.00035116218956617506
0.0002959616548647879
0.00028380884693381445
0.00030853853525918313
0.0003777935616902547
0.0004652975808664542
0.0005707654591282275
0.0006869288623405355
0.0011494879874850473
0.001703601629419206
0.0022269650870010605
0.003420013383561414
0.005625669390599779
0.008826264773729471
0.013535215331643547
0.02006798745325538
0.028579125648610242
0.03894326642611351
0.05067108191685335
0.06288657264838092
0.07440346670678999
0.08390499836254106
0.09018764200507444
0.0924128653213048
0.09028402814342369
0.08411439622192343
0.07474755257140149
0.06336645207981068
0.051254336870590986
0.03956362301043369
0.02915395521379363
0.02052199472297293
0.013818567365304896
0.008926685724494635
0.005565171119984821
0.0040036286068725335
0.0024258400777398327
0.00149860326400177
0.0009835465963641446
0.0007155344027333056
0.0005778836232157529
0.0005066779740066047
0.00046749568633786464
0.0004397384895032954
0.00041777476860995594
0.000400573380607641
0.0003897771140480755
0.00038779665060512835
0.0003966199911068038
0.000417936470568535
0.00044988311068332296
0.0004906454248936446
0.0005365006058776174
0.0005826668871671951
0.0006291048531001289
0.0006643368141239306
0.0006880783608676051
0.0006987891918591266
0.0008069157747824786
0.0008983419738078671
0.0010290585240733216
0.0011652798646292208
0.0015401211161003017
0.00204508782411137
0.0027840244379077443
0.003816650484877943
0.005406725034039013
0.007367948445806863
0.009810100417615611
0.012857372528036771
0.016439284366407354
0.020505865848021845
0.025010702940966304
0.02985090262293534
0.0348974732797856
0.039999903939063136
0.044994592658193826
0.04970902569026916
0.053960827502090206
0.05756645063942588
0.06034383027028434
0.06212297424249945
0.0628025258533899
0.06224381905164712
0.06043603432736408
0.057443042324795905
0.053447181742883765
0.05030815032514529
0.04511794520155823
0.03963458827419512
0.03418396307669622
0.02906458154508151
0.02451644960451823
0.020699284663728605
0.017682847258722285
0.015449787955239677
0.013909300570914069
0.012918391268097183
0.012316782907638903
0.011919397275778789
0.011579653065051656
0.011180385263201347
0.01064783278053374
0.010250000804204441
0.009679488314410751
0.00911692739511305
0.008719766305867417
0.008887381058010846
0.009464600638573831
0.010761479690732769
0.012945835137006942
0.016153713840751725
0.01888980007658879
0.023883495013145777
0.02985558452436312
0.03659843277150284
0.043777549344033016
0.05096434016366308
0.05766173933405118
0.06335808914922222
0.0675881436421891
0.06999370203327562
0.07036983329680527
0.06869392115227996
0.0651537966792561
0.06003406828331832
0.05380064137243125
0.04691587879146347
0.03987678116907436
0.03412961744794461
0.029006646169190183
0.025539857962563483
0.024592628704446617
0.0266100115985075
0.03215429679886958
0.04184267373718173
0.05593153417770361
0.0742021846715795
0.08830723943514009
0.11126242913096399
0.1345281695952243
0.15563189869884386
0.17204415797996092
0.18165017031540198
0.18317434634087612
0.1764361199265102
0.16236520628999565
0.1427788798749011
0.1199934195073429
0.09638143737239746
0.07398644296279172
0.054272480438961726
0.03803613309429681
0.0254635527218404
0.016281129898048988
0.009944802484770017
0.005804258882881393
0.0032414847171137458
0.0017380794959070789
0.0009027915037143627
0.0005399880368261768
0.0003960774400529003
0.00040347215066367434
0.0005293946720462915
0.0007211783369156381
0.0010688235144396476
0.0015673363308066908
0.0022450045126645767
0.0031283962516921344
0.004235096373505915
0.005566445614772017
0.007101078001861835
0.008790539127865435
0.010558374945599
0.012303738401945843
0.013911121352966186
0.01525851987060811
0.0162378046515183
0.016766099068662818
0.016797890209633733
0.016331869394838845
0.015410736902213446
0.014114863002025295
0.012554321889037287
0.010843122762858638
0.0090996326685102
0.007425373203923509
0.005898904802980501
0.004668141900801225
0.0036543021661031324
0.0031239176942071153
0.0025627885903713224
0.0023307064706765243
0.0024049510328002697
0.002786827382981444
0.0035015008870066477
0.0045742459519655465
0.006017037721945199
0.00782352853798204
0.00996420894548172
0.012376063371966424
0.01495788160118129
0.017573239009009842
0.020059603699747717
0.02224366101734423
0.02396056924789553
0.025074473850855202
0.02549602532868081
0.025194042861908048
0.02419901903591142
0.022597961511873783
0.02052538324713744
0.01813487137582572
0.01559341778697352
0.013055894318872273
0.011433178243041953
0.0091769625219486
0.007352789666809247
0.005847114758872292
0.004790035107191198
0.004234359410060018
0.004335847687097177
0.005037097517511368
0.0064457435354823185
0.008595157243082543
0.011432763744095308
0.014828047503198548
0.018551692077495616
0.022248609082219265
0.025530059781617005
0.028016099888339387
0.02941536837015387
0.029560535821270946
0.028471941233013914
0.02632826763785285
0.023430823357202393
0.02013990668046868
0.016808350943111363
0.013732160478831993
0.011097796004426601
0.008998091213324172
0.007896789813098944
0.006646139498426082
0.005787009764899223
0.005427288134664951
0.005171535266340636
0.005088556448581322
0.005228885582847482
0.005548088598790601
0.006095718442694162
0.0069858831725467885
0.008268720113727892
0.010008346300510167
0.012652642639663786
0.015882550776381503
0.01986520969157718
0.024728189984554925
0.03083501723346643
0.037985921107597506
0.04641558398995214
0.05613269460053202
0.06698094886556454
0.07855491624500477
0.09016304189205507
0.1008587151338124
0.10955446038304827
0.11520380603831089
0.11686697534132419
0.11586508395179637
0.11066655061635218
0.10173629716338951
0.08995936033141852
0.07647448540151956
0.06247628979019506
0.0490333497533064
0.03695898865122491
0.026748302557961106
0.018586227670322513
0.012402079782962996
0.00795641551867675
0.004915495884759398
0.002937558218280324
0.0017156580510332695
0.0010026074213061308
0.0006167086093555035
0.00043254609140331294
0.00036933188141634543
0.00037582702938204423
0.0004191087697657669
0.00047671532990791593
0.0005322948138209784
0.0005739010819297996
0.0005899259939059754
0.0005933213343909935
0.0005720931373563812
0.0005298864671061654
0.0004729967150178952
0.00040920146147311085
0.0003446066698052186
0.0002846167020026633
0.0002322913784890835
0.00018881319267016443
0.00015398708888673365
0.0001447968425961335
0.00014055446910376523
0.0001487187497387336
0.00017401827143482163
0.00023125221643485313
0.00031140366018724973
0.00042676648228662006
0.0005833998967012731
0.0007859106004438769
0.0010361773151033723
0.0013320275528743905
0.0016685358303388873
0.0020296880214722484
0.0023988079494584895
0.0027544083440375067
0.002971879034858156
0.0032509957724339822
0.003455526220804944
0.0035700304739829623
0.003586662061830006
0.0035061538629569786
0.0033427536908819788
0.003105816513114538
0.002819393533957349
0.002506945702687769
0.002190619983593625
0.001890257249561959
0.0018009162928559858
0.0017411378790220806
0.0018042460177950111
0.0020623752860943634
0.0026379161028245455
0.0035353231779716265
0.004823678229678768
0.00661102451055903
0.008963680416384668
0.011924338839392003
0.015493745844626348
0.019611669257429385
0.024157085715988784
0.02891675832985132
0.03208226047425401
0.036598276921775044
0.04055896680107226
0.0436648492133777
0.045672477837318017
0.046425825326215045
0.045874593906739425
0.04409849541273665
0.04123937216374453
0.037551876183012915
0.03332653097147661
0.02887251878173304
0.02445551027930923
0.02030980605291991
0.01660149045955372
0.013428641461187496
0.010826064532658634
0.008776360111872173
0.007224282775657778
0.006099915947121436
0.005304446231284154
0.004756333727432069
0.004377668260886109
0.004107496438091336
0.0038901360641115934
0.0037627973004412296
0.003570323946629347
0.003371876045746638
0.0031652241988508775
0.0029561028151640586
0.0027517960579588013
0.0027075809359511692
0.002674406494802037
0.002727725677760853
0.0029159460869415763
0.0033381011654002027
0.003991082734005173
0.004924330957943832
0.006203311298420102
0.007874744906148553
0.009962997836958481
0.01246519985981457
0.015325621231691853
0.01844838176190564
0.021686365312387976
0.02485201908532946
0.02773382235883995
0.030209273295472735
0.032019737768915355
0.03308478212373175
0.03339196048579224
0.03320986160129813
0.03252978429054107
0.031462693930803115
0.030299015545121204
0.029288138117861778
0.028619430942299743
0.02840336591106184
0.028568651053436117
0.02896572435305241
0.029354107171370256
0.029477384959673603
0.029097404461638377
0.028078017902201373
0.02640074454456948
0.024158634350706074
0.02153094553813242
0.018741374677314977
0.016013543531882828
0.013533481146032781
0.01142522404148704
0.009741778797626227
0.0084703341570556
0.007548103067425341
0.006901358383407611
0.006413968757632415
0.006012229072398064
0.005762092903256192
0.0053874964296944895
0.005003757396790378
0.004618683816757013
0.005044583093188964
0.0054767566620999705
0.006531856315441589
0.008501636582363433
0.012059010325408244
0.01715598351198132
0.02425299669722561
0.03345673676323998
0.044574198118136954
0.057038309055543676
0.0699101162996995
0.08198023291460584
0.0919592671337766
0.09870654718929324
0.1014444195201204
0.09992568028342351
0.09439671567811063
0.08560932573459247
0.07466693915986237
0.06263128874887891
0.0506432165349751
0.04008991643793176
0.033979428151557446
0.026750345691285194
0.022175585232559608
0.02054363968875639
0.022334393769700412
0.027265417071624273
0.03551702679736179
0.04693087098712283
0.0610582025042534
0.0770717409093449
0.09375072051933656
0.10957735588285952
0.12293590113477172
0.13237536266864997
0.1368625024057891
0.13596610865184278
0.12987973581013987
0.11938673227930123
0.10567005450290078
0.09010745254156867
0.07405425896519792
0.058681547355224434
0.04486504555363109
0.033138434424942326
0.02370458792053736
0.018665643346749167
0.01280883259035822
0.008692904284694566
0.005940665129972563
0.004188469796592401
0.003125598817500008
0.0025085637337355724
0.0021604877634761144
0.0019607846543095286
0.001832631399344205
0.0017304660692898915
0.0016301142251473086
0.0015208053326794656
0.0014003561714442275
0.001271123107447645
0.0011375428723455264
0.001004483850010012
0.0008762560456098468
0.0007629898050481336
0.0006597217050466026
0.0005727099317049858
0.0005054428569104249
0.00046230417494419446
0.0004435768800206536
0.00045281312878369865
0.0004908549507849672
0.0005313624873532061
0.0006115168702003672
0.0007077119997399708
0.0008092751797491488
0.0009037621255654981
0.0009789196180083521
0.0010249797882833454
0.0010361541113319043
0.0010113048742031447
0.0009545318892848157
0.0008728937958554492
0.0007742116308809915
0.0006686649938988478
0.0005651185858841133
0.00047215336773145033
0.0003933005593343393
0.0003319505318304414
0.00028884258777643883
0.0002630431434702159
0.00025172933136238064
0.0002515641700605198
0.00025916732166216574
0.0002713648573469621
0.0002855598542554406
0.0002998717973515529
0.00031288102683659354
0.00032050155933985053
0.0003294690908014383
0.000335028676454853
0.00033650877304183504
0.00033331069144990896
0.0003250275037865298
0.00031157694651678963
0.00029328943499096915
0.00027091810074090193
0.000247338406313021
0.00022198619538821613
0.00019753806939976136
0.00017583338902009809
0.0001585611776546957
0.00014712441705520845
0.00014220615737582475
0.00014381981780025585
0.00015098616000929984
0.00016176514732308317
0.00017342152644074605
0.00018292750657420437
0.0001874547993793832
0.00018928307980536156
0.00018263182313465803
0.00017114739300632894
0.0001621848927704439
0.0001494578442277071
0.00014108545012379525
0.0001407224879429604
0.00015126496908874512
0.00040545169422585126
0.000607946998877622
0.000919545724167027
0.0013790792163422614
0.002097550695128937
0.0030757766661873233
0.004366602764256708
0.006043493919477748
0.008145553315768399
0.01068284259135715
0.013624909633228726
0.01689679701815574
0.020361691757885193
0.02384368646089793
0.02713286254320082
0.03000695623516277
0.03226045816709161
0.03371952949166169
0.034277314096483893
0.03389912206965774
0.03262738444897642
0.03133612518031028
0.028851862882975074
0.025882019590981284
0.0226328468542705
0.019304433285437014
0.016072004196606763
0.013073121693062812
0.010401627635023761
0.008107681093713863
0.006202952346770031
0.0046691120875687
0.003467506467035825
0.00254860846129046
0.0018598411519339104
0.0013515501982110253
0.0009804268856024845
0.0007110546017418356
0.0005159238935093446
0.00037450912687334226
0.00027191990186318507
0.0001975096590124581
0.00014366885842970667
0.00010490482793431698
7.71849553002142e-05
5.747499447028756e-05
4.365977287888816e-05
3.676430866436921e-05
2.9012007599122672e-05
2.3523260443176935e-05
2.3808242771601734e-05
2.4354523982690652e-05
2.7558110525628407e-05
3.4395869222013254e-05
4.5637103347706055e-05
6.252246432521585e-05
8.623861840772674e-05
0.0002414427444036539
0.00040187818402020293
0.0006224394305456159
0.0009466703116672048
0.001412232253818853
0.002122865769810683
0.0030810349178235813
0.00432685983017028
0.005925581531969022
0.007905082003382915
0.01026491685806022
0.012965602241536969
0.015923322716121714
0.019009544424938907
0.022057637976489537
0.02487706449231222
0.02653303967211152
0.028547195980376805
0.029881034245792314
0.03041861048993194
0.030132180264560403
0.029058408106255516
0.027295381425770246
0.02499808915589985
0.022331871763121285
0.019489706257055896
0.016649956157688505
0.013965376921751354
0.011551736377186756
0.009482444317143677
0.0077883688382401495
0.006462482303629313
0.005467914768437558
0.004747931386897155
0.004236331922222344
0.003866785880805227
0.0035803611310814302
0.0033303251988291423
0.003084282222417329
0.002824074781438856
0.0025434934670896477
0.00234635444974117
0.0020425451927288106
0.001737291523899454
0.0014429173730739892
0.0011700016192571828
0.0009268936975632695
0.000719050588464135
0.0005480085338549579
0.0004136298518939007
0.0003134115786823355
0.0002434412238285384
0.00019899724094562323
0.000175032088038496
0.00016651541041669984
0.0001690407881455829
0.00017772638884860754
0.00018893885023146614
0.00019949412654958674
0.0002069865377204401
0.00020989636295171542
0.00020761930994789296
0.0002007173242903177
0.0002082931156349069
0.00020826207554662125
0.00021518404644258274
0.00023388059106676655
0.000255463952864642
0.0003133501636276176
0.0003947153546740275
0.0005091861702662943
0.0006636573273775668
0.0008554850847422694
0.0010850329452728226
0.0013471263192544182
0.0016326244244657157
0.0019287695160474243
0.002220552329649356
0.0024906756654550924
0.002860036046871219
0.003163922763929808
0.0034601205357913407
0.003785181918284588
0.0041752511079029475
0.0047352011544336955
0.005490958854641278
0.0064754421497446105
0.007766836892428004
0.009405572621795755
0.011401176662605657
0.01373475611989531
0.016321570139268656
0.01905258352027054
0.020880261145864335
0.023641406137057754
0.026103373817105393
0.02820221899620613
0.029852963616393835
0.031026589822714064
0.03181610400240531
0.03222494589620211
0.0323875987634417
0.03239515846670858
0.03229629169963726
0.03208006344807158
0.03167970342580982
0.030995583341082725
0.029926891916662673
0.028408354314038903
0.026429921539983556
0.02404156777896407
0.021348680533366787
0.0184731697356666
0.015556458912994531
0.012761558112912987
0.010177740086381474
0.007905119430957966
0.0060155752186713835
0.004988275028229463
0.003815146615063686
0.0030612873623554826
0.0026918897356576687
0.002659862859716183
0.0031176550563330394
0.003825059058289013
0.0048474593892500395
0.0062403000498653825
0.00806933902204921
0.010496105061122307
0.013546643112197719
0.017260579615285668
0.021593327470786572
0.02638264332950858
0.03132492667866857
0.0360118256856894
0.040001838554198914
0.04287221194896492
0.04434354894010648
0.044288193829070045
0.04276655334646108
0.0399969082291899
0.03627047087411525
0.03194148096386952
0.02735212040250838
0.02430600955141996
0.019950094092560135
0.016043402365503442
0.01271684800639795
0.010042890944145535
0.008014233459602248
0.006570853719128004
0.005614383858375883
0.00503070990397653
0.004708346870516456
0.004547858929525209
0.0044723468240920996
0.004425168935439331
0.0043682130430603245
0.004278041411472833
0.004142499895160964
0.003957806397398006
0.0037262177481272173
0.0034542983629532063
0.003151467236024504
0.0028287318512006
0.0024975698878485202
0.002168971591254482
0.0018526752880431996
0.0015566273686291928
0.0012866693831798187
0.001123090129981065
0.0009041881730287607
0.0007169412646659877
0.000560204280735163
0.0004321876393198045
0.0003300251626846043
0.00025080227197111463
0.00019147040623601372
0.000149118305936728
0.00012098481019642435
0.00011468431393993063
0.00011925729626208417
0.00014275557786273254
0.0001834573833935422
0.00024878829867001147
0.00034732359250308324
0.00048277841633571087
0.0006602099411039627
0.0008778216475892646
0.0011299180221226546
0.001403102653229774
0.0016774279092936631
0.0019312411566864893
0.0021421513396355173
0.0022937676857296137
0.002376587672907829
0.0023923820569792826
0.002361067258347889
0.0022727783174573517
0.002136213830085501
0.0019667519791542144
0.001808929551811525
0.001636549355915179
0.0014846459614797664
0.0013684805353682777
0.0013030754507353077
0.001310184480493962
0.0013906324321816552
0.001573006562655524
0.001834793071055491
0.0021834976722929786
0.0026154202009893938
0.0031191202337554646
0.0036854820436714006
0.004286318092494178
0.0048959469251836345
0.005490610651627666
0.00604525609244991
0.0065354916831065
0.006941636553308949
0.007247878048147991
0.007390775416197173
0.0075139290592589995
0.007516518027775546
0.007402539899032984
0.0071792356872045285
0.006884679107130478
0.006505409198666176
0.0060788979149236895
0.005632435341983007
0.00519562199727596
0.004809445280582756
0.004495700825232801
0.0042785620558399495
0.004178232906657876
0.00420314765194006
0.004349659435920983
0.004680330961552951
0.005106412379918859
0.005643147139305341
0.006299625997710673
0.0070924151565597
0.00805146588067326
0.009279198022706651
0.010731832361852097
0.012449302257136804
0.014390523601580715
0.01576041997458144
0.017814626844733096
0.019700274595360577
0.021212264065277237
0.02218288621048085
0.022506312975793828
0.022158413950715286
0.021191489765741128
0.01971503580748412
0.017863606576154333
0.01579159698061211
0.013618088992162575
0.011466792468786019
0.0094400617591628
0.007620941849046507
0.0060670390679894185
0.004816284802038274
0.0038623218224609823
0.0032341325738249847
0.002853880173507544
0.0027023066931524107
0.002756450533303029
0.0029999607096331165
0.003426157055271627
0.0040650546511149235
0.004871442013680181
0.005501361505790932
0.006553000977756174
0.007672593414643626
0.00876462266922437
0.00972475071357718
0.010450457866818216
0.010866570823562488
0.010935874280966294
0.01066351424323295
0.010091093801874196
0.009285843154560547
0.008403584658420933
0.007427754940898399
0.006491439925116389
0.005686267131730519
0.0050997972632276485
0.004834695013401344
0.0049326657533319915
0.005417124202760929
0.006276336198469851
0.007424800022463402
0.008737460691729591
0.010057790294979576
0.011225304716267447
0.012104997522366014
0.01248949582469526
0.012725228494061056
0.012563908334641148
0.012052041902475667
0.011260515146217395
0.01026861678177794
0.009153831724935843
0.007986712690369168
0.006830014309966978
0.005736961678558242
0.004748854059547587
0.003892169526699844
0.003176998924523612
0.0025981393997902644
0.0021405765164029256
0.00178628139529949
0.0015049870241806893
0.0012809108067554525
0.0011007879130315711
0.0009567352499979153
0.0008452273917160428
0.0007689377862731611
0.0007227348890318933
0.0007732455407916969
0.0008620195015105414
0.0010386865681156997
0.001208408798262201
0.0015711116379032613
0.0020925638624204176
0.002834177461938014
0.003777037792720082
0.004941294042338644
0.00627564949125155
0.007707379856267494
0.009127683017693218
0.010412797702067522
0.01144842878222439
0.012149098083764558
0.012472417010298496
0.012421447707424168
0.012035575241427555
0.01137562258067633
0.010508346932764302
0.009499599819757905
0.00841114889745498
0.007300242665042321
0.006219177583075555
0.005218749439433564
0.004326646870383463
0.0035657754421871608
0.002942499017919651
0.0024497809838171457
0.0021862764289024366
0.0018760868620093605
0.0016484489446309787
0.0014857712892634878
0.0013746421228460841
0.001304502723556782
0.001266508623587858
0.00125354405944298
0.001262993511908972
0.0012832482699030384
0.001310394355192004
0.001339080403289292
0.001365414032028024
0.0013894938127602522
0.0014172358484295258
0.0014362786412573524
0.0014523406717571875
0.001622448757963475
0.0017918192048019515
0.002083699796999383
0.002568480444190695
0.0033185211120334377
0.004418079488862025
0.006010560971103024
0.008029530256109526
0.009619732353251002
0.012292053984793142
0.01514719289658153
0.01794404348428665
0.02041808587826112
0.022326002431104275
0.023499950955754252
0.023869325055113483
0.02346095025421472
0.02237539456785899
0.02075333921489854
0.018747036171385883
0.0164962702281748
0.014131900198628974
0.011772259493327148
0.009524871629619762
0.007482097558997551
0.005712970748600179
0.004255590615168337
0.003117117848253925
0.0022694372127975196
0.0016684374310819963
0.0012604336027357672
0.0009927645467357694
0.0008230499599209797
0.0007154833266338491
0.0006662416928754939
0.0006153447318952756
0.0005837475408954679
0.0005662159072849668
0.0005602060582066316
0.000564007682605855
0.0005763518838899158
0.0005956721904022605
0.0007226441118974376
0.0008390902369128081
0.0009943033032449222
0.0012145727902416873
0.00152200864550953
0.0019420264162646546
0.00255358422107691
0.0033121389602939312
0.0042680732212322684
0.005429178546971111
0.006784396496788423
0.008299719987488807
0.009917054294674032
0.011556840815788056
0.013124745725139355
0.014521409722853524
0.01565378504699033
0.016445972908312647
0.01675902052656242
0.016887168706772135
0.016609428912797857
0.01595317855224372
0.014971457645103603
0.013732851013817434
0.012314681407081748
0.010796079441301292
0.009252165260610542
0.007749514470724668
0.006344678678327473
0.005077310868464762
0.00403309463203664
0.003159014391892102
0.0024851681989739574
0.0020180846066902326
0.001754443731999236
0.0016879883588791782
0.001832808568105138
0.0021600596432197784
0.0027528884663737384
0.0035100309156181945
0.004473294599757016
0.005651097266651976
0.007044886267998038
0.008646592924279016
0.009843572818581012
0.011759308672781514
0.013763220950787412
0.01575691275044511
0.017602493367630492
0.01914863557255814
0.02025357891892442
0.020812818735085007
0.02078082590691116
0.020176816571987423
0.019076211990333613
0.01759026210505817
0.01584108380076666
0.013942808026764071
0.011992463615442832
0.010069250522899573
0.008239185979494298
0.006558215037701198
0.005071738305124644
0.0038110417916814056
0.002788657586162003
0.001998344478748152
0.0014164483142278643
0.0010080707143675209
0.0007338367251794194
0.0006068498508315282
0.0004755014724543304
0.00039197843159756847
0.00033850855342138614
0.0003033255957337081
0.00027740010355342324
0.00025796562476917593
0.00024382215236341795
0.00023485459722245557
0.00023193397257822401
0.00023533944115205398
0.0002458086890661303
0.0002636515354698857
0.0003110271904692039
0.00041032115780833265
0.000510405953327896
0.0006491688782707173
0.0008386513211667815
0.0010932459964927306
0.0014288522495070225
0.001897430047254751
0.0024656885630273896
0.003162749756184006
0.003989512694020513
0.004933162401268534
0.0059711806459478165
0.0066911490672565965
0.00777529682243136
0.0088114818639643
0.009737426723196706
0.01049577562187381
0.011042254503380526
0.011401024636852625
0.01149928207457607
0.011373131170206567
0.011066690238450605
0.0106203336412898
0.010091380936476851
0.00955657378180423
0.00905628466462312
0.008639308352573566
0.008350542282589236
0.008210893570502654
0.008224264541091068
0.00837624959876889
0.008635449831961914
0.008953663775250843
0.009278077988974481
0.00955297602599891
0.009730178315045607
0.009772918779129487
0.009659629223052987
0.009494776879928375
0.009117352193227643
0.008600192444740421
0.007969603135569978
0.007256570510476429
0.006493404207653886
0.005761063623821441
0.0050432888701190315
0.004394370742056433
0.003857745350526147
0.003472577360528547
0.003275282049413347
0.0033003775399369738
0.0035443941499732016
0.003986485681629274
0.004581725877585475
0.00525539208642778
0.005917669516262704
0.006480948303509442
0.006873810016836346
0.007058008722684878
0.007051869216698197
0.006850370085725674
0.006508560660074077
0.006071701874505824
0.005747390459399303
0.0052413717742004345
0.0047255376534101525
0.0042395370801126845
0.0037929458543844797
0.0034184029852367378
0.00313838544489495
0.0029684212566916043
0.002908110380444695
0.002944962645249894
0.003055605872716293
0.0032092851291378884
0.0033735387846197543
0.0035188280700114713
0.003621715303147819
0.003666386052649563
0.0036447607845768257
0.0035556370280164684
0.003403330883282751
0.0031961816011620917
0.002945147900566009
0.0026625996098764244
0.002362623972632375
0.0020573881199397793
0.0017577935891976448
0.0014748430318586253
0.0012997536153570432
0.0010624406589198527
0.0008596663752222414
0.0006935986808241175
0.0005638746218707989
0.00046785297698160314
0.0004008181088710852
0.0004483612450878928
0.0005066485900269798
0.0006328654290462748
0.0008539389144179038
0.0012016965794343522
0.0017141476559589803
0.0024317027005683906
0.0033710283398901454
0.004496539235427293
0.005777204380790456
0.007137934375313934
0.008483320791634375
0.009715630159457688
0.010751923258970708
0.011537091025313044
0.01205130332084776
0.012302489932925329
0.012313881867319479
0.01211179566041029
0.011869919547100411
0.01136045519942866
0.010696888585920843
0.009896956650737506
0.008995736087331126
0.008035854360833658
0.007063542208982889
0.006122023316595633
0.0052469258558079795
0.00446475036416643
0.0037858237420341943
0.0032131443835775103
0.002743777202609815
0.0023695091965861633
0.0020804372236799726
0.0018682227156127003
0.001714054461447465
0.0016070417586599123
0.0015354732970525025
0.0014886904230086888
0.0014578328248919582
0.0014371972894800618
0.0014250621921889624
0.0014158060051677273
0.0014104550355533855
0.001408771588685453
0.0014095275470527588
0.0014125147813890953
0.0014159043398939562
0.00141699069779777
0.0014125575764141268
0.0013994224021150366
0.0013753293747689997
0.0013381258118290464
0.0012875273190690634
0.0012243647719471732
0.0011497933686104376
0.0010663534700175615
0.0009767006398821647
0.0008838910361088896
0.000790621575012723
0.0006995927280640325
0.0006133029238972705
0.0005338409779426262
0.00046615269943597084
0.0004077616895597198
0.00037670810374799296
0.00035653816242352585
0.00035480876541733083
0.0003769356805273183
0.00042685111586588374
0.000477847322104204
0.0005870598799038849
0.0007408034456933398
0.000938189761782988
0.0011788037443871012
0.0014599651176387617
0.0017724771678322509
0.0021367311341852478
0.0025062898082147986
0.0028919912839927083
0.0032872997539275667
0.0037089100415349063
0.004168584041134826
0.004689618177517256
0.005303633319376049
0.0060049260188920536
0.006778842228820739
0.007581729238794789
0.008351678307257469
0.009011353537225372
0.009495459106744514
0.00976078391130136
0.009797036520758962
0.009625076058606222
0.00929167575803585
0.008837546695766736
0.008488555044064162
0.007944546575721134
0.0073542317518090795
0.006744060113055504
0.006135670489153586
0.005556039314360346
0.005042940969519197
0.004624024023171631
0.004337591875639407
0.0041840469067509194
0.004157586515720814
0.00424079525396214
0.004404815106302734
0.004619406882823328
0.0048508693341511745
0.005072679952891525
0.0052604950120379934
0.005394442275500713
0.00545861427054473
0.005442035351128034
0.005340901861681549
0.005156981346203841
0.004899699447515521
0.0045836967357582425
0.004226168787572717
0.003844505904298653
0.00358450671459497
0.0031959813519049076
0.0028188847050618585
0.0024607782309131465
0.0021276342717758364
0.00182358948240443
0.0015513953952417012
0.001312134617586339
0.001105784552676949
0.0009309615009485374
0.000784959456312655
0.0006647164660828654
0.0005658312184264954
0.0004921409010935583
0.00043136282506105964
0.00038447246947618917
0.0003512338544438031
0.0003316953595789417
0.00032691021902969225
0.00033773974398936327
0.00036873873225140585
0.00041569943936382116
0.0004801762829389843
0.000560307948134716
0.0006526291691426674
0.0007185324402483016
0.000819439840716122
0.0009168250166726374
0.0010038869164987515
0.0010745217451595213
0.0011238703077070783
0.0011489941943678454
0.0011489741054115418
0.0011248068671286086
0.0010790375908166015
0.0010152562236286737
0.0009375552553272714
0.00085009893146757
0.0007575566715026669
0.0006628289356819686
0.0005699245160206034
0.00048160001791920594
0.00040067604016106397
0.00032940101096999303
0.000269353491909649
0.00022144894667041292
0.00018538276047202728
0.00016024045644898017
0.00014411038515790703
0.00015535326896696776
0.00017385499635668065
0.00019627253574130727
0.0002515502938117086
0.00034277078807334963
0.00048262418744308305
0.0006830566257807988
0.000951069871440653
0.0013043391148626145
0.0017067195550105666
0.0021415859812873995
0.0025745725538592334
0.0029674954931660433
0.0032878229022053366
0.0035158585124765093
0.0036503054820592193
0.0037004150880732213
0.0036842096922777576
0.0036192200752110932
0.0035149737425839715
0.0033720952103707745
0.0031859802581883597
0.0029527457139657343
0.002681495206592606
0.0023759120123176903
0.0020587938312601867
0.0017516257429153715
0.0014728153785339548
0.0013089123444483142
0.0011000321871817377
0.0009371469776360904
0.0008151519767464957
0.0007290000882616402
0.0006782039478073652
0.0006545576789024306
0.0006561601452789909
0.0006800406174730035
0.0007225977115402187
0.0007798319617060328
0.0008472156765843577
0.0009237780254852717
0.001000779156902795
0.0010755895931998597
0.0011401506623143019
0.0011902384941431636
0.0012220200574833875
0.0012337915142571528
0.0012276907699060532
0.0012073330516800412
0.0011794021707126753
0.001149813399261003
0.001123563575264153
0.0011031564872858188
0.001092635955361656
0.0010796321633443735
0.001066756387869992
0.0010502804760423687
0.001027422126051196
0.00099677179919366
0.000958227503839104
0.0009126144506110867
0.0008611745326575522
0.0008052497155863311
0.0007466993420790096
0.0006856671947962507
0.000623612091527683
0.000561745744379582
0.0005030236488750618
0.0004471927527033526
0.00039671429829765947
0.0003534351156662571
0.0003186628529555078
0.00029303920743059374
0.0002763891190290662
0.00027071792936617697
0.0003089338796031845
0.00036046782359894496
0.0004444746763184736
0.0005832931092862964
0.0007141346574536741
0.0009840178998413935
0.0013578492701387434
0.00184480496231561
0.0024541847675554635
0.003137186621190927
0.003853869070118546
0.004544093397055455
0.0051421708752605036
0.005605017687088554
0.005891114854544924
0.0060045369398565975
0.005971817550752671
0.005835505127806745
0.005635236062145577
0.005403472391051427
0.005157139059258932
0.004907574076104799
0.004645898863943649
0.004373468564493922
0.004099074769281919
0.0038359679480242303
0.003597595154033773
0.0033963769470945807
0.0032371101060645665
0.0031176976606647378
0.0030557248771402607
0.0029777415085073923
0.002907453480549339
0.0028334378245793877
0.0027478762021978026
0.002646688818865599
0.0025288892757984838
0.002395628478417515
0.0022496986254249467
0.002093497597842223
0.0019304479753696378
0.001763995407043776
0.0015977858512948257
0.001435328979558184
0.0012797922517311046
0.0011338469123934548
0.0009995181025794521
0.0008776404569811626
0.0007686203704025459
0.0006721721132155263
0.0005875630059675604
0.0005137835986813645
0.00044969274570042054
0.0004002980342831103
0.0003572033774302859
0.0003225276864966839
0.0003043574406498919
0.000284777162500532
0.0002809890149620093
0.0002878236686341407
0.0003085351946025224
0.0003488187102966683
0.00040680820358219514
0.00048564424257998266
0.0005858173761556791
0.000706346192965095
0.0008471177491162733
0.00100130017580338
0.001162182109256705
0.0013224592602048215
0.0014734289534790853
0.001609520609811049
0.0017193829047022558
0.0017998456957635087
0.0018477231491123764
0.0018640299593413892
0.0018519703585251595
0.001816580322470825
0.0017637581120702034
0.0017007228993431013
0.0016313365427508258
0.0015835154624801759
0.0015118668388029318
0.0014418500511066325
0.0013828555740554506
0.0013271161553278727
0.001280203377797606
0.001246336903043013
0.001231076712507502
0.0012409746781930568
0.0012826604259730265
0.0013595300540766243
0.0014743889253754875
0.0016170069115598931
0.0017723256814123755
0.0019237292761003315
0.002045899060748459
0.0021215781393301874
0.002140863589700655
0.002112985329438561
0.0020393063155907444
0.001940939230483484
0.00184773588141853
0.0017654242040286905
0.0017072016892018926
0.0016769953820804278
0.0016745938426497163
0.0016903288170616324
0.0017338071155560421
0.0018029755381203405
0.001900048552254685
0.002032329952842726
0.0021885926337780826
0.002385246857271438
0.0025923450077420173
0.002802533341083772
0.0030083015164010358
0.003199039002381406
0.003369179440786493
0.0035168661417380293
0.00364728293911997
0.003769987330186365
0.003880367617840236
0.003987538652220051
0.004093806503436329
0.004196838561654898
0.004291403007288974
0.004368876854235928
0.004420800809863249
0.004437311271574915
0.004411952456360528
0.004341962726589427
0.004227963502066174
0.004150888109279233
0.003998148428433358
0.0038339963694914293
0.003678818278819182
0.003554876351834791
0.0034857677989901543
0.003493111913230118
0.003591218539965523
0.003781327339796038
0.004066031741123702
0.004387570310266442
0.0047057096072920515
0.004970607247176518
0.0051279416649966224
0.005151519733633389
0.0050405147011749725
0.004820028982461803
0.004532420018458659
0.00422304126712849
0.0039272588933030855
0.003662735345932889
0.0034268247151467792
0.003203049146039541
0.002983479439311559
0.0027480786378994418
0.0025839940133025882
0.0023374223083205492
0.0021017776925941487
0.0018960224155545901
0.0017351670757605633
0.0016286780878300546
0.0015768468766951256
0.001591773247641442
0.0016452145935520431
0.0017358583638313575
0.0018548280240392784
0.001990937583478318
0.0021411638250390694
0.0022910602684376013
0.002437680944827631
0.002581396145623455
0.0027177433704905986
0.0028472895386872964
0.002972222446110983
0.003093899836363995
0.0032107726027715833
0.0033152536503676605
0.003401169923916368
0.0034593678510144786
0.0034855017072374555
0.0035342762777819934
0.0035404102372836063
0.0035779921995773515
0.003658358082160247
0.003842329161407925
0.004191140613600107
0.004761995160042653
0.0055935775751644766
0.006689841257050149
0.008029580900685939
0.00948986967859743
0.010921994947096204
0.012169276026495797
0.013086260967182168
0.01357927611348894
0.013631100130309971
0.013300781972769517
0.012700954906398004
0.011959758853469421
0.011181832379186815
0.010425887307499179
0.009695409496043089
0.008952024167806069
0.00815507019333082
0.007279187071628521
0.006330874491001061
0.0053583115969764745
0.004718232130680319
0.0038220028413341253
0.003049358079128526
0.0024381091242210193
0.001996287771677542
0.0017166702359681638
0.0015768917540934194
0.0015481203102674908
0.0016050756292917917
0.0017162512831145652
0.0018580433406656736
0.002011395822414321
0.002164383359374971
0.002296875925685264
0.002422938057434388
0.002517329744698246
0.0025930608921557207
0.0026648207905489653
0.0027529891398265284
0.002882215471274401
0.003077769992857802
0.0033559934098553704
0.0037178237560126777
0.004158393522157842
0.0046272722713718625
0.005070519855448897
0.005322656132730576
0.005594582494377137
0.005706041130366329
0.005646674414861789
0.005437049045236077
0.005121475630392569
0.00475376114834123
0.004381096296363891
0.004032079540646551
0.003714204473365596
0.0034124747055510013
0.0031076854598094646
0.002782292859590516
0.0024329997082308433
0.002065703890305251
0.0017003490120200452
0.0013604864023024847
0.0010670785363203264
0.0008351142586590182
0.0006676909660051005
0.0005624592444306683
0.0005141357551158439
0.0005085353771137906
0.0005352724327832857
0.0005854154559712496
0.0006284798137388826
0.0007038999942815948
0.0007894144328747468
0.0008824854090887057
0.0009802795159194627
0.001079985798519259
0.001174466835237166
0.0012557328183210347
0.0013156104581340947
0.0013466328263342985
0.0013459599117533391
0.0013123543391114338
0.001251573815458205
0.0011726617963584965
0.0010858625890714977
0.000999940035038727
0.000920626945959305
0.0008527034516384123
0.0007914170804223727
0.0007361444161497197
0.0006843887379334988
0.0006356726700818969
0.0005930639223389501
0.000557461511973168
0.0005324833014771858
0.0005225826108802867
0.0005244296383007856
0.0005381374894768475
0.0005643281942973463
0.0006006278248970264
0.0006438389468908231
0.0006913989006322089
0.0007394840900403716
0.0007854822737532303
0.0008279886637093759
0.0008643604902287124
0.0008942397303604967
0.0009154689072913935
0.0009282022988956728
0.0009333232163424172
0.00092962448692068
0.0009190054574621769
0.0009024008632080342
0.0008815464767557798
0.0008579778264356447
0.0008409714909071523
0.0008242893808741401
0.0008134505227764497
0.0008126720287156609
0.0008251429588018708
0.0008683356530244808
0.0009302232100099155
0.0009865539593206676
0.0010967364217212177
0.0012362652530737244
0.001398614255717742
0.0015733186314490857
0.0017508780457255542
0.0019201266779558552
0.002079506298154467
0.002223410553598354
0.0023549462029307648
0.0024844805525363325
0.002610978372294012
0.002735761654175328
0.002853063640511441
0.002952984229005318
0.0030232501010077177
0.0030539699740653034
0.0030421429451606167
0.0029875369004154283
0.002899688177300009
0.0027883053825950833
0.0026650269457695517
0.002539805547964956
0.002418645320883382
0.002303545087788249
0.0022295869708688775
0.002120269207483641
0.0020102818844002653
0.0018936735998628727
0.0017680181670147906
0.0016321875166264424
0.0014874449728680106
0.0013373711663768396
0.0011872449608938383
0.0010429696059180659
0.0009097686941618672
0.0007911103111726006
0.0006879617054576565
0.0005990134851735052
0.0005213188397701785
0.0004514095802020673
0.00038637784488680156
0.00032459710428258445
0.00026591003087679364
0.0002113057635167958
0.00016232240096933402
0.00012034642703113031
8.61919531398108e-05
6.004722653891204e-05
4.101171497290484e-05
2.80002231736714e-05
2.2023681301386115e-05
1.613693629897378e-05
1.2948682124001965e-05
1.15957630349119e-05
1.1465448018511344e-05
1.2216658102084273e-05
1.3806348576046455e-05
1.5939137819096865e-05
1.858684332038694e-05
2.17033446173854e-05
2.525113348521964e-05
2.9152104754031148e-05
3.330971609071661e-05
3.7724566787006855e-05
4.213484934732061e-05
4.672760390215972e-05
5.110930210943865e-05
5.528690723870593e-05
5.948407198759606e-05
6.328204570928291e-05
6.67687653750545e-05
6.995262467772549e-05
7.284059027866786e-05
7.54525198308514e-05
7.781197068147265e-05
7.993287222002471e-05
8.121003851769692e-05
8.288743729600463e-05
8.41976374080738e-05
8.499998445661725e-05
8.510868331279618e-05
8.431604342604334e-05
8.242802551856177e-05
7.930537162386044e-05
7.490084309907615e-05
6.928307250617012e-05
6.264043621643287e-05
5.5263275730891945e-05
