N :Calcite
Y :56.00000000000001% Gibbsite, Diffracto n :113
Y :44.0% Dolomite, Diffracto n :80
N :Hematite
0.0
0.0
0.0
0.0
0.0
0.0
0.0
0.0
0.0
0.0
0.0
0.0
0.0
0.0
0.0
0.0
0.0
0.0
0.0
0.0
0.0
0.0
0.0
0.0
0.0
0.0
0.0
0.0
0.0
0.0
0.0
0.0
0.0
0.0
0.0
0.0
0.0
0.0
0.0
0.0
0.0
0.0
0.0
0.0
0.0
0.0
0.0
0.0
0.0
0.0
0.0
0.0
0.0
0.0
0.0
0.0
0.0
0.0
0.0
0.0
0.0
0.0
0.0
0.0
0.0
0.0
0.0
0.0
0.0
0.0
0.0
0.0
0.0
0.0
0.0
0.0
0.0
0.0
0.0
0.0
0.0
0.0
0.0
0.0
0.0
0.0
0.0
0.0
0.0
0.0
0.0
0.0
0.0
0.0
0.0
0.0
0.0
0.0
0.0
0.0
0.0
0.0
0.0
0.0
0.0
0.0
0.0
0.0
0.0
0.0
0.0
0.0
0.0
0.0
0.0
0.0
0.0
0.0
0.0
0.0
0.0
0.0
0.0
0.0
0.0
0.0
0.0
0.0
0.0
0.0
0.0
0.0
0.0
0.0
0.0
0.0
0.0
0.0
0.0
0.0
0.0
0.0
0.0
0.0
1.993087982875828e-36
9.151174246476901e-36
3.2891830338656324e-35
9.254652592923615e-35
2.038417138908328e-34
3.514688709798047e-34
4.743965619138905e-34
5.0125308900238304e-34
4.146039673820802e-34
2.684545119753602e-34
1.360720175647664e-34
5.399179960794199e-35
1.6770563090245197e-35
4.077822790708959e-36
7.761933458340534e-37
1.156571121789247e-37
1.3490735754474503e-38
1.2318555647877257e-39
8.805313159515964e-41
4.92709215337423e-42
2.1582285166402372e-43
7.400567608048944e-45
1.98652253894658e-46
4.1742920022895793e-48
2.774374472331801e-49
3.876345802508207e-51
4.239755461961089e-53
3.63011151361792e-55
2.4331001576413752e-57
6.268961605674519e-36
3.0695010090140443e-35
1.3702015433657063e-33
5.5207052388046894e-33
1.7599488441925057e-32
4.435989751722646e-32
8.836728888616629e-32
1.390949245721032e-31
1.7300339141276295e-31
1.7005634848840715e-31
1.3215284068031768e-31
8.12498684804081e-32
3.95856512980126e-32
1.5342387896304813e-32
4.773979227807284e-33
1.2188541679958444e-33
2.6924870173421516e-34
5.999430631473041e-35
2.0959314832016668e-35
1.6305928474723033e-35
1.8504023279673452e-35
2.096961061679104e-35
2.5296321560452164e-35
3.0139257307322444e-35
3.53893131080535e-35
4.094349313128492e-35
4.667278920269624e-35
5.242136057124211e-35
5.801208446966767e-35
6.325491851816172e-35
6.795724724999155e-35
7.193544000931166e-35
7.502667123594616e-35
7.709995063043956e-35
7.806532456019586e-35
7.78803486872538e-35
7.655318299091617e-35
7.41419947629323e-35
7.075073042613773e-35
1.0245720386221584e-34
5.3190112627036275e-34
2.0702068462919785e-33
6.522467005855284e-33
1.6681608642035637e-32
3.416699260707979e-32
5.594644918213886e-32
6.830496183065956e-32
7.625062331937234e-32
6.763067461381818e-32
4.787614605777656e-32
2.7385312596643536e-32
1.3253130005199955e-32
6.359211344052372e-33
4.193421438791193e-33
4.238496176573758e-33
5.145422857840283e-33
6.430091598211285e-33
7.970413208153016e-33
9.742917191079149e-33
1.1736365038560274e-32
1.3930915495776912e-32
1.6293736122265034e-32
1.877819904731005e-32
2.1324453140576083e-32
2.3861166886975116e-32
2.6308418545085924e-32
2.858161660895725e-32
3.05962104187324e-32
3.227284005836007e-32
3.354249521178191e-32
3.435121826189025e-32
3.466390574266567e-32
3.458909123827997e-32
3.4055617854420766e-32
3.3039002127110355e-32
3.158301749769308e-32
2.974875924575914e-32
2.761039544129161e-32
2.5250206081848433e-32
2.2753371341362248e-32
2.0202964770764178e-32
1.767555173785686e-32
1.523769823191902e-32
1.2943575782449544e-32
1.0833721852671698e-32
8.93489791449761e-33
7.260892485968026e-33
5.814051961314123e-33
4.587291056779248e-33
3.56633520953841e-33
2.731973582932937e-33
2.0621454320650655e-33
1.5337357350980813e-33
1.1240101247852834e-33
8.116678419312007e-34
5.775304321894749e-34
4.049112213104748e-34
2.797261978710487e-34
5.857013486847374e-11
2.527870796541078e-10
8.540718027209681e-10
2.258888307534002e-09
4.6768774871264385e-09
7.58015510246327e-09
9.617474714629167e-09
9.552232327357847e-09
7.426933969810897e-09
4.520381733558758e-09
2.1537809052969485e-09
8.033204000070718e-10
2.3455080716815655e-10
5.36100151955198e-11
9.592146239702378e-12
1.3435273593620796e-12
1.4731199148591013e-13
1.2644176488906484e-14
8.495791782968251e-16
4.468667419262925e-17
1.8399798601415347e-18
5.930741126915421e-20
1.496462122209901e-21
2.955856539251378e-23
4.570480263208281e-25
2.4759214546384407e-26
2.5455606748239354e-28
2.0487591473704192e-30
1.290800785971512e-32
6.366319789932402e-35
2.458014204533855e-37
7.443631214898944e-40
2.3855225166537273e-42
2.6840113466089612e-43
3.196654843236204e-08
1.332629948492542e-07
4.348948396129243e-07
1.1110146926328755e-06
2.221857555712372e-06
3.4783516491874224e-06
4.262767253580484e-06
4.089503824858038e-06
3.071441594578473e-06
1.8065726052502498e-06
8.486861448611422e-07
3.7507216962654775e-07
3.2952531698766473e-07
6.548163677001326e-07
1.3231680856417573e-06
2.1860296944511613e-06
2.8866180653085235e-06
3.064750706724411e-06
2.7781393999970353e-06
2.0104374401331105e-06
1.16165596233389e-06
5.357795676963456e-07
1.9708341632561772e-07
5.774062887368321e-08
1.3450096997372385e-08
2.4861789367054033e-09
3.6394089590983347e-10
4.211005467653368e-11
3.84448422525774e-12
2.765190840201498e-13
1.5649000831703618e-14
6.960819456470202e-16
2.4314887050077764e-17
6.665364532355247e-19
1.43311176626551e-20
2.4157770390616746e-22
3.1916225379849247e-24
3.303952868551725e-26
2.6794090200133497e-28
1.7020096610550245e-30
8.467459584491984e-33
3.298939805505389e-35
1.0064608182976875e-37
1.8481395935366047e-39
3.75070620727555e-42
5.959982324141047e-45
1.6532519983344618e-07
6.894497755510267e-07
1.0453354016753886e-05
4.189292062758387e-05
0.0001289437126724308
0.0003194237301445621
0.0006344000199354009
0.001008196477931211
0.001281453444292465
0.0013031891736862138
0.0010611133262108637
0.0006921217054156211
0.000361614015973573
0.00015122489647110052
5.055701025991716e-05
1.3507470073627347e-05
2.910565664101827e-06
5.489020070043003e-07
1.4503984152249665e-07
1.0044898609456521e-07
1.0715661917966146e-07
1.1947755759473557e-07
1.31862099333086e-07
1.3969454220181213e-07
1.5045759505944877e-07
1.5966697365467635e-07
1.6694819990801874e-07
1.7199429280733526e-07
1.745870310545297e-07
1.7461259675733215e-07
1.7206986197544275e-07
1.6707047124978918e-07
1.5983071152410138e-07
1.5065599427336464e-07
1.399195008234882e-07
1.2803706968728842e-07
1.1544067384082459e-07
1.0255282494596435e-07
8.976396979532422e-08
7.741446588451744e-08
6.578211619443175e-08
5.507559621110855e-08
4.5433502888402806e-08
3.6928263366925474e-08
2.9573804323315094e-08
2.333571722495446e-08
1.8142651566271804e-08
1.3897798615633604e-08
1.1539886672421636e-08
8.624280596554874e-09
6.350528367617258e-09
4.60746972813553e-09
3.2936751913800206e-09
2.319875587053358e-09
1.609956970203508e-09
1.100853406409617e-09
8.987456288416323e-09
1.2377927103270687e-08
3.3058890644440446e-07
4.765719625076837e-07
8.812992298823835e-07
1.2405065994561092e-06
1.7207375532612803e-06
2.352115948704337e-06
3.16829933838128e-06
4.205471521766392e-06
5.500764471360073e-06
7.0900725024283925e-06
9.005280330647707e-06
1.1271001587147522e-05
1.39010093678168e-05
1.689462591851593e-05
2.0233412225228667e-05
2.387854633188874e-05
2.6449749765115008e-05
3.0459572286141505e-05
3.456559331383156e-05
3.865290536956831e-05
4.259298920035002e-05
4.625001613467751e-05
5.7807574498426625e-05
9.30661854912353e-05
0.0002115114262206074
0.0005292287392681956
0.0011728374218849514
0.0021168632304527707
0.003032422504892338
0.00342054328501481
0.0030318285634467015
0.002113490995229865
0.0011645635899585139
0.0005156730130420106
0.00019374498553835894
7.25216002827777e-05
3.567379362136499e-05
2.47531925776623e-05
1.997111624298239e-05
1.6522269884253335e-05
1.3557685098295727e-05
1.0971629146962411e-05
9.45085365118167e-06
7.463717346701952e-06
5.808404446965147e-06
4.4542603611611e-06
3.3659787314134017e-06
2.5064792004218457e-06
1.8392203277135605e-06
1.329903929829241e-06
9.47596779014526e-07
6.65339963998012e-07
4.6034168221421703e-07
3.1385826394343443e-07
2.1086443199061613e-07
1.39601311376444e-07
9.107348931556224e-08
5.8547811240385084e-08
3.708902824035437e-08
2.3152411610279297e-08
1.4241734493652533e-08
8.632672774488726e-09
5.156360637001922e-09
3.0349864863387708e-09
1.7602954438088375e-09
1.0060731095556103e-09
5.66615605139243e-10
3.832780026099224e-10
7.865986654664404e-09
3.300729165377144e-08
1.1069996509436012e-07
2.9135290952600634e-07
6.004924262593153e-07
9.689114572482837e-07
1.2238478431544031e-06
1.21013314076117e-06
9.36699351088943e-07
5.675816259684349e-07
2.6922624696722377e-07
9.996947868849906e-08
2.9058855250702293e-08
6.6122750911036724e-09
0.0001931105096834095
0.000753556591686995
0.0065061941493386255
0.02427204499036917
0.07551132540702143
0.1923327977593079
0.3992424688212504
0.6708664749901879
0.9107392889204174
1.0
0.8902294188028645
0.7339770360145293
0.46234240178438607
0.23649437971076687
0.09799577232195958
0.032890869315673
0.009116651677660799
0.0023273198607967767
0.0007452810779186946
0.00035077668449231473
0.0001773310508731029
7.621379072205989e-05
2.612797952546619e-05
7.144659981187508e-06
1.6998299377088883e-06
5.648626045942698e-07
4.735557244698888e-07
5.993723025425975e-07
7.918731818271516e-07
1.0356004828556821e-06
1.334804377895127e-06
1.6951751802867815e-06
2.121179504156502e-06
2.615206059940301e-06
3.17687446446353e-06
3.802417864585352e-06
4.484203130288805e-06
4.964333255970141e-06
5.711661270400226e-06
6.474848443984279e-06
7.232066634931076e-06
7.959043503758062e-06
8.630281984782713e-06
9.220505717286178e-06
9.706220314845667e-06
1.0067257941396238e-05
1.0288164399414331e-05
1.0359296003269452e-05
1.0277517804032094e-05
1.0046432736884514e-05
9.732216787569615e-06
9.410246205855457e-06
1.018392401626478e-05
1.3814678102459058e-05
2.652106026065295e-05
5.84461615092593e-05
0.0001210149895600157
0.00021328827247885698
0.0003094091849212628
0.00036619675297470185
0.0003536214792965776
0.0002792960041510098
0.0002136218134654458
0.00012104000583120746
5.617650117250797e-05
2.1436425075727377e-05
6.889499901227378e-06
2.046745621052428e-06
7.111922506514509e-07
6.03480768120685e-05
0.00023699084723240152
0.001574046911471166
0.0056810429503518466
0.018241762818966546
0.04837623272148837
0.10599694245139003
0.18945255242642137
0.27489260316066355
0.3240686254894219
0.3116134572460111
0.2464319143920282
0.16294220156223754
0.0974917535882077
0.06924760705597213
0.07723689882975122
0.10556218594731467
0.13141591143485237
0.136328187316685
0.12525263974200876
0.09358081506992645
0.05738270241744489
0.028791018129672087
0.011750359553224472
0.0038729293297245326
0.001043584730137148
0.00024561274497456807
8.95056522378627e-05
7.985087878339335e-05
0.00010415607846520936
0.0001410642497938454
0.00018915434137304918
0.0002501328016163898
0.0003261011760109852
0.0004191180787844796
0.0005310126530016938
0.0006631963523807012
0.0008164588864046518
0.0009907616844534108
0.0011850480841202066
0.0013970923158201673
0.00162340996774815
0.0018592504865304028
0.0020986871432289514
0.002334811928921515
0.0024866563203985517
0.002700224239595148
0.002889790067280348
0.0030479766417155748
0.003168347240425933
0.0032458392986148017
0.0032771174146686284
0.003260811363196983
0.0031976154608881705
0.003090239262326022
0.0029432144865575
0.002762577373098511
0.0025554578486181256
0.0023296135416030947
0.002092952709056797
0.0018530997014854671
0.001616991557222449
0.0013906177672854728
0.0011787973687574674
0.0009850356289442393
0.0008114508702718721
0.0006588693271740216
0.0005271160289331265
0.00041535900357049846
0.00032232539812084693
0.00024637706846818993
0.00020428494533364827
0.00015238858430767935
0.00011206082137647623
8.123446578755615e-05
5.804516757329282e-05
4.087761998737347e-05
2.8370861009235705e-05
1.940510384275019e-05
1.3080143376703529e-05
8.698451421222311e-06
5.731645623535352e-06
3.824313707287506e-06
3.16148655333678e-06
4.193140825891153e-06
9.061779233443862e-06
2.1205837441550148e-05
4.3993422382897806e-05
7.589381105162957e-05
0.00010711174995140021
0.00012365236632233702
0.00011741413270430696
9.26390241936509e-05
6.064381303522868e-05
3.314460210262725e-05
1.543041607037118e-05
2.909588920071181e-05
3.34714811158777e-05
5.5127339244524415e-05
7.657520875001324e-05
0.00010559236438806574
0.0001436340246544726
0.00019257749583954237
0.00025449629504236624
0.0003315053995819568
0.0004256125737240047
0.0005385580770008683
0.0006716344426757843
0.000825488078275338
0.000999918004948616
0.0011936940473529863
0.0014044177377699435
0.0016284479577970102
0.0018609104291359042
0.0020958047027641565
0.0023262141228447292
0.0025446140262573463
0.0027432623310692946
0.0029146460867709514
0.0030519490058965684
0.00314949982632121
0.003203160544060773
0.0032133274227675217
0.003189676599075849
0.00312040529066779
0.003008486116607973
0.002858628021875462
0.002676947714339521
0.002471226581300654
0.002250131719584457
0.0020250318876126197
0.0018092640154049584
0.0016139374084117766
0.0014391878361911217
0.0012702072143089126
0.001088925807618732
0.000893427082446172
0.0007019653416346706
0.0005364295474882618
0.00040615719766878367
0.00030925609246574887
0.00023992159630995113
0.0001996073017891935
0.0001955995881506276
0.00023070804292436712
0.0002868306883971395
0.0003232561971489027
0.00030428389633758865
0.0002599906552744301
0.00017106747460562925
9.111932357529685e-05
4.086447761418782e-05
1.7214364622078798e-05
8.1772896680176e-06
4.692310691387078e-06
2.8377213690353847e-06
1.6002067665672151e-06
8.248214985537438e-07
4.0712732307865055e-07
2.0529946169549703e-07
1.0915094089899314e-07
6.031331276043383e-08
3.369583869691601e-08
1.871181755260644e-08
1.0262097887705644e-08
5.5486741183022935e-09
2.956821805288467e-09
1.5528168346292369e-09
8.036571311768769e-10
4.098978539763229e-10
2.060315565798677e-10
1.0205730257404967e-10
4.982021975393231e-11
3.063743382041113e-11
1.4595880155385057e-11
1.350287027911274e-06
5.812678011245437e-06
1.9594686993191158e-05
5.1849408587437414e-05
0.00010741840391622281
0.00017491529711934856
0.00022463089029566547
0.00022975616187407235
0.0001913032442822773
0.0001362827251397169
9.130030026722826e-05
6.434499393643288e-05
4.918735386549955e-05
3.794866104564133e-05
2.720651558267791e-05
1.720860500672552e-05
9.291293898053046e-06
4.175592843119145e-06
1.5312075037129178e-06
4.514979142227979e-07
1.0598291209743823e-07
1.9677661376630044e-08
4.82219360841673e-07
2.1641869850920277e-06
5.159856173213578e-06
1.5496796264113773e-05
3.6445152546144046e-05
6.711327144043064e-05
9.676819118024806e-05
0.00010924444708984415
9.656002751659836e-05
6.682160720774829e-05
3.620341810813865e-05
1.5356353696207986e-05
5.099484264839559e-06
1.3257408382516304e-06
3.005996726988843e-07
1.841961586939767e-07
5.125263347869687e-07
3.3240550648377864e-06
1.2483236774676572e-05
4.14314283336966e-05
0.00011600538070166691
0.0004356352581980243
0.0012281106240207924
0.0032993299052546635
0.007872432130714795
0.015966127757421636
0.026733466469810983
0.03666902810126103
0.04062789929822169
0.040650423889517326
0.03421828147513993
0.024396595855324783
0.014694324441653793
0.007462272357554535
0.0034964224339795145
0.002453844914654993
0.0042344916989051
0.010141171872751606
0.022000511925733084
0.039996589323707386
0.05967736680644557
0.07314596806250033
0.07448517165390987
0.06388938285587888
0.04656016231687007
0.02882192661681002
0.015112258885805148
0.006823018535520142
0.00288370408757795
0.0013820316996521692
0.0008656045118331018
0.0006445731115622684
0.0005083217870324508
0.000422237578998477
0.00039063842736192315
0.00037350584181554083
0.0003775094989830148
0.0003882055237629957
0.0003975332461521682
0.000402249456012379
0.00040134667185632065
0.0003946572440044767
0.0003824067685219996
0.00036509765322462347
0.0003434481952456685
0.00031833155000067867
0.0002907126088171648
0.0002615855270717098
0.0002319151948518378
0.00020646996043977768
0.0001925559494307461
0.00021457571705072042
0.0003153030371091566
0.0007802598425733712
0.001922643933805837
0.004860935199162091
0.011408615014301177
0.023007924198213004
0.03852349799605676
0.04875270048823599
0.05934335793524084
0.060844310509807584
0.05362739298401833
0.04119882332519015
0.027698736311983895
0.01632355247729149
0.008517357705921417
0.004007890674787471
0.0017175313514602695
0.0006597168581175994
0.00021906666314748446
6.063899819513775e-05
1.3698350201298587e-05
2.617407890476007e-06
2.8164184295637454e-06
1.0536636790560661e-05
3.6443845122344193e-05
0.00010131171314564763
0.0003321412514439683
0.0008719274528819406
0.002234626835186055
0.005275494759161537
0.010715325904048029
0.018045802894090465
0.024925400307962517
0.02777799618722732
0.02816898357030401
0.02427583418624019
0.01795569604434569
0.011346347553444899
0.006023238015937119
0.0026316603501408916
0.0009324163860209201
0.00027167105895889
9.282684704775211e-05
9.927261593446276e-05
0.00022436719604314014
0.0004993871595085637
0.0009468116231734721
0.001478227046141643
0.00189482081402145
0.0020197642808328707
0.0018242052697811666
0.0014158749603410093
0.0009443437773487408
0.0005333941444025667
0.0002499672092291873
9.574777949015278e-05
3.028328139284792e-05
8.928856514013595e-06
3.881500325342295e-06
3.387264293939105e-06
3.8323475989082885e-06
4.714841867877325e-06
2.6928473453083657e-05
3.722943979888584e-05
5.087517077719228e-05
6.88254229957948e-05
0.0009245469138581085
0.0013165747353885639
0.0021075288275019524
0.0030547252145164796
0.004200254315383479
0.005692189771466803
0.0076030854566920564
0.01001123821634698
0.012996974525777793
0.016636576277118724
0.020995372233693365
0.02612079410747078
0.032035459068036544
0.03872989827682238
0.04615727748284474
0.05422657842396633
0.06280450845629809
0.07171410209176031
0.07772998770974425
0.0866728701347898
0.09524994623200222
0.10314393307426142
0.11005479406693605
0.1157229421596144
0.11993599096683766
0.12253362919755723
0.12341468032700213
0.12254191548157509
0.11994615918293228
0.11573029781022204
0.11006673577518672
0.10318481668839401
0.09535178320433046
0.08685513768787767
0.0779853972804506
0.06902076856678507
0.06021350408972352
0.05177921512132165
0.04388992856836742
0.03667101834358909
0.030201683820377197
0.02451837712751812
0.019620422293878385
0.015477005609181185
0.01310825391301141
0.010096016196513163
0.007665765584785306
0.005738421973431224
0.004235545900983954
0.0030830570461255445
0.002213733794680868
0.001568628585427126
0.0010975902180858598
0.0007591069713524095
0.0005196801021770683
0.00035291424668001215
0.0002384774441437819
0.00016104584155213775
0.0001094221298225343
7.558813636210601e-05
5.430429811581248e-05
4.239654409134978e-05
4.0499870084594074e-05
5.1466633628722494e-05
8.889328782099096e-05
0.00018353482559182094
0.0003657911125360126
0.0006286101819265672
0.0008946877149237381
0.0010556349518040377
0.0010728914746921914
0.0009749738046857954
0.0007997017368825298
0.0006246789453151754
0.0005569040355051195
0.0006992598201236333
0.001078090056029086
0.001570449303379232
0.0019463113396414422
0.002033770394811884
0.0018284320298343189
0.0014401559944100673
0.0009924647079994464
0.0005853769315435831
0.00028746952301402363
0.00011531885851641033
3.830762333414605e-05
1.2459487961787412e-05
6.88554495615354e-06
7.1631119312997136e-06
8.251256760565344e-06
8.903853708683112e-06
1.0056134067735663e-05
1.1091942483215835e-05
1.2882489671299029e-05
1.4514434097218765e-05
1.7527563158636454e-05
5.380970196779168e-05
7.219531793103577e-05
9.63165171548544e-05
0.00014531849540238895
0.00019387870848553763
0.0002577297296285577
0.0003434255698078562
0.0004605650542033019
0.0006190317902126395
0.0008206515429801693
0.001052271811433703
0.0012941274369387265
0.0015363733469522145
0.0017946267485917826
0.002098943843605118
0.002473590110469228
0.0029120000740306662
0.0033969582507826198
0.003949094383202494
0.004630258272909584
0.005457419459342821
0.006291691229729748
0.0068930196774876435
0.007112616312907553
0.007057887470559993
0.00676314620283614
0.006320769685001707
0.0058322917405441805
0.005382146832147134
0.005010486768087111
0.004700223997011931
0.004406078512475611
0.004090458094187507
0.003739219523749994
0.0033601180517299346
0.0029720025158431877
0.0025935090932562564
0.002236536954936754
0.001909947687324988
0.0016211142090433973
0.0013878149037475707
0.0012315132021269006
0.0012251074292820685
0.0015225961465489513
0.002274464190647726
0.0034330580046705085
0.004616106724670802
0.005318547336156498
0.005309708409579095
0.004722378389405704
0.004127950792523291
0.003074033091989714
0.0019909133185242534
0.001088033489362353
0.0005354429047133166
0.0002528863022957944
0.0001572215049777474
0.00016890070985811325
0.00020612192587681733
0.0002659284058643746
0.0003468836491628109
0.0004517896526544747
0.0005839942067003828
0.0007464884387255647
0.0009418939503342406
0.0011722755598850493
0.0014391093792382266
0.0017428017927304006
0.002081810785515773
0.002451340492066164
0.002842863264123205
0.0032457216986918227
0.0036496184016416348
0.00404519051271804
0.004422349462105104
0.004769041033089034
0.004976709270626167
0.005243523411631627
0.005446844773369528
0.005578012109705741
0.005631423603529177
0.005604792334364734
0.005499264301743832
0.0053193181061391235
0.005072510540116406
0.0047689722105318565
0.00442065312228509
0.0040412891925752925
0.003644881822234178
0.0032483746947958537
0.0028714078234177583
0.0025303943849928545
0.0022286120271794814
0.0019514171916423463
0.0016806386889010824
0.0014140007983578467
0.0011689076459152732
0.0009733834986816416
0.0008522661858259226
0.0008090650540125368
0.0008078473722399578
0.0007994925701987428
0.0007406318221298546
0.0006255045334487628
0.00048256230662072406
0.0003420103827543534
0.0002225545398288366
0.00013167468328566232
7.57626893680103e-05
5.041001584603845e-05
5.018440276050382e-05
0.00015332185423550744
0.00024549527975352127
0.0004177190119764961
0.0007288063039055279
0.0010824445792378139
0.0014212163320468667
0.0016756747897344847
0.0018514679779292336
0.002006018121563637
0.0021918099212741493
0.002444094720474958
0.0028005324738897795
0.003292338542313187
0.0039218487170395
0.004666762146393124
0.005489282394157086
0.006075154910640723
0.007021453544927254
0.00805797168550769
0.009363653813702296
0.011081847502193992
0.014058128109740619
0.01969504958602618
0.028770461168313874
0.039800138810350195
0.04887108489612061
0.05267145195324685
0.051214814005827496
0.04763356658071024
0.045952668174038404
0.04952081869215273
0.059022912184687165
0.07037936870580404
0.07675128072637391
0.0744794490518356
0.0653411246618756
0.05280618698085956
0.038986725391386444
0.025585602687761846
0.014749905008528403
0.007766902024803545
0.004187792270393651
0.0030208963111728626
0.0022694255670713424
0.0021436161846388
0.0027012669414889956
0.004394557352148218
0.0074286472250571275
0.011121759538150712
0.013958655468012272
0.014758334543347216
0.01360721643648731
0.011367457765956351
0.008684268900482078
0.0058876063950327115
0.00338718862652904
0.001597249030127512
0.0006070761645951661
0.00019792740183898033
0.00010005214459611931
0.00018982364464526695
0.00047848467712923674
0.0009945169868435034
0.001953909645679052
0.003656507606281649
0.0076409316606049086
0.01708798467114773
0.027984357675251228
0.050756942088217696
0.07512983708074274
0.09103595797959325
0.093073645387563
0.08422365146564365
0.07026917449418223
0.0542004254927575
0.037495108931203995
0.022779723738822304
0.012520064793299084
0.006843590141474732
0.004092619649323664
0.002658244268185941
0.0017489539324096826
0.0011076235226783967
0.0006530951115903326
0.0003569012993820236
0.0001986949212479645
0.00017282344848229956
0.00025960338328405875
0.0005473281476639218
0.0011827288020709768
0.0021966473661757494
0.0033349564718159054
0.004130958636113062
0.004307368832152983
0.004073536666227355
0.0034886034105508145
0.002765105806045395
0.001978102159577234
0.0012166538277916833
0.0006186525402717155
0.0002559340486860166
8.788831890821824e-05
2.800798807337408e-05
1.1119859653618228e-05
7.237573902937921e-06
5.982814702159494e-06
5.312934925201663e-06
4.848917006361916e-06
4.564976567330261e-06
4.482719328493749e-06
4.697791816247206e-06
5.3513139718111195e-06
6.891569775002622e-06
1.0085517465519904e-05
1.5606443630080797e-05
2.8381165597002844e-05
5.0961174891720926e-05
9.78044328007358e-05
0.00018658111205559788
0.00027082462779526973
0.0004817124915140457
0.0008529075226612838
0.0017502374779371414
0.003921896746128012
0.008121245893688553
0.013925142443319837
0.019371255761756485
0.02212072309096093
0.021539072201711668
0.018860863520690625
0.015401794880193827
0.011704801786334736
0.007799735526953403
0.004457536419258709
0.0023203875677303715
0.0013480128978355253
0.0011426878831853398
0.0013416059929087423
0.0017522740184532518
0.002309706247113898
0.002984691225542285
0.003748619306121748
0.004590621854411304
0.005533783395361387
0.006626496241004118
0.0074608826979079505
0.008888933177357897
0.010512053355746145
0.01234696527445104
0.01444223250408265
0.017264348784644404
0.021810908122108584
0.02907547117404555
0.03844332477185748
0.04716697266569698
0.05204614195652102
0.05230600754410833
0.04974908975053671
0.04606113393695878
0.04137676781424914
0.0356351080149173
0.02975919181814909
0.02488436109367018
0.021299953575670307
0.018570458046076294
0.016233872934066987
0.014114043744777819
0.012200547766245294
0.010488681902716544
0.008948316696132406
0.008002829057549106
0.006698276232614698
0.005530639032155643
0.004503049085827467
0.0036159100475691673
0.002865036494359709
0.002244853470324946
0.0017501329200801938
0.0013736905283814036
0.0010983333120529882
0.0008914151726443287
0.0007160842534805972
0.0005524686332450869
0.00041396147506157484
0.0003266643263417705
0.0003344719088546026
0.00048632242579225716
0.0008392055675686595
0.0013493925678488249
0.001956375295080374
0.0026395960340713817
0.0034185100765924768
0.004182719495218884
0.004614012627199072
0.004471726878016854
0.0038736829366750225
0.0033800136826348448
0.0026534014975480766
0.0019637382189249815
0.0013306477184361046
0.0008700949214785372
0.0006897080760714211
0.0007529507079718225
0.0011381805039401291
0.001955681332327735
0.00419010295961348
0.009353827079145038
0.018171330936433354
0.028732147810110232
0.03677530453323143
0.03908640493619064
0.03646241067385414
0.032109114459625526
0.027878973484033526
0.023518119898746394
0.018691591875222686
0.013980171271295628
0.010178737495979941
0.007546384989867172
0.00582907640693618
0.004515315335736602
0.0032627957766088217
0.0024575301391391202
0.001446482677144581
0.0008046225497416375
0.0005092998800214519
0.00043926961180141454
0.00048637735476328014
0.0005914422890256123
0.0007304670361151138
0.0008955451608722688
0.0010841192273836708
0.0012946611635662297
0.0015250162496645821
0.0017719240326430235
0.0020317904444698523
0.0022998024793966163
0.002573037255616126
0.0028478352508035094
0.003114973757213892
0.0033548249071682495
0.003545675086632014
0.003678050275999122
0.003759410224856922
0.0037974589216070408
0.003786810353303183
0.0037164313610824886
0.0036359856464648903
0.0034737062322179116
0.003272531549993754
0.0030389539402279194
0.0027803574587865944
0.0025056251414162472
0.0022296128606041905
0.001962365034976518
0.0017090830680616675
0.0014727956100198207
0.001312688375144233
0.001153248524687237
0.0010268576695441308
0.0009472607749121683
0.000948800821358953
0.0009911631140778743
0.0011176269627121405
0.0014331312901449146
0.002107323466024545
0.003262824367522295
0.004741494613587935
0.006089565102912365
0.006886534353990702
0.007144285910901312
0.007217768041529088
0.00734895994729189
0.007453024782873929
0.007568204093880166
0.0076945387890308145
0.007995446377184301
0.008548509218301832
0.009270991122275573
0.010006488847202951
0.010632722056875332
0.011107221830578197
0.011436179001588958
0.011626116645197217
0.011667378945056449
0.011580786157519478
0.011428715149822197
0.011273711291071794
0.011098056238568951
0.010935885974665232
0.010945375956114434
0.012108541206445117
0.016392893867119042
0.025691392348062916
0.0391517337492283
0.05190070709684428
0.058022506157888794
0.05602259452411382
0.049640343727922885
0.04497853204555165
0.037931154153698673
0.02973583953235185
0.020474246268738387
0.0121610350752418
0.006543651524798632
0.0037556307148164576
0.0028511533280819617
0.002749681523724754
0.0027163490491041112
0.0025019630937245293
0.00220406843031147
0.0019850551629050643
0.0019281951961956818
0.0021051398752423346
0.002560774854587757
0.003139533963930728
0.0034936092976661334
0.0034070604209585163
0.003017589358122944
0.002593165207586558
0.0022040107080414464
0.0017562511003616319
0.0012383467597732914
0.0007963860188729988
0.000627438831309629
0.0006173462724327375
0.0008559278037167652
0.001178360252750586
0.0013936067767134769
0.0014108272072874664
0.0013276935657945957
0.001303103801318236
0.0013784486355963854
0.0014422630232269209
0.001595060488457572
0.00209802601466982
0.0040487539059059436
0.008948828081562988
0.017544707025219944
0.027875980435061197
0.035593768047312575
0.03733087897173938
0.034001390978746
0.029277234204236068
0.025162362211155597
0.020780492199543504
0.015171456154452586
0.009248898765211545
0.004654376199295129
0.002026904031679423
0.001146745640683875
0.0005582239762405055
0.0003794076570315417
0.0004019169728520168
0.0005714802981673786
0.0008031549780429018
0.0009698373371606868
0.0009990269397195193
0.0009319846666017596
0.0008501831195093544
0.0008041960949418857
0.0008159840032624592
0.0010603424252972988
0.0018145759010529737
0.0031947788951280105
0.004819964560725343
0.0059414961582416655
0.006065857554089782
0.005429581059290578
0.0046429940043669
0.0039758912040528
0.0032503309207367443
0.002325743779272117
0.001370941270039935
0.0006467068989181274
0.00024127201519564135
0.00010950312335730014
2.74107778820403e-05
5.404416418576048e-06
8.494273075854313e-07
1.1514179012043902e-07
2.019916364158508e-08
3.6045805788897376e-07
1.7837617819084176e-06
6.936080335943696e-06
2.1166868248968684e-05
5.0610376863247354e-05
9.47951422333454e-05
0.00013909896738048883
0.00015992516656635817
0.0001442981068591032
0.00010261194058958735
5.905788659445793e-05
3.112189854326854e-05
2.168059716414997e-05
2.6932678571440333e-05
4.773556778016714e-05
0.00010160291728929528
0.00022954153030319523
0.00048023591767733915
0.0008523701023368133
0.0012905879298521958
0.00167919656028773
0.0024389174306032593
0.00411778167313076
0.007734338144209516
0.013744789763092579
0.02080777777622728
0.025935049401735678
0.026823491058082384
0.024137353071264633
0.02054554127295872
0.017647673608420168
0.014868579364482375
0.011250758997280983
0.007169620270550588
0.003790481033585443
0.0017703837496171673
0.0009235683785328814
0.0007316680447272142
0.0008013348155491975
0.0009544485295600019
0.001173477062708828
0.0015215066053287294
0.002053099765599308
0.0027116148424234762
0.0033042428093776094
0.003561643879199227
0.003705697690534209
0.003686899600236261
0.003677023121044033
0.0037111917235997664
0.003713820180807446
0.0036484319112890487
0.0035581004152879085
0.003484252171219835
0.0034143397550660073
0.003316188257251188
0.00318018379806288
0.0030151650648017557
0.0028253550451399203
0.0026076163751719826
0.002364717162402992
0.00211007785823368
0.0018591611466072897
0.001621277809890132
0.0013996895950789436
0.001195391807226318
0.0010091131836411195
0.0008414289824189091
0.0006926043313811045
0.0005629564200054585
0.000452726959435763
0.0003907978616770629
0.00031772870012696474
0.0002721213889134197
0.00025372995821140574
0.00025083156874253264
0.00024221884230575034
0.00021275398586114447
0.00016667278961156548
0.00012237316085403214
8.928004907999084e-05
6.833302330089864e-05
5.458485149478367e-05
4.508804317354204e-05
4.0082458941836344e-05
4.0148146566330045e-05
0.00010570466137608425
0.00016818883653395715
0.00025648244611676797
0.0003719382358378464
0.0004993838058270817
0.0006693439294631618
0.0008350979609507164
0.0010409242676693879
0.0013515054743560358
0.0016623671971221392
0.0020091116137238383
0.0022786548216606754
0.002762899032503912
0.0033923149133057314
0.004103446675963031
0.004922528595403328
0.005854717594133162
0.006902132713668591
0.008057112569772693
0.00930271302824033
0.010615918704116097
0.011970677642888014
0.013340517710651194
0.014699243916248385
0.016019085122621006
0.017269155202297628
0.01841595317762797
0.01942679827933746
0.020271959889151585
0.020926160048471858
0.02136974009080466
0.02158927407882558
0.02158310766773254
0.021342310244032627
0.020876663712662093
0.02019964455214228
0.01964334393335653
0.01867587971275767
0.017587005286751636
0.01644173056016142
0.015305745032461682
0.014203188347877736
0.01307789771435683
0.011911722187815065
0.010844203423859243
0.010562583359550752
0.012405179369156822
0.017777399237117023
0.02656098579946207
0.03554585722042968
0.0400238901490803
0.03799389453195061
0.032327724638496785
0.02742892369245426
0.02451575135266691
0.021498867058432316
0.016682764768287495
0.010917894329235183
0.006180121534056522
0.003454172757121395
0.0023595758001853464
0.0020248872152562065
0.0019032209295836515
0.0016954632287179204
0.001480634088141447
0.0013247269953456822
0.001208414454903548
0.00106477314466077
0.0008744260616073287
0.0006795544016568407
0.0005264686365636158
0.0004260296350731352
0.0003628076716024475
0.0003187113961202512
0.0002837672655845844
0.00025456744447848026
0.00023013126446640015
0.00020918710292840774
0.00018962231191393866
0.00016973598856670057
0.00014956911145112367
0.00013065401445484735
0.00011359251842102421
9.816245164894501e-05
8.366655092277315e-05
7.012262390438192e-05
5.813598550211189e-05
4.813574224550703e-05
4.255841785296539e-05
3.563697640366993e-05
3.038429158689945e-05
2.682440860792165e-05
2.5331395034194306e-05
2.6355759717202048e-05
3.8069003048744977e-05
6.662998951155889e-05
0.0001361118665998488
0.00027369686951403215
0.00047917711919595775
0.0006881016377738625
0.0007913504213386839
0.0009202923074669234
0.0013702409368327605
0.003102920479386247
0.00741057492600987
0.014870506602982163
0.02386945872306855
0.030373829599979377
0.03122254383534721
0.02729209741181322
0.022606509002558173
0.019926580253607662
0.018385385097666494
0.015672392022155743
0.012828483254664456
0.007976042200692377
0.003982157318120328
0.0016275825780438385
0.0005965007107101889
0.00026204563897311626
0.00024650790688323905
0.0004779348513885225
0.0010149745214248277
0.0018192624166262468
0.0026065179103504444
0.0029802589657657013
0.0027973022133918825
0.0023274495784398825
0.0019581917938814937
0.0017934701204641837
0.0016371410158802305
0.00131018175573317
0.0008574282444685172
0.00044805331618907293
0.00018668737908770136
6.30010571531204e-05
1.8076250450792867e-05
5.254138056249135e-06
2.712809656037269e-06
2.8637822663134194e-06
3.908572877833831e-06
5.117976534241933e-06
7.0385115327740496e-06
1.1182454202746615e-05
2.1294592303561347e-05
4.2630025164986546e-05
7.841400639978516e-05
0.00012297305542755782
0.0001581732834666326
0.00016592728519427186
0.00014635305983655704
0.00011912712305433022
0.00010254419908971345
9.60041256279815e-05
8.633870919488207e-05
6.643913311440327e-05
4.20314880657991e-05
2.3977399313533436e-05
1.908660245863798e-05
2.81668945445289e-05
4.654853353421881e-05
6.422887239947914e-05
7.005325309856697e-05
7.578997656148412e-05
0.00011147746085678938
0.00019136675217070674
0.0004822649508022358
0.0010582345797065691
0.001858484957748536
0.0025797344380468724
0.0028527572176958883
0.002598651364106263
0.002128404477539613
0.001822840416067706
0.0017684301633552524
0.0017748586581502763
0.0016614097658594236
0.0014137248071695876
0.0011017765011800621
0.0008825322320476346
0.0009778779691554755
0.0020207799754945453
0.005048478886834168
0.010862442199489774
0.0186755328734239
0.025417629938527284
0.027639845484571702
0.02498582012878502
0.020769758960945992
0.01848559101209521
0.0183031897458767
0.018082010859428236
0.015909883648303775
0.011632595817750462
0.007118936071267801
0.003988626556307556
0.0024195404298679546
0.001700595411748741
0.001205937643709147
0.000748746585257805
0.0003859767285715359
0.00016748395260844453
6.756567113844467e-05
3.159381572714515e-05
1.99857686357073e-05
1.6372708044518156e-05
1.8561107015032246e-05
2.7961945899530247e-05
4.6316980685078245e-05
7.373426658880262e-05
0.00010757422164484986
0.00014484630548322914
0.00018078834063959938
0.00023385659956800322
0.00039476956463221636
0.0007638192687730223
0.0011911568193036545
0.0021631740288723875
0.0034866334191668655
0.004910254287711519
0.0059386561494682525
0.00610943812791709
0.005443830117360038
0.004497689059234012
0.003834429828306554
0.003509111174823398
0.00315684066273146
0.0024998500135436775
0.00163723162892702
0.0008710235214502905
0.00039473130693834995
0.00022521559644310432
0.00031939295296764256
0.0006513811914515382
0.001155496819731
0.0016419200442362538
0.0018740202957137394
0.001784129459117531
0.0015728594846844799
0.001518503296590313
0.00171063299749978
0.001984601525287821
0.00211500985474568
0.0022032507392996275
0.0023007022140998264
0.0025541078261585694
0.0028964025440127027
0.0030551120260301655
0.0028662621856408786
0.0024609520069019636
0.0021112849589184184
0.0019401471553147187
0.0018430821329176719
0.0016571559420405833
0.0013363938325914972
0.0009644289832360752
0.000651283052340436
0.00045142590925137757
0.0003496976021916708
0.0002930368465989194
0.0002495656356158347
0.0001908782686195948
0.00013988286561932383
0.0001123846802804203
0.00010763466235520248
0.00012304328154890087
0.00014804257393018523
0.00018258775703342852
0.00021239779775460903
0.00026785749467718185
0.00033651058885589367
0.00041917014485921925
0.0005167768355236014
0.0006317498996483697
0.0007671317677937264
0.0009243068297870893
0.0010984018828078918
0.001276712206841191
0.0014451581069157386
0.0015977782363795173
0.0017383505617359415
0.0018747418923518134
0.0020112492171555454
0.0021549148063641954
0.0023212888889860956
0.0025215993517062225
0.002740678068423171
0.0029165842079783492
0.0029754612968286233
0.002898496826930904
0.002741647990050026
0.0025795656685185103
0.0024652496909768713
0.0023348464672789046
0.0022292951004620138
0.002044877396289631
0.0018544484903272693
0.0016881420188003804
0.0015755289193869304
0.00150138454538779
0.0015193472381675867
0.001684206227935637
0.0020809920933841626
0.0028083667592026388
0.003909706446339762
0.005221153105381386
0.006290691727870367
0.006666667583784944
0.00636165358584102
0.005965704470882082
0.006162296801016175
0.007151822844978195
0.008490571440449344
0.009427931706093516
0.00943734905873058
0.008639073824341946
0.007665752654856487
0.00711082485496236
0.00705876223935527
0.007121172416959354
0.007029036716658959
0.006568142740172554
0.005891269137499939
0.00526105099647189
0.004830087814743793
0.004637670290102166
0.004654233359974054
0.004835793487935826
0.005163567105476401
0.005692507510969673
0.0064144229634329405
0.007039170009360484
0.007059427837029363
0.006280542528567105
0.00509594494594684
0.004131278064030802
0.003643806735361021
0.003367303398731404
0.002905885839750768
0.00216488998779179
0.001365274190688817
0.0007505493929907367
0.00039272684116845036
0.0002302926454333147
0.0001981769440153583
0.00024224771966811274
0.00042298523023948575
0.0007356953335002839
0.0010851085279887382
0.0012974253187412843
0.001259783960768027
0.0010393382371277633
0.0008226090978376223
0.0007346260006413099
0.0007397998360828874
0.0007181636763681751
0.0006089372266515163
0.00047136585672877853
0.00044040509288055903
0.0006334065860772435
0.0010731588208718113
0.001629268929748693
0.00204558426953414
0.002097275984002521
0.0018043475458023833
0.0014208437274683032
0.0011969115729823208
0.0011624403911643327
0.0011521637422677357
0.00100754941426253
0.000724575233133173
0.0005152878378822894
0.00025694746593233546
0.00010396538253803701
3.620829350888457e-05
1.3397904840887232e-05
1.00492261158775e-05
1.6401243263731297e-05
3.370500671275537e-05
6.493473449511905e-05
0.00010728663677755383
0.00014722752120547837
0.00016825125801524083
0.00016722006832751784
0.0001749816123865306
0.0002480672631006979
0.000430249225556135
0.0006969291215511905
0.000938181394993614
0.001024930295683984
0.0009308501229621317
0.000767789320451932
0.000676518831856456
0.0007218203786780569
0.0008796267694585221
0.0010924019476102845
0.001230891502242749
0.0013664280588883086
0.0013328989276996316
0.0011172185391988157
0.0008373673680750508
0.0006478025076393317
0.0006020121247452864
0.0006206654316190892
0.0005876037458464619
0.00046419412374539535
0.00030291033166210917
0.0001744128966181745
0.00010605884200789529
8.326776483412469e-05
8.056990254307189e-05
8.565225743010166e-05
9.912978410936189e-05
0.00013545559018177965
0.00022352816572737127
0.0003969019330221777
0.0006558812580924715
0.0009259331241963448
0.0010929730874263076
0.0010645408541612347
0.000907451831326862
0.0007712981075128042
0.0007472889795150686
0.0008265282263501925
0.0010191337327360183
0.0013028790280247035
0.001680786707512238
0.0020803113839972273
0.002321682996588118
0.002274862303732435
0.002041193704302772
0.0018913079687806543
0.0020124646004094186
0.0023369764364755113
0.0026171113792522716
0.0026637404293672466
0.0025143383825892065
0.002362710158068093
0.002357267688285638
0.0024861306826609235
0.002636675316136153
0.0027232507903932096
0.002747556566323817
0.002755818814794268
0.0027731210300590853
0.0027850069920559335
0.002794094759772452
0.002844245806413196
0.002923073576768506
0.0030908773935061236
0.0032100309675163158
0.003135701807872578
0.002837323568482276
0.0024405802767784204
0.002112648564909695
0.0019194046886208166
0.0017973881496082607
0.0016420368045475216
0.0014088296781866628
0.0011335224491225645
0.0008765301614023733
0.0006698722279660823
0.0005224606351877063
0.0004447947430541082
0.0004765423288481358
0.0007024647752341739
0.0011919296653683557
0.0018779491645055173
0.0024862970312859597
0.002685315766430383
0.002369177994364837
0.0018089593382637824
0.001400352221365332
0.0013148317169833351
0.0013910947296367818
0.001466615319590156
0.0013356572798625494
0.0010035597446982287
0.0006405132422943296
0.0003924081925593565
0.00030302282728204925
0.00034871828307946745
0.0004897378716420286
0.0006740245641279337
0.0008312649276688767
0.0009035871760359889
0.0008959401152801275
0.0008722407338463241
0.0008949427183243655
0.0009729509528646214
0.0010634436904153495
0.0011176781818862463
0.0011239350152037163
0.001108079411428775
0.001107052214569403
0.0011449196307452547
0.0012324004470634189
0.0013411645529885958
0.001428299124472637
0.0014515911093309832
0.0014285526333429504
0.0013795450270318189
0.0013699599500082294
0.001419391475019942
0.0014597485540329613
0.0014144262259549593
0.0012668094096968802
0.001139901061401346
0.0012144758170740328
0.0018751417058495985
0.003711188284235427
0.007148428750620878
0.011675904303901198
0.015451663692202978
0.016399381230582703
0.01417445443799822
0.010699082505431484
0.00843030197635857
0.008303740296933851
0.00927923331884183
0.009593455650805367
0.008374058654901253
0.006152870201110637
0.004037040783230021
0.002682337403310639
0.0022081067697683017
0.0019106233817494532
0.0018490089842229075
0.0018602325159604795
0.0018859394076019794
0.0019183817326229714
0.0019632643016401956
0.0020194341558867155
0.002065759696947413
0.0020681164309075354
0.002007322800204874
0.0018982756231521042
0.0018201548300946194
0.0018668113992827463
0.002268243607115254
0.003374072823466639
0.005408214009783046
0.00798111961134301
0.009943091038356167
0.010131221220864739
0.008498761967416495
0.006277057010979169
0.004897271340553543
0.0047938009792625
0.005305215125567047
0.0053958562849633525
0.004943596028334139
0.0036656461158198206
0.0022568838007699264
0.001249749839207492
0.0007348993778777612
0.0005670833555909213
0.0005785806044975904
0.0006772237669120598
0.000819156325502244
0.000969588072815095
0.001101916062916929
0.001217267195105153
0.0013440823534841613
0.0015084434684958707
0.0017065532738557935
0.0019074860738634912
0.0020804452851732394
0.0022176814704112646
0.0023327510796197
0.00244071232884994
0.0025432464877407105
0.002630454975209497
0.0026921538152797266
0.0027234685900462976
0.0027211386285406233
0.0026986222229925206
0.002631249507102294
0.002527128941048025
0.0023980138178317403
0.002258163893877425
0.0021225534068648154
0.002008755906353031
0.0019308856328319648
0.001881540059914355
0.0018188141839073323
0.0016873439430702792
0.0014677621210191691
0.001200490341921565
0.0009842399862377102
0.0009186242479645282
0.001198614304081625
0.002159265209987976
0.004121379974285368
0.006898622760030059
0.009421674472023456
0.010298710575849065
0.009008919454169591
0.006573497603177683
0.004653679785873137
0.004193243906678004
0.004852299262670092
0.00536337961111444
0.0054817450938481295
0.004604742420225895
0.0032388602455240565
0.002057619776392612
0.0013387106813836764
0.0009879139636220806
0.0009607863839331311
0.0014712367939484735
0.002815088052562113
0.004917933345363772
0.007012257404479257
0.008015688968721795
0.007422866458120215
0.0058376366496164745
0.0043945238555040955
0.00381823956908249
0.004011965411824353
0.004317498491632359
0.004119520692868307
0.0033150382810451405
0.0022716148319071915
0.001398711219121538
0.0008519369330099979
0.0005686495106849097
0.0004229267457540828
0.0003530679909287757
0.00025611764530539466
0.00017198004126140295
0.00012285897514164023
0.00011777320431866382
0.00013941662162349113
0.00015636843761091698
0.00014662185864826758
0.00011256290347836355
7.196031437751668e-05
4.184773405723121e-05
2.9743447110816774e-05
3.577813674940689e-05
6.613708331404741e-05
0.00012923163915019072
0.00022135084028709242
0.0003113349977909912
0.00035421737615533175
0.00032829116824973
0.00025792373360419423
0.00020421196381670512
0.00021960416279476932
0.00036621077196550146
0.0007204112786064465
0.0013255090718225723
0.001826759383381999
0.002510892869319242
0.002813793879773374
0.0026054275971275896
0.002132719413031214
0.0017905437071223669
0.0017676746668148198
0.0019382248138055428
0.0020275236316960894
0.0018606394890941656
0.0014804872946349475
0.0010736802989473092
0.0007855675411726384
0.0006183037768164471
0.0004937315535137878
0.00036450057455196815
0.00024234999868461796
0.00015356458915149462
0.000103348868927292
7.905627634912878e-05
6.667388707324635e-05
5.8334023863620296e-05
5.2045907942236376e-05
4.815653126286857e-05
5.0186242256855036e-05
6.294009554695176e-05
7.859106607071497e-05
0.00010849680394556759
0.00013246625082550742
0.00013479917848311968
0.00011360391555038007
8.349107250099715e-05
7.279762229055952e-05
0.00011021680469138705
0.00027289280518847433
0.0007148354226965623
0.001605470783440609
0.0029067758380115845
0.004174849640814906
0.004754459825546168
0.0043549905516932965
0.0034015808439085797
0.002687773140760631
0.0026754599554334514
0.003202575015657191
0.0036800500447662318
0.003597713352069117
0.0029175781472749935
0.0020319673601608686
0.0013700962571523059
0.0010590147936906733
0.0009628163336358
0.0009200298140990152
0.0008144772544962191
0.000677445812848195
0.0005900193667011809
0.0006271888969245416
0.0008225507730099708
0.0011454888055414576
0.0014836663631807947
0.0016879843748510161
0.0016843989548271233
0.0015415264112106429
0.0014076566771492203
0.0013895207108580291
0.001490281591222466
0.0016308654486954378
0.001718596580759364
0.001733334467187294
0.0017438657116482556
0.0018311616390312435
0.001985914866162209
0.0020938313549738407
0.0020375276214921936
0.0018098282074197301
0.0015234673458360763
0.0013081841185821118
0.0012165115172102436
0.0012059908870223233
0.001199309827797219
0.0011292678374180663
0.0009701648744974866
0.0007647402810478554
0.00057558335463905
0.00043467528888163176
0.000339817571696702
0.0002779857607497563
0.00024115694235575348
0.00022488267969089754
0.0002210882178947105
0.00021784487787985938
0.00020538186267607465
0.0001811721257584383
0.00014976238240044928
0.00012445444368774095
0.00010628196487336057
0.00010216738626796831
0.00014037530941069068
0.00026324365747205876
0.000564039221832782
0.0011225946201091996
0.0018924287570837835
0.002612412494344422
0.0028871440750886687
0.0028298569586720744
0.002302614415700352
0.0016770208265970731
0.0013220455148551657
0.001357685613840775
0.0016308664467835742
0.0018606144344130468
0.0018457362445380018
0.0015951094810461252
0.0013093332797573846
0.001219575961404043
0.0014362069808097416
0.0018849993787063092
0.002335414477729143
0.002534610309020688
0.002383036074024094
0.002011797434825761
0.0016683482107109305
0.0015317955378761946
0.0016057365592469655
0.0017437964442345891
0.0017702958831842994
0.0016071762909795845
0.0013098790382306351
0.001010575659913926
0.000864732239162782
0.0008013170390765422
0.0010284841285911445
0.001665078180645081
0.002682785507675505
0.0037266752012219307
0.0042242735101259065
0.003857366045329742
0.0028645763405972958
0.0018706976817077364
0.0013757696569644282
0.0014704503534911737
0.0018719463709471256
0.0021473236776301387
0.0020218043112799912
0.0015608570716397479
0.0010528474943512997
0.0007192241823194761
0.0005694649667912572
0.0004908846893362881
0.00039807761352007756
0.00028806940763210153
0.00020175425244370164
0.00017031481313609678
0.00018992129681693874
0.0002267161510009401
0.00024090104339180758
0.0002301594312388468
0.00018716733301049826
0.00013549369374724684
9.57906010767376e-05
7.350745980864214e-05
6.256483932708473e-05
5.500734882928888e-05
4.7983777237955065e-05
4.334720583243275e-05
4.214667555294909e-05
4.7349480801226235e-05
6.50214948152413e-05
0.00012014539792128712
0.0002505143625179299
0.0004806168990526923
0.0007587918807116494
0.0009660470363247472
0.0009853906116395908
0.0008112256018925033
0.000563624135211271
0.0003893815040476604
0.00036096311635577593
0.00045526376483267107
0.000576111259999909
0.0006236398269174558
0.0006085585882064849
0.0005121773214699411
0.0004029786504142621
0.00033676331070737125
0.0003259241863873213
0.00035447623747533123
0.0004031009065081678
0.0004595715272385876
0.0005178023836584567
0.0005750580641068148
0.0006303012120133528
0.0006830304532107702
0.0007324909469306385
0.0007773522242606143
0.0008165111107648676
0.0008495876509581084
0.0008764506495365957
0.0008952676171474814
0.0009012633013678072
0.0008893241393761772
0.0008588899448791009
0.0008154391427166405
0.0007665976346019504
0.0007177744728137799
0.0006704340146237143
0.000639382140853534
0.0005926281262483695
0.0005451155597840794
0.000496619467736004
0.00044582512845972377
0.0003906960648890434
0.00033179622884047595
0.0002741245245555626
0.00022415093715304936
0.000185880266925032
0.00015932959608354344
0.00014106200504950282
0.00012561249354015654
0.00010810251608355606
8.709006458143512e-05
6.499152798539006e-05
4.553677632881081e-05
3.0941913771983854e-05
2.2606824614724333e-05
2.245314095490824e-05
3.965910251179742e-05
9.463396438090349e-05
0.00021092158567333146
0.00038639136316054394
0.0005638957505882758
0.000650610858663359
0.000628771469340081
0.0004948089683542978
0.00032344489414118247
0.0002097359064541154
0.00019502652264404184
0.00026355254970787635
0.00034690980996464967
0.0003810474718776592
0.0003386341044430769
0.00024754781778422514
0.00016081150295731223
0.00011766817265092566
0.00013392425248609806
0.00021729068542936065
0.00036308164281296417
0.000550659390132089
0.0007267922311080268
0.0008302896054125611
0.000831492645564709
0.0007567211945021094
0.0006722909240357593
0.0006435683244669434
0.0006957109101500011
0.0008040986881718432
0.0009168872613365806
0.0009713339066023033
0.0010071508166657167
0.0009979854870158895
0.0009729015827092134
0.0009585670287643541
0.0009642690134603352
0.0009832502362390832
0.0010035225761208825
0.0010164535366705308
0.0010190145624168032
0.0010115776689026115
0.000995263169188539
0.0009719610849555509
0.0009435165481251706
0.0009171555225498834
0.00090459710610315
0.0009130206562058744
0.0009297548618085008
0.0009202118563210124
0.0008572998075844798
0.0007483527083039205
0.0006455963897086276
0.0006084274277419998
0.0006682840772145231
0.0008012619899710673
0.0009450329275591441
0.0010153035294565957
0.0010605821343961652
0.0010337409158294516
0.0009471171496627057
0.0008161385300243649
0.0006727926773539739
0.0005558062052883647
0.0004963963195887476
0.0005008199437809117
0.0005996593487518086
0.0008453321528137477
0.0012513674169781967
0.0017097703944387432
0.0019990296433143252
0.0019432410994598079
0.0015822868212890364
0.0011312206442411787
0.0008174108981526153
0.0007497606066439171
0.0009074511460907692
0.0011569119089758011
0.001306307158687967
0.0012327323848769559
0.0009741215612440482
0.0006711928517150843
0.000440366092477153
0.0003483108476451752
0.0003006308934180369
0.0003274913548939666
0.0003795908508716706
0.0004020243897482612
0.00036577671953794496
0.0002849789356187281
0.00019841067921499416
0.00014125816467278846
0.00012937220857324154
0.00015393908415900194
0.00019625472545032355
0.00023193609064026374
0.0002455068609672908
0.00023916422273238694
0.0002282218680588179
0.0002274950975820558
0.00024227498789223512
0.0002683797366166306
0.00029748777556573103
0.0003275930541906826
0.00036338360759363643
0.0004266219971240942
0.0005475510715715129
0.0007400862578149948
0.0009696848923603519
0.0010992126195366987
0.0012002246509660482
0.001196930211533397
0.0011866306459138137
0.0012607253977193883
0.0013965854116660622
0.0014805995373421903
0.0014298215717272328
0.0012568144989847036
0.001033544632086979
0.0008359556956061939
0.0007189016942883118
0.000693540280192135
0.0007141658239010043
0.0007057651857038004
0.0006470768919188771
0.0005924219118060405
0.0006066941046467573
0.0006799763160445617
0.0007241655462062486
0.0006601338833299825
0.0004979282439484909
0.00031665900861205313
0.0001955712836115189
0.00016575446581015
0.0001907108993559526
0.00026425488489341793
0.0003289256610842431
0.0003352674793161168
0.00027549508710510514
0.00018506272249950616
0.00010754500745113223
6.233646942819614e-05
4.435249223104622e-05
4.148068956287713e-05
4.3888430061962236e-05
4.9463266722558486e-05
5.790060512963465e-05
7.642312903075949e-05
0.0001248349264764633
0.00022534265233970332
0.0003863852916699015
0.0005876353619902291
0.0008062359299169707
0.0010295804215274997
0.0012539186261962222
0.001469231802956393
0.0016801413709132428
0.001896234055702449
0.002053745618234981
0.002030514516582261
0.0018862862146329738
0.0015475082153113635
0.0012266204143084154
0.0010543549577340305
0.001076434915121336
0.0013187432029981342
0.001804843162083006
0.0024525893607197837
0.0030109202763640135
0.0031791685368901686
0.002839814782271241
0.002157548894419406
0.001458412299353356
0.0010216757168702562
0.0009706590361827991
0.001254463100452926
0.0016607028192606832
0.0019030182014442302
0.001803797075843939
0.0014150945874775007
0.0009443851542948373
0.0005776785575336219
0.00038253675367456714
0.0003269922983920601
0.00033654618118206703
0.0003403575990789435
0.0003215259434239552
0.0002661265978057935
0.00020502317748875295
0.00016127107048054956
0.00013625736720932486
0.00011817107379946006
0.00010019005386653474
8.397368320404784e-05
7.390359351791934e-05
7.84411872347288e-05
0.00010422768942014675
0.0001721477733570673
0.00030707345342073476
0.0005094480512092548
0.0007221703918158855
0.0008419427859242841
0.0007961785885738298
0.0006148476702089866
0.00040562574483056903
0.0002708878155845177
0.0002677746328137762
0.0003997815643755485
0.0006574190068934915
0.0010030846194741844
0.0013640216072706027
0.0015609554703109663
0.0017072302957274678
0.001615835142926614
0.0013245692039180565
0.000969216814252233
0.0007215735906594427
0.0007185631323828077
0.001015273408212268
0.001530510443062519
0.0020236595168926065
0.0022218896356428135
0.002036138610236374
0.0016360093868905154
0.0012696567345222825
0.0010583074412606993
0.0009856791009788595
0.0009869029912917605
0.0010111977969094646
0.0010119302533625916
0.0009711145078267113
0.0009244147990717593
0.0009248256929824564
0.0009606578602480611
0.0009611552343536593
0.0008748858921583396
0.000748910663071606
0.0007013632898306746
0.0007631558615386572
0.0009924575755363896
0.0012768869618490079
0.0014456184632025827
0.0014032025984791834
0.0011991143375454803
0.0009616027454748735
0.0008023398014244559
0.0007679449418660689
0.0008473417945109772
0.0009820627872372068
0.0010845176400226272
0.0010869173569273843
0.0009887096327777423
0.0008495557769510794
0.0007354285304448186
0.0006846570249496612
0.0007203773821876324
0.0008516596096577385
0.0010580935777615521
0.0012642256147222058
0.001364417021133895
0.0013266094104557695
0.0012481269847145033
0.0012845672129493443
0.001408091886678305
0.0016704526627362426
0.0018446615825631469
0.0017889665140535705
0.0015273547564588418
0.0011876447685991965
0.000890392434734413
0.0007113254658155096
0.0006891921297807642
0.000799840272507226
0.0009551825110207923
0.001058644244789395
0.0010805304830809764
0.0010489419853976856
0.0009780966893251327
0.0008512777698273501
0.0006736120826827663
0.000495146549364014
0.00037094478716275274
0.0003253832270104243
0.00035257823410052936
0.00042717702641752826
0.0005051549068695492
0.0005357447048454315
0.0004944841769777655
0.00040242255550972637
0.0003351718698970246
0.0002517758754208245
0.0001978350181554856
0.00016531277525880432
0.00014307313690239593
0.00012669984626078413
0.00011648884609682279
0.00011965558692829354
0.00014751537548188717
0.00020889878230803964
0.00029469719978750936
0.00037752954849084973
0.0004325838987607026
0.0004598208106034277
0.0004736621490169496
0.0004711385895649031
0.0004349990212943061
0.0003651411174519145
0.0002919953925093399
0.00024625375532764926
0.00023116303453176045
0.00023158249103878896
0.00023688842750258402
0.00024249868068009165
0.00023768097286020157
0.00022158064610368217
0.0001761227572352069
0.00011897050100516632
7.154441255028918e-05
4.4479504889253546e-05
3.353238475889065e-05
3.0088132303650573e-05
2.9535902141052228e-05
3.687387590120191e-05
6.286345024505551e-05
0.0001141728969885049
0.0001803676339418393
0.0002326968269090423
0.00024355920782570377
0.00021641086595209123
0.00018870175917609815
0.00020339864433122743
0.00027505647898857545
0.00037381581790270514
0.0004467849676883273
0.0004606078395127923
0.00042642763723074154
0.00038243549703782624
0.0003600926292071771
0.000371648267109808
0.0004140278281054312
0.00045008047019347774
0.00048744006578731733
0.00046966467192475114
0.00038840824854568525
0.00027996904935915785
0.0001944224491329548
0.00015571865061456277
0.0001582181503258916
0.00017680676379795932
0.00019949396229375265
0.0002158196333311189
0.000224069216894244
0.00023318416024588695
0.0002561149181234097
0.0002930264730008435
0.0003222016642130005
0.0003216386910275109
0.0002920388741746765
0.0002623015557131364
0.0002657887099950574
0.0003161882487180876
0.00043405360653979837
0.0006670493909788348
0.0010633489461946899
0.001583698862079998
0.0020466063411886384
0.002219493453867976
0.0021739777208110538
0.0018629645124579471
0.001500125581194179
0.0012412695621746613
0.0011441797708261839
0.0012106105623666795
0.0014191301499212041
0.0017024323878272415
0.00195223356613775
0.0020680482684516297
0.0020274970226577295
0.001874378252037306
0.0016754556362933684
0.001494713774894044
0.0013761093419474243
0.0013330527688311458
0.0013566404586681552
0.00143306623326758
0.0015447569496662053
0.0016597286238896351
0.0017386804350196779
0.0017628444501941866
0.0017477637637724225
0.0017242315394751075
0.0017138672669196702
0.0017073775123709154
0.0017036310644954387
0.0016931799392171046
0.0016707386382303995
0.0016346500400566133
0.0015851488207678788
0.0015233162646282195
0.001450706865917006
0.0013691648849838642
0.0012806422168368168
0.0011869538400367298
0.0010896152442359907
0.0009900944897095884
0.0008899107202050183
0.0007912299175855253
0.000696188351768398
0.000606460145654879
0.0005231776158885616
0.00044707810974915573
0.0003789855938197067
0.0003199249304368108
0.00027067750675049685
0.00023051910643055737
0.00019635738729657567
0.00016420078670394267
0.00014284803606285913
0.00011195069844789906
8.898571241425647e-05
7.144980368669112e-05
6.289440984287201e-05
6.425393717977432e-05
7.401141541980227e-05
8.697947065095217e-05
9.596017019961751e-05
9.715939615191286e-05
9.424723010341597e-05
9.634782946452124e-05
0.0001073900972897231
0.0001295966943958502
0.0001602052403720041
0.0001947363807453254
0.00024173339826499842
0.000312928611034244
0.0004527599289361768
0.0007156497556998758
0.0011102218246748802
0.0015313122144461593
0.0017850760122230425
0.0017381781847428549
0.0014530738340210278
0.0011398546854747298
0.0010110934192159254
0.0009906159595844271
0.0011328417743195138
0.0013306913050396647
0.00149042418651252
0.0015538486076326177
0.001509046621511347
0.0013934154693900473
0.0012818279927712245
0.0012160019960309474
0.0011514189936799645
0.0010127508193617633
