N :Calcite
Y :19.0% Gibbsite, Diffracto n :123
N :Dolomite
Y :81.0% Hematite, Diffracto n :932
0.0
0.0
0.0
0.0
0.0
0.0
0.0
0.0
0.0
0.0
0.0
0.0
0.0
0.0
0.0
0.0
0.0
0.0
0.0
0.0
0.0
0.0
0.0
0.0
0.0
0.0
0.0
0.0
0.0
0.0
0.0
0.0
0.0
0.0
0.0
0.0
0.0
0.0
0.0
0.0
0.0
0.0
0.0
0.0
0.0
0.0
0.0
0.0
0.0
2.725640409051182e-35
1.5749209554285625e-33
2.159056819003859e-33
2.9270142567843627e-33
3.924108944661748e-33
5.202507594371877e-33
6.820870968861371e-33
8.843463462534369e-33
1.1338624538714993e-32
1.4376520777871922e-32
1.8026136176980057e-32
2.2351512906534335e-32
2.7407323348986916e-32
3.3233933084798357e-32
3.9852197458270205e-32
4.725831330455012e-32
5.261837192986154e-32
6.124759328139412e-32
7.050112565094293e-32
8.025248203230211e-32
9.033921033232378e-32
1.0056561148199543e-31
1.1070776815382838e-31
1.205208198767247e-31
1.2974822966285603e-31
1.3813259879431142e-31
1.4542741995603235e-31
1.5140903369281726e-31
1.5588798543985815e-31
1.5871898106264256e-31
1.598087118550774e-31
1.591209612827895e-31
1.5667860363054208e-31
1.5256234070643013e-31
1.4690627391933983e-31
1.3989065060687785e-31
1.3173233182934415e-31
1.226736843083036e-31
1.1297068834370902e-31
1.0288107057302943e-31
9.26532174993525e-32
8.251651227940294e-32
7.591069178262567e-32
6.636037726840937e-32
5.736804669036812e-32
4.904408041816039e-32
4.1462782364740243e-32
3.466455254520488e-32
2.865946390860373e-32
2.3431809636844036e-32
1.894518714249811e-32
1.5147719940523665e-32
1.1977079427068338e-32
9.365045341237094e-33
7.24142652136314e-33
5.537243962456911e-33
4.1871495384939606e-33
3.131111726286764e-33
2.3154421506395668e-33
1.6932636269189376e-33
1.2245330038416512e-33
8.757329250576672e-34
6.1933856949680075e-34
4.331515143086839e-34
2.99575854195049e-34
2.0489390115647434e-34
1.3858189936969664e-34
1.0612066600659578e-34
7.045354646860204e-35
4.6255246152223367e-35
3.0031316777164964e-35
1.928159657988231e-35
1.2242407870273444e-35
7.686806151449654e-36
8.839149453570743e-36
2.799931558764145e-35
1.0324656032350571e-34
2.7070543984628485e-34
4.710633158896579e-34
5.392236276773571e-34
4.054483682762768e-34
2.0020207380180563e-34
6.492719318192135e-35
1.384252039258522e-35
1.9506276381707528e-36
1.890112411922162e-37
1.7221564808449825e-38
3.947896908821467e-39
1.884025136413994e-39
9.840169129065715e-40
5.110219892059249e-40
2.6248866679384242e-40
1.3333323575980286e-40
8.435913204584592e-41
4.2061549328480987e-41
2.0739275938889604e-41
1.0112465938639708e-41
4.876134851927353e-42
2.3251420705873183e-42
1.0964237333800138e-42
5.11284356152531e-43
1.9200063531092236e-35
9.072738385691281e-34
5.589163279699409e-33
2.3274833912904708e-32
6.529038511010096e-32
1.231748997411051e-31
1.5621957141823999e-31
1.3323883358606885e-31
7.648190361978343e-32
2.961663699272626e-32
7.809854665466023e-33
1.4544244183129098e-33
2.1391060607641885e-34
3.005735811463549e-35
4.203280238409916e-36
4.869962358406744e-37
4.019398590976415e-38
2.2297265757384547e-39
2.5773248320668375e-40
7.145897478343283e-42
1.3017113876864148e-43
1.5571018651199624e-45
1.2230075479307164e-47
6.334371611244845e-50
3.140670391793617e-52
3.570004499179317e-53
1.220025297604701e-53
4.178166862273815e-54
1.415084145858502e-54
4.739514366950526e-55
1.569785971415446e-55
5.141644662062041e-56
1.6654004846397288e-56
5.334458258406244e-57
1.689728612636464e-57
3.241993765206727e-35
5.507274925190193e-34
3.485382922704839e-33
1.459630750226774e-32
4.2309926556080475e-32
8.417451322506047e-32
1.1429496235313953e-31
1.0558799018398813e-31
6.6245485598095e-32
3.912822007356252e-32
1.2832276185282895e-32
2.8420575359564362e-33
4.2363642131135565e-34
4.2336618763024745e-35
2.8256651170576562e-36
1.2550338619902384e-37
3.6981257986907956e-39
7.211102310286624e-41
9.28643471537808e-43
7.886041911494112e-45
4.4109533904261925e-47
1.6236769047991718e-49
3.930882505996182e-52
6.256155005362654e-55
6.543502556173553e-58
4.496728304601181e-61
2.0299895260047736e-64
6.019383209188635e-68
1.1778846006831708e-71
1.629602673677545e-74
3.6662834961468894e-75
8.156901148769865e-76
1.794647627125395e-76
3.904703012984216e-77
1.398920815278136e-77
0.0
0.0
0.0
1.097604811433527e-35
1.5080463928542348e-35
2.0489640701128127e-35
2.7529918399129495e-35
3.657854665304866e-35
4.80616756801196e-35
6.244854320080302e-35
8.024105966182807e-35
1.0195814834403853e-34
1.2811446420058238e-34
1.591934996404701e-34
1.9561557761796304e-34
2.377018069565869e-34
2.856356894975048e-34
3.3942466541170055e-34
3.988643921114954e-34
3.176111539708036e-11
2.267579571045406e-10
1.0628929256482905e-09
3.2709709574270754e-09
6.608821933018236e-09
8.766608326787102e-09
8.377501665871455e-09
5.511321262205845e-09
2.3804393602443567e-09
6.750232144547144e-10
1.2567256685571763e-10
1.5361104841650056e-11
1.2327204813832523e-12
6.494817631764732e-14
2.246619380751221e-15
5.1021383630344054e-17
7.607380754831932e-19
7.446947051536039e-21
4.7860978043794695e-23
2.0195056165664612e-25
5.594605420788406e-28
1.0183909603041685e-30
1.9890235624790893e-33
6.992540141831111e-34
6.776231767918586e-34
2.4546906820646693e-33
3.983956795701956e-33
5.199026631546476e-33
6.815021003985716e-33
8.927549560605954e-33
1.1645551160739735e-32
1.1321792316511903e-08
4.588821645450227e-08
2.636920248622788e-07
9.948394593966745e-07
2.464161689765795e-06
4.007242185118628e-06
4.27840773453052e-06
2.9990170967117687e-06
1.3803021674845133e-06
4.1793718055045144e-07
9.932224880694618e-08
1.0784994710727326e-07
3.8843930540326113e-07
1.073977327147365e-06
2.046232617511944e-06
2.6746402103631507e-06
2.402700921007843e-06
1.4868981146708506e-06
6.339911722127786e-07
1.8565364889960227e-07
3.7107517156931944e-08
5.023901528238631e-09
4.5724902766970624e-10
2.7794921531886752e-11
1.1226921248817444e-12
3.001979849440631e-14
2.131715235199374e-15
2.850543993818025e-17
2.509972454158742e-19
1.4539555407077625e-21
5.537446504266085e-24
1.386048959580919e-26
2.3022309234294826e-29
2.326359762111177e-31
1.875011483252228e-31
1.6711276909680269e-31
1.4730690873932412e-31
1.2841151110430881e-31
1.1070115096244292e-31
9.437732295517989e-32
7.95702110837182e-32
6.634385503877786e-32
5.470389295153464e-32
2.387659386015299e-07
3.513314892725226e-06
2.261371233989585e-05
0.00010412354337166015
0.00033979121936527767
0.000770934310697722
0.0012071760200059868
0.0013055809995176702
0.0009789192256301354
0.0006599722931839006
0.0002694457405161174
7.594895336076173e-05
1.4650842799116919e-05
1.9152777542606796e-06
1.6817423961623992e-07
9.84839256804118e-09
3.826481502120958e-10
9.828990029775615e-12
1.6651713355042e-13
1.8577060445867993e-15
1.363427514425015e-17
6.578859336120121e-20
2.0862206380312164e-22
4.346631557212788e-25
5.9492311475447835e-28
5.348712043943213e-31
3.211042256630764e-34
3.311171487055256e-36
1.9111604150423335e-36
1.1327585601014987e-36
6.6397519009068285e-37
3.848872614234317e-37
2.206390594638162e-37
1.250830375950101e-37
7.012640731524513e-38
4.738622505193936e-38
2.607837343608778e-38
1.419305866485689e-38
7.639036598555613e-39
4.0660083159064024e-39
2.1402524186069333e-39
1.1141118030136603e-39
5.735345439951092e-40
2.919828839720408e-40
1.4700164531176634e-40
7.319037388049222e-41
3.6037336355905474e-41
1.754762427784341e-41
8.449886477488444e-42
4.023928938974473e-42
4.379537555846591e-37
3.2987518128492225e-36
1.631296398320275e-35
5.296346617580901e-35
1.1289640709302084e-34
1.5799525121148875e-34
1.4516707882966344e-34
8.756941177248056e-35
3.468142375632504e-35
9.017820665666766e-36
1.5394530969202314e-36
3.749910683614309e-37
3.174822456666899e-38
1.764729574369055e-39
6.440167950070186e-41
1.5430447265920278e-42
2.4275885909512323e-44
2.519818544506847e-46
2.2044398125458455e-48
2.0067536636807035e-49
7.308736114556017e-50
2.733923469293999e-50
1.0116415834336989e-50
3.7019776227957256e-51
2.461508480469232e-05
0.0001536835625422891
0.0006299610426950859
0.0016953530727602181
0.0029954826821403722
0.0034748307758642612
0.0026464317379906372
0.0013232683466799268
0.0004344055274126355
9.362739754721923e-05
1.3248623306277314e-05
1.2308318987013846e-06
1.9984592055852564e-07
9.207822308281827e-09
2.78534350637556e-10
5.531727609258724e-12
7.21278523965314e-14
6.17455134975307e-16
3.470307852566761e-18
1.2805330443546204e-20
3.102228388858844e-23
4.934202129939789e-26
5.152527232618751e-29
3.5325136284516384e-32
1.5900383055949972e-35
4.6988493230308597e-39
9.116657544736122e-43
3.7349765455297355e-65
2.1035924261272714e-36
1.49746753804994e-35
1.6511038160696807e-34
9.268952142474297e-34
4.069575411277861e-33
1.2669731174003838e-32
2.767015337328009e-32
4.2085549112383173e-32
4.4927029028081787e-32
3.4058305315743593e-32
2.349157816220983e-32
1.01530541448345e-32
3.120017739849406e-33
7.14311055774635e-34
1.418293008478921e-08
8.132565380197312e-08
3.06160638930443e-07
7.567132500003822e-07
1.2279297238965933e-06
1.3082052171813879e-06
9.150365296681965e-07
4.202049637092966e-07
1.2669051896649252e-07
2.507767344883042e-08
3.2590465327966975e-09
2.7806995761726823e-10
6.876840686588582e-05
0.0004854722063684891
0.004015607451949237
0.020413920518570203
0.08518604479816157
0.2633771447441079
0.5833986644891576
0.9088978977465001
1.0
0.7864932644759667
0.558242307699234
0.2530386631572207
0.08117222775572829
0.01818724511206544
0.003068303838462793
0.0007629839880082464
0.0004725113409389804
0.00027886867079880386
0.00011185301751395253
2.9530578758633873e-05
5.119625419177041e-06
5.827343335400195e-07
4.3547543174259477e-08
2.1365690523295994e-09
6.882249322258006e-11
1.4554726900191406e-12
2.0208678321313224e-14
1.84217952805027e-16
1.102519255927964e-18
4.332121273022961e-21
1.117571245059649e-23
1.892823085539626e-26
2.10477724323019e-29
1.5422667591971453e-32
6.743961225902303e-35
6.282486583489146e-35
6.735089650022396e-35
1.0056617390423357e-34
1.161789423816163e-34
1.3502786870770674e-34
1.5255208646695002e-33
2.6144612399281114e-33
3.512454805223465e-33
4.675787078237706e-33
6.165356697293171e-33
8.050902248959997e-33
2.0871738760112368e-08
1.5412296779119452e-07
7.471990084042658e-07
5.419287781012284e-06
2.2761361230187016e-05
7.49980908768173e-05
0.00018160982085328647
0.0003118545185468506
0.000379496992653822
0.0003325087888068652
0.00021255795180523184
9.881467174578479e-05
3.2752390420324516e-05
7.544683305506706e-06
1.1818840971611561e-06
2.7512765268910493e-07
2.199653669431564e-08
8.093350391312697e-06
6.947926885268143e-05
0.00039165553072502304
0.002573831387933918
0.01116245153663202
0.0410590473536983
0.11356969184645296
0.22566333235057506
0.3173938557332189
0.3200407596657726
0.2358588343589403
0.12907310848632145
0.056938320816788526
0.037790199271508486
0.0631816689421052
0.10898515858523287
0.138301194656896
0.12708389002803053
0.0858186469119581
0.04254865880514833
0.015167594717266518
0.0037777560478055323
0.0006415242211402791
7.30672063148199e-05
1.3683495962172716e-05
7.856771539004662e-07
2.974675516974672e-08
7.413155347821534e-10
1.2148849102410082e-11
1.3086792382135943e-13
9.263939017969478e-16
4.308957814223764e-18
1.3168566995990435e-20
2.6441322820672173e-23
3.488201030428993e-26
3.025020721408922e-29
3.5462863985535854e-32
2.0282180567153119e-32
2.2541971414223203e-32
2.497325342339241e-32
2.7495169168877536e-32
3.003098428733701e-32
3.250285108939153e-32
3.483356919093751e-32
3.6948807628128375e-32
3.878041390808715e-32
4.0271227658522806e-32
4.138611383480646e-32
4.223326385258277e-32
4.281452480282088e-32
4.460745537281051e-32
4.9259540664633813e-32
5.747842497270254e-32
1.6055476796190719e-10
1.0890940051181009e-09
4.8502901404442055e-09
2.740034697448341e-08
1.0597429616430485e-07
3.4284185458379445e-07
8.384461910452719e-07
1.4662294580324862e-06
1.8285035074440658e-06
1.6650825754499707e-06
1.1318052802339683e-06
5.728450140312494e-07
2.285492968242219e-06
2.91115354892655e-06
3.8993097120598486e-06
5.2380139100631255e-06
6.972183204133136e-06
9.179155114177341e-06
1.195067614337033e-05
1.5386271189305107e-05
1.9589584921322927e-05
2.4671131098412916e-05
2.8607959264134057e-05
3.54756351863732e-05
4.397657076106968e-05
5.537972242387743e-05
7.392373569504991e-05
0.00010767464423436425
0.00015986569748054224
0.00021342355967476884
0.00024036412289557934
0.00023293316627561475
0.00020859829240261525
0.00018884661631688056
0.00018356796381958367
0.00018994024261544178
0.00020094712588467688
0.0002121032156024242
0.00022171912716074487
0.00022919777006758757
0.0002342459064788239
0.0002367261538787271
0.0002365943717957959
0.00023386023973730318
0.00022860216812345776
0.00022098408291949465
0.00021124845644353594
0.00019969957376367894
0.0001911637830116746
0.00017738114403514072
0.00016276470202703042
0.00014769437113272985
0.00013253134366897871
0.00011760457012933087
0.00010320024709781083
8.955466550516635e-05
7.685048907022526e-05
6.521627598118042e-05
5.472884673322892e-05
4.541795106261535e-05
3.7272602697911955e-05
3.024843031367365e-05
2.427542857080711e-05
1.9265572084129644e-05
1.511986293559665e-05
1.215471968330488e-05
1.2224205186091752e-05
2.301644784484238e-05
5.8546138137652865e-05
0.00011957657160787434
0.0001675246891211864
0.00015591951534071118
9.584337523022405e-05
3.904138878009165e-05
1.7222815327726912e-05
3.845630053594669e-06
1.404677075023101e-06
5.002255013997925e-06
2.5043021504932814e-05
8.649254217183665e-05
0.00019709188868541057
0.00029508664850548164
0.0002901196827930061
0.00018733455252875015
7.967821854695887e-05
2.3026436106651035e-05
5.9024555953871235e-06
2.917371524311674e-06
1.2140496142444995e-05
1.4991567117869748e-05
1.9279366931345564e-05
0.0003734815831051372
0.0005732446164816228
0.000933628930913729
0.0013323512334292788
0.0017847645982165265
0.002364605275082303
0.0030984998432602
0.004015679933243649
0.004744300944926938
0.00603675880661948
0.007597127991031532
0.009456029867749636
0.011640771591223219
0.014173203571893188
0.017067401596084893
0.02032730164862536
0.023944448008304697
0.027896727571147348
0.03214862887706113
0.036656955139714224
0.041370853642230455
0.04620267525372315
0.05099470235704761
0.05557298807490122
0.059841819857266554
0.06375407528317568
0.06722351857586308
0.07012815384379642
0.07235959607387439
0.07384204922010389
0.07452910107564267
0.07440082600339816
0.07346250681959128
0.07174359460149182
0.07018955616132279
0.06730050944270481
0.06382286499372543
0.059861247217987336
0.05553054791560404
0.05095148568325544
0.046248945715603985
0.04154319615005115
0.036926241079498774
0.03245053088704534
0.028166957578768397
0.02415573460574767
0.020490414306105556
0.01720139343323846
0.014288140477094603
0.011739910469074117
0.00954067738103011
0.007668522902733255
0.006096607649073517
0.004796428208299794
0.00374331813237895
0.0029350501348583214
0.0024067271336832346
0.002451136701960737
0.0037613801053902585
0.008693481654464387
0.015382052940464542
0.029540064535153284
0.04127344225194751
0.04263713470351127
0.03423960585900529
0.021842912829990235
0.010698318441551436
0.0038598586009545048
0.0012333796620233198
0.0012164396294031656
0.0032398441121724002
0.010057809234333083
0.026897165892638346
0.05306027901392076
0.07450207660514428
0.07700025116325651
0.062005636302718874
0.03986555922937628
0.019797997328156177
0.007340257832926141
0.0022595432299739636
0.0008996018971370637
0.0005657708781771821
0.0003723630276056611
0.00020070919896636813
0.00011312705295806322
3.63096095972886e-05
8.775473377162162e-06
2.1571395087235925e-06
7.374751959989744e-07
2.529181194163523e-07
6.316361545497701e-08
1.0601963492723831e-08
1.209419086333509e-09
1.1265379673904657e-10
1.875033321427026e-11
7.428490881818906e-12
3.563207778089179e-12
1.7161848793023199e-12
8.180343173012439e-13
3.856425379254845e-13
5.951960602064493e-06
4.023092293492981e-05
0.00017853367552133628
0.000612973443648396
0.001785061177924376
0.005392119779987332
0.015585198542136842
0.034534413843345324
0.05466874979338332
0.06328699194319637
0.060759325059476524
0.048907601840084955
0.03296228501478309
0.018131156636285336
0.00832891539816092
0.0034594357925861
0.001298265667581654
0.0003905244186232739
8.420883263418765e-05
1.2322566337024254e-05
1.1985634681539308e-06
1.1165639036527393e-07
2.3327186031042682e-07
4.756551012336734e-06
2.7025218399466063e-05
0.0001073759094161419
0.00033891525567159367
0.0009341194142184878
0.0027567149665783676
0.007860683081315833
0.01713889627926271
0.02655765376244409
0.029860916870789216
0.026060134545420006
0.018609467470574532
0.010627007551546037
0.006228523043893047
0.0020885605164914483
0.00047734457481799576
7.776254101538447e-05
2.3886934777148666e-05
5.0549905428061966e-05
0.00014175594021483302
0.0004201278987217601
0.0010138591728316155
0.0017554969187568484
0.0021725731810923387
0.002040892855467102
0.0015610840828703633
0.0009769066953027195
0.00046708847271612243
0.00015852504310680766
3.655934235218321e-05
5.616524143949779e-06
5.709551814223462e-07
4.472742167964911e-08
3.752746544764956e-08
1.278636484531009e-07
2.9918190095042377e-07
4.597756120456231e-07
4.6389325123465327e-07
3.0729138095768925e-07
2.376998330390192e-07
4.1907685307275487e-07
1.6079298539627411e-06
4.661766575696064e-06
8.939409655870892e-06
1.1258585065843301e-05
9.30950442983178e-06
5.053937544414493e-06
1.8013304358780473e-06
4.2151894160861806e-07
1.0222836115265729e-07
2.4710330433449104e-07
1.0145146095494168e-06
3.1151880954190627e-06
7.903134925018802e-06
2.1837514406906205e-05
6.358995447684319e-05
0.0001480021352408997
0.0002451164529704427
0.00029101314670392544
0.0002660770467479078
0.000202626310589076
0.0001297717908161008
6.962115484335167e-05
3.848200666231423e-05
3.082261206090411e-05
3.102241691967115e-05
2.4510301793063495e-05
1.9010076600631646e-05
1.8494590479763442e-05
2.2399574119647006e-05
2.9001278852967276e-05
3.762263988826925e-05
4.832949395726236e-05
6.139938672954293e-05
7.713799988141964e-05
9.58349013514091e-05
0.00011774160941923481
0.0001430497741023721
0.00017186811957491723
0.00020419937804389053
0.00023991889096252984
0.0002787567651376731
0.0003202855367602032
0.0003639151866275406
0.0004088970452577535
0.0004543376272275458
0.0004992227629101568
0.0005424515994151366
0.0005828791884094486
0.0006193655490584081
0.0006409617601572648
0.000668526843628958
0.0006895353266185755
0.0007034038361988102
0.0007100699081613909
0.0007107293959820923
0.0007075103943190047
0.0007050480184185769
0.0007160135721403468
0.0007984431199604971
0.0010401641875281225
0.0014058598836715222
0.0016546875598081785
0.0016120464003228454
0.0013711218372476314
0.0010718789623405155
0.0007920888590455219
0.0006919706689220916
0.0009791543818163985
0.0016275652888338766
0.0022046187624503374
0.002282213991838599
0.0019346002270407708
0.0014281719881679654
0.0008821077551266864
0.00042363904830667573
0.00022701173159840967
8.412735194337339e-05
4.0174948714886834e-05
2.721193932126235e-05
2.1444512953905216e-05
1.734247315364018e-05
1.3348995498429531e-05
9.442846068522402e-06
6.3245906896116145e-06
4.245957679643459e-06
2.9201263794975034e-06
2.0289220876323973e-06
1.4033250292490186e-06
9.610173352904238e-07
6.555965979753242e-07
4.7366960887681467e-07
9.116106105640989e-07
4.245101876146945e-06
1.9418208169935238e-05
6.398956671669081e-05
0.00014519703638691162
0.0002280864339310808
0.00025782243119234626
0.00022873734582882368
0.00019503400539005046
0.00020450210191592163
0.0002928664664675669
0.0004341138256557046
0.0005497519447651037
0.000750238092255101
0.0012992891489136264
0.002103411066129497
0.002584253372432098
0.002450453116394888
0.0019756711610527315
0.0013992991810151297
0.0007972588614940326
0.000337734007637826
0.00012155126589566963
7.898130464731225e-05
0.00010398925278224328
0.0001276361731727872
0.000123140712862878
0.00010467544897280287
9.646595421126958e-05
0.00010484282857422958
0.00012534459414225888
0.00015950930276564885
0.00021533684920761094
0.000302093695736305
0.0004493971948663442
0.0006731685495861713
0.001514661971126721
0.0031952097140673305
0.005109941688510594
0.005984133237229173
0.00565209307507775
0.004844846224251991
0.004794804106073256
0.004057645799657441
0.003586397274194707
0.004471032715883217
0.005567977102614526
0.007156607083561431
0.009202294057975222
0.011762247353222495
0.014922374856025085
0.018775875074375906
0.023415098628897197
0.02892628662116725
0.035385212520617805
0.04285156153608689
0.0513622882877905
0.06092544572626566
0.07151329792807816
0.08305327315963835
0.09542183125166247
0.10404591051958276
0.11740105266079964
0.13104882728833625
0.14471310723184105
0.15808146466508202
0.1708203304298432
0.182589943929587
0.19305859508473047
0.20191750269918815
0.20889571839989526
0.2137738234521687
0.21639540249715872
0.21667540032716354
0.21460487179857787
0.210251141624173
0.2037542006861324
0.19532111325134308
0.18522404205869947
0.17378424827533795
0.16132261188117203
0.14812360865996216
0.13448112200919993
0.12073928060985072
0.10722576970192456
0.09422022539675369
0.08595588073372823
0.07429217954103827
0.06353547670401638
0.053680274108524315
0.044796176819608194
0.03695452632535435
0.03014343820374031
0.024314255304759835
0.01940749976616856
0.015336432912919798
0.011997406697327097
0.009291216677131415
0.007134618541820558
0.005482810174043838
0.004305182352846517
0.0034860052339755303
0.0028152084632844473
0.002177278964700057
0.0016207642135358615
0.0011716555965389137
0.0007947351003617833
0.0005020184578112089
0.0003281404326068692
0.00026487203818613257
0.0002635845219140877
0.00026460813364299196
0.0002671604478260513
0.0003551199759757356
0.0006327877577004319
0.0011172556701073105
0.0020844368779787737
0.005648400408271856
0.01558282710195342
0.031515227361395226
0.04420964162502565
0.04545005421679055
0.039415256060457614
0.03357108184360431
0.03229040246784178
0.0423303714352837
0.06335482796496683
0.07818294325801461
0.07456320490731606
0.06151066912859313
0.047795207468271136
0.0317283026914795
0.015568582042856945
0.0052707363352083435
0.001295641887195609
0.00045496749614995946
0.0014417060258732786
0.002076665543938358
0.002759646847101285
0.005524625928323655
0.010930309605465522
0.018528886334022356
0.024190157768169435
0.02540463962108151
0.024662687904767524
0.024315151163874983
0.023966794868763915
0.024048335820588258
0.02604604386704153
0.030219558613348952
0.03585676649669851
0.0424275370800356
0.04978558049163182
0.05802346274585791
0.06724721107829955
0.07723653231727552
0.08782908156008801
0.1018713348093808
0.1276729321824675
0.1706629483917694
0.21597713595226214
0.23676772793652037
0.23098703233662296
0.21883818630557686
0.21064395181155643
0.1934075860994859
0.17272504567174943
0.15770966743351353
0.14984542140299992
0.14442328267719912
0.1384680101886398
0.13162614179283796
0.1239898749709742
0.11564406098078694
0.10684080405833543
0.09779981302214882
0.08865172467398566
0.07958397382195927
0.07103900687513677
0.06360264630787812
0.057266485163944475
0.05097490244217698
0.04394346179426124
0.03686446119782183
0.030528881310453972
0.02476668829769794
0.019508961173829185
0.01514627495336107
0.011798400577414367
0.010014221785579605
0.007816166571516972
0.006057010562178565
0.004652107710469356
0.003541976770089083
0.0026754373714417776
0.0020072855232900443
0.0014982668230901048
0.0011149856476778475
0.0008296153220352432
0.0006195281209984593
0.0004672195151879723
0.0003600934401505138
0.00028896770978781067
0.0002464240878083669
0.00024106022981712014
0.00031328550545072517
0.0004825262851509611
0.0006956645167341708
0.001055737890671522
0.0025974718011552884
0.0073822905591367375
0.01573538332974705
0.022973780458198666
0.023828570678304763
0.020074309413277848
0.017506277237555216
0.014037886021385507
0.009444272880057763
0.004578715901158178
0.0015064238794214922
0.000335331338479181
5.862687688005465e-05
2.9149514344712568e-05
7.412022039907475e-05
0.00017999672074657473
0.0003015029917993849
0.00033741490027552586
0.00025352418568930934
0.00013643694160522625
8.222003936206673e-05
0.00015127548916481565
0.00037929702591286345
0.0006811296135525091
0.0010354636012902935
0.0020376547840916456
0.006069270941627809
0.015667151876200994
0.028051098444020314
0.03458119403428733
0.03206915054317808
0.027309792876145104
0.025187382776200955
0.02129729414410834
0.014599030478427566
0.007978895043438471
0.004209634423774741
0.002624108873469211
0.001701895120614034
0.0009874510257991036
0.0005927784491528198
0.0004977901474229649
0.0005566175932327946
0.0006696099672158775
0.0008047979288149816
0.0009585511119632429
0.0011321348953053007
0.001324803028480057
0.0015370003976778823
0.001773092473104386
0.0020487793538710533
0.0023723396713130943
0.0027034177665128246
0.0029668129100302145
0.0031456425848266803
0.003297946054801422
0.003479476431664099
0.003642333021599266
0.004024755290950179
0.004664449421059517
0.005460248971374684
0.006182158770320842
0.006982010495401648
0.008134828351154623
0.008959667561645152
0.008532374738099587
0.007322061609947125
0.006285377480461763
0.005375317284883415
0.004300291699720016
0.0033534777943670813
0.0028970402063853025
0.0028955864445836203
0.003021835029238648
0.0032009823595949985
0.00488572656632386
0.011720599210564033
0.02596823372413138
0.041179305745122
0.045810067193244076
0.03952323585045434
0.03286464746488781
0.02924336607100467
0.026291762088982946
0.020008385301965345
0.013830800177662446
0.009398029289437096
0.006856900224346912
0.005560544570116965
0.004251024029886558
0.002560131794666609
0.001152211032708523
0.0004074227385291632
0.00012728133360960525
4.5748051661074856e-05
2.281309881135781e-05
1.799837674607933e-05
1.8375312480417094e-05
2.092124132177757e-05
0.00019218810341524678
0.0002876977982678671
0.00038908165802105816
0.0005217385017969373
0.0008064525776210481
0.0010724166908723065
0.0014257824130066783
0.001880201227703002
0.0024145718578098487
0.003003339622352722
0.003440231398346335
0.004214672161669403
0.005155172435955312
0.006225228781887337
0.007406200140457419
0.008732098284562183
0.010216060549388308
0.01182820424506726
0.013548154347385322
0.015371703828780052
0.017278490033778973
0.01922844290664639
0.021175024307172
0.023069539348463276
0.024863312437833185
0.026515907196765623
0.02799401924659032
0.02925135639844637
0.03022642267651784
0.030909729625894767
0.03148762445312086
0.032367874136107144
0.03369975497071181
0.03461339842897737
0.03389796966546161
0.03180738319174521
0.030310688343603686
0.02825518660632578
0.02590035354557465
0.023065749471839907
0.020321228854296436
0.01805527740551273
0.016178327132924178
0.014432078421221052
0.012651075706579144
0.010889535433031719
0.009286325723535868
0.007850913542953005
0.006539463925459919
0.005411710002462004
0.004636336499020323
0.004314006501481021
0.004213459057277486
0.004002891036883173
0.004369018380749789
0.008883686287150232
0.02332171761766483
0.04742965348216279
0.06644248603140526
0.06602224777231848
0.05404657747050243
0.047988836389372506
0.042614678311620795
0.03336828472826882
0.01956604566444732
0.008531443099437834
0.00327379633194206
0.0019169104767669555
0.002239444784354254
0.0026730683631196427
0.0024658717399544277
0.001970109957048913
0.0017215357171357823
0.0016395117851483836
0.001746011917423458
0.0024482296209568793
0.0035065415393106623
0.003865578922856723
0.003248932955181422
0.002580125880174598
0.002305227790349912
0.0019068662415252116
0.001170873556175984
0.0005200161467109688
0.0002968019470216125
0.0005465198811454422
0.0011266642518803843
0.0014946418240527359
0.001670561980995955
0.0014205045643813188
0.0012513802341018725
0.0014375861757783088
0.0017188103866411098
0.0016826871812636371
0.0016343979729538586
0.0029969573672247525
0.009375563979461102
0.023794965900001335
0.04116835438917431
0.0483452297405393
0.04152298862916912
0.03266989710865898
0.02938603668134874
0.025608381467998355
0.017001464953352453
0.008123300886969423
0.003253486938675091
0.0017419110170741757
0.0014840114432311488
0.0014847761682039414
0.0016766561067284081
0.002155978516371899
0.002767923231596593
0.003065927865721066
0.0032135503558351694
0.0032177356598163064
0.0033321607215629967
0.0034569657795530144
0.003511319287159957
0.003957441822431468
0.005556767858425626
0.008286491681826878
0.010435018148773172
0.01029359153044077
0.008721000722790737
0.007702457535056073
0.007233918552716071
0.006152812647788074
0.004524170843603713
0.003232320131038954
0.002564661642707562
0.002250279026559582
0.0020412886087253133
0.0018513302890233113
0.0016664323851771465
0.0014880369596260176
0.0013189916103137475
0.0011616252882969632
0.0010651720976620797
0.0009369414928225418
0.0008420422114589028
0.0007972617050666989
0.0007880652577212978
0.0007514955539485246
0.0006449425615468958
0.0005076103147810058
0.0004017005930892298
0.00034315845684564284
0.00031505763830962113
0.0003006764289931714
0.0003027502873768716
0.00037369989190147977
0.0006332054954727592
0.001169250023170449
0.0018295324121140623
0.002340653389629163
0.0030718100980720096
0.005982520537478347
0.013823525951321152
0.025844758532954523
0.03442868491235875
0.03275185078625756
0.02526556523197359
0.02081635245873242
0.019845248243298662
0.01701785681520442
0.010825694820815347
0.004703841529936862
0.001385996650937776
0.000325300992686409
0.00015834831869738917
0.0001830527830633799
0.00019275219940127438
0.00020133065500932548
0.0003803828716204711
0.0009195222280583158
0.0017029331199884489
0.0021656146655198273
0.0019417154105716623
0.001453135996132243
0.0012442572283048615
0.0011994646681160086
0.0009829097699053672
0.0006731242992518367
0.0005047582707189734
0.000463841712939573
0.0004166191478973584
0.00033972680345322197
0.00028382121127163557
0.00025144525132078134
0.0002229093927502218
0.0001588011697481141
9.16891760632471e-05
4.5590405279204025e-05
2.0517003782614772e-05
7.818120227331763e-06
2.2385815197691902e-06
4.451883844963555e-07
6.763103304946717e-08
5.363268888881105e-08
5.785627122820133e-07
3.5910625782060164e-06
1.708440454804218e-05
5.6824322521942614e-05
0.00012708730863314615
0.00018893075803670475
0.00018913397723203674
0.0001369843574327824
8.948045655703205e-05
6.8267263333138e-05
5.58325586338236e-05
4.33110346858818e-05
3.4939319868610154e-05
3.0055804642089977e-05
2.80290446835939e-05
3.464825384394307e-05
7.469217202951591e-05
0.00015914783167646492
0.00024773297389547297
0.00028254310914133264
0.0002848977219337088
0.0003211408756767752
0.00036257553135605596
0.00032648058043828677
0.00023156443652874216
0.0001626673144618071
0.00013314581016890455
0.00010030781472100979
5.631497206165395e-05
2.53810906014086e-05
1.757008790755726e-05
2.5075640649812832e-05
3.6779833561460675e-05
4.138992036315829e-05
3.288393148317964e-05
1.7739021314077033e-05
6.375716381790328e-06
1.513914086108309e-06
2.366290663298932e-07
2.430897249730982e-08
4.263310595510538e-08
1.6131430636469335e-07
8.838761859222178e-07
3.18510964723625e-06
7.537617414217824e-06
1.175589555705951e-05
1.2212411184127299e-05
8.98359667649449e-06
1.0502996550876361e-05
3.727511859949358e-05
0.00015467824502374633
0.0004552115797946602
0.0009051333286162996
0.0011942843951688493
0.0011148433207777463
0.0012252058200690505
0.0036081784622023173
0.012106219955423271
0.02833558491715423
0.04415041521775381
0.04628507017953301
0.03555512887353202
0.026717317901631846
0.0259845767122705
0.025003524382653755
0.01774094896426174
0.008585363160550016
0.004379857668605354
0.0016362756228537406
0.0013079250064146045
0.001443811509476133
0.0012666182555156644
0.0009498756953936136
0.0008386859362806382
0.0008641231662285748
0.0007653298462956037
0.0005280578505579654
0.00032284021289778834
0.00022659890561964799
0.00019923403007840367
0.00019312899618771902
0.00018994613885361367
0.00019604042000029206
0.0001983812031725766
0.00020311879128195035
0.00020521481224416774
0.00020047332926843487
0.00019252701906100718
0.00044802961708793296
0.000586295024507833
0.0007325025801468706
0.0009244154586510757
0.0011756598494525854
0.0015497840353211893
0.0019920739310790936
0.0025488246918462013
0.003239366222711789
0.0040844974280832185
0.005105618192618181
0.006323848403232581
0.007765056755674662
0.009463283944883744
0.011493400648342422
0.01392920027108677
0.016666883028551144
0.019388767551224456
0.022013342996526564
0.025161945285138144
0.03074568425703566
0.04210590601176693
0.06004543343907679
0.07643266347220354
0.07984675774739149
0.07228364966451446
0.06709007907664842
0.06922162153896053
0.07086824589276147
0.06618874060720395
0.06114373474222825
0.05496986243276111
0.05188735068397251
0.050409055059498234
0.04906496593990675
0.04740950520427613
0.045604246887820665
0.044036430277034626
0.04276031446389751
0.04093990322742854
0.03766412626471782
0.03345162141211677
0.029668540643522975
0.02665357603582807
0.023636730878617698
0.020210567298094322
0.016828943223210647
0.01396432752277678
0.011630438870112541
0.009663474100289296
0.007965357130366555
0.006501209319191447
0.005252551000342414
0.004200386948233613
0.003323930642477562
0.0026041237599540193
0.002203194755448014
0.0017108869868978436
0.0013446678454360522
0.0010959033755077608
0.0009222787606299648
0.0007501944109128674
0.0005571869464544686
0.000398150013854069
0.00031159373329213495
0.0002623412273941649
0.00020127079186827226
0.00012933476841193797
7.504529625865218e-05
5.05404965585293e-05
5.3909924160065675e-05
8.046284929077074e-05
0.00011058420660401295
0.00011343655319145391
9.096989922372261e-05
0.0001067073316510479
0.00033270306048489655
0.0010755853535623
0.0024304084119671017
0.0036702882288324793
0.003723406377638202
0.0027282568418287643
0.002120679815246275
0.001917828434405976
0.002199748706160161
0.00220153630410035
0.0018375958343197314
0.0014122928843440785
0.000978351751353323
0.0006839356882924533
0.0012551710595646698
0.004752311375794254
0.014093095144292541
0.028035591328309267
0.03713664824045806
0.03339230133406173
0.023273223089609923
0.019148543648406274
0.022145764227715085
0.02304602808860739
0.017005685068822787
0.008800658846456616
0.0038938265520484065
0.002413357303767238
0.0019959445652427514
0.0013731636785652584
0.0006754885399952922
0.0003520217374497736
0.0001140844594259919
4.723315498775116e-05
3.234482894222771e-05
2.39320971367399e-05
1.8363335124800283e-05
2.2371614081624492e-05
3.971828167295778e-05
7.103331578425847e-05
0.00011670676132110035
0.0001704782628174665
0.00021031741271106867
0.00023535673714826044
0.00039095940035376367
0.0009457066280974522
0.002121317163867868
0.003993620189939413
0.006311095265673256
0.007937721866174955
0.0075297736163200055
0.005635232317995637
0.0042506402036481105
0.004125886390263036
0.004127405335129611
0.003190759140460948
0.0017190879036149056
0.0009217400998705771
0.0002728288853293948
0.00010343651723085312
0.00023608373840163475
0.0007355388310974656
0.0016018596876695552
0.002344245034069882
0.00233580425328774
0.0017763294687117709
0.0015036714177544914
0.0019135639832406955
0.002527843408246705
0.0027311063465912727
0.0026112611469943483
0.0028071437336942145
0.003824062450482066
0.004493348938587625
0.0042892557781102625
0.003694299381602033
0.0035446822590919124
0.004124483829774691
0.004633926282287527
0.0049114371179306456
0.005141663112189529
0.005634167925736994
0.006544533108631077
0.007383747566329396
0.008905190444515971
0.010632453032571529
0.012557814958395084
0.014758578071815798
0.017261750515090196
0.020026620606183976
0.023005240098985323
0.026160128962681644
0.029447143639113955
0.03280814098240245
0.036175214851826065
0.039474899409591035
0.042630738063505064
0.0455670774326409
0.04821298843134483
0.050498296821340306
0.05233947363661035
0.05365002249494352
0.054384493992723514
0.05454698506535076
0.05415457771080636
0.05322895282736592
0.051814055977062054
0.05000952967009014
0.04792009931123357
0.046362343294979326
0.04366125548198279
0.04046096471031621
0.03696919242041833
0.03349378883628246
0.03015065050018316
0.026872238758526693
0.02362280271139985
0.02050613539268677
0.017641066559041487
0.015049595462515867
0.012720198906745243
0.010710054462984167
0.009155790514270607
0.008157984696430325
0.007919643558134178
0.008603445594226218
0.00954201266913398
0.009194241301690149
0.007159366346189194
0.005096193596622217
0.0047347590112143826
0.006123391661619733
0.00777613373876052
0.007904166669349056
0.0068240636831603625
0.004370979697900231
0.0026510931672198723
0.0024732020946687176
0.0029230064961646854
0.00273452721910347
0.001796967028019242
0.0008829021783858053
0.00043548494914088544
0.000422693679325382
0.000808988364189283
0.0015103519802087888
0.002332993531821454
0.00347765957393234
0.005314378205978561
0.006963813888149856
0.006788077463106531
0.004944946218106685
0.0033715394156228202
0.0031815702290228513
0.003535329607997835
0.003117512803785321
0.0019107518078881021
0.000817793941188011
0.00027397328945714326
0.0001063121901519361
8.411042857808291e-05
0.00012873108024846885
0.00033495846228398887
0.0008241065992434411
0.0014819926989368005
0.0018444637667885647
0.001611047553739412
0.0011218008372331056
0.0009046758265147189
0.0010287200381171617
0.0011391912213246245
0.0009825540483917015
0.0007019396037934959
0.0006093506932328992
0.0009359342929674444
0.001762023148096678
0.002781599637576962
0.003265700897886705
0.002825973129404858
0.0020306373646010087
0.0016864979102894633
0.0019403182869205976
0.0021208582289234798
0.0018762232700764727
0.0013922655985052447
0.0010483982518587464
0.0009918318353073408
0.001015721028611421
0.0011215139632829566
0.0012648813843502502
0.0014418707985583057
0.0016639293582969808
0.0019489850935832536
0.0022994160951261625
0.00267702020603149
0.003026559203629729
0.00336635886535893
0.0038141507826975197
0.004510348345972414
0.005465209865632717
0.006420993246884303
0.006996559240312348
0.007230892843696673
0.007522534939550753
0.00809666642335392
0.008854935409181725
0.009650624783659453
0.01042985336818949
0.010994968284417473
0.011069807003171183
0.010775678438091149
0.010602791763741777
0.010589880247568611
0.010738889690051712
0.010698154975679428
0.010330778585135914
0.009822410557517914
0.00936528330010857
0.008973722194451172
0.008586147056238164
0.008171316988719717
0.0077359354385345925
0.0073059353832359295
0.006920560666977327
0.0066708805867290505
0.006636897758364131
0.006685868146991932
0.0064651159699357485
0.00583936120066201
0.005125946716596695
0.004682314830037655
0.004525749539544337
0.004475969160948437
0.004540532358608482
0.004882256058440335
0.005233063430047957
0.004961751949881125
0.004384246767613956
0.003463865680253634
0.003134858452522545
0.0034310021273674727
0.0036788804687417605
0.003283393636553932
0.002444479379624878
0.0018012412039969535
0.0016087453635099207
0.0016080638477401416
0.001472535470219384
0.0011851391609940796
0.0009465993644436095
0.0008319069726783308
0.0007457961317687938
0.0006515640930462813
0.0007056858032145764
0.0010513960556278506
0.0014915501117600339
0.0015676264107667465
0.00115905526228219
0.0006805160028388245
0.0005240113918194844
0.0006554545539519929
0.000763970397114087
0.0006508801830528543
0.0004933378705472398
0.0002731346704793047
0.0001373026462603006
6.471490088019704e-05
4.54920827619527e-05
0.0001285921213902562
0.0005001012221000301
0.001425678765518295
0.0027869978863390836
0.003696538968313373
0.003336465352797507
0.0021570286630660887
0.0013564988118145106
0.0014460699665706552
0.001894359598809909
0.0018964740841146063
0.0012979562712861674
0.0005978563338187401
0.0001908997329778167
7.12857652512573e-05
0.00012872885958267944
0.00031993644973417535
0.0005598116763415836
0.0006597544542106818
0.0005310726011389418
0.00032690629856789005
0.0002509493575801094
0.0002676236942841879
0.00034566743723919095
0.00034331725250815175
0.00023290864494665835
0.00010892654164423159
5.3119642370873485e-05
9.53119373962931e-05
0.00024623196990378285
0.00044796544191654154
0.0005488873849679073
0.00047728912752044726
0.00039426432682313867
0.0004984205936604645
0.0007364865813062522
0.0008328912322142154
0.0006472346485948079
0.0003453184108303666
0.0002617106089461695
0.0008839828547730459
0.0035667368232413683
0.00997618413631542
0.018536096233045803
0.02282572662533607
0.018786929668686846
0.013528984296582476
0.007692076838358931
0.007568316266618971
0.010710156523029457
0.011840457101985351
0.008826961608994032
0.00436009012645385
0.001425703710928266
0.0003104413466626746
4.733049640615171e-05
7.100875439622232e-06
3.2938240885019312e-06
9.328636314697976e-06
4.012766580472104e-05
0.00012335562492516206
0.0002508705041990513
0.0003355083750571003
0.00029485676447217287
0.0001702738570040678
8.11339225861151e-05
0.00016000092818029783
0.0008150023447372101
0.003030955468682037
0.00747113543564004
0.012179838336486204
0.013173153852180531
0.011109561636301985
0.006514953717790892
0.003980411494462365
0.004754622365390581
0.0066580462896461984
0.006771630544012659
0.004603710064273357
0.002074638341347262
0.00062315970633162
0.00013533300012307385
4.7177988939527944e-05
7.920457352921771e-05
0.00017431818710685588
0.0002899785294645937
0.0003338189999641952
0.000274632999534901
0.00019310132895419203
0.00018915488524003115
0.0002548321457070942
0.000303780401466202
0.00027664283112539036
0.00020119237584148008
0.00014252533321745507
0.00012650315409298295
0.00030007211279742453
0.00039844263610391216
0.0004683893513506949
0.0006016549505773823
0.0007581347702397995
0.0009323459264337436
0.0012400808764806012
0.0015604085616666079
0.0019850243391975456
0.002546487524735603
0.003293708880984771
0.004231806934235549
0.005236097368362828
0.006149226726650972
0.006999974003299431
0.007978031469541005
0.009247082625983614
0.010960083432605645
0.013716703252441498
0.018645887187581842
0.025656114769762352
0.031355896795355845
0.03199797166626442
0.028812386209623685
0.026543543674003075
0.02779639410390893
0.031334180904428764
0.03334427173134318
0.03400589591327212
0.032341815019685846
0.030590745655123153
0.029764989006877143
0.029286835825400964
0.02870169768683892
0.028519818431850082
0.02979113138799249
0.032675310187443726
0.03486307525552819
0.03338858123197068
0.02870927556608639
0.024102756857815183
0.021634933863812877
0.02092183265858071
0.020119447653365777
0.017759078934288984
0.014350175311211154
0.01129845359973626
0.009110565020878472
0.007546305969391547
0.006310941928421031
0.005216548419333182
0.004214449787691596
0.0033775772022860717
0.0029353587502157523
0.002424418873626725
0.0020208525515388264
0.0016407251933925758
0.0012711180562628979
0.0009585979858951341
0.0008676461133886674
0.0007840306286681252
0.0007642338724247763
0.0008419480087073699
0.0010510711440560835
0.0013627451502744167
0.0017088150847976709
0.0019266411540311325
0.0021110758010798917
0.0024400267925264755
0.0030013481439518487
0.0038900541606120974
0.0053194793375324085
0.007388844875651026
0.009512451674019434
0.010698815130787865
0.01093988556022251
0.011359209865454526
0.012700102938390162
0.014642268896067265
0.015891907100610718
0.017284930348184766
0.018145319530161935
0.018994298971829048
0.020160994253420335
0.021441908096514042
0.022545943563025358
0.02344636456361323
0.02422212055778172
0.024865346510594247
0.025313926446963723
0.025524079874894023
0.02547994821859615
0.02518178684312477
0.024640688753831998
0.023881159509637807
0.022940036973232523
0.021844486691088176
0.020585881982660353
0.019154254053008284
0.017602231658191407
0.01602032152068603
0.014476219898076115
0.013047739935462262
0.012019928440800907
0.01184047581913451
0.012601391322961312
0.013784375490462653
0.013409330173264749
0.010830653780526068
0.00787405089062192
0.006519018850760004
0.006888742871816249
0.007562010870294669
0.007001262766635065
0.005109767512666145
0.003170046301685536
0.002131434717205446
0.001809848066346155
0.001592513853463122
0.0011926588933478045
0.0007425799194807413
0.00045294292269669375
0.0004253228947085125
0.0006975169054570026
0.0011586016204405618
0.0014356131866193494
0.0012475377046775663
0.0007905414281695641
0.00046180676852600823
0.00043461105834172664
0.0005468780699405328
0.0007356675389605491
0.0007524817584152425
0.0006385879191979398
0.0006786383128029197
0.0010087044057828652
0.0013668705691910817
0.0013613339475844312
0.0009803484789235825
0.0005894907885306968
0.00046850892581615895
0.0006100107541879333
0.0008102581312002606
0.0008350643524958909
0.0006479542915512865
0.0004221961625426489
0.00029087007820815695
0.00024303984929471096
0.00023060684978071577
0.00023953237268441998
0.00027218558510242895
0.000317091623715247
0.0003486255241773256
0.00035060115680501095
0.0003237993263887793
0.00028133112411909636
0.00025491455184137454
0.00022923933022861011
0.00022108685443539188
0.0002879197451308145
0.000599139017732981
0.0014363523424549152
0.0028029817809708895
0.0039840238674500265
0.003994668757559874
0.0028288558152248975
0.0015610088985479956
0.0010901808544983794
0.0014442566980193007
0.0020372514354502816
0.002158951165112068
0.001608796470573377
0.0008805239904402793
0.0005800315474127875
0.0009456735882616366
0.0017733002452218628
0.0024364164312158975
0.002355303371133865
0.0016384020564351035
0.0009297447045030754
0.0007219946692961611
0.0010071935046228916
0.0012729275993363068
0.0014286465616945784
0.0011508704781131858
0.0006675286643855107
0.00029228627678021675
0.00016485350797903418
0.0004163587648435049
0.0014048724026781772
0.003324677201536783
0.005241107222319132
0.005490477547187101
0.0038546011536609694
0.0019242432111887058
0.0010948914621263107
0.0015359575119500337
0.0025315098076051316
0.002972341548566929
0.002361620157590954
0.0013567934324179084
0.0007690757543870276
0.0006506450238109576
0.0006213635566418058
0.0004798318468962012
0.00029239020188187695
0.00018030890088687216
0.00017399228018110868
0.00024275724742237745
0.0003171106853667646
0.0003110617453932713
0.00023271987168495213
0.00014871510484075283
0.00010035519064233891
8.461322539483035e-05
7.738489972914334e-05
6.30966921689006e-05
4.9970702798566763e-05
4.668844444273683e-05
4.6959906950931175e-05
6.048075426023754e-05
0.00013334762151745875
0.00036886006022915406
0.0008212168218921696
0.0012896238031106313
0.0013968266295431822
0.0010297479582039267
0.0005544718383770122
0.00032763581710802057
0.00041481316879047795
0.0006694806346329143
0.0008422392350066688
0.0007613141664016359
0.0006095944175137149
0.0004009100545589916
0.0003156261635212868
0.00033145184857654683
0.0003935744275785327
0.0004748104393041823
0.0005660368921714309
0.0006644186440743168
0.0007713291201903524
0.00088923604397456
0.0010184720677189237
0.001157302768505722
0.0013041510497264492
0.0014599053653407998
0.0016246070979026419
0.0017865383510956884
0.0019248298962171405
0.0020331754048798973
0.0021254509231962634
0.002214029177297056
0.0022988516602511014
0.002372287347798789
0.0024238527070220266
0.002447416418611081
0.0024438408827806984
0.002411018352685753
0.0023707350265402063
0.002286618977390053
0.0021858183880970254
0.0020780570591764948
0.001966654373423723
0.0018507869230914987
0.0017249625118747121
0.0015833396655769764
0.0014285911546266501
0.001271969559393477
0.0011232793037206027
0.0009855236156725076
0.0008613142371350299
0.0007629633827034657
0.000736008553681403
0.0008542558714287471
0.0011060602237628258
0.0012745072767988345
0.0011308960296711418
0.0007583316651625642
0.0004362962511429203
0.00032036520558592364
0.0003941760284990693
0.000537322710491803
0.0005790982091860318
0.0005061772928306878
0.00031150759455656006
0.00014691393422218118
7.543866836918288e-05
9.27580446168466e-05
0.00021172901510646834
0.0004431872432322262
0.0007079505978339043
0.000901331428451217
0.0008552394433678447
0.0006530629992696518
0.00047085876717728854
0.00044645631545252475
0.0005809051478915066
0.0007674558976633411
0.0009259469473798683
0.0009737272305480026
0.0009868499604783615
0.001048589083637012
0.001199384073173857
0.0014263842721488837
0.0017029611371212193
0.0020157641707661588
0.002364610637441639
0.0027522408922150883
0.0031773746766374984
0.0034865475539514242
0.003968636980512711
0.0044925084006602785
0.005085673217051974
0.005738932631070619
0.006349013452861251
0.006801660205681709
0.00712798156427207
0.0074689392808600505
0.007938567925000249
0.008535489695721439
0.009113326993726772
0.009496297411229352
0.009643502757699771
0.009599571580451131
0.009383992479998871
0.009057118459074198
0.008736458944195932
0.008459577367613462
0.008203606976263792
0.008061160599717582
0.008230999214854224
0.008710843191268696
0.008977209202016839
0.008409871320891564
0.007165391072344902
0.006323998782678536
0.005425745192024494
0.005065440330415326
0.005157930942602206
0.005312737613900852
0.005005636873761959
0.004214076925300672
0.0033807871372727896
0.002784395816056156
0.002426393801540613
0.0022572625129882473
0.0021858417254964173
0.002061356082793603
0.0018034077602192104
0.0014758874424043455
0.001189878211947144
0.0010001329696688517
0.0009024454385678292
0.0008589387612020859
0.0008069773692721914
0.0007022961756783429
0.0005630399276952011
0.0004381636946046133
0.00035276716364830723
0.0003005957099842266
0.0002607332898634839
0.00023191386816768828
0.0001895946975148552
0.00017685251028465702
0.0002628107157922601
0.0005134834945167843
0.000851454401538278
0.0010212130642917976
0.000926200455373826
0.000858473583223068
0.0010893617763647816
0.0014233110550930755
0.001476617752695576
0.001213203226499015
0.000855807329760724
0.0005667380413950245
0.00045843491767334256
0.000562912687681805
0.0007040313487695735
0.0006688426716889394
0.000523535562182838
0.0005219255650594196
0.0007159449273710204
0.0008499882824521439
0.000709730621564311
0.0004066736577191422
0.00023582263571601594
0.00011769422225912907
0.00015975934588872284
0.0003044428399893003
0.0004323940252553927
0.00041910316781621556
0.00027936887976850013
0.00013789634538024698
6.653462415135538e-05
4.897215590403551e-05
4.9689087389863796e-05
5.4716359561478576e-05
6.266410082531675e-05
7.146582104586534e-05
9.27826418547206e-05
0.000185621744300018
0.00040213044210965797
0.0007017832502636211
0.001005458412641944
0.0013295429793097288
0.001673280774542904
0.00195972860826701
0.002283660579731005
0.0026649589314535786
0.0026867426804753
0.0021299223620293998
0.001657045986291405
0.001186418622698125
0.0010842920615819287
0.0012729872072991329
0.0019085714555515097
0.0030085481294622783
0.003991747972838337
0.004056698718259522
0.0030880090800680547
0.0018044803877339524
0.0009428417489957925
0.0008064542741864101
0.0013606143549222338
0.0021655564843819195
0.002482192568706732
0.0020085115132642273
0.0011911067210364876
0.0005734767874572756
0.0003108177448861972
0.0003028440582906653
0.00037997103033658524
0.00038806628727925085
0.00030011881050403817
0.00020391461904748076
0.00016034014272373406
0.00014801000495848898
0.00013786302937769088
0.00011421884050035783
9.561802418716146e-05
9.356573077524308e-05
0.00011446350033004869
0.00018042118813256598
0.00035618517803012674
0.0007157865390699578
0.001109945837522225
0.0012575686416268343
0.001031973332164221
0.0006668351052992052
0.0004491646675707045
0.00047260984604141973
0.0007319701728086532
0.001233548174195821
0.00188216437804881
0.0025241644503600676
0.0028914784477366063
0.0027683716310922856
0.002290859714036626
0.0018639634664120777
0.001821942473479967
0.002356824319515205
0.0034476383045769837
0.004248474167240641
0.004956939423480235
0.00479320160867789
0.004287515300558514
0.004079344361458248
0.004214766721223162
0.00447238143045825
0.0047657930642662025
0.005016474343047917
0.005117450483997117
0.005178707673666886
0.005368928943983332
0.005569230366002688
0.005527719314771658
0.005252327285118043
0.005041952499751459
0.0051579908026161015
0.00552465116658696
0.005722306904882066
0.005423167464470658
0.004767834661908435
0.004110884608686888
0.003645275833473634
0.0034013506536937784
0.0033256682846301445
0.0032464130551447773
0.0030882656667265765
0.0026675261484865494
0.0021743635308781
0.0017713789561078388
0.001510352927323153
0.0014197891303806508
0.0015455375852119178
0.0018127377681071383
0.0019451200234386831
0.0017422459086964739
0.0014429281190317053
0.0015134318124311748
0.002009808826688372
0.0023970304375371394
0.002226167614628106
0.0016689736840632837
0.0011047026187248352
0.000708983451238092
0.0005835545881738519
0.000770403057392423
0.0010684005944314385
0.001197669066527065
0.0011411183002022578
0.0010652522552631342
0.0009299792150473359
0.0006521247163633339
0.0004436228927822776
0.00022301751403192672
0.0001593280819915766
0.00023675120566671486
0.0004087851523052855
0.0005841777011885348
0.0006345956283703033
0.0005503311910676532
0.0004505990183592462
0.00042177456422031893
0.00045576301817381264
0.0005175958887713329
0.0005911717669639518
0.0006765411867758816
0.0007812353869925719
0.0009301628399551195
0.0011491558241691873
0.0014067298793475173
0.0016151202652212226
0.0017501128505670452
0.0018732326263209676
0.001978665239321481
0.00198319656891384
0.0019022716279997656
0.0018512313004449218
0.001857387548021493
0.0018864617688888776
0.001902338828234318
0.001913041661863315
0.0019007658528660005
0.0018161890378089085
0.0016683683795364688
0.0015225754076269764
0.0014137386273329478
0.001326152263675054
0.0012365274437204856
0.0011419574713650556
0.0010624778275897737
0.0010285276161742928
0.001043648256494676
0.0010484553834350355
0.0009608252506626828
0.00080526568814505
0.0006950891885610405
0.0007122433007310797
0.0008247140727022331
0.0008994595813242653
0.0008495519293911439
0.000733653392488389
0.0006519004203781714
0.0006364260945484038
0.0006621852306003039
0.0007490972275989464
0.0008293424167026935
0.0007888500303357736
0.0006247738351266602
0.000470841805103396
0.0004229385748977443
0.000457740475420961
0.0005187035655389035
0.0005817566735911459
0.0006287159809500565
0.0006515247081025022
0.0006858675599676076
0.0007633784817382279
0.000838505751082788
0.0008355399458542227
0.0007671270548241755
0.0007212562043713217
0.0007448161329159887
0.0008274321897564261
0.001034064039758761
0.0015414144268819374
0.0023376045300946675
0.002924985732072286
0.0027879541053229973
0.002112278392097263
0.0016558124209580726
0.001197748500178984
0.0010107153182707517
0.00107868920845899
0.001387910874995438
0.0017476953755281802
0.001882262780762448
0.001716257539247775
0.001361583275129387
0.0009648111719144874
0.0006300620771858404
0.00043377677607361865
0.0003538671407542724
0.00036075047757456465
0.00044374543309797296
0.0005389822073522196
0.0005499191652693316
0.0004788081702544481
0.0004052714938568451
0.00038899569040391687
0.0004246007827706689
0.0004878174872243516
0.000566465281893976
0.0006574634868283562
0.0007602394929103164
0.0008795010817470822
0.0009629191798474127
0.0010978752648341836
0.0012421225682689213
0.001394189783121773
0.001550644405321081
0.0017079830103721104
0.0018643351760672183
0.002018512913436787
0.002171700385452739
0.0023149144163633634
0.0024478254161297746
0.0025689268544483745
0.0026785330343704434
0.0027754316706526364
0.002851411244510087
0.002896338520212643
0.002911013071677583
0.002905659176142347
0.002887741702711595
0.0028609837767897437
0.0028290745175568455
0.0027891689789480926
0.0027261731568542077
0.0026298725436904582
0.0025128490071678823
0.002434223696216749
0.0023244120592000343
0.0022243141308571817
0.00212728415738789
0.0020283343552058575
0.0019392610159841563
0.0019266138350188867
0.002127350975617239
0.002601103934460675
0.003051722174234347
0.002988462243664373
0.00238098022407658
0.0017307089852234517
0.0014433097229491574
0.0015196087727135674
0.0017316316561422226
0.001881245969330041
0.0018840205883695858
0.001709326321492898
0.0014698934290378078
0.0013958118812362969
0.001480581799601889
0.001483824490904541
0.0012425055379869656
0.0008861058600700362
0.0005807947462440313
0.00045590037681343426
0.00041372492485681854
0.0005322463076101269
0.0007231564564139767
0.0008393364207852874
0.0007957961834187589
0.0006862953901849623
0.0006319223850996554
0.0006590598750368827
0.0007417674947153779
0.0008575981074537168
0.000996527632644487
0.0011565161232316324
0.0013379123068310158
0.001540642647789081
0.0017665500082024099
0.0020117630656985323
0.0022487459106144358
0.0024425239693338595
0.00259103789931338
0.0027261131072798942
0.002883438578781223
0.003080642992842572
0.0033153828043524557
0.003592650462369703
0.003913820307403562
0.004108690075040366
0.00422684167067418
0.004051002112450025
0.00372611316269495
0.003471089244642413
0.0033617049694688213
0.0033620398045636542
0.0034064432013724017
0.0034056454199337355
0.0032571171900937614
0.002931890248528604
0.002531057700759114
0.002185913312874502
0.0019409956436394365
0.0017712702139095315
0.0016384604582714275
0.0014984935739822606
0.0013192582745160985
0.00111344102151825
0.0009219142459064866
0.0007677427788539002
0.0006464885099406818
0.0005458594161979101
0.0004592447542629417
0.0003861419042248245
0.0003448775184330386
0.00029205660909058267
0.0002492653920523169
0.00022036215396300209
0.00020684442143189863
0.00020431983902307363
0.00021160200677669547
0.00022743801708472315
0.00023476980111113374
0.0002178297623429806
0.000186769924430016
0.00016211898869416603
0.00015307252857215924
0.00015448083904050778
0.00015530004204034203
0.00015258481775361392
0.00014950990787284028
0.00015127751527811597
0.0001809500697223507
0.0002705872193629618
0.00042816142124180656
0.0006408717459610827
0.0008745493033176834
0.0010188555986270678
0.0009485418626679371
0.0007009391357097037
0.0005285158531965625
0.00036666250779330845
0.0003208828378882111
0.0003370999355249408
0.00039557704847841435
0.0004835835726183016
0.000532477262454491
0.0004723687464927806
0.00033310576804161364
0.00020809731206681645
0.00013795467388872483
9.792815426047714e-05
6.605718375771474e-05
4.4184397589731614e-05
6.0642446421311416e-05
7.57785580581129e-05
0.0001146138689487272
0.00016830669615456047
0.00022062797985898568
0.00025013255650342334
0.0002634222314649167
0.0002862034026153315
0.00033317674003118593
0.00041629257977856735
0.0005165052025613351
0.0006325355766727689
0.0007229643553370222
0.0008903162166782258
0.001167450085950732
0.0017148780933622808
0.002615851788546471
0.0035296655278815353
0.0038581057988983864
0.003518248253075853
0.003050359045318415
0.0028968442372989383
0.0030984529701139295
0.0035646498303679632
0.004221069665886026
0.004905026895912308
0.0053273696456548015
0.0053178400986908115
0.005056815532036441
0.004856935103248864
0.004834522392210967
0.004929407420176458
0.005042280715670547
0.005075803391147902
0.00498239484490497
0.0048051221436687325
0.004623037311466782
0.004479810938513395
0.004405879078593707
0.004292979972821143
0.004110072261131663
0.0038208760152817
0.0034716998221511657
0.0031257474054195143
0.0028052453042924056
0.0025142832022874914
0.0022663939549424153
0.0020780504487528206
0.0019401416508799767
0.0018014472991812473
0.001602621292681836
0.0013396812952459285
0.0010689453487533658
0.0008453117976917538
0.0006846219683543022
0.0005748361723518224
0.0004982303403300089
0.0004436631461227997
0.0004004093305056527
0.0003462451044809944
0.00026904269745545747
0.00018764701578715033
0.000127494239489211
0.00010288604172990258
8.275551800731355e-05
7.042800614457958e-05
5.610879262553946e-05
4.021941600524846e-05
2.8469265637719996e-05
2.339459195166893e-05
2.4142538092894227e-05
3.253070759535077e-05
5.0405383488485605e-05
6.944416878127912e-05
7.251725759769606e-05
5.456536235745262e-05
2.9957060302968265e-05
1.2913594971021354e-05
5.4401215911793735e-06
4.5799405837549735e-06
1.070572040876722e-05
2.7713402529176926e-05
6.44697884606726e-05
0.0001369565372586339
0.00024529191279258617
0.0003314557216318538
0.0003276177295702502
0.00025795685199170055
0.00019787158061506437
0.0001734052043993006
0.00013872055681361458
0.00010104303904541602
8.960493489448503e-05
0.00012681048257799437
0.00018505581908948645
0.0002074873568314557
0.00018556042282799997
0.00017114724458848916
0.00019350729111444008
0.00022643891692734262
0.00024444970218678294
0.00024929648195339406
0.0002377650911929804
0.00020044959106073896
0.00014903915932349093
0.00010290179150317138
7.797422304543258e-05
8.696171946448645e-05
0.0001336310097419199
0.00021023392433405555
0.0002848373357954959
0.0003026520430693793
0.000244351866774254
0.00015526775195578738
8.639708181294346e-05
5.916193067069487e-05
6.420436449151298e-05
7.811554335515673e-05
0.00012049913207831493
0.0001769598464851734
0.00022695578073265242
0.0002511537386901827
0.0002584339929758808
0.00027436901308947775
0.0003138054090508265
0.00037603765628388994
0.0004731315819206227
0.0005759868309454554
0.0006981115386219408
0.0008388086222659876
0.0009935470517614098
0.0011597189140287085
0.001340884583781958
0.0015409062114857582
0.001758903190399439
0.0019918103050976044
0.002236335433605805
0.0024879051294904157
0.002741030260477093
0.00299011740523961
0.0031514903083842633
0.003383974525306876
0.003601882013205619
0.003799715412525084
0.003971899612318233
0.004114849686091844
0.004226347732379434
0.004304983370459053
0.004353693422257089
0.0043765331762879904
0.004365494301174906
0.004299960019376649
0.004173882262550807
0.004010274744035512
0.0038380200366846316
0.0036675088392202127
0.0034850177497887757
0.0032700565909533725
0.0030248965498681393
0.002770904216152331
0.0025178606973019235
0.002263270273907207
0.0020126632123556114
0.001780211244413445
0.0015744604742334908
0.0013905185652492494
0.0012728651855611985
0.0010962805475295265
0.0009254302640112939
0.0007783579932636006
0.0006798319799969571
0.0006570821522537574
0.0007043575471371246
0.0007505472754533658
0.0007186733665775628
0.0006075487168375351
0.00046036609427295617
0.00031320474085120247
0.00020050232687809027
0.00015495851707258434
0.00019241998699152124
0.00029113916797812354
0.00037567179461544923
0.00037506058313405025
0.0003001295709380342
0.0002078677124846107
0.00012847364825056568
6.945135445170414e-05
3.886381548811771e-05
3.977792264006736e-05
6.196329454058366e-05
8.092584061530336e-05
7.987807376390279e-05
5.753783366951861e-05
2.9140787670271315e-05
1.1376345925406324e-05
4.361597541726337e-06
2.0523019374381582e-06
1.0608470503110164e-06
5.434889819996899e-07
3.0561603544067124e-07
2.053003137202321e-07
1.523014596264272e-07
1.1064209215716877e-07
