Y :69.0% Calcite, Diffracto n :49
Y :31.0% Gibbsite, Diffracto n :113
N :Dolomite
N :Hematite
0.0
0.0
0.0
0.0
0.0
0.0
0.0
0.0
0.0
0.0
0.0
0.0
0.0
0.0
0.0
0.0
0.0
0.0
0.0
0.0
0.0
0.0
0.0
0.0
0.0
0.0
0.0
0.0
0.0
0.0
0.0
0.0
0.0
0.0
0.0
0.0
0.0
0.0
0.0
0.0
0.0
0.0
0.0
0.0
0.0
0.0
0.0
0.0
0.0
0.0
0.0
0.0
0.0
0.0
0.0
0.0
0.0
0.0
0.0
0.0
0.0
0.0
0.0
0.0
0.0
0.0
0.0
0.0
0.0
0.0
0.0
0.0
0.0
0.0
0.0
0.0
0.0
0.0
0.0
0.0
0.0
0.0
0.0
0.0
0.0
0.0
0.0
0.0
0.0
0.0
0.0
0.0
0.0
0.0
0.0
0.0
0.0
0.0
0.0
0.0
0.0
0.0
0.0
0.0
0.0
0.0
0.0
0.0
0.0
0.0
0.0
0.0
0.0
0.0
0.0
0.0
0.0
0.0
0.0
0.0
0.0
0.0
0.0
0.0
0.0
0.0
0.0
0.0
0.0
0.0
0.0
0.0
0.0
0.0
0.0
0.0
0.0
0.0
0.0
0.0
0.0
0.0
0.0
0.0
1.9930879828758277e-36
9.151174246476903e-36
3.2891830338656324e-35
9.254652592923614e-35
2.0384171389083286e-34
3.5146887097980466e-34
4.743965619138904e-34
5.01253089002383e-34
4.146039673820802e-34
2.684545119753602e-34
1.505573450763023e-34
8.394049680031417e-35
7.528908378441941e-35
1.1214020358870417e-34
1.893674318508271e-34
3.1116857670775113e-34
4.8486956404230604e-34
7.142626410423655e-34
9.944142965653775e-34
1.3084081655744436e-33
1.6269902705416923e-33
1.9120201103885027e-33
2.1235659068518798e-33
2.2289730684433823e-33
2.2310060852743534e-33
2.131324018310639e-33
1.924261061729535e-33
1.641890888955487e-33
1.3240073086437763e-33
1.0152947371465052e-33
7.57436452974429e-34
1.8648804379436714e-33
5.838929014925086e-33
1.779295578014565e-32
4.4471057501496224e-32
8.84276496997941e-32
1.391259007252023e-31
1.7301841472410076e-31
1.700624741303399e-31
1.321547303196821e-31
8.124954091954173e-32
3.9647830067211334e-32
1.7416998599235956e-32
1.0779669040284892e-32
1.3191676369525054e-32
2.283892215611517e-32
4.02908810608996e-32
6.783281919454796e-32
1.0810158770673764e-31
1.6292701102538009e-31
2.0762602471747813e-31
2.8508992370628406e-31
3.7016986631283465e-31
4.545050524363288e-31
5.277089295239662e-31
5.793860357756225e-31
6.015328727617503e-31
5.905660566080428e-31
5.482712382304065e-31
4.8132726053172294e-31
3.995799124144128e-31
3.1367883606066672e-31
2.3285488229326818e-31
1.6345724867881983e-31
1.0850301877985234e-31
6.81080245270733e-32
4.042718583409382e-32
2.2691716008046333e-32
1.2080178018999962e-32
6.515459974472634e-33
4.8831312197719315e-33
7.759597185811975e-33
1.7183294299950498e-32
3.434288794483083e-32
5.581077139731755e-32
6.807973296369796e-32
7.576578903898921e-32
6.694264083964853e-32
4.692242210767965e-32
2.608130693267288e-32
1.1492566587298863e-32
4.013299329263522e-33
1.1101985788244767e-33
2.431512838634067e-34
4.2134102498579824e-35
5.772008692264509e-36
6.245628912788431e-37
5.333176017558471e-38
3.59063951359966e-39
1.904655911632437e-40
7.95950634617716e-42
2.629044358873897e-43
7.02762290683364e-45
1.7651494624330405e-46
7.247952819035812e-48
6.33357394163866e-49
6.866901056570442e-50
7.298419534828085e-51
7.358316714694686e-52
7.015688202572198e-53
6.324114161101259e-54
1.2323832946346916e-54
1.011698719261138e-55
7.851927179699498e-57
5.761250025142102e-58
3.996394368135327e-59
2.6207578818708136e-60
1.624756343303985e-61
9.522439824917228e-63
5.2759760553850306e-64
2.763426784280094e-65
1.3682949462325087e-66
6.404632394783849e-68
2.8339200714342915e-69
1.185376037843697e-70
4.687013189394652e-72
1.7518099857078738e-73
5.597850543090033e-75
0.0
0.0
0.0
0.0
0.0
0.0
0.0
0.0
0.0
5.857013486847372e-11
2.527870796541078e-10
8.540718027209678e-10
2.2588883075340013e-09
4.6768774871264385e-09
7.58015510246327e-09
9.617474714629164e-09
9.552232327357844e-09
7.426933969810895e-09
4.5203817335587565e-09
2.1537809052969485e-09
8.033204000070718e-10
2.3455080716815655e-10
5.3610015195519814e-11
9.592146239702378e-12
1.3435273593620792e-12
1.473119914859101e-13
1.2644176488906484e-14
8.495791782968251e-16
4.4686674192629244e-17
1.8399798601415347e-18
5.930741126915422e-20
1.496462122209901e-21
2.955856539251379e-23
4.570480263208279e-25
2.4759214546384232e-26
2.5455606748231238e-28
2.0487591473329678e-30
1.2908007842686853e-32
6.366319027048352e-35
2.4579805274835114e-37
7.428982587960667e-40
1.757685238307757e-42
3.255470264044291e-45
3.196654843236203e-08
1.3326299484925418e-07
4.3489483961292435e-07
1.1110146926328752e-06
2.221857555712371e-06
3.4783516491874207e-06
4.262767253580484e-06
4.089503824858037e-06
3.0714415945784725e-06
1.8065726052502496e-06
8.48686144861142e-07
3.7507216962654785e-07
3.2952531698766473e-07
6.548163677001326e-07
1.3231680856417575e-06
2.1860296944511613e-06
2.8866180653085227e-06
3.0647507067244118e-06
2.7781393999970344e-06
2.01043744013311e-06
1.1616559623338898e-06
5.357795676963456e-07
1.9708341632561772e-07
5.7740628873683206e-08
1.3450096997372387e-08
2.4861789367054033e-09
3.6394089590983347e-10
4.2110054676533694e-11
3.844484225257739e-12
2.7651908402014986e-13
1.564900083170362e-14
6.9608194564702e-16
2.4314887050077758e-17
6.665364532355248e-19
1.4331117662655098e-20
2.415777039061675e-22
3.191622537984936e-24
3.3039528685520585e-26
2.6794090200225355e-28
1.7020096612932722e-30
8.467459642888076e-33
3.298941158213687e-35
1.006490431837597e-37
1.8491820333447136e-39
3.9584111376590404e-42
4.50718371451197e-44
1.6532519983344616e-07
6.894497755510266e-07
1.0453354016753883e-05
4.1891322492438525e-05
0.00012894140915707797
0.0003194204587391498
0.0006343954422781447
0.0010081901666457317
0.0012814448707949623
0.0013031776983908115
0.0010610981928506134
0.0006921020413862164
0.0003615888406357322
0.00015119313915824055
5.051753928660577e-05
1.34591333096757e-05
2.8522422476531836e-06
4.795635795342478e-07
6.381840468994143e-08
6.707249228981366e-09
5.556945117967693e-10
3.623723446106661e-11
1.857655790351557e-12
2.2416375095012212e-13
7.678951839812579e-15
2.063491023775223e-16
4.3476705640254966e-18
7.17966795967807e-20
9.290205985357991e-22
9.417359373873904e-24
7.477358327995203e-26
4.649887271242739e-28
2.2697916930717893e-30
1.1046275820671449e-32
1.0353895098154056e-33
4.000060151187885e-34
1.4990771677707583e-34
5.31629057645639e-35
1.7837927076695283e-35
5.662631107025245e-36
1.700659597625492e-36
4.832015406202317e-37
1.2987847445376776e-37
3.3024012937649635e-38
7.943134579905928e-39
1.8072109677573624e-39
3.88925131388282e-40
7.916782754063448e-41
2.6560306619474653e-41
4.927114773360202e-42
8.644485779955232e-43
1.4343606004767346e-43
2.250796757692874e-44
3.3400987245620267e-45
4.687206381592268e-46
7.71705621303282e-37
3.2654302247395475e-36
1.0816581209333474e-35
2.8047908679018184e-35
5.693401569096236e-35
9.046987935573059e-35
1.1253744946246237e-34
1.0958496860866635e-34
8.353447923154098e-35
4.984727410148842e-35
2.3285089995903178e-35
8.514816443714322e-36
2.4374376885612196e-36
5.46201157852565e-37
9.581479467865093e-38
1.3157500422307956e-38
1.4144092062478385e-39
1.190248434068389e-40
7.840811724201926e-42
1.1162616337481475e-42
4.889421851516471e-44
1.6765244156608094e-45
4.500109883410098e-47
9.455776900007047e-49
1.5553644838993126e-50
8.31917633823814e-06
4.088516143552318e-05
0.00015729393104896695
0.0004737171177945699
0.0011168299520029079
0.0020611798566933385
0.0029778690017728086
0.0033678764479945465
0.0029817249214744886
0.00206652118609117
0.0011211739831284392
0.00047617547448246993
0.0001583149388555353
4.120383452129742e-05
8.394874995389391e-06
1.3389109562899366e-06
1.6716679639457207e-07
1.6338388039714e-08
1.2500553860345673e-09
7.48704024151955e-11
1.0003534553635427e-11
3.9838455461879076e-13
1.241973618500522e-14
3.03098028620669e-16
5.7904819879563924e-18
8.659786417803683e-20
1.0138191939430191e-21
9.291261855577998e-24
6.665761236045231e-26
3.743567975329705e-28
1.645909641025404e-30
5.8270377710563065e-33
2.9897259944681337e-34
4.781388352427526e-34
1.0220788734078716e-33
2.2554340599150036e-33
5.081911922546802e-33
1.0746530595862064e-32
1.9814420363883418e-32
3.065082251747124e-32
3.911716697783226e-32
4.093817467977716e-32
3.5100465141373414e-32
2.472342146977507e-32
1.4440085571620738e-32
9.19733232271805e-33
7.65535149454668e-09
3.2893224030104663e-08
1.1063909439512926e-07
2.913209008017773e-07
6.004758402303984e-07
9.689029882850926e-07
1.2238435819571962e-06
1.2101310280196638e-06
9.366983188643275e-07
5.675811290158629e-07
2.692260112082033e-07
9.996936847517695e-08
2.9058804480135077e-08
6.612252044771017e-09
0.00019311050967310081
0.0007535565916824511
0.0065061941493366506
0.02427204499036833
0.07551132540702106
0.19233279775930776
0.3992424688212503
0.6708664749901879
0.9107392889204174
1.0
0.8902294188028647
0.7339770360145292
0.46234240178438607
0.23649437971076687
0.09799577232195956
0.03289086931567299
0.0091166516776608
0.0023273198607967767
0.0007452810779186946
0.0003507766844923146
0.00017733105087310285
7.613404695008156e-05
2.6012260933914376e-05
6.979206788645768e-06
1.4667457500804802e-06
2.413314403914882e-07
3.108445445226623e-08
3.1342616796374413e-09
2.4739360069698913e-10
1.528630773518978e-11
7.39396873824462e-13
2.7997128245655262e-14
8.298703080487421e-16
1.9256077641864898e-17
3.49773008899165e-19
4.973540057682352e-21
5.536124013780888e-23
2.4089178044673954e-24
1.7829232337803113e-26
1.0345355580550839e-28
6.978484489721903e-31
3.2567965887933253e-31
4.336895141236193e-31
5.498709742909493e-31
6.604156338212455e-31
7.513470472385438e-31
8.097123047393484e-31
8.265908032766744e-31
7.993266644869708e-31
7.322132667253873e-31
5.6098431104587266e-08
2.2784824591527165e-07
1.5982044747698656e-06
5.9049249050756545e-06
1.934121944614005e-05
5.2024722732074344e-05
0.00011535630448050874
0.00020837507351439293
0.0003052059968178161
0.000362653852530717
0.00035067905892132177
0.00027688822783805786
0.000211532601794578
0.00011937210608891151
5.4864533639270016e-05
2.041961022138861e-05
6.113026962985418e-06
1.4625256292018898e-06
2.780882928992441e-07
6.0031722660340594e-05
0.00023676316949214674
0.0015738854632537712
0.005680930149706578
0.018241685166445178
0.04837618005126169
0.1059969072515685
0.1894525292481318
0.2748925881227372
0.3240686158763947
0.31161345119123574
0.24643191063450598
0.1629421992646572
0.09749175220398643
0.06924760623428595
0.07723689834916415
0.10556208960206369
0.13141751471075172
0.13633148599667683
0.1252577823236444
0.09359031565189312
0.05739922345790393
0.028817660073325712
0.011791607716807437
0.00393316999769906
0.0011077453543274747
0.00032636968229378757
0.00017289745869695684
0.00016405472962588175
0.00017551634448639695
0.00018173253996093782
0.0001782531711422126
0.00016526858587974063
0.00014481536952566773
0.00011992372073219009
9.38558471943584e-05
6.941980078169362e-05
4.852562975129958e-05
3.20571408882992e-05
2.001447395722339e-05
1.1809441590597168e-05
6.585372312973689e-06
3.47054030780103e-06
1.7285408223039469e-06
8.136319172137875e-07
4.771227043610996e-07
2.0440337717400164e-07
8.275835299083258e-08
3.1666597315484345e-08
1.145135157247674e-08
3.913613068926889e-09
1.2640516251832256e-09
3.858491301300496e-10
1.1131047296041389e-10
3.034731824831502e-11
7.819345419750141e-12
1.904084713353381e-12
3.30865352360296e-10
1.3338981877824573e-09
4.21473672112156e-09
2.609230388598184e-08
8.326081754386322e-08
2.2938134834207568e-07
5.285319606391517e-07
1.0025142166671238e-06
1.5503414296634236e-06
1.9532109081205035e-06
2.01355939315971e-06
1.708287385475822e-06
1.196967196894387e-06
6.920453331177309e-07
4.3052990518977583e-07
1.7819554863631888e-07
5.963612578443854e-08
1.5997855636226685e-08
3.4155426587827254e-09
5.772879399777852e-10
7.695474572917404e-11
8.070310045434266e-12
6.647114673248854e-13
9.626289439519054e-09
4.362526503164092e-08
1.5476758229860401e-07
8.284890194293561e-07
2.731413023265728e-06
8.159234791890422e-06
2.0656650643692746e-05
4.366410056012507e-05
7.569919916237039e-05
0.00010699841440280358
0.00012358732186013472
0.00011737734511344598
9.946397452638521e-05
7.482433136123678e-05
6.0768403791476565e-05
0.0003456197186867689
0.0005353874756876371
0.0011325491048861146
0.002092503722796278
0.0036747131852926983
0.006124350570677319
0.009682912275185916
0.014520466452375234
0.020650372933533893
0.02784887864501935
0.03561172627924618
0.04317857367923396
0.04963948768843562
0.05410917636136618
0.05592487693187394
0.05480729333233445
0.05093080481335868
0.044878715281733844
0.037499406460905355
0.029712219689306627
0.022323909586357285
0.015904566822764997
0.010744235639924209
0.006881931224579153
0.004179252735158642
0.0024060596000561375
0.0013130869301208278
0.0008511947035986975
0.00042482635982676675
0.00020092870830438364
9.00459905896236e-05
3.823138966823507e-05
1.5376201004864056e-05
6.527709336704864e-06
5.146169301741435e-06
1.1463475464586844e-05
3.0011958207729516e-05
6.469534626159369e-05
0.00010980580391038437
0.00014600623788032203
0.0001519954929811808
0.0001238684228901161
7.902299815903793e-05
3.946460933094287e-05
1.542847989517275e-05
6.497527466195022e-06
8.72104487515916e-06
2.5606045828627807e-05
6.654105291767228e-05
0.0001363689654195562
0.00021886859477050752
0.00027500459248826524
0.0002705220422879788
0.00023359582705049757
0.0001530422098579379
7.898786997375789e-05
3.2817886645824876e-05
1.1954453684562382e-05
4.788756874031972e-06
2.5409597633352317e-06
1.4916239828503842e-06
7.701520419201154e-07
3.203910104095295e-07
1.0502115544269436e-07
2.6987370334723797e-08
5.430541265310957e-09
8.554937836431166e-10
1.0550137711390401e-10
1.0185016276017329e-11
7.697089047614602e-13
4.5535722090603945e-14
2.1088166548065477e-15
7.645154804830919e-17
2.169674615457796e-18
4.8201859744658546e-20
8.382891478910113e-22
1.1412604201475081e-23
1.216288303348558e-25
5.141151670880445e-27
3.643177902966903e-29
1.3502801752924578e-06
5.812674840727925e-06
1.959468554758518e-05
5.184940793788412e-05
0.0001074184036285998
0.00017491529699383942
0.00022463089024169348
0.00022975616185120034
0.0001913032442727257
0.00013628272513578607
9.130030026563408e-05
6.434499393579576e-05
4.9187353865248615e-05
3.7948661045543936e-05
2.7206515582640658e-05
1.7208605006711473e-05
2.9155865729175683e-05
4.399351555770054e-05
7.696115032581406e-05
0.00013549532778464005
0.00022859824760855226
0.0003653906548089065
0.0005526389615834669
0.0007907636933959283
0.0009743800725789257
0.0012753682418838767
0.0015841772530591814
0.0018640431734593206
0.0020684292983502404
0.002153801302900891
0.0021002563584584404
0.0019226183246478876
0.0016610003919060653
0.001359927529761067
0.0010572141670148255
0.0007803924678659241
0.000547253851867873
0.00036596049929689455
0.0002361119093942192
0.00015312122744752304
0.00011103478273718572
0.00011304872033394235
0.00017600075352221757
0.0004922707666928908
0.0012846211869751265
0.0033557244356952746
0.007926981884718265
0.01601652844609994
0.026777668496993333
0.03670572957173378
0.04065933345116661
0.04067420101631711
0.034235281568070604
0.02440808364902223
0.014701661109906845
0.0074667006002125174
0.003495081232741959
0.0024496437842693175
0.004227301070947549
0.010130495475386572
0.021985514147438122
0.03997611596514023
0.05964995829591753
0.0731098701820537
0.07443835137722933
0.0638295570407001
0.046484845729480855
0.028728503741635818
0.014998081490706595
0.006685528146865302
0.0027205754857608493
0.0011913304597567591
0.0006459487684803458
0.00039528747444692166
0.00022957003985885267
0.00011512076953991795
6.571107370313525e-05
2.4246249584065564e-05
7.616544078618782e-06
2.2214151180979767e-06
6.813701456936615e-07
2.2442088887812158e-07
7.046701944165781e-08
1.882355852120923e-08
4.0518755164146594e-09
6.891943999676166e-10
9.203958275688094e-11
9.631016346232013e-12
7.891452465082729e-13
5.062234450975963e-14
2.542148080384637e-15
3.883533649484021e-06
1.8191825241266462e-05
6.670929341929773e-05
0.000191751642167584
0.00067854334789922
0.0018401350398673738
0.004794991122262902
0.011356685235914621
0.022967631830092986
0.03849269487199985
0.04872715771157012
0.05932430700626769
0.06083031045107747
0.0536172559896512
0.04119159139540807
0.027693652788382025
0.016320031679073813
0.008514955097056813
0.004006275235419159
0.001808596486161068
0.0008448678865187663
0.0005729105655411359
0.0006986615209345233
0.005312616966175693
0.010162054943675204
0.020061770234989656
0.035277244418424995
0.05903099798271177
0.09394473105623932
0.1422187674757605
0.2047034886201716
0.28038721472065337
0.36577454407130655
0.4544209437700536
0.5366580604490052
0.6005714858316724
0.6274458226651846
0.6389523569217149
0.6151622130559623
0.5609495037237491
0.48535712211270055
0.3992183814581499
0.31253155332298765
0.23313762881342726
0.16584263713195826
0.1127224211368211
0.07366563628773745
0.047076612595520456
0.03058107292511661
0.021600589615234162
0.01768402439218578
0.016704767599456674
0.017025155452827602
0.017574095314384166
0.01776600408908567
0.0173462007834919
0.01627349535880163
0.014640568910055371
0.012609959396461104
0.010374665962521505
0.008134658934915528
0.006068472969997279
0.004853046715131233
0.003325966601102039
0.002165298635987041
0.0013388498037948647
0.0007861047852035572
0.00043818689055458393
0.00023185945329371154
0.0001165677297005149
5.617475241706215e-05
2.714476186144922e-05
1.5179404382609422e-05
1.161860369650835e-05
1.0902067343197835e-05
9.769676003388813e-06
7.323968287142257e-06
4.392486677306964e-06
2.0783753976241984e-06
8.14263462409916e-07
3.966669342712107e-07
6.013299162954413e-07
1.3887894426811246e-06
4.307351399563492e-06
1.0746912957421447e-05
2.6499398808311487e-05
5.988104024327505e-05
9.459207092384146e-05
0.00016044710989535836
0.000223113139607848
0.00025652368499150903
0.00024887887592231093
0.0002085037315368434
0.00015346094527422336
0.00010101416254941317
6.243777098893483e-05
3.99182242813193e-05
2.7861878538072674e-05
1.9495609332354842e-05
1.2047781799822119e-05
6.103668650334346e-06
2.4597800944346047e-06
7.802221904522683e-07
1.9409270031887054e-07
3.7822799211555524e-08
5.771367236846192e-09
6.894845526908134e-10
6.448652603199098e-11
4.721745133087938e-12
2.7065756661890187e-13
1.2145587476984443e-14
4.266728560235652e-16
1.1734037808958101e-17
9.331382004558492e-19
1.706427071177659e-20
2.442873826670513e-22
2.737691986192253e-24
2.4018038486426794e-26
1.649660832354456e-28
8.967464909004564e-31
9.783951949970571e-33
3.112077268564969e-33
1.2997507462422072e-33
4.386965944379913e-34
1.18380727653083e-34
2.6107535076146434e-35
6.647226819983757e-36
1.103235065633285e-07
4.855795485421687e-07
1.6730679483115278e-06
4.5126082613270276e-06
1.236560546627201e-05
2.989675383145622e-05
7.188033958538754e-05
0.0001698187838648698
0.0003545744254330184
0.0006193740427124854
0.0008870771084893524
0.0010493892491362578
0.0010674387700598618
0.0009705609783907784
0.0007961699613792231
0.0006218870940367238
0.0005547260751662724
0.0006975840055429323
0.0010768187128479122
0.0015694985725881946
0.0019456106218604893
0.002033261443989428
0.0018280677566902478
0.0014398990858200517
0.0009919339605784223
0.0005847461454834773
0.00028666359838319053
0.00011424998999358331
3.687125561350406e-05
1.053063553832103e-05
4.315787012303926e-06
3.778632978585947e-06
3.852346550502654e-06
3.2662906584080757e-06
2.183294918907717e-06
1.143341767342877e-06
4.687478896906666e-07
2.2579118716632726e-07
6.155213425221742e-08
1.3135306817164075e-08
2.194311111173269e-09
8.130858738855499e-09
3.561361134734313e-08
6.793343763528579e-07
2.959759038878374e-06
1.0547828742265418e-05
2.9952046612132655e-05
6.789295986296443e-05
0.00012314666406840392
0.00018112116208471212
0.00021880077023031137
0.00022625215019638363
0.00021987021354499274
0.00023219493432358084
0.0002918017074753089
0.000398180271520922
0.0005416158101754463
0.0007512100395217904
0.0010977170938236878
0.001606982398831048
0.0021486999584879266
0.00249105398939241
0.0024932284577686213
0.002320465508478359
0.0018945067845108103
0.001381748247040031
0.0008888146423139213
0.0005028081707381802
0.0002633922091912781
0.00014947699353124878
0.00010840706506841198
9.245179558384537e-05
7.549760700687682e-05
5.254902360006258e-05
2.9914336405022588e-05
1.4707729906092673e-05
8.89835979705587e-06
1.334819368697744e-05
2.949392659708142e-05
7.120910930814437e-05
0.0001579275404030362
0.0003621502991434656
0.0008388155351652628
0.0017403665117348953
0.0030218126813040575
0.004303961344486483
0.005084993309503272
0.005137445850748326
0.0045961860312571535
0.004026279137357374
0.003001000925007236
0.0019386088785015873
0.0010503017250854919
0.0004696617249229616
0.00017682472970330598
6.206707202192206e-05
2.539701356164331e-05
1.3800332657750467e-05
8.405376296357055e-06
4.732694337555523e-06
2.252253983280839e-06
8.723165932092693e-07
2.699628489594667e-07
1.600553592859584e-07
4.291606598721741e-07
1.446900517275942e-06
3.925364211149999e-06
8.346648751956945e-06
1.3894033811973796e-05
1.8105329828789992e-05
1.8469087426819696e-05
1.4748413242228853e-05
9.219471392011664e-06
4.511569030360104e-06
1.7282638861545123e-06
7.956481461496011e-07
2.0266166558027328e-07
4.040945772415157e-08
6.307471542857513e-09
7.70705466966554e-10
7.37195103552457e-11
1.5539540401364422e-08
7.36705173396411e-08
2.735020832489542e-07
7.948593381420698e-07
1.8083429957029335e-06
4.196265517280494e-06
8.809606072053843e-06
1.988037891098234e-05
4.541375039149281e-05
9.176402245572957e-05
0.00015406199814161384
0.00021159597900949917
0.00024221265716320567
0.00024161125876771003
0.00022689451221986952
0.0002272069766787326
0.00026959355586648467
0.0003605213905111814
0.000467454552123864
0.0005185291589619183
0.0005343229319053544
0.0004764779456077108
0.00037936155984834833
0.0002762886063343202
0.00018745208646684408
0.00012662384349552998
0.00010128548814456805
0.00010847585666608751
0.00014280041892568166
0.00019779683138931712
0.0002861312432834898
0.00043446053954315403
0.0006534709540716347
0.0009020027174315363
0.001087351638878994
0.0011339271894853296
0.0010428934153117572
0.000868455521729107
0.0006605983778672939
0.0004524147879789528
0.0002797900866474839
0.00017307709726139395
0.0001355594774951922
0.00014873241229929252
0.00018236784250661375
0.0002162826131211591
0.0003072685942889133
0.0004731990764541998
0.0009162513997955044
0.0018058242222542212
0.004020997305833844
0.008986260956062631
0.017510216232008703
0.028134288038772156
0.036967180405890795
0.04093654042287805
0.03990114740698957
0.037133353855297944
0.03688450714393025
0.04262566262941798
0.055216754875816496
0.07078670925502514
0.08261210949726082
0.08700924647192122
0.08552624911938309
0.08116660623628147
0.07536178907690877
0.06900820618532076
0.0634617231983572
0.05939294646552151
0.05604310681200173
0.053552774438937634
0.04887044195188611
0.04302989081940176
0.03684818340818909
0.03154798614656872
0.027987162713678484
0.025938258918928703
0.024118395726246983
0.021382042282118423
0.01770915977373765
0.013777336934043812
0.010025049319015098
0.0065922596894956945
0.003735635634033882
0.0017582947481909784
0.000675787498508139
0.00022429084078375805
0.00010855399575713029
0.00019157960842024554
0.00047811636929402787
0.0009937368091014454
0.0019532414677615097
0.0036560448458588684
0.007640640535016939
0.017087811129012094
0.02798423716884236
0.050756873854121164
0.07512967721795923
0.09103576193621003
0.09307338584598547
0.08422329883066643
0.07026869457101892
0.05419977780448354
0.03749424557560503
0.02277858877172538
0.012518594189155985
0.006841712416198695
0.004090257235419651
0.0026553157095505196
0.0017453769181529784
0.0011033187099135505
0.0006479906026831369
0.00035093754860823925
0.0001918297603626389
0.00016503685277979128
0.000250901561401511
0.0005377465395402496
0.001172333615955513
0.0021855353776980683
0.003323252939905862
0.004118813349926485
0.00429502186425665
0.004061036171303616
0.0034761336031662138
0.002752849547036679
0.0019662329509597385
0.001205328487915508
0.0006080050715477676
0.00024607109145538113
7.888643154202415e-05
1.9912824151721882e-05
3.947148071615802e-06
6.136761273434655e-07
7.479584611408646e-08
7.145032660570682e-09
5.34911512200481e-10
3.138322981346391e-11
1.4429412834843716e-12
7.072266561262287e-08
3.3000009092869203e-07
1.2053985803952563e-06
3.4467370788216334e-06
7.71518775094783e-06
1.893232437452145e-05
3.965337005073423e-05
8.435113655105802e-05
0.0001707236723583835
0.00025324098634263794
0.0004613949093958931
0.0008311047548901972
0.001726953536504168
0.0039050101518334785
0.008113307998164463
0.013935343563385359
0.019409624139781565
0.02220963780783429
0.021704173590234865
0.019553205224609637
0.016663874889574264
0.013774406203574048
0.011426596681554643
0.010469994664785664
0.01174128543205203
0.01551394133728518
0.02150605490631825
0.029247150462801193
0.038171842783144325
0.04754502764321366
0.05642889589941511
0.06378494407031413
0.06867935300609751
0.07048884494613254
0.06902855683282515
0.06635435414574506
0.060231776934756454
0.05230759944191672
0.04356600839527338
0.03499791550804432
0.027848479167364326
0.023650871769118516
0.02367513299671022
0.0273589853737597
0.031849500361137886
0.03375009961738627
0.032065560775062577
0.028392009914094102
0.024243849690658736
0.01962306511391786
0.014368381865558449
0.009324368400321437
0.0055599932022330645
0.003303271961079999
0.002058777475720809
0.0013053503221851454
0.0008098991320438431
0.0005098250780582981
0.00035564909590541077
0.0002818329379306578
0.00025055126807694336
0.00020956965688606946
0.00016847672630949503
0.0001283746316547841
9.317880035875404e-05
6.606750200693525e-05
5.134842844127861e-05
5.522349967759466e-05
8.277839790543279e-05
0.00012937401018312225
0.000174723908118182
0.00019372213551222683
0.0001772841819032649
0.00014838732930050222
0.00014138269680903108
0.00020705737357078698
0.00039995042742722365
0.0007814872754038571
0.001311369073014247
0.0019316811461039726
0.002623785719417668
0.003408531024007638
0.0041765102830785454
0.004610203925161034
0.004469423818744157
0.00387231011279271
0.0033790490463810794
0.0026528400676858986
0.0019634161176590374
0.0013304655604977358
0.0008699933770008654
0.0006896522790653083
0.0007529204871847074
0.0011381643702050128
0.0019556728426261163
0.004190098556372435
0.009353824828177107
0.018171329802265417
0.028732147246873254
0.03677530425755138
0.03908640480320197
0.036462410610625474
0.03210847976003685
0.027878063696772953
0.02351683494809541
0.01868980373449704
0.013977719479683657
0.01015867968088598
0.007514987812333185
0.005784700340833599
0.004453464898746362
0.003169841463201367
0.002339934306346122
0.0012874020709652306
0.0005923675863043747
0.00022998090240975035
7.712372122589533e-05
2.3129459911905314e-05
7.20997598434217e-06
4.087326334108245e-06
5.274316841456205e-06
8.511438557680552e-06
1.3574671084223947e-05
2.0676146721202363e-05
2.996852278303312e-05
4.2244745456659526e-05
5.795470294016927e-05
8.217329917832701e-05
0.00011596052049181677
0.00015908053546315868
0.000200370251761996
0.00022684880536788488
0.00023733276239569078
0.0002462502920830938
0.00026597193227606715
0.0002926168618332719
0.0003130088586975308
0.00032009795720799693
0.0003235874067018566
0.00032071285326962007
0.0003075108165067225
0.0002800206285017259
0.00024149492229757217
0.00019961580360389832
0.00016019391983851814
0.00012550511994457615
9.633078322108455e-05
7.290116479252235e-05
5.7083953496374476e-05
5.2594440675318696e-05
6.23127335193939e-05
8.216272266137565e-05
0.0001201157792713274
0.00019093993468215898
0.00039419904639095794
0.0008942798190801163
0.0018088098529702437
0.0029752067704105277
0.003940900953920343
0.0042791311363858525
0.004005899007095873
0.003481704538376164
0.002958142403559477
0.002600613224255971
0.0019981566653820082
0.001693623541514301
0.001572205955141911
0.001966375104101916
0.0029376506428802547
0.004657382429528794
0.007000151495537493
0.010163406347342242
0.014232514608613253
0.019153094235468474
0.024677892010644565
0.030406629768136708
0.03584334802065179
0.04044337314469927
0.04364761580116103
0.04511884774109169
0.044884926869794
0.04405308706455342
0.044933271383546004
0.0498978577021272
0.058617647348963915
0.06669911934996552
0.06859974462412839
0.06306031389239866
0.053916376775877926
0.04784010805707731
0.0392445427762281
0.030070980283990682
0.020254871130371603
0.01167477125292952
0.0059673356343997504
0.003185483593733159
0.002339727650016003
0.0023101061110220355
0.0023536214682850554
0.0022195282750498
0.002010141594853664
0.0018954316058681618
0.00225401290783771
0.002949266118798283
0.004213265294981364
0.006084376787291022
0.008550579553627072
0.011585306829090347
0.015563178583735323
0.020974354655563476
0.027911141575222138
0.03605250918283421
0.044867476681638825
0.05371552689395112
0.05924891363011197
0.06633894547837174
0.07119560071787182
0.07310168237094693
0.07171083676743958
0.06718973341132932
0.06023623932673447
0.051822813093962854
0.042866925564738714
0.0340585380198961
0.026125731792537528
0.019732935578595276
0.016153802917902513
0.016873445925838382
0.02248630237747671
0.030807338412088863
0.037245647331347456
0.038213720926650964
0.03444785912834358
0.029490048221513483
0.025257200095123597
0.020819226939683397
0.015185127838387987
0.009252116799166737
0.00465358991451273
0.002024780330165555
0.0011443550726343349
0.0005558105021275493
0.0003771448848567154
0.0003998526471396601
0.0005696197476990606
0.0008014900653497579
0.0009683557678515572
0.0009977150995907
0.0009308285479904196
0.000849168756825184
0.0008033098812478257
0.0008152129500802397
0.0010596743569783443
0.0018139995728070483
0.0031942840361393107
0.004819541854949134
0.005941137181718913
0.006065554688952589
0.005429327402254643
0.0046427832829144915
0.003975717708107887
0.003250189452541322
0.0023256296201297293
0.0013708501599552097
0.000646635023956199
0.00024121599740054773
0.00010945601044945692
2.73748269776165e-05
5.377341276899638e-06
8.293086411166571e-07
1.0039520904448161e-07
9.539087044600166e-09
3.528594545012987e-07
1.7784216543118864e-06
6.932380655742623e-06
2.1164341684495794e-05
5.060867620751051e-05
9.774615054781889e-05
0.00014501652565655635
0.00017113771397245502
0.000164375530639553
0.0001365877413553004
0.00011339475112321403
0.00018523962706307632
0.0003008195943751078
0.0005016215397194824
0.0008341787865524251
0.001391495297772232
0.002265958365494414
0.003555223941890869
0.00531077552836647
0.007481049890409103
0.009194830156374487
0.012117252396272316
0.01602097623817064
0.021946085280894864
0.029963203621597597
0.03869297766496808
0.04516941879318765
0.04725254104299886
0.04606770992767639
0.04437787175034422
0.044220592983793765
0.04522907342998736
0.046465500812795844
0.04803019024905117
0.050556859657617005
0.05398816898073346
0.05737854404082317
0.05956132330573693
0.05973819371430691
0.05764089258261747
0.05347454708003692
0.0477726336328561
0.0412055475861166
0.03436747298532484
0.02765577829834177
0.023385172278595247
0.017492422782882492
0.012497771870094147
0.00860875425083457
0.005779214339906286
0.0037798987497496303
0.0023918170038191165
0.0014810295546142775
0.000938665996490968
0.0006370082696423229
0.0004626983645195783
0.00035251655811001684
0.00028130997576522246
0.00023179107163360355
0.000186513660035546
0.0001377818616403137
9.055835214764035e-05
5.30182452860027e-05
2.808404055348011e-05
1.3520467201017993e-05
5.79213290828999e-06
2.1286090749151813e-06
6.535292097465696e-07
2.551822003631503e-07
6.468571674797643e-07
2.3665824202213095e-06
5.44007559511336e-06
1.638900858066802e-05
4.003758566833466e-05
7.790697893145311e-05
0.00012009432356970437
0.00014714701155180937
0.00014552905712289524
0.00012087269301685142
9.123514774520254e-05
6.936390064489393e-05
5.591149883789391e-05
4.654185623090407e-05
3.882394397698382e-05
3.3440359132522974e-05
3.134312964088165e-05
3.7522694956328545e-05
5.9650502321391025e-05
0.00010284956556085847
0.0001581393692382593
0.00020654318009743095
0.00023611425547302508
0.00025471614694979694
0.0002739408903934524
0.00028609124111738727
0.0002714494269558887
0.0002277611049482126
0.00019256636528136646
0.0001468553816371384
0.00011358350419644326
8.515326119744593e-05
5.734805289937677e-05
3.478535979638518e-05
2.2871646714695026e-05
2.1549279870402217e-05
2.610595335900163e-05
3.0476020137043418e-05
3.011161777024856e-05
2.4167050642790746e-05
1.5499188000350403e-05
7.874972458661561e-06
3.154056129113248e-06
9.928695136955831e-07
2.452299631523419e-07
1.3081732816794572e-07
3.4398094203329815e-07
1.0666449976710976e-06
2.6402586660219154e-06
5.1292685200547585e-06
7.817520362987129e-06
9.423278616741187e-06
9.1410901187793e-06
1.0484120460026353e-05
1.7897949193239014e-05
4.9131830345988976e-05
0.0001353058167548514
0.0003083171376996148
0.0005582173587829798
0.0007958054785471962
0.0009722786966130299
0.0011999947596806116
0.0021433187763841262
0.005122551040146111
0.011529676425581293
0.021239342873653075
0.03103818766195838
0.036219257070446396
0.03478620190225118
0.02961816556383101
0.0251290672006793
0.022547882381095116
0.019796793695707703
0.015191714534263807
0.009593893263233828
0.0049889850680759264
0.002370238526177808
0.0013643009809325422
0.0011054187005519326
0.0010293364384969725
0.0008849501070460822
0.0007295013315040993
0.0006304112347833757
0.0005690586435893885
0.0004787074986227003
0.0003398331598022182
0.0001942910293090163
8.801158104979318e-05
3.151093734359986e-05
9.10627724914327e-06
2.572041819094423e-06
1.9229828961654504e-06
3.848450029721657e-06
7.549478132323216e-06
1.1991461326068154e-05
1.532495855111524e-05
1.611304910737924e-05
1.46420151258118e-05
1.2470057443467544e-05
1.0671053979256537e-05
9.158515311642332e-06
7.214123070916538e-06
5.041112634898425e-06
3.376202935687611e-06
2.792974674183695e-06
3.067306644601179e-06
4.395577505990909e-06
6.867670922710595e-06
1.0567796682269738e-05
1.5829287213859284e-05
2.294271107482067e-05
3.981518583987571e-05
7.22906273959534e-05
0.00014416059003181608
0.00028244922610965817
0.0004869799997957687
0.0006935396629905805
0.0007934149784087138
0.0009184679801598742
0.0013644972161922452
0.0030936226862688138
0.007398349782769271
0.014856452976955004
0.023854361647997865
0.030358704699326892
0.031208505867617115
0.027280414195883087
0.0225986440861551
0.01992417962033778
0.018390168472347593
0.015685931205140002
0.012848519161875053
0.008006257963769116
0.004022172057650803
0.0016758701785854143
0.0006504683241356833
0.00031836270080815547
0.00030180119834927134
0.000529008408777645
0.0010596029003011925
0.0018563954624882947
0.002636310034505269
0.003003867684403286
0.002816536352476423
0.002344363033265734
0.0019747037505055743
0.0018110650244032587
0.0016566771524351499
0.0013318214201192794
0.0008806905538828344
0.00047216742855480705
0.00021044369636987717
8.535298297192396e-05
3.8292537919869264e-05
2.3072927877416176e-05
1.8375178774692074e-05
1.743449453444217e-05
1.756270015773717e-05
1.8782448429836294e-05
2.1503551156813772e-05
2.6917729935165713e-05
3.834643119008878e-05
6.0620080761004044e-05
9.663538820114025e-05
0.00014055555864625702
0.00017427211092924683
0.00017988591101579025
0.00015780256738623987
0.00012800703851758666
0.00010905449975448284
0.00010051551486317897
8.929338856278918e-05
6.826802593709983e-05
4.3101374095073196e-05
2.456889941552184e-05
1.9395659277003158e-05
2.831950587285366e-05
4.661975303908181e-05
6.426028278608032e-05
7.006634513703274e-05
7.579513355553511e-05
0.00011147938055791266
0.00019136771484206758
0.0004822652769062889
0.0010582346840841668
0.0018584849893089161
0.0025800936928339156
0.002853472174394229
0.002600395179337143
0.0021315955042529758
0.0018283663345725627
0.001777514820930609
0.0017890161125579851
0.0016823269253959394
0.0014430283484942311
0.0011492683372990638
0.0009509036465141697
0.0010746608022192635
0.002158480121211241
0.005245663539188949
0.011148706083630042
0.019086320858396927
0.025994150244388083
0.02842594360191058
0.026019612350930203
0.022074871278501676
0.02006329126854568
0.020127830336581644
0.02004369198713194
0.018019734375776933
0.013808740586748726
0.009275385251329668
0.006045399497408586
0.0043105763961985245
0.003378421975207185
0.002643228168742805
0.001937450169529997
0.0013347588179764942
0.00089803968126699
0.0006102485871803367
0.00042084179585206077
0.0002901219003902277
0.00019834488301701672
0.00013798161389731958
0.00010448045057218925
9.405084553853026e-05
0.00010231116341467314
0.00012334789245221082
0.00015197679395413717
0.00018204648467710363
0.00023114779659425309
0.00038944337100107183
0.0007568458866216628
0.0011834862997639737
0.0021549036177640384
0.003478158600927034
0.004901855532563802
0.005930533603558935
0.006101735518673377
0.005436649838381333
0.00449110103223976
0.0038284766684980056
0.003503811615852011
0.003152192479278375
0.0024958330558361628
0.0016338111478910473
0.0008681537106882088
0.0003923588735997185
0.00022328314891622824
0.00031784202096523675
0.0006501547470404827
0.0011545412287879474
0.0016411864355965608
0.0018734240372282214
0.0017836566388918114
0.0015724721323620492
0.0015181671873719744
0.0017103168401580258
0.001984276075394266
0.0021146625824668944
0.0022028477066723556
0.0023002158126988323
0.0025535101584517805
0.0028956653594250587
0.0030542069861807133
0.002865161466376174
0.0024596292179795156
0.002109716333250263
0.0019383129304433914
0.0018405701937362852
0.0016541829125123416
0.00133289662939297
0.0009604599485124153
0.0006467584268454603
0.00044634464823371746
0.00034409267370660905
0.0002869427266485616
0.0002296808421645985
0.00016284514361965448
0.00010274844745586996
6.303459303961646e-05
4.1988351055115484e-05
3.068263667603194e-05
2.3172700526949336e-05
1.7902146297973318e-05
1.5508225378130602e-05
1.3131367973882895e-05
1.143657751236932e-05
1.0260964891178108e-05
1.0035678206325961e-05
1.3024293043279824e-05
2.2655376917482457e-05
4.1292735428736434e-05
6.570851840044604e-05
8.556123707103472e-05
8.986481018316332e-05
7.643903441818211e-05
5.34236739596831e-05
3.345764134896594e-05
2.579590926398331e-05
4.236253511681257e-05
0.00010239911042455355
0.00022300798712026145
0.00039083073010009523
0.0005464238386114124
0.000617047393356213
0.0005838742804865385
0.0005016962836878022
0.00044284464944286046
0.0004302711524049813
0.0004329858560441655
0.0004567478393524422
0.0004596556582207083
0.00048041007978074404
0.0005600211438750074
0.0007241136064971099
0.0010081834994645914
0.0014608687484138144
0.0021403106120579597
0.0031237612132257596
0.004478690389678045
0.006196765251728215
0.008047822218440071
0.009510961528957886
0.010076918670782158
0.009723539890415994
0.009034703686718952
0.008716776511374001
0.009009737295383133
0.009524396949624547
0.009567826115300508
0.008670074579853644
0.00700344666989757
0.0052457863367797244
0.004026326757584078
0.0034533692401196125
0.0033391150418617633
0.0030833351816493986
0.0026721565576456117
0.0022896312896644646
0.0022292512207562295
0.0027031384365160307
0.0037650697357097186
0.005391198809974757
0.007513577827892827
0.010024860880093835
0.012835805023813714
0.015752131401984355
0.01828724463882571
0.019764322750710047
0.019877548620059474
0.018982932526470077
0.017764906385820796
0.016544564412043477
0.01518546038840799
0.013429272041571108
0.011316961569124904
0.009197455381925027
0.007447025256499021
0.006202717723016801
0.005465946342799046
0.005177960584568788
0.005209130800797163
0.005549203167058505
0.006144270912883215
0.0067905138932506815
0.007219547389834039
0.007279594207714024
0.0069864918243491905
0.006545076311576845
0.006119657873620184
0.005727002717816891
0.005311755738405524
0.004863307488943559
0.004484144385261526
0.00433741926861813
0.004542961488533496
0.0051003141473734
0.00583412566488708
0.006431365410505534
0.00661135449613317
0.006351166595289372
0.005881915195345294
0.00545156245514653
0.005104190677702419
0.00469854622226841
0.004104056085145621
0.0033448613787929204
0.0028166556066198992
0.002095832155477565
0.0015181042205565235
0.0010796359424129663
0.000749951790640602
0.0005061876943430702
0.0003346129251993689
0.00022769351796895766
0.00017717967677613442
0.0001688597393929734
0.00017921402428681406
0.00018548545845163987
0.00017758018337139434
0.00018402773568940975
0.00025995592195027115
0.00044882147932571163
0.0007262863737994789
0.000982742321728263
0.0010891376393737957
0.0010183502466348706
0.000946563741487431
0.0009456270332003594
0.0011285894407686763
0.001495260932407224
0.0020173660572829766
0.0024327126291132577
0.0031391858888213933
0.003828965817937353
0.004497144578010115
0.005218579017550191
0.006073499909036734
0.0070186545916583335
0.007872778244431238
0.00843479745163507
0.008613228310009427
0.008447372411009084
0.008030987060780675
0.007440213369554674
0.006718203168506022
0.005900713280905901
0.00503117536857043
0.004160825677145757
0.003349360676211169
0.002664361489087785
0.0021687205854790128
0.0018796618335882992
0.00176492275900646
0.0016564304284105208
0.0014874798182826828
0.0013201621003676757
0.0013071332840997537
0.001444278064512872
0.001908016876013572
0.0026460621717515438
0.0036356816351027985
0.004854561117253871
0.0061698925988814815
0.007317415536376543
0.008069785954643582
0.008437004103221553
0.008622707092578607
0.00878335832605141
0.00885795089695383
0.008635071327240782
0.007978779709453643
0.0069847111611098835
0.005902498130077584
0.004931723202236498
0.004107372387439436
0.003359491811783919
0.0026391793254391914
0.0019758210240134483
0.0014314122837363673
0.0010339630140965123
0.0007606976063395122
0.0005981713900435972
0.0005705604588978837
0.000639840178183442
0.0008433178303481786
0.00104443072940412
0.0010857279601145318
0.0009266467929961552
0.0006848550942346146
0.000520927670004269
0.0004951739765798384
0.0005394045187455031
0.0005450941603452337
0.00046451482787701365
0.0003309737285396923
0.00020302185448784117
0.00011193039321121011
6.613132166636132e-05
7.629545582298438e-05
0.00018269775918045467
0.0004710318535008928
0.0010118153318352191
0.0017393307275935814
0.0023806594525121716
0.0026001088564135597
0.002300528755668847
0.0017514457067633565
0.0013486908879355357
0.0012643783252543103
0.0013386491239555107
0.0014077566249033758
0.001262143457886241
0.0009130767652018992
0.0005278038235443265
0.0002518599324449248
0.00012910087176480826
0.00013519812036034715
0.0002305917971344353
0.00036347938932328145
0.00046410445226364387
0.00047546400458106766
0.00040364664324338484
0.0003136933577227174
0.0002697459842890325
0.0002946800683895644
0.0003371078571127734
0.0003583553146998227
0.00035672499192512824
0.0003697163025003116
0.00044745362216001735
0.0006317291780711614
0.0009325792758889413
0.0013307354153513388
0.0017711243044277994
0.0020539160798948184
0.002431772269664107
0.002763063450347468
0.003075603657749435
0.0033545897591954685
0.0035219980308033505
0.0034962301161343187
0.003270533370031262
0.0029845763941326567
0.0028375335450996583
0.0032310266922723676
0.0047625545807603205
0.007881185247110553
0.012086118798841647
0.015547691760128213
0.016201179429500123
0.013710805498472155
0.010000602433694602
0.007531445406004898
0.007236175577783195
0.008069250645690607
0.008262373963524692
0.006938868290643274
0.004627358538292246
0.00243293408299585
0.0010101891073320442
0.0004961445143578724
0.000147004972818642
4.323366142955442e-05
2.1680642654269613e-05
2.3956167372800497e-05
4.237913711542613e-05
8.283138438834927e-05
0.00014442598349286053
0.00020633558805965903
0.00023470969258458803
0.0002105394319833895
0.00014873101955880324
0.0001278820947253646
0.00024199101599919716
0.0007200763333502086
0.0019107715768325747
0.0040367478108301715
0.006706955796807766
0.008770089722567596
0.00906144577754327
0.007532451289492481
0.005412656209909706
0.004115938166583405
0.004097367407137285
0.004686468537075409
0.004844294424441683
0.0044302015488872915
0.0031985098823183594
0.0018216904857300685
0.0008209050323019621
0.0003018379161480643
0.000111149521864479
8.0201770426013e-05
0.00011616552561770202
0.00017489128620313762
0.00022179892312998328
0.0002311318163405118
0.0002056071565489538
0.0001760620771858042
0.00017178567595031052
0.0001929451641648039
0.00021322979811651502
0.00020695624365946232
0.00017179648142545584
0.0001268150450927002
9.241971571659806e-05
7.522515590935334e-05
6.95957013771293e-05
6.870827193574263e-05
6.995881543457309e-05
7.113881172088893e-05
6.957492465740606e-05
6.057676058978275e-05
4.634422508669922e-05
3.414783929761081e-05
3.512785815391141e-05
6.0132554601977176e-05
0.00012240927093172364
0.0002316990501730786
0.00037622483574298765
0.0005096507952659238
0.0005720275179420233
0.0005392057962741096
0.000499634991224266
0.0005028314379680304
0.000678127471177478
0.0012466012899155342
0.002572279739414584
0.005006796279832149
0.008405181882337328
0.011696022069158422
0.013469604348114573
0.013161856401341421
0.011717527380863273
0.010704663949653153
0.010976545801420469
0.01212546359004308
0.012811296844907427
0.012965332373650537
0.011880515880457335
0.01011252602176521
0.008388193450639328
0.0070313901547028575
0.005983621258532898
0.005228920632326823
0.005007863633088104
0.005644750110427954
0.007094366247624657
0.008615047112834204
0.009141949775685663
0.008175833903599593
0.006315315177981314
0.004681257613269538
0.00398039365380304
0.0040976020398043825
0.004358815371341825
0.004136540963252272
0.0033193532135748663
0.002269484334476445
0.0013932952493349731
0.0008447304876610757
0.0005609497005344756
0.0004150349325132271
0.0003453921005995351
0.0002494259288960163
0.00016732537868406313
0.00012161843632616846
0.00012159038950169521
0.00015002518218368494
0.0001752970863325234
0.00017482326089916276
0.00016732691017715414
0.00015577813095499508
0.00016775667475106448
0.0002207533951561053
0.0003266126389377101
0.0005046955613181669
0.0007748514523627084
0.0011514680916450372
0.0015843913431890266
0.0020182008594089255
0.0024011117273068923
0.0027183340045397464
0.002990357187750503
0.003236569494045153
0.0035007053716893644
0.003858093645318168
0.0043656659208995965
0.004756635026707216
0.005224740664909927
0.005268895694842977
0.00477439493416038
0.0039991529072900545
0.0033474945378445487
0.0030185841983587283
0.0028985085272111417
0.002724780901514326
0.0023325233922896578
0.0017704062849264865
0.0012257030985559415
0.0008399120069243039
0.0006086851202125751
0.00044571167499218167
0.00029640652089827843
0.00016648749192914935
7.784286863192862e-05
3.2749865101073366e-05
1.673110016438119e-05
1.4623366096680402e-05
1.7735819161057073e-05
2.3340940500538076e-05
3.94603431699763e-05
6.215742526797937e-05
0.00010138248915768636
0.0001403373043378047
0.00021804394578391336
0.00031146863010190644
0.00041188990766352586
0.00052587150282874
0.0006664038316224005
0.0008563232931783786
0.0011123037529808064
0.0014924744709299063
0.0021288855864525858
0.0031708004527360016
0.004566413385790188
0.005867158985390606
0.006422141222815821
0.005951312149539183
0.0048925305550761525
0.0040432793989734015
0.0038839626837539457
0.004253992078669263
0.004567197931922371
0.004317439547356732
0.0034719624509024043
0.0024290550797419737
0.001618948325143064
0.001179147843743404
0.0009714650477311136
0.0008631437539157051
0.0006699722773410828
0.0004543642369357545
0.0002931430745428157
0.00025772572926881915
0.00037922783319073477
0.0006257350412563511
0.0008846987961186574
0.001007677399468864
0.0009219513747320069
0.000697934656853192
0.0004860236896381344
0.00039521845057302737
0.0004309741704875595
0.0005163942279276005
0.0005607305132512843
0.0005453972069207962
0.000540262103786693
0.0006268363189203118
0.000795781859095312
0.0009322145737629832
0.0009176484636135582
0.0007433695400434578
0.0005202347079741865
0.00037587625550674974
0.00036060414453175564
0.0004029554095971627
0.0004768880014989693
0.00048724123881073504
0.0004065143872131738
0.0002759252417529411
0.00015671834615654947
8.01945041449117e-05
4.348476869577829e-05
3.327736748718776e-05
4.1519257176778984e-05
6.394674817615683e-05
9.291988825688524e-05
0.00011690604871547045
0.00012675289588414882
0.00012056286524651329
0.00010352613124988513
8.428011245779309e-05
7.198962354373473e-05
7.138426414253272e-05
0.0001103614977603729
0.00023124278268436986
0.0005271301422413162
0.001077582939303803
0.0018328408023718338
0.0025360743168035592
0.0027971307533569173
0.002715372807747329
0.0021587818387805466
0.0014989519644250035
0.001104989872072967
0.001097182189157957
0.001322901935850592
0.0015017958006554694
0.0014334792881460503
0.0011278367008840477
0.0007866657032769293
0.0006424981620503876
0.0008071836330732853
0.0012080250980422778
0.0016159849971243243
0.0017796106694759064
0.0016005491585822187
0.0012108430038795229
0.0008585681073210185
0.0007231046466021352
0.0008079612592714277
0.0009663226311743842
0.0010217471960299093
0.0008956968930867668
0.0006418269434556444
0.0003913604664492381
0.0002804813185742794
0.00027225813310427765
0.0005569279826172458
0.001252273343486332
0.0023289086854722785
0.003430742094242695
0.003983990627786666
0.0036689904291692965
0.002740222018818469
0.0018069906829212183
0.0013802237288215084
0.0015607863440432411
0.0020780149486034206
0.002512532004365604
0.0026013168480246954
0.0024221258461257105
0.002254495228466928
0.002302308007921906
0.002546898366115482
0.0028374007442917644
0.0030496367755876103
0.0031503727311906877
0.0031658264683984165
0.00313036896502419
0.0030578794126524303
0.002939236417741924
0.00282646144108777
0.002603596286195173
0.0023315364725588397
0.002038071324197071
0.0017455390733781145
0.0014633106535407972
0.001193021245953025
0.0009379370728631454
0.0007075242438577409
0.0005128109938565946
0.0003600959886219794
0.0002523924605245141
0.00019174456001213824
0.00019677363718868728
0.0002982962519631561
0.0005101510374141497
0.0007815130705573976
0.00098721012732533
0.0010066149243470293
0.0008437864396163049
0.0006071324361991084
0.00045062695903289295
0.0004538770714318651
0.0005997069509997937
0.0008073705592679222
0.0009361002117415594
0.0010825536973066746
0.001203637043421728
0.0013490573804329938
0.001559184239829523
0.00181770573193974
0.0020759058390563113
0.0022851112334611916
0.002414321354411892
0.0024535670148620897
0.002410808507297024
0.0023054568357305178
0.002160064730386544
0.0019929604981221653
0.0018145080694369205
0.0016284365778007144
0.0014357933589734897
0.0012383517474460766
0.001039499088090127
0.0008430414424397209
0.0006539058233555967
0.000480248189945445
0.0003326555212114301
0.00021929550409083837
0.0001419937940096039
9.586795784102582e-05
7.842564594701068e-05
6.578905481938941e-05
6.583339287177922e-05
7.07252154564981e-05
7.720237942527608e-05
8.233684040584009e-05
8.704399257667863e-05
9.758489488426049e-05
0.00012187386743940622
0.0001646383850599834
0.0002273051191295898
0.00030089103919189063
0.00037610572883402086
0.0004416815697568623
0.0004896382834347568
0.0005173156413164381
0.0005261300439637961
0.0005192255379213537
0.0005016177901261405
0.00048004546334309275
0.000468579809523964
0.0004908032054638529
0.0005717507653969632
0.000709490072017438
0.0008466907963008707
0.0008908901429478715
0.0008400259431705703
0.0006630186028218145
0.00045119230936055215
0.000301684164400242
0.0002572198380582148
0.0002976814171907036
0.00036109253998890876
0.00037995458359220814
0.0003250199704670934
0.00022268300421901427
0.0001246464291007721
6.825981740904278e-05
6.959960184430933e-05
0.00013213710550768795
0.00025541494926534735
0.000416153390860479
0.0005606272080446127
0.0006273080436954146
0.0005863516216612413
0.0004636720338579723
0.0003262852340638741
0.00023999870182889117
0.00023058141616692145
0.00027440487446425
0.0003208678191587527
0.0003308326697525471
0.00030071862805679565
0.0002280913708456464
0.0001437620437760507
7.611076452633407e-05
3.6017139654040134e-05
1.822550418535973e-05
1.1764636279358033e-05
8.887372012757882e-06
7.052438570978794e-06
6.7530664122261446e-06
8.860218915684904e-06
1.4651324148497124e-05
2.5115915508705307e-05
4.611319088967265e-05
8.791284154856687e-05
0.00015602388392477634
0.00023602621067560976
0.00029161046299402965
0.00029408891436940297
0.0002493967463073862
0.0002085903080420541
0.00023012040852073796
0.00034467542476679126
0.0005277695822426689
0.0007192664535974753
0.0008185453706666561
0.0009043353242646348
0.0009158114944361265
0.0008670120775793417
0.000775341651652273
0.000674620942197654
0.0006046848694287062
0.0005978631061863399
0.0006571362352616233
0.0008103963779517736
0.0011056662189363024
0.0015519851383998626
0.002037934003665986
0.00234056324397528
0.002284768501234544
0.0019132727622348175
0.001444692966400299
0.0011097105685068625
0.0010193904840549337
0.0011536770354094136
0.0013787315419771604
0.001502140283767908
0.0014008048147756407
0.0011132357323673221
0.00078142598327589
0.0005234130517112621
0.0004149203099499811
0.0003429359064232892
0.00035118823951341225
0.00038873178398831824
0.0003996775140941995
0.0003540442832528182
0.0002649551601685999
0.00017029072235599013
0.000104499096286719
8.112864430028374e-05
9.369281402412779e-05
0.00012195749154834975
0.00014131150196677975
0.00013614895462404287
0.00010863987746580528
7.418249234305398e-05
4.779831953083531e-05
3.51130287655187e-05
3.240812435333486e-05
3.194612928579695e-05
3.2408840732377744e-05
3.926965351574605e-05
7.508297421881297e-05
0.00017092364647808064
0.0003414971308122034
0.0005529763540392102
0.0006728621311701346
0.0007634246133717632
0.0007547860293302805
0.0007444000323042378
0.0008236211369407922
0.0009695820190778309
0.0010682581775962516
0.0010361464906280472
0.0008851505845032339
0.0006865199676243273
0.0005156216388362723
0.0004264490411733058
0.0004296183381322345
0.00047889170238472954
0.0004988098949279064
0.0004677436697414986
0.00043970424067202096
0.0004793037055507583
0.0005763906161921984
0.00064249734341994
0.0005981966641350859
0.00045320275302383506
0.000291068156126021
0.00018717650106174914
0.0001760438731661039
0.0002158957869211644
0.0003183141975479563
0.0004236604225535169
0.0004868087840591273
0.0005029940263610364
0.0005078963461206269
0.0005452026158299595
0.0006217601977413225
0.0007229964857177554
0.0008231189050800783
0.000901874955716423
0.0009496070111146362
0.0009649092938925873
0.0009600232903348462
0.0009637989218234912
0.0010083447366420054
0.001109804485097098
0.0012512701591319896
0.001410079402064468
0.0015710957090060344
0.0017278790393955305
0.0018695485075940876
0.002002381635702012
0.002139672264616212
0.0022222212751520005
0.0021319320829533872
0.001948751143449051
0.0015609991155396139
0.0012021515217789493
0.0010015386072427632
0.0010032625526935732
0.0012309922266608656
0.0017069679564715675
0.0023480624540652786
0.0029024772015931134
0.0030697484451531316
0.0027322570504120093
0.0020546815530493776
0.0013628999963153485
0.0009357251852854454
0.0008956829569785835
0.0011908058729134619
0.0016074217630796474
0.001874137024739664
0.0017992074160015682
0.00144530858409983
0.0010292854989296704
0.0007478983469199866
0.0006801377023925198
0.0008032561987884517
0.0010459478020878987
0.0013366377424863579
0.0015286245251472333
0.0017974680243647658
0.0020427032271770652
0.0022528354070496756
0.0024008973853420898
0.00246184324460687
0.002432005284691277
0.0023316740515509503
0.00219233783083186
0.002048965471428327
0.0019264274226319484
0.0018521536259652222
0.0018468718911480249
0.0019024032199574615
0.001953976882456219
0.0018963934728394097
0.0016623958185806905
0.0012926675075980313
0.000907353373532657
0.0006193980343985417
0.0004920873806275661
0.0005301157900666894
0.0007211232779941759
0.0010222315726778426
0.001354651374630924
0.0015388773932047575
0.001672281298850677
0.0015727267788910903
0.001276068263620152
0.0009170475131293693
0.0006669386735789902
0.0006623961718634685
0.000958324564069993
0.0014733700344550548
0.001966781562990991
0.0021656354583994377
0.0019808310801708836
0.0015819773052798147
0.0012132203367063374
0.001001609094831142
0.0009287328710740697
0.0009289783060320947
0.0009514614678829455
0.0009491257565663808
0.0009035983466788186
0.0008501728944941535
0.0008400102643863381
0.0008628638717509132
0.0008475867298302541
0.0007420714106033
0.0005933156722768345
0.000528610771676063
0.0005617837499269677
0.0007592387923871566
0.0010090108478197912
0.0011408609484143363
0.0010600418916364253
0.0008169898385649925
0.0005409189410993656
0.0003445646162006425
0.0002756271571404114
0.0003240753158606939
0.00043239799888196797
0.0005138241805638406
0.0005012063499276975
0.00039442631027317523
0.00025335525887023387
0.00014394813302084878
0.00010429789318994225
0.0001555419691991549
0.0003083996254389928
0.0005409040026364872
0.0007765588828041982
0.0009087526450289418
0.0009044263227386529
0.0008599133224068471
0.0009298656355004296
0.0010750431899934339
0.0013673765137305293
0.001569522795941771
0.0015385381017432311
0.001297977200211452
0.0009753829675265309
0.0006911967567121201
0.0005211911287027876
0.0005043109853607131
0.0006167384136355977
0.0007708415676456392
0.0008705954072483997
0.0008869438960536829
0.000848627351839016
0.0007705421605221937
0.0006366249765835537
0.0004526197912656044
0.00026909231272993317
0.00014155166888269268
9.470168080970176e-05
0.00012291323674439692
0.00020087044665369734
0.0002845321781399758
0.00032299835566042306
0.0002915985079724258
0.00021111878351433414
0.00015240153572912163
8.279544828147591e-05
4.354520919293991e-05
2.6272352923236027e-05
1.9472256852640535e-05
1.8335762408061657e-05
2.276045119961217e-05
3.959364875900879e-05
8.225939798746295e-05
0.00015741425663563048
0.00025760697713576587
0.00035698988421162405
0.00043259245137010035
0.0004864008657416295
0.0005345833350533548
0.0005750030907572031
0.000589659219748843
0.000576917866372943
0.0005616362681962437
0.0005686177547823233
0.0005954949798213425
0.0006226655361413589
0.0006376874472995169
0.000637302282378638
0.0006147679200584341
0.0005829770773623856
0.0005120393141184214
0.0004305825031431013
0.0003616490027634476
0.0003153878079912603
0.0002855572377958537
0.00026128462964666464
0.00023653513224348158
0.00021629890609995114
0.00021274734751195956
0.00023464381677299858
0.0002738119748317348
0.0003031703013784262
0.00029590877061711103
0.0002554146333087838
0.00021845973357175516
0.00023189038195071683
0.00030496152386369485
0.00041016280595021807
0.0004962357772944128
0.0005319213282368402
0.0005302896547787926
0.0005308006077476462
0.0005645886907517549
0.0006423151834136354
0.0007550128919815533
0.0008367432243184242
0.0009351888262321469
0.0009631117369913402
0.0009071206725172228
0.0008021942549021485
0.000701166820502654
0.0006339041334813902
0.0005989231494650356
0.0005819694322678326
0.0005719697942319612
0.0005595414789238523
0.000540198995081417
0.0005190359153069749
0.0005064240233985842
0.0005007579879558767
0.0004809267828137063
0.0004257998673688936
0.00034053304614516035
0.0002565915473703912
0.00020876506467666127
0.00021139338509486037
0.0002847061087719281
0.0004754426658494293
0.0008306771540562769
0.0013102349120403074
0.001732098786661374
0.0018681808144223177
0.001776080685456087
0.0014181969768355845
0.0010078890595742126
0.0007022027299737645
0.000558707431248882
0.0005800887534253959
0.0007452695787293191
0.000987240598143251
0.0011938866971129428
0.0012691421421223562
0.0011896896809421812
0.0009972386088094513
0.0007575096475162358
0.0005323620694535953
0.00036434803025766645
0.00026569702977489323
0.00022713211263868406
0.00026209689937846566
0.0003319610927117471
0.00042573303938080875
0.0005219311767077077
0.0006210157886889544
0.0007578656398771964
0.0009781345074171095
0.0011842058862336544
0.001577102099331006
0.0020592543037344147
0.0025643581828152405
0.003041720871648181
0.0034432076275981386
0.0037337271598697963
0.003903183720326429
0.0039696579694552024
0.003973059875393006
0.003960409732801827
0.003972169148319252
0.004016851965653979
0.004077128993055767
0.004114841522639991
0.0040847532057704215
0.003952905791303928
0.0037092912518009134
0.003371411750715469
0.0029778260993346024
0.002575331004109073
0.002204748132944677
0.001890495463966633
0.0016365370980294263
0.0014295490458963818
0.0012483580382029354
0.0011327502578812394
0.0009602227691753768
0.0007889254179732463
0.0006251913559719015
0.0004781178498763974
0.00035597597910979077
0.0002624992234664344
0.00019411322192020922
0.0001419297929098589
9.833557857315893e-05
6.232280480762386e-05
3.714904541590957e-05
2.5369229796144367e-05
2.560649048200464e-05
3.3426651305721745e-05
4.3439093423819776e-05
6.383474328327641e-05
0.00010639046072580563
0.0002158709416638062
0.0004472346602052812
0.0008097973249715437
0.0011992277015164291
0.0014225278676523213
0.0013472831700435306
0.0010368353226158855
0.0007020931952565849
0.0005614579957050965
0.00052730611598449
0.0006611793091297559
0.0008562099008434141
0.001018651333443943
0.0010900929363507395
0.0010582081744335327
0.0009598343336258828
0.0008691813770836187
0.0008272521206809024
0.0007888061373039713
0.0006778200196793295
