N :Calcite
N :Gibbsite
Y :100.0% Dolomite, Diffracto n :824
N :Hematite
0.0
0.0
0.0
0.0
0.0
0.0
0.0
0.0
0.0
0.0
0.0
0.0
0.0
0.0
0.0
0.0
0.0
0.0
0.0
0.0
0.0
0.0
0.0
0.0
0.0
0.0
0.0
0.0
0.0
0.0
0.0
0.0
0.0
0.0
0.0
0.0
0.0
0.0
0.0
0.0
0.0
0.0
0.0
0.0
0.0
0.0
0.0
0.0
0.0
0.0
7.01680184045241e-36
8.055945981612552e-34
7.984960152463384e-33
4.031107937473194e-32
1.0329286361935227e-31
1.3420273466023582e-31
8.847037836101616e-32
2.9641669816210296e-32
5.0570278726097265e-33
4.3994018616167e-34
1.9524730858065174e-35
4.416884992261186e-37
5.082973067950707e-39
2.9671655929098604e-41
8.756830822633324e-44
1.2313870895307305e-45
1.157486416476979e-48
5.455315848787719e-52
1.286122002570915e-55
1.5138428305446207e-59
8.883321059478465e-64
2.5958373155167966e-68
0.0
0.0
0.0
0.0
0.0
0.0
0.0
0.0
0.0
0.0
0.0
0.0
0.0
0.0
0.0
0.0
0.0
0.0
0.0
0.0
0.0
0.0
0.0
0.0
0.0
0.0
0.0
0.0
0.0
0.0
0.0
0.0
0.0
0.0
0.0
0.0
0.0
0.0
0.0
0.0
0.0
0.0
0.0
0.0
0.0
0.0
0.0
0.0
0.0
0.0
0.0
0.0
0.0
0.0
0.0
0.0
0.0
0.0
0.0
0.0
0.0
0.0
0.0
0.0
0.0
0.0
0.0
0.0
0.0
0.0
0.0
0.0
0.0
0.0
0.0
0.0
0.0
0.0
0.0
0.0
0.0
0.0
0.0
0.0
0.0
0.0
0.0
0.0
0.0
0.0
0.0
0.0
0.0
0.0
0.0
0.0
0.0
0.0
0.0
0.0
0.0
0.0
0.0
0.0
0.0
0.0
0.0
0.0
0.0
0.0
0.0
0.0
0.0
0.0
0.0
0.0
0.0
0.0
0.0
0.0
0.0
0.0
0.0
0.0
0.0
0.0
0.0
0.0
0.0
0.0
0.0
0.0
1.2606130983704905e-36
2.0502124295423834e-35
1.6549442145767387e-34
6.630332468009005e-34
1.3184227946111117e-33
1.301192496612129e-33
6.373762071516454e-34
1.5495928180099102e-34
1.8698501017772783e-35
1.1198592455313606e-36
3.328798733296111e-38
4.911103482088773e-40
3.596152357367626e-42
1.3069667260036853e-44
2.3575365203491025e-47
2.367207225752227e-49
1.3285439499334206e-52
3.7006927073241597e-56
5.116318504808887e-60
3.5107473050524405e-64
1.1956636320609451e-68
0.0
0.0
0.0
0.0
0.0
0.0
0.0
0.0
0.0
0.0
0.0
0.0
0.0
0.0
0.0
6.023956861679703e-35
1.3315815672215337e-33
1.2599264683269972e-32
6.998928836595363e-32
2.184334612082339e-31
3.342257072650151e-31
3.8405078820005765e-31
2.44033923983981e-31
8.543428483970992e-32
1.6168606892430373e-32
1.6123406640031528e-33
8.283886550498185e-35
2.1588256847143845e-36
2.826605274426661e-38
1.8493889131545265e-40
6.028757346787357e-43
9.776488299888301e-46
7.880177875524212e-49
3.1557434717565808e-52
6.277474458833012e-56
6.202093619532958e-60
3.043259998699128e-64
7.415797399522361e-69
0.0
0.0
0.0
0.0
0.0
0.0
0.0
0.0
0.0
0.0
0.0
0.0
0.0
0.0
0.0
0.0
0.0
0.0
0.0
0.0
0.0
0.0
0.0
0.0
0.0
0.0
0.0
0.0
0.0
0.0
0.0
0.0
0.0
0.0
0.0
0.0
0.0
0.0
0.0
0.0
0.0
0.0
0.0
0.0
0.0
0.0
0.0
0.0
0.0
0.0
0.0
0.0
0.0
0.0
0.0
0.0
0.0
0.0
0.0
0.0
0.0
0.0
0.0
0.0
0.0
0.0
0.0
0.0
0.0
0.0
0.0
0.0
0.0
0.0
0.0
0.0
0.0
0.0
0.0
0.0
0.0
0.0
0.0
0.0
0.0
0.0
0.0
0.0
0.0
0.0
0.0
0.0
0.0
0.0
0.0
0.0
0.0
0.0
0.0
0.0
0.0
0.0
0.0
0.0
0.0
0.0
0.0
0.0
0.0
0.0
0.0
0.0
0.0
0.0
3.5112202283605282e-09
4.79039055898098e-08
3.2437787599426746e-07
1.0901819290277127e-06
1.818503670711497e-06
1.505555727309865e-06
6.186527370790085e-07
1.2617243720518423e-07
1.2771723146711817e-08
6.416555416746394e-10
1.600006891269959e-11
1.9802006878607564e-13
1.2163652684274795e-15
3.708397375449521e-18
5.611461262230122e-21
4.214374479929887e-24
1.5709332347833114e-27
2.906362505940357e-31
2.6687585683535597e-35
1.2162874941233416e-39
2.7512537408347256e-44
0.0
0.0
0.0
0.0
0.0
0.0
0.0
0.0
0.0
0.0
0.0
0.0
0.0
0.0
0.0
0.0
0.0
0.0
0.0
0.0
0.0
0.0
0.0
0.0
0.0
0.0
0.0
0.0
0.0
0.0
0.0
0.0
1.0462007317644294e-08
1.6208821783729163e-07
1.4859682275461197e-06
9.192158277271756e-06
4.7805773071953547e-05
0.00017932648045142853
0.0003975421576780779
0.0005049982311391462
0.0003896953280192662
0.00018891468827610642
5.4707405852725155e-05
8.719638037985419e-06
7.229526234106611e-07
3.034193480572464e-08
6.373898988702461e-10
6.672657515901487e-12
3.4754439420707806e-14
9.000706843685007e-17
1.1587886676472366e-19
7.415871822113875e-23
2.3590764757016877e-26
7.455440267437782e-29
7.397543319442783e-33
3.648566684148006e-37
8.94492200839163e-42
0.0
0.0
0.0
0.0
0.0
0.0
0.0
0.0
0.0
0.0
0.0
0.0
0.0
0.0
0.0
0.0
0.0
0.0
0.0
0.0
0.0
0.0
0.0
0.0
0.0
0.0
0.0
0.0
0.0
0.0
0.0
0.0
0.0
0.0
0.0
0.0
0.0
0.0
0.0
0.0
5.503110805229171e-37
9.04041937482008e-36
7.371168642873596e-35
2.982988420838827e-34
5.99148170840802e-34
5.97288782006294e-34
2.955302413982629e-34
1.252743694713948e-34
1.928526212293954e-35
1.473520956524782e-36
5.587976069393858e-38
1.0517686179326995e-39
9.825469896962962e-42
4.555687234793462e-44
1.0483877110856356e-46
1.1974500125392778e-49
6.788288856583216e-53
1.9099882065997562e-56
2.6672793777561086e-60
1.8487312349428452e-64
6.359844549936163e-69
0.0
0.0
0.0
9.191933512461965e-07
8.837256095231371e-06
4.2169209222800464e-05
9.987135069523932e-05
0.00011739614609509979
6.84911103231153e-05
1.9832708261164465e-05
2.8503440877334323e-06
2.0331995610496474e-07
2.369647437348314e-08
5.259109367305558e-10
5.793061240556063e-12
3.167170815770088e-14
8.594137628739081e-17
1.1574455560060545e-19
7.736887632628215e-23
2.5668438927625607e-26
4.226686871141497e-30
3.4543643480442297e-34
1.4012113957974337e-38
2.8210230114357653e-43
0.0
0.0
0.0
0.0
0.0
0.0
0.0
0.0
0.0
0.0
0.0
4.6208312262872734e-35
4.26817609767236e-34
1.2732266728001662e-33
3.65909513569788e-33
5.2192623126243675e-33
3.694979197939684e-33
1.2983217156916459e-33
2.2642276766421284e-34
1.959861214165976e-35
8.419726645993804e-37
4.3584590675636635e-36
6.182132474466458e-35
4.370197183189419e-34
2.068020192053543e-33
8.650426014667263e-33
3.607327623582621e-32
9.772758078475583e-32
1.489919765801285e-31
1.3820938714688424e-31
8.881299385654305e-32
3.886310548168432e-32
1.0027737316652017e-32
1.3722738902645805e-33
9.534640026616095e-35
3.315527018255107e-36
5.744966348920301e-38
4.953994501225207e-40
2.1252300492062553e-42
3.806864279997312e-44
5.100344651513274e-47
3.399263776473771e-50
1.127014080983151e-53
1.858813701746565e-57
2.3651501204463817e-07
3.173159718303237e-06
2.1129664614342395e-05
7.245038544407825e-05
0.00014386187203248548
0.00025618224698462674
0.0006863389219302916
0.0025136122255477057
0.009433766043558047
0.02221922117232448
0.02983142106551713
0.025680586627636212
0.015943925015134773
0.00659698895421554
0.0015523083000539865
0.00019009929506763734
1.1738487797361157e-05
3.6199337832965887e-07
5.559688755562852e-09
4.24945863925178e-11
1.6160993397148923e-13
2.671776981946872e-15
3.1744049574363867e-18
1.876562257870362e-21
5.519522706120998e-25
8.077423255045249e-29
5.881212269254805e-33
2.130436477899606e-37
2.4239886681518502e-42
0.0
0.0
0.0
0.0
0.0
0.0
0.0
0.0
0.0
4.831954217174685e-35
6.651885275247658e-34
4.545002643122776e-33
1.7997078516297997e-32
5.897918302649907e-32
2.3362481685707702e-31
6.959588870762101e-31
1.1808406955205884e-30
1.2109691743055056e-30
1.0176950256211279e-30
6.163787089967144e-31
2.428792123459453e-31
5.286937568421683e-32
5.90993716805385e-33
3.3159961300993793e-34
9.279952435622998e-36
1.293153238160819e-37
8.969027143029726e-40
3.095947233934157e-42
5.31851612315195e-45
4.5471213783331584e-48
1.9347672388504347e-51
4.0969290014833495e-55
4.317289328031563e-59
2.2639484382592422e-63
5.907432899407464e-68
0.0
0.0
0.0
0.0
0.0
0.0
0.0
0.0
0.0
0.0
0.0
9.873266756947294e-07
1.3883752487704147e-05
9.689922520485712e-05
0.0003705312960250219
0.0010802619014398122
0.004122233056870066
0.013370935804366952
0.024874674774757594
0.027081445319300432
0.020940140968424153
0.012501549211748706
0.0048185958969663364
0.0010124037857099607
0.00010855777472675117
5.830899482408266e-06
1.5613560165776203e-07
2.0818834234746327e-09
1.3819412248070027e-11
4.566530660147857e-14
7.511903752387237e-17
6.151521166313756e-20
2.5077245762352287e-23
5.088978688444991e-27
1.1927576063755515e-29
8.389041198157984e-34
5.315986139460187e-34
1.7069350883669877e-33
2.7204274283993376e-33
2.1519131225929572e-33
8.448503202745036e-34
1.6462745418072282e-34
1.5921801366883658e-35
7.642748895394289e-37
1.8208510899785505e-38
2.1531124888984902e-40
1.2636490049563307e-42
3.680896868193463e-45
5.321674278876018e-48
3.818654612673292e-51
1.3600031661081757e-54
2.404013541031259e-58
2.1091202907809794e-62
9.184028868468377e-67
1.9848723442604564e-71
0.0
0.0
0.0
0.0
0.0
0.0
0.0
0.0
0.0
0.0
0.0
0.0
0.0
0.0
0.0
0.0
0.0
0.0
0.0
0.0
0.0
0.0
0.0
1.5830048220490678e-36
1.653758165862672e-35
8.57490299267621e-35
2.206753782406255e-34
2.8186814268414835e-34
1.7869218447782567e-34
5.622540240572478e-35
1.7625136886474908e-35
1.7254614593241252e-36
8.383888188693099e-38
2.021869599904024e-39
2.4200718342397453e-41
1.4377084394221961e-43
4.239170038780894e-46
6.203807337658877e-49
4.50612481727927e-52
1.6244845398630514e-55
2.9066677889507847e-59
2.5813248561876083e-63
1.1377775988256994e-67
2.489083950649906e-72
0.0
0.0
0.0
0.0
0.0
0.0
0.0
0.0
0.0
0.0
0.0
0.0
0.0
0.0
0.0
0.0
0.0
0.0
0.0
0.0
0.0
1.5193172544864134e-34
1.3276477764473097e-33
5.7581732142634676e-33
1.4155320661143773e-32
3.451313870648182e-32
1.3533393895559005e-31
3.9071482507042732e-31
6.144955562437398e-31
5.80699188815686e-31
4.385519888214526e-31
2.8111529208051634e-31
1.1514056381670537e-31
2.511181654530017e-32
2.768188474451098e-33
1.5246590009544839e-34
4.185941130175271e-36
5.72632599882523e-38
2.2242273529857854e-39
9.52823262708972e-42
2.033786806757757e-44
2.162991989522257e-47
1.146159013792391e-50
3.025846958009338e-54
3.979432437248253e-58
2.6068548480694607e-62
8.505002030539463e-67
0.0
0.0
0.0
0.0
0.0
0.0
0.0
0.0
0.0
1.9729620388246987e-05
0.00022222986696920894
0.001242377488395605
0.003447245161891384
0.0047474261550301865
0.0032449776924387214
0.0011008614482441587
0.00018536215113690928
3.8299688577490166e-05
2.0064548451225227e-06
5.2171219491134616e-08
6.732867012793545e-10
4.312573744205109e-12
1.3710095586784257e-14
2.1632757453538175e-17
1.694145589119835e-20
6.5850189325371316e-24
1.2703733589012884e-27
1.2587633996869334e-31
1.7054187797033954e-32
4.656365717362162e-32
6.760356412125496e-32
5.782043543549753e-32
4.0115352280100455e-32
2.5362168451870126e-32
1.0607634443649335e-32
2.373414673619732e-33
2.684345461622847e-34
1.5172091051374852e-35
4.276382996533089e-37
6.008721367356646e-39
4.2086798172209196e-41
1.469482747496321e-43
2.297210756829455e-45
2.5134575669254204e-48
1.3706479663562716e-51
3.724869261871336e-55
5.0438446687857015e-59
3.4025337978865697e-63
1.1432721091207654e-67
0.0
0.0
0.0
0.0
0.0
0.0
0.0
0.0
0.0
0.0
0.0
0.0
0.0
0.0
0.0
0.0
0.0
0.0
0.0
0.0
0.0
0.0
0.0
0.0
0.0
0.0
0.0
0.0
0.0
0.0
0.0
0.0
0.0
0.0
0.0
0.0
0.0
0.0
0.0
0.0
0.0
0.0
0.0
0.0
0.0
0.0
0.0
0.0
0.0
0.0
0.0
0.0
0.0
0.0
0.0
0.0
0.0
0.0
0.0
0.0001888249365958631
0.001797052400345867
0.008489405181781219
0.019922374424316415
0.03068260806090506
0.08416548381736336
0.3389439444786655
0.7990537300249587
1.0
0.8073915230277587
0.6357143886839621
0.5285697726752784
0.2774758387277063
0.07754894789483112
0.010929241183307042
0.0007695842296285235
2.703786477984047e-05
4.738977115521134e-07
4.143915704707424e-09
1.807848912634567e-11
3.934851712545379e-14
4.272452229954787e-17
2.3139538445486954e-20
6.2501050430614684e-24
8.417533405692994e-28
5.651236464003441e-32
1.890815830944001e-36
0.0
0.0
0.0
0.0
0.0
0.0
0.0
0.0
0.0
0.0
0.0
2.399449629706453e-07
3.738079203084608e-06
2.8903658059175217e-05
0.00011092375744584396
0.00021128262520219123
0.0001997424839419601
9.372264971134857e-05
2.1826601559719055e-05
2.522871512171168e-06
1.4473434337017016e-07
4.121122343618702e-09
5.824073808313749e-11
4.085128130484982e-13
1.4221714157708963e-15
2.457342310134339e-18
2.1073992504729536e-21
8.970061781523394e-25
1.895009961998684e-28
1.9869869307841295e-32
1.034060559596999e-36
2.6709415691992215e-41
0.0
0.0
0.0
0.0
0.0
0.0
0.0
0.0
0.0
3.8046194069269095e-07
6.4552201176409054e-06
5.435986169447606e-05
0.0002272024867054354
0.0004713193474579347
0.00048527163323497597
0.0002479830474588983
6.289650744945236e-05
7.917690441802971e-06
4.946954956029782e-07
1.534068823246099e-08
2.361126099890951e-10
1.8036861482504172e-12
6.838647339160595e-15
1.2869062099911308e-17
1.2019628228586762e-20
5.571891148073469e-24
1.2819813799297386e-27
1.4668213417043753e-31
2.581108404238351e-34
1.545102009271151e-34
4.191638047118585e-35
5.64418394532956e-36
3.772124293129113e-37
1.2512332594732852e-38
2.0599563393037264e-40
1.6832367376512212e-42
6.826527390511244e-45
1.3741113378394746e-47
1.3728132398417288e-50
6.8071989722985e-54
1.6753011293603088e-57
2.0463728609053126e-61
1.2406352138802887e-65
3.7331108881280524e-70
0.0
0.0
0.0
0.0
0.0
0.0
0.0
8.416104377300273e-07
1.3670295565483214e-05
0.00011020775260464169
0.000440974867017362
0.000753118904352631
0.0009994055510407593
0.0014744029504023238
0.006378786551456696
0.021486129341368884
0.03747518444071535
0.03546581621680632
0.025706245186120497
0.02251535106392975
0.016210625076872442
0.0064592864464025086
0.001303890224052071
0.0001316704888071592
6.641622254393063e-06
1.6733084949488764e-07
2.105854815573176e-09
1.3238628548879956e-11
4.1571651830615735e-14
6.519802871824028e-17
5.105825532357765e-20
1.9960694121042396e-23
3.894259824744025e-27
3.790169347321739e-31
1.839545936812755e-35
4.450507479463824e-40
2.8825405705249516e-54
1.0867838850049802e-56
1.4033555202548332e-60
8.994140649477108e-65
2.8610081321344854e-69
0.0
0.0
0.0
0.0
0.0
0.0
0.0
0.0
2.256931301008169e-06
3.0278674195935286e-05
0.00020161499072808534
0.0006663098531996974
0.0010929419634499434
0.0011471502650894497
0.003001368122165301
0.013585826407400007
0.03461575346089408
0.04525532215469872
0.03481449249565121
0.026654537346821314
0.024477041853847775
0.015086327501060414
0.007649141909491682
0.001559025936250339
0.00015894949090499957
8.098167897655153e-06
2.0618198564516783e-07
2.623546669254259e-09
1.6684209335022366e-11
5.302314343867282e-14
8.419634320336966e-17
6.678490796353966e-20
2.6453324184526956e-23
5.2304024818373704e-27
5.160153890999453e-31
2.5390611512482607e-35
3.199385553003843e-36
3.7951407903429005e-35
2.2348130986687783e-34
6.531636009427328e-34
9.474803051729274e-34
6.821593842218407e-34
2.2405617812359024e-05
0.00020782399939513145
0.0009567576046405584
0.0021929123805199875
0.002644778184201954
0.0027273395733068357
0.0081062915414118
0.03463990683511652
0.08340516227068591
0.10422120851470133
0.0771778118312813
0.05920759534971932
0.05646883138245266
0.035918424804867746
0.011896733581179113
0.0019784134321114218
0.00016451570062488448
6.838910587227208e-06
1.4213606296432187e-07
1.4770217874685958e-09
7.673940606525884e-12
1.9931366841966835e-14
2.5872524535249624e-17
1.677965242724469e-20
5.434999408306572e-24
8.788626870751467e-28
1.0433402534010712e-31
3.170070374053417e-32
2.5592103984663047e-32
1.1327434210467779e-32
2.5333814589782106e-33
6.354867124013452e-34
4.481137129013171e-35
1.5800902478860015e-36
2.7862718520063936e-38
2.4570399032110346e-40
1.0834270826581705e-42
2.3883147904175746e-45
2.6311931870623588e-48
1.4481534060706436e-51
3.9800024093703935e-55
5.459449838431072e-59
3.7358801237667963e-63
1.2746661271076113e-67
0.0
0.0
0.0
0.0
0.0
0.0
0.0
0.0
0.0
0.0
0.0
0.0
0.0
0.0
0.0
0.0
4.1444786977477703e-38
1.8720636260937707e-35
2.1430090184907527e-34
1.2227860014334286e-33
3.4725409309460336e-33
4.9032850767981354e-33
4.11596796574297e-33
9.07231945188764e-33
4.5923693764010904e-32
1.3260761020024952e-31
1.9389818683828988e-31
1.5452380127549572e-31
1.5861427465345422e-07
2.557998465106031e-06
2.047508624083321e-05
8.134271238133981e-05
0.0001603906362654557
0.00015696644435904357
7.624336948025689e-05
1.8380816176364124e-05
2.199353063238874e-06
1.306148521825019e-07
1.3472232025319485e-08
2.489332532304878e-10
2.2829359434641698e-12
1.039135033728162e-14
2.3475653907633595e-17
2.6322725786811006e-20
1.4649117788527725e-23
4.046313542719597e-27
5.547229370268727e-31
5.42192513118055e-35
9.769256036025966e-35
2.8752138479997245e-34
4.200025507094102e-34
3.045097161426718e-34
1.0957660259163988e-34
1.9570501637663544e-35
1.7348164619966476e-36
7.632601028223558e-38
1.6667061522368233e-39
1.8063960112911508e-41
9.717047882778933e-44
2.594317768226918e-46
3.437790819585261e-49
2.2610136017738485e-52
7.38064560770356e-56
1.1957846666387568e-59
2.408097030006942e-62
2.5325534690880497e-06
2.7665715717142064e-05
0.00015000047930245218
0.00040365546221211244
0.0005391336891352838
0.0003573958931942941
0.00011758992001056638
1.9202513637788098e-05
1.5563723963420877e-06
6.260894807895786e-08
1.2500481584260266e-09
1.2387524667113236e-11
6.092699659694054e-14
1.4873132875449043e-16
1.802032402748772e-19
1.0836528659300696e-22
3.2343366696176965e-26
4.7924001945430715e-30
3.815526629788906e-33
5.1205595961420506e-33
4.018640598105516e-33
5.307185189174266e-33
2.8976236606430633e-32
1.0459062443985047e-31
1.9094535939435052e-31
1.1839502243051335e-05
0.00015235965292600186
0.0009731369326795309
0.003084930512099421
0.004853826705825067
0.00396118787851672
0.0042893127460886865
0.022818288719178726
0.08987528116417508
0.17943822027737216
0.183252224646427
0.11535663896773499
0.09517138168759622
0.1047354960974052
0.07162729882845295
0.02506697200413469
0.004399303912356625
0.00038662109064606744
1.7016607382394418e-05
3.751603819373628e-07
4.143074672372835e-09
2.2915201045642216e-11
6.345783662356382e-14
8.794567859172756e-17
6.096382211890214e-20
1.1181658782911991e-08
7.057986371973151e-08
6.243319505866341e-07
2.74105504020014e-06
5.972929679755571e-06
6.459880696918331e-06
3.4676003898338354e-06
9.238490975661279e-07
1.2216322377461983e-07
8.017655299582823e-09
2.611690605972533e-10
4.2224403508188185e-12
3.388229110362942e-14
1.349427218533855e-16
2.6674335686287056e-19
2.6170089558982933e-22
1.2743368904455956e-25
3.079859056632545e-29
3.764081497662801e-33
3.896063669522451e-34
1.0801637583740272e-33
1.4871882573434686e-33
1.0162714999065258e-33
3.446838977914142e-34
5.80229351796007e-35
4.847812828657794e-36
6.2780561130808e-37
1.6319884934896407e-38
2.105602762801089e-40
1.348351868354428e-42
4.2854604445182545e-45
6.760194486968758e-48
5.292834815866936e-51
2.056766263859044e-54
3.966879333913798e-58
3.797348797641561e-62
1.2616808479718648e-36
1.8194324437131793e-35
1.3022363349524617e-34
4.631778723910124e-34
8.220967220576552e-34
7.49910535426604e-34
4.104758024993202e-34
2.0542296136299188e-34
1.053557373613607e-34
9.105484318285232e-35
5.026858216705594e-34
2.1150574109897818e-33
4.509795749710143e-33
4.8992919682945884e-33
3.1549922474690795e-33
2.611418230026357e-33
3.137309358373312e-33
4.998973455486907e-06
5.127425911129919e-05
0.00026102698490229354
0.0006595365530808374
0.0008271033570505503
0.0005433109632754325
0.000630867123856534
0.0038147637828322943
0.015199805794758558
0.030511033397704106
0.031114952165532745
0.018648970060293295
0.014359032675830203
0.017628203417777367
0.014113701556282176
0.005798380418256218
0.0011956427804285337
0.0001235868002290589
6.405160237776293e-06
1.6647970412463947e-07
2.17002596878763e-09
1.4182351945794787e-11
4.645517051204205e-14
7.622089590439844e-17
6.259886467901397e-20
3.736159231225423e-22
9.666065043346887e-26
1.2506591987900392e-29
5.025244424911511e-32
7.966590917688917e-32
6.62529157798939e-32
3.7653789436631625e-32
3.6998176953569934e-32
4.3779878299785047e-32
2.0400485574850415e-07
2.991859965647691e-06
2.177757260611613e-05
7.867651750972109e-05
0.00014107440796969165
0.00012555060058846182
6.190037327640915e-05
9.463040117558102e-05
0.0005252551442693693
0.0016520676368476416
0.0025852988250076826
0.002008071942667339
0.0011823286044093922
0.004763149032165256
0.026039816016925087
0.07334276812569875
0.09977701385169324
0.090561260825109
0.05066591167630029
0.04303502222913523
0.05467870403412489
0.042433319213844814
0.01676786962703526
0.0033252746862196757
0.0003307670892503313
1.6508357981990197e-05
4.134764871747985e-07
5.196843471800628e-09
3.2767582600285637e-11
1.0359699045541884e-13
1.6411760088832178e-16
1.301734471565698e-19
5.1650167592507406e-23
1.0242726531135746e-26
1.0143157852646344e-30
5.011683331284407e-35
1.2345664146343013e-39
0.0
0.0
0.0
0.0
0.0
0.0
0.0
0.0
0.0
0.0
0.0
0.0
0.0
0.0
0.0
0.0
0.0
0.0
0.0
0.0
0.0
0.0
0.0
0.0
0.0
0.0
2.2108997072818073e-07
2.194016378494302e-06
1.0806327828936787e-05
2.6417022237908748e-05
3.2052140306318454e-05
2.4707059862719256e-05
1.200377377672786e-05
3.9606177354752846e-05
0.0002585126607943414
0.0009079710865101719
0.001677201285469216
0.001678259219359108
0.001019791506178587
0.0006716566153200717
0.0007090591955354639
0.0005493555519411588
0.00022489195151100604
5.9322498357710336e-05
9.536304601416636e-05
0.0003066172349334152
0.0005141392558952675
0.0004282236918911534
0.00017702447637607516
3.632147511047791e-05
3.698802044780656e-06
1.8695029300657953e-07
4.689846856389455e-09
5.839270884256948e-11
3.608494386883276e-13
1.1067789625912604e-15
1.583188840434028e-17
1.5108221091972904e-20
7.155852835493603e-24
1.682344543295488e-27
1.3913744223077372e-08
1.7809286731144213e-07
1.1314008142294403e-06
3.5674171667325752e-06
5.582885987111123e-06
4.336417315717215e-06
1.6717480724145704e-06
3.1987333800293095e-07
3.037754716046168e-08
1.4318410698666476e-09
3.349688149469876e-11
3.8893890616038695e-13
2.2414334571932005e-15
6.411176926387028e-18
9.10158698456053e-21
6.413039896369567e-24
2.242884673530774e-27
5.230930423496154e-31
8.310892998537073e-08
1.0695068574179732e-06
6.8310412241980625e-06
2.1654975118533787e-05
3.1665532401084105e-05
3.1232253954501154e-05
1.5289289724412456e-05
3.7148282844448317e-06
4.4797896996376074e-07
2.6812910603672458e-08
7.965219415451309e-10
1.1744079358194776e-11
8.594243629397516e-14
3.1215032730058986e-16
5.627135571318151e-19
5.034755817911225e-22
2.2358203075969535e-25
4.9279107151349765e-29
5.390837177943414e-33
2.926961764163937e-37
7.887608267892809e-42
0.0
0.0
0.0
0.0
0.0
0.0
0.0
0.0
0.0
0.0
0.0
0.0
0.0
0.0
0.0
0.0
0.0
0.0
0.0
0.0
0.0
0.0
0.0
0.0
1.5856829437312048e-06
2.0713739956924774e-05
0.00013429756390415112
0.00043216063006450546
0.0006902234581840562
0.0005471440498538703
0.00021526880309998683
0.00027905039045809585
0.002190399838884264
0.010070667691986437
0.023221269525064973
0.027660710163067224
0.02059753127674784
0.009775663162854716
0.009330981528755035
0.014089419733357703
0.012348623781352847
0.0054802122503562435
0.0012226400194888783
0.00013717569180466874
7.74364785327823e-06
2.1997418990104539e-07
3.143844382493102e-09
2.25925950044237e-11
8.156648732733852e-14
1.4778491407776982e-16
1.3421443441505106e-19
6.102101018334636e-23
1.387212247946443e-26
1.5750551464438513e-30
8.922591021387234e-35
2.5196202550805827e-39
3.3485031371940694e-44
0.0
0.0
0.0
0.0
0.0
0.0
0.0
0.0
0.0
0.0
0.0
2.9005592593627654e-36
2.9511103610902124e-35
1.4902413483181458e-34
3.735039659287432e-34
4.646236113321948e-34
2.8727764086869886e-34
9.406705780344705e-35
5.883268645047681e-35
1.674988212244558e-34
3.0264851012920913e-34
2.729921085918e-34
1.222309384583048e-34
2.716318693435864e-35
2.996041128265201e-36
1.6401450963939733e-37
4.456400548047768e-39
6.009711420383448e-41
4.022448268402454e-43
9.68048130050913e-45
2.0159490409422944e-47
2.0836731687127178e-50
1.0689246666808599e-53
2.7216485832134515e-57
3.439413951750016e-61
2.157268979400832e-65
6.715704812855028e-70
0.0
0.0
0.0
0.0
0.0
0.0
0.0
0.0
3.463123908139709e-06
5.250559356663919e-05
0.00039510321577489253
0.001475648791619616
0.002735412950486876
0.002516692998941764
0.0011492249162978706
0.00045960292891867623
0.002810346143850154
0.018983284491102814
0.046464127223814655
0.10008721983538227
0.10871722117102413
0.062081289226487146
0.030853537853078084
0.04334454784898135
0.06120604457561834
0.046454941476252024
0.018380809758645474
0.008445370190101116
0.027066018089730134
0.07221723189692805
0.09805656942874887
0.0679490273161283
0.029466991694989016
0.028119892893937813
0.04768463063586607
0.0468925911796732
0.023347691362584355
0.005872468446179476
0.0008152598282517105
0.00017842236845126371
0.00011474730569957902
5.598532580742653e-05
3.1562223909829914e-05
2.8786933188079808e-05
1.9922128051161475e-05
7.339995930081196e-06
4.238506874740439e-06
3.629648118059742e-05
0.00022143084923398663
0.0006781689745001106
0.001043012839429466
0.0008139563734364015
0.000360924814515057
0.00025997259917232403
0.00046359354759676334
0.0005356117755668834
0.0003151167468707803
9.335698875693549e-05
1.3935095035149634e-05
1.2644746625293076e-06
3.2338175581183146e-06
2.347072637447009e-05
8.559642210251834e-05
0.00015494093175443202
0.00013974324170790955
6.940813087635517e-05
6.915996962387049e-05
0.00026368296797648586
0.001038077527183808
0.0023138107291921775
0.005217826431468488
0.006363987558322406
0.004036670066888618
0.001674856481698408
0.0017771103646173883
0.003105020581225421
0.003053983216720882
0.001518622396972188
0.0003803973588899881
4.803904538848906e-05
3.060467198448117e-06
9.837082776428644e-08
1.5945941380032857e-09
1.3024250109051708e-11
5.3533581978278644e-14
1.1056548695992925e-16
1.145607863964389e-19
5.945435402464594e-23
1.5431650451832426e-26
2.0004900636519798e-30
1.2937349538137155e-34
4.16970887973838e-39
6.417754833014575e-44
7.011819864456284e-67
2.0064361827337282e-71
0.0
0.0
0.0
0.0
0.0
0.0
0.0
0.0
0.0
0.0
6.188526314854041e-10
9.790790538302899e-09
7.688041643070642e-08
2.996271371543793e-07
5.795808300736455e-07
5.564348602358018e-07
2.6514417982708614e-07
6.270718661996671e-08
7.360714695212872e-09
4.288348806585329e-10
1.2400170915018474e-11
1.779642176189543e-13
1.2676669220807012e-15
4.481723681751171e-18
7.864161896423142e-21
6.849001548468027e-24
4.232455440510496e-26
1.1468935113306568e-29
1.9649119091891006e-33
3.31193038902766e-34
1.2877612232808774e-34
2.4859474465855505e-35
2.3818587580960032e-36
1.1326807406118336e-37
2.6734155981599697e-39
3.131791847589413e-41
1.820902746559121e-43
5.25470164978447e-46
7.526218537587183e-49
5.3502372005257736e-52
1.8877161823908803e-55
3.3057332876670297e-59
2.8732034107366754e-63
1.2394596288929667e-67
2.653785691614242e-72
0.0
0.0
0.0
0.0
0.0
0.0
0.0
0.0
0.0
0.0
0.0
0.0
0.0
0.0
0.0
0.0
0.0
0.0
0.0
6.277928214838107e-36
7.860344475056249e-35
4.884659136520941e-34
1.506587628624651e-33
2.3063328289312147e-33
1.75233451438108e-33
6.62690004093136e-34
1.5175500788520335e-34
9.828224105619912e-34
7.781134273351406e-33
3.361767937635685e-32
7.548931969517536e-32
8.67592411811269e-32
6.569376570214553e-32
2.668531809228048e-32
1.725001765579103e-32
4.12288582992537e-32
7.644188055820447e-32
2.388551971480568e-07
3.3329984371921666e-06
2.3083569952487162e-05
7.93484211387504e-05
0.000135375805775181
0.00011463342534076231
4.8178018585832734e-05
1.0049722041802602e-05
1.0404629391081623e-06
5.3464638027472455e-08
1.3635595091590639e-09
1.7260326712960587e-11
1.0844046663576818e-13
3.3814361678994797e-16
5.233334077969964e-19
4.01997336399856e-22
1.5326230102225582e-25
2.9001132519317643e-29
2.7237172674250806e-33
1.2696281427912615e-37
2.937368998817635e-42
3.188889321222679e-67
5.71200892265235e-72
0.0
1.6368267714797853e-08
2.383988183175509e-07
1.7233477728656147e-06
6.183141796654003e-06
1.1010649429052656e-05
9.731596967253308e-06
4.268966469131445e-06
9.294559735801969e-07
1.00438993590977e-07
5.3869548044658995e-09
1.4340086186679563e-10
1.8946440976595256e-12
1.2424272583258743e-14
4.0437262843404085e-17
6.532207635801102e-20
5.2372784072322956e-23
2.0841011982637774e-26
4.1167852435138194e-30
6.855944733373601e-34
1.3379010240528078e-34
2.0002462588588903e-34
7.541794714946241e-34
2.45279187064507e-33
1.0304992575329925e-32
2.2625411291937569e-32
2.521776519921075e-32
1.4823923661310984e-32
7.380645777805518e-33
4.1470402930900995e-06
4.143536277136751e-05
0.0002054809126779159
0.0005057539422542829
0.0006178378598176241
0.000374608138442386
0.00011273203562594156
1.6837784243754306e-05
0.00020843349308694001
0.0019192590023905214
0.008885090480513249
0.020635743174987117
0.024176041925889322
0.01445946114781784
0.005078437867662968
0.004315165984263411
0.009709864503342618
0.012961699881570777
0.008794951888413196
0.0030410154130848873
0.001038728084102657
0.0001232474401251397
8.404655615240937e-06
3.659677914669282e-07
1.0560525646534169e-08
1.857786278717487e-10
1.7935865407819211e-12
8.945847029367675e-15
2.2474663960805984e-17
2.817329884124533e-20
3.118635095255254e-07
3.4845269436991773e-06
2.0378038121579092e-05
7.063413190172303e-05
0.0002159581281059395
0.000633423872850058
0.0011984898550159552
0.001189646411017218
0.0005917834348617227
0.0001463451250172712
5.133261195466504e-05
0.000578350281499527
0.0049187419139082415
0.020956201902161246
0.04482775844710926
0.04843596869238905
0.03509056400774783
0.013079880251228563
0.006994641968979416
0.01591437345913221
0.026202209786940697
0.022060662360444433
0.009469020392629693
0.002172795486939626
0.00033413656352262045
5.3010173822264256e-05
7.573088986374842e-06
6.400482894397244e-07
2.7722593761690052e-08
5.991170018706414e-10
6.431795822569968e-12
3.427540855147634e-14
9.065900982870858e-17
1.1901687379719986e-19
7.754858227517472e-23
2.5078796481033093e-26
4.0253863255759525e-30
3.208876006800666e-34
1.658745698709595e-38
3.7823399946646347e-41
1.8231419209954036e-43
4.4534108151154395e-46
5.510417442158527e-48
4.2665036290843163e-51
1.6533550548192301e-54
3.2011819969580995e-58
3.092263056604873e-62
1.488522533946243e-66
3.5673288436321598e-71
7.532987107540858e-09
9.520352384798578e-08
5.971814007271874e-07
1.8592036903521653e-06
2.8728643656929473e-06
2.2032852258046866e-06
8.386751445278339e-07
1.584470917346247e-07
1.3600756405108627e-07
1.8811677778746185e-06
1.4379893669706597e-05
5.501951413543581e-05
0.00010582112555754096
0.00010300949005064533
5.1531446974325945e-05
1.640017790833783e-05
1.8768302544647745e-05
4.490855637338401e-05
5.835272126350049e-05
4.9052124258741464e-05
2.0856613852424805e-05
4.4935538783069125e-06
4.912016108879141e-07
2.7253510651696307e-08
7.6704592679288e-10
1.0934961121436364e-11
7.879315098054817e-14
2.8625795933707863e-16
5.230117289904081e-19
4.7939517113247735e-22
2.1996922121092684e-25
5.0441400414096893e-29
2.3835420205170333e-32
3.6058822315867475e-32
3.7129169930569427e-32
1.9336039032642846e-32
5.10128044958809e-33
6.828781727851376e-34
4.6416537183037856e-35
1.601551110664946e-36
2.801574554458374e-38
2.479607162684973e-40
1.107664160092417e-42
2.490765819028651e-45
2.915994015926363e-47
2.0771300876517343e-50
7.401795425698994e-54
1.3171766163376166e-57
1.3542900601711811e-36
1.3684340766863012e-08
1.8198246278630662e-07
1.2011649357176444e-06
3.934986109850316e-06
6.398102768905237e-06
5.16329180057381e-06
2.068090681639723e-06
4.111307268194228e-07
4.056558509091352e-08
1.9865660205118033e-09
4.828538641121665e-11
5.82499919758095e-13
3.4877349919116997e-15
1.0364742985772601e-17
1.5287661087574762e-20
1.1191569737758687e-23
4.0663842478347134e-27
7.333195673357031e-31
6.563652540908218e-35
2.9158510967987636e-39
6.429135094858132e-44
0.0
0.0
0.0
0.0
0.0
0.0
0.0
0.0
0.0
6.689867656322356e-10
1.0259077934400494e-08
5.638823171827165e-07
8.477519269247423e-06
6.895816214732795e-05
0.000284343267329935
0.0005847468563578353
0.0005974939946484159
0.00030309089987311304
7.631388022145158e-05
9.536894347197786e-06
4.726237268787347e-05
0.0006381374780503916
0.004302132758596741
0.014526566267142644
0.024702108589364044
0.02413470387103848
0.013361321258923486
0.004111347031670679
0.0026178622164155898
0.007247115695281675
0.012780773024695035
0.01145427733449033
0.005200835319107324
0.0011990378440763136
0.0001405715212686489
8.383688890303766e-06
2.541561538763362e-07
3.909283173663276e-09
3.043070259356754e-11
2.909815589132912e-07
3.0539479619036714e-06
1.590836062212926e-05
4.112980705689312e-05
5.2778296328336145e-05
3.361410189740692e-05
1.0625640235596068e-05
1.6670788921357434e-06
1.2981493135884724e-07
1.7109685014268648e-05
0.0001591640372093958
0.0007404361855260974
0.0014069062289788277
0.0020849084057773535
0.001572978127938479
0.0006176368961089338
0.00018623652547340464
0.0003334246568709091
0.0008326319658050705
0.001090863743028151
0.0007239263831243549
0.00024381807493029155
4.1762423590791415e-05
3.6416964121128742e-06
1.616317221550763e-07
3.6461556966848653e-09
4.170597010336846e-11
2.411791219399751e-13
7.029254861137591e-16
1.0294767935461937e-18
7.55639488487196e-22
2.7735560048083626e-25
5.081596308183843e-29
4.6407469799433596e-33
2.1103208051872703e-37
4.827349667613718e-42
1.2454013460083246e-46
1.4337404881991694e-49
1.0671528102056741e-51
3.822377548238747e-55
6.795290077815917e-59
5.99583771972452e-63
2.6257851588080047e-67
5.7073690892258e-72
0.0
0.0
0.0
0.0
3.7226115375494795e-07
5.473133831526225e-06
3.999617596656606e-05
0.00014585964648967318
0.00027012984657419077
0.0002749878040034352
0.00019605649148259397
0.00012599551086808688
6.090895865412392e-05
2.7783094196301473e-05
0.0001719223846273893
0.0013085249604182594
0.005055524177377171
0.009831229563972149
0.009703237867542987
0.006637375782872165
0.0022158278959078545
0.000760197098722142
0.0018882375669826987
0.004511056714352336
0.0056052529638525445
0.003682922651393757
0.0014054124097046808
0.000369174900529351
7.202923221433326e-05
9.049657284360917e-06
6.260124437621186e-07
5.689705519874837e-05
0.0006324583254032726
0.003470334170714324
0.009554215114853552
0.01329046809975913
0.009439137489004244
0.0034976177830245854
0.0009729078357072093
0.0017750184070187234
0.004861131385785542
0.007012753713430616
0.005236816536174016
0.0021804942119312705
0.0006494064568821489
0.00033764590241405973
0.00039627292683378754
0.0006917909095945465
0.0006789855932363342
0.00038419771216614146
0.0006510793449744515
0.003177294622621485
0.008836692977868564
0.012646712710380703
0.010854048662223139
0.012675443105035865
0.023963395445944356
0.030417422818967584
0.02285179529781826
0.012767792618422171
0.0068716079711944565
0.006225362004824466
0.011626247117501825
0.015336461496198248
0.01056543137789286
0.0037107544972247697
0.0006646709317181705
6.077676346158615e-05
2.8357471306897854e-06
6.73885115061462e-08
8.132335094905826e-10
2.93128871760681e-11
1.1344735098614039e-13
2.2088821230937364e-16
2.1571191500891147e-19
1.0539063637810336e-22
2.57087608610473e-26
3.1263648076654927e-30
1.9163867203188853e-34
8.11951883164279e-38
1.2391299222751346e-39
1.0307674803709757e-41
4.329538349736608e-44
9.150306535701619e-47
1.0728947862737251e-36
1.0687519710058538e-35
5.284016591303901e-35
1.2966383626672422e-34
1.5792140919090461e-34
9.546201670550165e-35
2.86409651750197e-35
4.2649323185855936e-36
4.962485194377593e-08
7.7753586216276e-07
6.04656998848853e-06
2.3338083500296103e-05
4.4708360550790415e-05
4.672898683685347e-05
2.7851954071383666e-05
8.239340024777481e-06
1.209752787638176e-06
8.815933128482092e-08
3.1886539741353607e-09
5.724188792573198e-11
5.100208785767977e-13
2.2554303031925327e-15
4.950377491740024e-18
5.392804464834878e-21
2.915805025195845e-24
7.824736777457624e-28
1.0421938207944779e-31
6.889755312861691e-36
2.2693869252211246e-40
2.719435708186399e-45
4.193574814086681e-48
3.2418537537624496e-51
1.2531968016288523e-54
2.417747041075185e-58
2.324449606200314e-62
1.1124069122665767e-66
1.8940637351922216e-36
1.8062175346897696e-35
5.503879886933858e-35
1.6330149584372431e-34
2.2339139444938427e-08
2.88957803097542e-07
1.8551108460185087e-06
5.911160513006602e-06
9.348524927835883e-06
7.3380535798170975e-06
2.8588154246790414e-06
6.46335285561603e-07
1.3344324422975655e-06
8.7140451709772e-06
2.9543485824022564e-05
5.083142246112477e-05
4.95130754931147e-05
3.9758935787650814e-05
3.3687773423080196e-05
2.0179226908416435e-05
6.472332648012241e-06
1.0433151965100999e-06
8.36349114380371e-08
3.3285801469205676e-09
1.0181285073349429e-05
9.347101895278083e-05
0.00042910606033857567
0.0009905034006547945
0.0011857889583125336
0.0008897076801428988
0.0003477927950630002
8.118389269826932e-05
8.110713101796576e-05
0.00028798637997645195
0.0005708452390017565
0.0005745990156881712
0.0002944409629241941
7.706975498983034e-05
1.0325585830504826e-05
7.082763832308445e-07
2.483442123584388e-08
4.437355295628685e-10
3.261939291142768e-08
4.936400849354235e-07
3.7082240215121755e-06
1.3825758726754002e-05
2.55846473207992e-05
2.3498348785006865e-05
1.071418401082921e-05
2.462380377570223e-06
5.865620124137108e-07
1.2793279551695144e-06
2.5231942308631358e-06
2.498754063792343e-06
1.6824178148318124e-06
5.184699726552586e-07
7.930140214296309e-08
6.02012590469913e-09
2.2682855817741133e-10
6.803051401400963e-07
6.821709920398061e-06
3.382563560735557e-05
8.428104356613747e-05
0.00010646077702787585
6.910870871808135e-05
2.3549921800079726e-05
5.318988260775255e-06
8.168034477324713e-06
2.8559326135891617e-05
5.310393453320508e-05
5.015889205348265e-05
2.415215225900904e-05
5.949154901957536e-06
7.510920928191945e-07
4.860247144690437e-08
1.6087331545950932e-09
2.714234957436782e-11
2.324215350841142e-13
1.0056500590586101e-15
1.823813720615489e-17
2.507662263794464e-20
1.7259088844675872e-23
5.9322997571502104e-27
1.0165516306800429e-30
9.550302066434192e-35
6.143509496404694e-35
2.1374376073614056e-34
3.69117902547584e-34
3.163765070272849e-34
1.345893806207467e-34
2.8417430873415455e-35
2.9780108796711154e-36
1.5489421498206385e-37
1.5115590272228635e-35
2.374590689286785e-34
1.8484125723702008e-33
7.202041663404544e-33
1.4137460404194342e-32
1.4131123783194658e-32
7.308438561892572e-33
2.0138585748861014e-33
5.295878852937055e-34
1.5057631184402061e-33
4.696172524006576e-33
7.52914158178515e-33
7.083448666774706e-33
3.690689594346661e-33
9.847286408005586e-34
1.34833023018692e-34
2.2893704019977861e-35
1.5477146287996431e-34
8.817959112797758e-34
2.5016673893752583e-33
3.529386601706843e-33
2.4799221603030904e-33
3.478208308619717e-09
5.0121938910015965e-08
3.584821929076857e-07
1.2725497278819895e-06
2.2420711342955647e-06
1.9606111240375422e-06
8.509440139040715e-07
1.8330654117012637e-07
1.9598479909439034e-08
1.0400022131244935e-09
2.7391359569701933e-11
3.5806375731879034e-13
2.3231357618322593e-15
7.480941628558947e-18
1.1956536445444326e-20
9.484664454912213e-24
5.507427328920395e-26
1.3625093103276254e-29
9.958064636867988e-33
1.0958368085616583e-33
7.436599077697508e-35
2.5865636592039036e-36
4.592299673870137e-38
4.141977354493571e-40
1.8886218514033914e-42
4.334533873934078e-45
2.753368221163893e-06
2.7560298121880684e-05
0.00014130080843974784
0.00037264992143108276
0.0005070387944419761
0.0003574654790843958
0.00013326599763136384
2.8751229241771836e-05
4.551111522411935e-06
6.180520707117486e-07
2.184693712248751e-05
0.0003722134402380543
0.0026210281647307443
0.009559013257664324
0.018224531886875717
0.018358847638933504
0.013026879567958158
0.0046797707708942865
0.0010327255848524921
0.0010065532448041625
0.0038752643969465718
0.008657557820421186
0.010197898079778419
0.006343723520326254
0.0020852091267961406
0.0003615269000586419
3.292776862536905e-05
1.566165272062883e-06
3.8622424360965006e-08
4.900826179764104e-10
3.1771598962754962e-12
1.0460722415073398e-14
1.741459493937073e-17
1.4618257000950193e-20
6.1807680127453894e-24
1.3170719367837882e-27
1.4180428323581166e-31
1.6237661615144553e-35
8.078958833973427e-37
3.861301133681796e-38
2.3047851050803947e-36
1.660468321873176e-35
1.8192624800306192e-34
6.753949954434648e-08
7.270525494937028e-07
3.884554466490441e-06
1.0301111281195174e-05
1.3557961380934004e-05
8.856704529268322e-06
2.8715565293694503e-06
4.6209368578198204e-07
3.690711926781442e-08
1.4630450950290382e-09
2.878543035572417e-11
2.810963401189333e-13
1.362401476402765e-15
3.277347331786102e-18
3.912976906616413e-21
2.318780019979974e-24
6.819919751211281e-28
3.249287845405156e-09
5.215812260768194e-08
4.15549884471778e-07
1.6432053150452524e-06
3.22498683573226e-06
3.141459835426816e-06
1.5188067789626474e-06
6.339647643233532e-07
9.536343501372465e-08
7.119772253755775e-09
2.6382610600076966e-10
4.8521797752210425e-12
4.4291812138328996e-14
2.006676964412064e-16
4.512310030171178e-19
5.036024654249434e-22
2.789614641964169e-25
3.264613890188639e-08
5.076002918466357e-07
3.917232528621073e-06
1.500390450754101e-05
2.8523097121482827e-05
2.6912653512250607e-05
1.2603286521823561e-05
2.929399136143599e-06
3.3794088636577864e-07
1.9349528134228606e-08
5.49879423224338e-10
7.75589656244597e-12
5.429552020719963e-14
1.8865287958261026e-16
3.2533465620260474e-19
2.784611864439166e-22
1.7009941220345685e-24
4.5298411764038075e-28
5.989149511747358e-32
6.21167808855965e-36
1.3951111068785503e-37
4.221908125636033e-39
4.5001747173838063e-07
6.085387276963871e-06
4.0842707016541124e-05
0.00013605304493292494
0.00022494143583639387
0.00018458572433748278
7.51785954067552e-05
1.5196996192970395e-05
1.5247152781479577e-06
7.592541940675799e-08
1.876519566728626e-09
1.4254295928476891e-05
0.00020010466918452712
0.0013933004158310966
0.004861111886222076
0.008568582960589937
0.007739239296415002
0.00366006338586462
0.000934010166910987
0.00029008100327107496
0.0002603161615056813
0.0012600660402201946
0.003407459099365278
0.00468851673385644
0.0032992098896433594
0.001193768470850058
0.00022291675818028405
2.1499988299086366e-05
1.06867562364512e-06
2.7249368777811922e-08
3.543331382471118e-10
2.3356083128565623e-12
7.762319114763955e-15
1.2950550428404582e-17
1.081028710537627e-20
4.503734971375223e-24
3.2484746381128286e-08
5.53620886988081e-07
4.780577326824835e-06
2.117330890670585e-05
5.260132477267566e-05
8.676929831943775e-05
0.00010584541688973523
8.459616055645945e-05
3.7585219736392866e-05
1.583066564219411e-05
1.059600123551275e-05
5.206241774246215e-05
0.00016304960677033695
0.00029378856842755493
0.0005157403506146361
0.0011396551983077483
0.001755469357502582
0.001458448682489028
0.000641453857102124
0.00015346007005582237
3.962724363717772e-05
0.0002357732083586207
0.0015230103906356243
0.00527381635528871
0.009613549145772688
0.009210920091649111
0.004702979957548357
0.001324161073235707
0.00024415524515899713
0.00027769632321724606
0.0013493961882581214
0.003628154497108893
0.0049711818328791865
0.0034886258543183513
0.0012612257462418478
0.00044366474567476155
5.346988361599957e-05
3.329985320242306e-06
1.0668806056646783e-07
1.7476660220315813e-09
1.4542609358043252e-11
6.110835861018816e-14
1.2904092912037284e-16
1.364301022855405e-19
7.202285658433934e-23
2.551444003859966e-07
3.458128074719665e-06
2.3262884055178132e-05
7.76700328134276e-05
0.00012870957943747396
0.00010586092974326127
4.321435017029869e-05
8.755636431187241e-06
1.0721027481228103e-06
1.920052845087888e-06
9.117310318942447e-06
2.198566844582156e-05
6.027669372023213e-05
0.0003504571426686993
0.0016429037854493905
0.0032227966187640955
0.0050451991955094535
0.0040709982019785
0.0017368430406230662
0.00040400727074407355
7.301424587518954e-05
0.00019681183458841373
0.0009100319098373099
0.002172354994376434
0.0026443837583867047
0.0016525698153118703
0.0005333319350540053
8.919180117340303e-05
7.765515115063313e-06
7.140374664433201e-07
1.8394235335485153e-06
4.521086627386492e-06
5.539012808533611e-06
3.3682025639958925e-06
1.0165565141447856e-06
1.5227629570288056e-07
1.1321410288149678e-08
4.1776899518510794e-10
7.651372253980619e-12
6.955204566597336e-14
3.137963837179768e-16
4.6530909783899714e-09
7.81704020185356e-08
6.517943590320011e-07
2.697405878851935e-06
5.540506286001602e-06
5.648329897695775e-06
2.8579729022810377e-06
7.17734147836904e-07
8.946157955416639e-08
5.534481812982255e-09
1.699357753856238e-10
2.5897635878502202e-12
1.9588576337479497e-14
7.35382137336026e-17
1.3702213485983083e-19
1.2671727733303486e-22
5.816321301481096e-26
1.3250452782880876e-29
1.6869101953826115e-33
9.191265697417247e-34
2.3150086808854114e-33
2.9833599850412145e-33
1.986774889021158e-33
6.917765862782856e-34
1.2757435894335845e-34
1.2634122733260763e-35
1.9277803641495627e-36
6.976563703446801e-38
1.3942656762550923e-39
1.5315028774230438e-41
1.7440300858160637e-36
2.578150615010131e-35
1.892267903842214e-34
6.952322886163053e-34
1.2893427217423183e-33
1.2255196251656121e-33
6.120995992695128e-34
1.66042037042021e-34
2.852635858986788e-35
3.9181416933517753e-35
2.0765719188784447e-34
6.049651998098879e-34
9.223970127048829e-34
7.398935545442911e-34
3.6299732003967894e-08
4.377577200318587e-07
2.6201832073895145e-06
7.783894736048023e-06
1.147703482842267e-05
8.39904474673334e-06
3.053593069422697e-06
5.985417309614863e-07
3.341001227939075e-07
1.1255211866757642e-06
2.8876637584042113e-06
3.698562553657172e-06
2.7562359101486115e-06
7.201741476032956e-06
5.12920515668951e-05
0.00020290395511713576
0.0004059081327008045
0.0004160947569236769
0.00022419285624751995
6.570113373301561e-05
1.1026514688382968e-05
4.687557184366604e-06
2.8336984563464788e-05
0.00010956915548591193
0.00021567586410147592
0.00021740826882069163
0.00011310026117671509
3.054788174910249e-05
4.294771694465448e-06
3.137432349630103e-07
1.1844034919701655e-08
2.2931693980083213e-10
2.2593533069740623e-12
9.353787921916906e-08
1.151004188627561e-06
7.029655937450036e-06
2.1308784857148836e-05
3.205905746948884e-05
2.3939234864656958e-05
8.872320694006745e-06
1.632043187313878e-06
1.4900248544308403e-07
6.751850672857442e-09
1.5185167776483974e-10
1.695055063699815e-12
1.5174950656944208e-06
2.2656088426809838e-05
0.0001679991772608637
0.0006237583923259339
0.001170066104850532
0.0011276158953493981
0.0005739854334048229
0.00016005345998636847
2.5934438444792736e-05
1.2711945757426022e-05
7.734324923422527e-05
0.0002989888305582045
0.0005989782030402154
0.0006209627523426481
0.00044328587309701046
0.00015867862452428213
3.23635633499852e-05
4.380830343816325e-06
4.534064166953308e-07
3.279211037149103e-08
1.05361632041711e-06
1.1669558984411823e-05
6.429974314776039e-05
0.00017795429271125557
0.0002503639002251419
0.0001829837314985354
7.182470392645857e-05
1.572442706814173e-05
2.3447579370966886e-06
4.594552834910389e-06
2.647609036015551e-05
8.188196494894557e-05
0.00013072051859964166
0.00010784275716771573
4.620911036405888e-05
1.0472087324852479e-05
3.124263486248497e-06
1.2771440486192782e-05
4.17001929181129e-05
6.7959347076432e-05
6.377552682288658e-05
3.233959228454115e-05
8.139214361650918e-06
1.0167118446270912e-06
6.303485086586292e-08
1.939684191766769e-09
2.962434611463121e-11
2.2456081199277907e-13
6.69989830645451e-06
8.43874755149458e-05
0.0005281085435567723
0.0016575205696903197
0.0026376305701445095
0.0021716350311965374
0.0009557326033756894
0.00023390410291843116
3.409225555634018e-05
2.4986866368501243e-05
0.00017163772327915948
0.0006636417742178646
0.0013068923388292208
0.0013213961488159041
0.0006920636226244476
0.0001890390360268166
2.7002994476756258e-05
5.141921715242626e-06
2.474016473907843e-07
1.1525015721144593e-08
6.963589180122806e-08
1.693678479484743e-06
1.838628758034692e-05
0.00011686992294025084
0.0003897777838175978
0.0006656044729531526
0.000588280669740883
0.00027732781634180596
7.30910777326792e-05
1.700488724740274e-05
3.989842886394659e-05
0.00013565592711139505
0.0002896418419205224
0.000417752958198842
0.0003943891827962011
0.0002198302928103929
6.78518264374354e-05
1.2031497374502934e-05
2.3729819636976603e-06
1.5058367333428844e-06
8.587738491732941e-07
2.737672307212085e-05
0.00029538307634405345
0.0009833485321766036
0.0033604846821233625
0.00581326960411488
0.005191584151905647
0.0024734875567105443
0.0006556300173217256
9.965517252563727e-05
3.180761285197532e-05
0.0002195561872788698
0.0010455072971471615
0.0025335901007607995
0.0031465033266184846
0.002021796743441096
0.0006776138406149762
0.00011895306928160816
1.0923418978421827e-05
5.214507475854668e-07
1.2823374834079565e-08
1.6092696636279927e-10
1.0222130305949952e-12
3.2658554274041004e-15
5.224316071280791e-18
4.171542113885256e-21
1.659244277183152e-24
3.2833414475901153e-28
4.158194660009303e-32
4.484945201323143e-33
8.703367892126482e-34
2.5183897469146155e-34
9.188490012791655e-34
2.5381978252750314e-33
3.587249785276906e-33
2.646347233693685e-33
1.059322663491668e-33
2.401372366372733e-34
3.273510870328811e-35
2.461860600789119e-35
1.865365633768546e-34
7.870801147352729e-34
1.6896704206252467e-33
1.861946558078307e-33
1.0637234973607801e-33
3.176499670401183e-34
4.97718595731318e-35
4.0836859271972446e-36
1.74212200167827e-37
3.82700156102861e-39
4.2871213609452793e-41
2.4290054591293115e-43
6.9174092656528025e-46
3.7125045370893607e-08
6.041082210668422e-07
2.6286241758265193e-06
1.3308282181471735e-05
3.3441284755352145e-05
4.170723097086493e-05
2.7380307057219446e-05
2.6522355274345548e-05
0.00011094132506061031
0.00032156110454969675
0.00046743122668143044
0.0003373313636978712
0.0001208276152190337
2.1480442031446024e-05
1.8953423931478888e-06
8.300410844760057e-08
1.8041762096763746e-09
1.9463716246069384e-11
1.0421735036373246e-13
2.1225314564029048e-05
0.0003193276515233287
0.0023875266033579266
0.008934169800186086
0.01689539172210935
0.01646338440225205
0.008553156778139675
0.0024812085387604203
0.000801932713719782
0.00010076676323214294
0.00012566829351470582
0.0009753772981671557
0.004021917855126775
0.008462896170285627
0.009207039149283761
0.00528284902032989
0.001651422451893441
0.00029687114571269076
3.290143339078558e-05
2.3279796932702767e-06
1.0060654684507558e-07
2.4446891803440437e-09
3.134450347927149e-11
2.04965669863549e-13
6.73027704079453e-16
3.25456309408163e-05
0.0003419030076287446
0.0017863452510497233
0.004690269433736075
0.006277670008741257
0.00440176156067193
0.0016883406913591856
0.0003711484308104034
4.761476937585463e-05
1.711155036171333e-05
0.00010569825293265861
0.0006509414875441158
0.002040609442289744
0.003274279559254115
0.002722430910325031
0.0012002564775459008
0.00031213323921083205
7.545357001208693e-05
2.352239383276215e-05
5.384814913199397e-06
6.545221868606178e-07
1.386596609609127e-07
1.6998594043863638e-06
1.4494132810855706e-05
6.138270769975659e-05
0.00012902658257795094
0.0001346490923510127
6.999970651845457e-05
1.8914578468303534e-05
3.9333680746967595e-06
1.4898953913986334e-06
5.493536492930277e-07
1.0958018389466988e-07
1.0925646964251168e-08
5.409645727536085e-10
4.942847466060533e-11
4.9735082013815834e-05
0.0004530708538106264
0.0020537736662220325
0.004688509453268383
0.005482369370075497
0.0033905382524228316
0.0011644628169314786
0.00023319142367704627
2.779302082589656e-05
2.3236774873410454e-05
0.0002021988290644576
0.0009704661098801843
0.00237271635130379
0.0029855131263318286
0.0019557060819712234
0.000673338771375341
0.0001223526255257206
1.1699412394204493e-05
5.835345792425181e-07
1.5009530655736676e-08
1.969273033147554e-10
1.3062639066101416e-12
4.352528732711847e-15
2.1357043425665228e-06
1.3121745974406507e-05
0.00011251269714491696
0.0004805736819718792
0.0010364202183784429
0.00115529047644533
0.0006998779646773855
0.00025164726852702123
5.8955609438021804e-05
9.134571955026646e-06
5.063512060473092e-06
4.05792325298264e-05
0.00019770240871701462
0.0004907543856808218
0.000626789026061582
0.00041690701680719794
0.00014591706681407464
3.913445262089421e-05
0.00011168378994366756
0.00048809151176402147
0.0010997943281948303
0.0012707914024472184
0.0007786962109179916
0.0002663647396211605
5.334475677402206e-05
6.288019464553729e-06
3.4171782007243993e-06
1.6387238165228174e-05
0.00011050956416787279
0.0003787885208309068
0.0006647738637072762
0.0006056127916960432
0.00029282563485264417
8.02049467515071e-05
1.558663596008132e-05
2.9412823174505074e-06
4.5438355788719116e-07
4.094269745867595e-08
1.897132314138021e-09
4.394438433711293e-11
5.059508965644576e-13
2.8920811971386165e-15
8.205535673324873e-18
1.1555173216633657e-20
8.076340308215108e-24
2.8016924399762077e-27
4.823850152305203e-31
4.122252781921461e-35
1.748408395945239e-39
3.680599796483889e-44
5.090004747593646e-38
5.275761860126328e-37
2.7140611630367894e-36
5.4805546364075105e-36
8.77212291557679e-36
6.968709412072794e-36
2.7476882225698645e-36
5.377123350783599e-37
5.222759123698879e-38
2.517778053554277e-39
6.024241048334827e-41
7.154094761623415e-43
4.2167173021605145e-45
1.2335641335413713e-47
1.7910859672062673e-50
