N :Calcite
N :Gibbsite
Y :100.0% Dolomite, Diffracto n :558
N :Hematite
0.0
0.0
0.0
0.0
0.0
0.0
0.0
0.0
0.0
0.0
0.0
0.0
0.0
0.0
0.0
0.0
0.0
0.0
0.0
0.0
0.0
0.0
0.0
0.0
0.0
0.0
0.0
0.0
0.0
0.0
0.0
0.0
0.0
0.0
0.0
0.0
0.0
0.0
0.0
0.0
0.0
0.0
0.0
0.0
0.0
0.0
0.0
0.0
0.0
0.0
0.0
0.0
0.0
0.0
0.0
0.0
0.0
0.0
0.0
0.0
0.0
0.0
0.0
0.0
0.0
0.0
0.0
0.0
0.0
0.0
0.0
0.0
0.0
0.0
0.0
0.0
0.0
0.0
0.0
0.0
0.0
0.0
0.0
0.0
0.0
0.0
0.0
0.0
0.0
0.0
0.0
0.0
0.0
0.0
0.0
0.0
0.0
0.0
0.0
0.0
0.0
0.0
0.0
0.0
0.0
0.0
0.0
0.0
0.0
0.0
0.0
0.0
0.0
0.0
0.0
0.0
0.0
0.0
0.0
0.0
0.0
0.0
0.0
0.0
0.0
0.0
0.0
0.0
0.0
0.0
0.0
0.0
0.0
0.0
0.0
0.0
0.0
0.0
0.0
0.0
0.0
0.0
0.0
0.0
0.0
0.0
0.0
0.0
0.0
0.0
0.0
0.0
0.0
0.0
0.0
0.0
0.0
0.0
0.0
0.0
0.0
0.0
0.0
0.0
0.0
0.0
0.0
0.0
0.0
0.0
0.0
0.0
0.0
5.3846744765443127e-36
7.749083860737335e-36
1.0994357548765988e-35
1.5378640365554523e-35
2.1207750910454273e-35
2.8833666795980247e-35
3.864859633446721e-35
5.10735639480141e-35
6.654067339075448e-35
8.546864278226019e-35
1.0823183260337632e-34
1.3512378602416696e-34
1.6631720843372753e-34
2.0182323226293608e-34
2.4145361734603135e-34
2.847900840124226e-34
3.3116512871007183e-34
3.7965832255080914e-34
4.291111880572519e-34
4.781623087842718e-34
5.253024548059129e-34
5.548857801388866e-34
5.953220934711488e-34
6.296931859780331e-34
6.566509483231303e-34
6.751009924716588e-34
6.842763114822546e-34
6.837901705519798e-34
6.736631473636565e-34
6.5432168720474484e-34
6.2656831422679855e-34
5.9152639841378566e-34
5.505647748423922e-34
5.05209258896834e-34
4.57049006507508e-34
4.504736371564889e-34
1.8341215816896675e-33
3.2990800468217634e-33
4.495752698515905e-33
6.127640509691281e-33
8.309788349157709e-33
1.1173782249618302e-32
1.4865389826713478e-32
1.9540162629690142e-32
2.5356704824568623e-32
3.2467477869481087e-32
3.799468704003412e-32
4.7547182391739656e-32
5.867669847942892e-32
7.140196135422944e-32
8.567158623955571e-32
1.0135209588465807e-31
1.1821976626195553e-31
1.3595780991279164e-31
1.541601254918369e-31
1.7234236076981375e-31
1.8996038614472904e-31
2.0643551742326617e-31
2.2118504612017494e-31
2.3365593324765946e-31
2.433589992587279e-31
2.4990068340742245e-31
2.530095045026989e-31
2.5255474440585274e-31
2.485555619467867e-31
2.411796512542055e-31
2.307315750070262e-31
2.17631903347347e-31
2.0238914914977014e-31
1.8556710719042752e-31
1.6775051178836211e-31
1.4951190273406396e-31
1.3738305712675106e-31
1.1958961480061242e-31
1.0263671671532586e-31
8.684823628315877e-32
7.245497315719175e-32
5.959698869534928e-32
4.833139472470184e-32
3.864410113742676e-32
3.0463930620159805e-32
2.3677589427286604e-32
1.8144200171365998e-32
1.3708405442837303e-32
1.0211388424740338e-32
7.499483761553423e-33
5.4303351254472254e-33
3.876774667390046e-33
2.7287460596877005e-33
1.893669971334745e-33
1.295668925922401e-33
8.740420863781822e-34
5.813252254678469e-34
3.8120139779528928e-34
2.464553566475159e-34
1.570979327214195e-34
9.873044118562726e-35
6.117585566634714e-35
4.4114542459564555e-35
2.6696723277908176e-35
1.59287765201139e-35
9.370335108637089e-36
5.434705752868005e-36
3.1077431751876914e-36
1.752113937161664e-36
9.739298274159288e-37
5.337538870241402e-37
2.8840478247524593e-37
1.5364267091811301e-37
8.069919120249206e-38
4.179019696737629e-38
2.1336712949039448e-38
1.0740597177110036e-38
5.330612551123383e-39
2.6083960656119155e-39
1.2583969024422661e-39
5.985623336313323e-40
2.807040767980676e-40
1.2978831714466928e-40
5.916569620874299e-41
2.6592049144279697e-41
1.178368237177525e-41
5.148225922774171e-42
2.940969205027564e-42
1.2549097934045425e-42
5.279365703079587e-43
2.189768163904323e-43
8.954918256971116e-44
3.6105399615019256e-44
1.4352569935954683e-44
5.625150095605643e-45
2.1736290426295043e-45
8.281014624834257e-46
3.1104872499364794e-46
1.151913820551305e-46
4.205892617428709e-47
1.514059481246631e-47
5.37370963814698e-48
1.880407146998402e-48
6.487478973576173e-49
2.2067154756941906e-49
7.400532308943935e-50
2.446953693285709e-50
7.976909187210361e-51
2.5638321045108e-51
8.124384744511266e-52
2.5382668562636714e-52
7.818616311772149e-53
2.374478693428696e-53
1.0644080058448707e-53
3.1571067649266457e-54
9.232428723798754e-55
2.6618779697016383e-55
7.566686293520548e-56
2.120648300284679e-56
5.859719467587215e-57
1.5963575842466605e-57
4.2877419114942354e-58
1.1354607220189589e-58
2.964562009113909e-59
7.631217403534886e-60
1.9367425659700883e-60
4.8461256721780146e-61
1.1955343777846242e-61
2.907863427980995e-62
6.973172351914534e-63
1.6486602550962044e-63
3.8430517122941647e-64
1.0961265534250457e-08
1.573728809430365e-08
2.2275511260949424e-08
3.108522781564987e-08
4.276702269251515e-08
5.8008624579637496e-08
7.757194983337761e-08
9.341520528308206e-08
1.2199556046497116e-07
1.5707210690112895e-07
1.9938050904660264e-07
2.495140010491964e-07
3.078475692575711e-07
3.744597351835455e-07
4.490586966042844e-07
5.309207335052521e-07
6.18849220979388e-07
7.111620939830539e-07
8.05714055855025e-07
8.999572266954188e-07
9.910404615987532e-07
1.0759435633393221e-06
1.1516385293187106e-06
1.2152663403989562e-06
1.2643151468041593e-06
1.2967844709064187e-06
1.3113204980962872e-06
1.3073097116146763e-06
1.284921847477882e-06
1.245097978758688e-06
1.189484894833843e-06
1.120322151641917e-06
1.0402925866070825e-06
9.823554569977723e-07
8.908314823252127e-07
7.964362890590674e-07
7.019967671137674e-07
6.100251953148682e-07
5.226236055771821e-07
4.414269656374985e-07
3.6758458108224707e-07
3.0177572424755744e-07
2.4425299879583833e-07
1.949055009115697e-07
1.5333343938784754e-07
1.1892639289869442e-07
9.093858758171973e-08
6.855620222843962e-08
5.0953484191690354e-08
3.733615665547109e-08
2.6972047910676862e-08
1.9209976049408276e-08
7.533073967944074e-08
9.782307642698947e-08
2.5290385340372005e-06
3.6137420671516486e-06
6.667582428361026e-06
9.317490644641029e-06
1.1556200439119926e-05
1.5776462462041202e-05
2.1237075304498507e-05
2.8187871473940083e-05
3.688998976586156e-05
4.760270288136378e-05
6.0566237010812475e-05
7.598099644367458e-05
9.398412732853258e-05
0.00011462490794499662
0.00013784096934387513
0.00016343774823670597
0.00019107376959291315
0.00022025427692274268
0.000250335327164672
0.00028053973718566137
0.00030998525083497414
0.00033772407964457584
0.000362791689879058
0.00038426152438691963
0.0004013014254181944
0.0004132270093752128
0.00041954723583340845
0.000419997945630986
0.00041456017628838305
0.000403461485172396
0.0003931350718225518
0.0003737200429733928
0.0003502878088076605
0.00032372606437985267
0.00029498797021805984
0.0002650360304231027
0.00023478994111454315
0.00020508221168676847
0.00017662428433368372
0.00014998462260847452
0.00012557897369286516
0.00010367188055738001
8.438764192473737e-05
6.772835504968934e-05
5.359644414489708e-05
4.181914693848943e-05
3.2172741605988157e-05
2.440476589761167e-05
1.8253025311953637e-05
1.3460731428328227e-05
9.787595451767937e-06
7.0170870052971395e-06
4.960336736877769e-06
3.4573142029918e-06
2.375964091221819e-06
1.609956579967773e-06
1.2323287594968455e-06
8.156230710631355e-07
5.322620437756095e-07
3.424794285215504e-07
2.1727832081409876e-07
1.359161695390696e-07
8.382983029789337e-08
5.097986474284822e-08
3.056830081258497e-08
1.8072421078873418e-08
1.053497914725627e-08
6.05512634811461e-09
3.4315063020904164e-09
1.9174247294632607e-09
1.056388452717902e-09
5.738529572648458e-10
3.073612510276442e-10
1.6231885413913262e-10
8.452010487632039e-11
4.3393245283851975e-11
2.1966209118695945e-11
1.0963741900589985e-11
5.395516470457076e-12
2.618047911015081e-12
1.2525420596035292e-12
7.602035777558229e-13
3.552448647424988e-13
1.6367989766300238e-13
7.435878963266423e-14
3.33072287332689e-14
1.4710034526138598e-14
6.405568347222466e-15
2.7502375469452122e-15
1.1642629436786394e-15
4.85959458669503e-16
1.9999395214044353e-16
8.11523875512913e-17
3.2467818483671837e-17
1.2807726207686504e-17
4.981473493900428e-18
1.9103380092872225e-18
7.223188545464372e-19
2.692859912268198e-19
9.898385791516908e-20
3.587405949963515e-20
1.2819229639081224e-20
4.5165654358090766e-21
1.56898712235165e-21
5.373965313741984e-22
7.313450995657272e-07
1.0455069582833772e-06
1.3163400052423221e-06
1.8377522640071317e-06
2.5294985875502124e-06
3.4324996737288885e-06
4.592140388505066e-06
6.056872019481221e-06
7.876081951820132e-06
1.0097192689237945e-05
1.2762026748915343e-05
1.5902567422519447e-05
1.953635008673467e-05
2.366182299824274e-05
2.825410547484831e-05
3.326162871932737e-05
3.860415488881799e-05
4.417262170812776e-05
4.983114785328446e-05
5.5421362057553274e-05
6.076899966216778e-05
6.569246650831896e-05
7.001283083790704e-05
7.356450144660389e-05
7.620571511050115e-05
7.782791182683553e-05
7.836313501662643e-05
7.778875393024275e-05
7.679947677134557e-05
7.445220905373932e-05
7.11582900965413e-05
6.70504979868199e-05
6.228838925879602e-05
5.7048047062159494e-05
5.1511364193789806e-05
4.5855761519376435e-05
4.024513209464022e-05
3.482261592915861e-05
2.9705578686798334e-05
2.4982921885947865e-05
2.0714622898751122e-05
1.693321496171783e-05
1.3646786598482465e-05
1.0843012729098218e-05
8.493723585947085e-06
6.559562402862355e-06
4.9943641101221155e-06
3.748988625298814e-06
2.77444827819407e-06
2.024266704908477e-06
1.4560873181466316e-06
1.032608499530377e-06
7.2195904225327e-07
5.642461113376354e-07
3.8526517481231754e-07
2.5934598043245667e-07
1.7211862877745796e-07
1.1261722516396635e-07
7.264577407290745e-08
4.6200266180616576e-08
2.8967244719406386e-08
1.7905996181131263e-08
7.358874325601775e-07
1.0424785025914352e-06
1.4632344511410182e-06
2.0291146281969545e-06
2.7766104307232316e-06
3.7472695669436523e-06
4.986686938969076e-06
1.0925209863509547e-05
1.4689751550272907e-05
0.00013770510324394476
0.00021619537379744804
0.00037730492255012534
0.0005257161359115124
0.0007228139283597076
0.0009805781630765431
0.0013124608669280323
0.001733047127443684
0.0020702063355835247
0.0026722825059540935
0.0034025884008229155
0.004273427825416148
0.0052937932849861135
0.0064679535274118
0.0077940551496238925
0.009262870892890825
0.010856842204976444
0.012549563934610826
0.014305841470478382
0.016082414105294915
0.017829384382826448
0.01949232601311077
0.02101496957535091
0.022342294504909915
0.023423797328400168
0.02421666859337279
0.02468860107164497
0.024819972816640317
0.02460519958592355
0.024053126816330508
0.023186422952597256
0.02204003229372475
0.020658834730247207
0.019094730968567616
0.017977827869264284
0.016233043064012187
0.014453555793982777
0.012689978603765391
0.010986464491418074
0.009379191854747601
0.007895558350723511
0.006554051521595313
0.005364707862123406
0.00433003295854669
0.003446235289101823
0.002704624420917351
0.002093037714628289
0.001597183939788469
0.0012018225713040928
0.0008917293723850871
0.000652428367730632
0.00047069480066970563
0.0003348517065052256
0.0002348940016405727
0.00016247904896568355
0.00011082266023148474
7.45358577824265e-05
4.943187979210355e-05
3.232614266948962e-05
2.0845159231420036e-05
1.5437830260495237e-05
9.724735835335239e-06
6.040502014403046e-06
3.6997430177298807e-06
2.234462197429425e-06
1.3306903202798432e-06
4.422319294345815e-06
5.6579198589658855e-06
7.595639559949338e-06
0.00015418090253868863
0.0002198392847281831
0.0003845777875307483
0.0005366511327007553
0.0007384989059653614
0.0010021790398095632
0.0013411373002413262
0.0017698286975210233
0.0023031275837030554
0.0029555118113979836
0.0037400267897164403
0.0046670614352214215
0.005742997945334267
0.006968827918907045
0.008338854539640894
0.009839619702472805
0.010902294887876848
0.012567956041050482
0.014286832447713204
0.01601517238737161
0.01770318778787616
0.01929724787344651
0.020742599700743197
0.02198643415459019
0.022981063555389696
0.023686946732603038
0.024075294929936288
0.02413001939882367
0.023848837092090056
0.023243428570400387
0.02233863291179019
0.02117075696595407
0.019785159336137996
0.01823333304147043
0.01656974782639931
0.014848720285918372
0.013121558243224769
0.011434179793136559
0.009825344579247622
0.008325564192241803
0.006956689138251718
0.00573210950255173
0.004998958722704712
0.00402404479469046
0.0031942487211628536
0.0025003291347841738
0.001929958658264395
0.0014689974050177057
0.0011025950918283672
0.0008160802553968708
0.0005956226986103491
0.00042867771425853657
0.000304236692250182
0.00021291830058889767
0.00014693822297375824
9.999461648853872e-05
6.710241134120308e-05
4.440367461481746e-05
2.8974673688942496e-05
1.864389335822835e-05
1.1829669565766453e-05
7.401607882781478e-06
4.5666368289454326e-06
2.7783264859524517e-06
1.6668093377035786e-06
9.860611021307017e-07
5.752231805907577e-07
3.3088947324476977e-07
2.270906454617375e-07
1.27614804212744e-07
7.071558009904987e-08
3.864031759895788e-08
2.0819824723114046e-08
1.1061741553653428e-08
5.795344248090755e-09
2.993942673129967e-09
1.5251600965956771e-09
7.661155626473931e-10
3.7947153237122983e-10
1.853400766391548e-10
8.926142935730151e-11
4.238984464567511e-11
1.9850087138409314e-11
9.165680597672729e-12
4.173186778995364e-12
1.873573835322381e-12
8.29416677896226e-13
3.6205349407778193e-13
1.5583672408890233e-13
6.613982149568486e-14
2.7679065027434408e-14
1.1421786709257581e-14
4.647398863788999e-15
2.532021831158564e-15
1.006383074189549e-15
3.9441179931581157e-16
1.524144707305734e-16
5.807527373702555e-17
2.1819466133080756e-17
8.083208839605515e-18
2.952632104610878e-18
1.0634566020309016e-18
3.7767143798581973e-19
1.3224872436458098e-19
4.5661573060703665e-20
1.554502149052813e-20
5.218094295560644e-21
1.7270770827511456e-21
5.636244084300011e-22
1.8136154770942146e-22
5.754095537998455e-23
1.8000495093504045e-23
5.552217379939156e-24
1.6885822461945495e-24
5.063500739158832e-25
1.4971031404630983e-25
4.364399959139103e-26
1.2545016717097373e-26
3.55551519503533e-27
1.5222256782209478e-27
4.215880243140958e-28
1.153076396153634e-28
3.13029138083509e-29
8.609493683119711e-30
2.586003274151374e-30
1.0284348104697804e-30
6.4757909181801905e-31
5.6901172878736545e-31
5.630992191160289e-31
5.700105952680166e-31
5.741973660537011e-31
3.476407969257021e-05
4.94353184674906e-05
6.930626970892412e-05
9.579355726828288e-05
0.00013053550877564432
0.0001753677056322344
0.0002322732317197521
0.0003033034103474864
0.0003904667100219934
0.000495586333336514
0.0006201306805074203
0.0007650251341682384
0.0009304580074818886
0.0011156974498035205
0.0012493505728255782
0.0014630133774628895
0.001689043609563515
0.0019224808257456694
0.002157306041640107
0.0023866574535566323
0.0026031369158220703
0.0027991909130198954
0.0029675402404970874
0.0031016251000121164
0.0031960280107437384
0.003246836652079532
0.0032519127996982846
0.003211041596877165
0.003125946640179218
0.0030001694035844016
0.002838824754824557
0.0026482560811333803
0.002435622410305714
0.0022084548918100983
0.0019742206646999843
0.0017399286623216478
0.001511805009121573
0.0012950564705780294
0.0010937302425092369
0.0009106685201576833
0.0007996473417886119
0.0006502238804428505
0.0005212618269600477
0.00041198131237283334
0.0003210167548759386
0.0002466076088762321
0.00018677288747060168
0.00013946003896570108
0.0001026630872509574
7.450877900425295e-05
5.331251388509048e-05
3.76079330711806e-05
2.6155218806790848e-05
1.7933532262620906e-05
1.2122771181491857e-05
8.079166640346524e-06
5.308353211792299e-06
3.4385999131901564e-06
2.1959986648898315e-06
1.3826462630750955e-06
8.582596303613495e-07
5.252364712622836e-07
3.168981130164407e-07
1.8850072288484423e-07
1.1054394912929544e-07
7.684006387934192e-08
4.4007225330151923e-08
2.4847851644005004e-08
1.3831914393105281e-08
7.591093277665683e-09
4.107286069047977e-09
2.190958568002708e-09
1.152237396319698e-09
5.97418072478802e-10
3.0538192956732705e-10
1.5389939127641302e-10
7.646435999277955e-11
3.745500006905978e-11
1.8087941101747092e-11
8.61186189811469e-12
4.04234677458132e-12
1.8706763930116896e-12
1.5824874750692535e-06
2.247437783021628e-06
3.146761094890414e-06
4.343786684464976e-06
5.911555984022779e-06
7.931653181490484e-06
1.0491901747794379e-05
1.3682747191422596e-05
1.7592233445159264e-05
2.0637521334421958e-05
2.591310925846825e-05
3.207820848998375e-05
3.914977530973562e-05
4.710608708539485e-05
5.587961123408338e-05
0.00020406642894616448
0.00027436349453119975
0.0003671467105153359
0.0004885303869217757
0.00568681883465364
0.008929058551748503
0.012528083503061529
0.020760211859867404
0.028564323924676765
0.038777890873642334
0.051936396624121015
0.06862074108170106
0.08943564414501312
0.11497904569312933
0.1458025086210092
0.18236361892661973
0.22497253743077417
0.273736081235211
0.32850384783660097
0.3888217625515094
0.43174096331105366
0.49937782466024994
0.5696783446496503
0.6409482003721986
0.7112259592182852
0.7783639154164251
0.8401318246965692
0.8943370819911542
0.9389525896954484
0.9722420469761935
0.9928719137246311
1.0
0.9933324819583637
0.9731439663495094
0.9402600540863547
0.8959966372497463
0.8420788502462572
0.780525721612958
0.7135261331823424
0.6433109177345155
0.5720323224526981
0.5016596448101663
0.43389757249983624
0.3701310322553579
0.3113975355865615
0.2753918115538893
0.2264127012690358
0.1835900172857615
0.1468254621620521
0.115815343875218
0.0901064509344366
0.06914961557070884
0.0523475483352944
0.039094747306166695
0.02880844715103152
0.020950565591330798
0.015041361407868692
0.010666016809709857
0.007475611387014957
0.005184003535329817
0.003562030088634655
0.0024302309387194457
0.0016510529335613683
0.0011212269987560983
0.0007647731295303878
0.0005268869476822565
0.00036880621769650644
0.0002636458338797384
0.0001931201610884764
0.00014503450193837917
0.00011141442906638531
9.442520776064981e-05
7.451265211228105e-05
5.9291351695330565e-05
4.7314707240817615e-05
3.769260251152837e-05
2.986877725765705e-05
2.348129208635704e-05
1.82782332051618e-05
1.4069043029725105e-05
1.069801677874705e-05
8.030978645751862e-06
5.949322770637272e-06
4.347798788770179e-06
3.1339014327209846e-06
2.227691632040205e-06
1.5614856468639287e-06
1.0792116669634578e-06
7.354318395857063e-07
3.94280651721523e-06
5.2378334810487254e-06
1.3558553568806404e-05
1.891142834970658e-05
2.6133495969840208e-05
3.56903725193565e-05
0.0002530019645983176
0.0003930062200735391
0.0004927061612110611
0.000683967221224102
0.001098560110251911
0.0014958489804531648
0.0020099108135290247
0.0026648562420690095
0.003486284649472669
0.0045001725493948805
0.005731377197664519
0.007201774865555623
0.008928098554432587
0.010919590641543922
0.013175636562662069
0.01568358921533187
0.01841702262916895
0.02133466027295625
0.024380202467247893
0.027483225981867043
0.03056124820803356
0.033522943978233556
0.03627238516560832
0.03871405502864119
0.040758286024118975
0.04232669622867705
0.043357167580777664
0.04372373256495359
0.043776170963126006
0.043231420619579276
0.04211146212150908
0.040461157807592865
0.03834526460254232
0.035844213082663126
0.03304903656936019
0.030055895479856192
0.02696065362369439
0.0238539261560985
0.020816941220696626
0.01791845133271652
0.015212811191265644
0.012739220976671755
0.010522031459606729
0.00857192906724873
0.0068877706712565274
0.005458820056543127
0.004267147681183657
0.0032899865045694365
0.00250188187371603
0.0018765250008853384
0.0013882105461795915
0.0010196015565851278
0.0007385432858894143
0.0005930301137122016
0.00042551981897582847
0.00030681811930689974
0.0005046223216455527
0.0005728894586997268
0.0007073120858584261
0.001061902869352325
0.0014179586060854444
0.0018959228121959999
0.002518891682171788
0.0033126472418886365
0.004304460082917764
0.005521511412599425
0.006988931920774365
0.008727500562873473
0.010751100268743253
0.013064084378704047
0.015658760084178172
0.018513235006062778
0.021589891916811547
0.024834747402008885
0.02817790853705849
0.03153526691448995
0.03481146581110898
0.037904053001000894
0.0407086019408563
0.04236824095866466
0.04447362629164934
0.046047017428544106
0.04702592553184013
0.047370740370417226
0.04706738846861742
0.046128284686765886
0.04459148769104613
0.042518139519373235
0.039988429429884675
0.03709645334666315
0.033944427628295165
0.030636750974678714
0.02727438970112851
0.02394999504884817
0.02074405815201889
0.017722283935860283
0.014934236008932797
0.012413185792055883
0.0101770027993882
0.00822985684311879
0.006564469808049879
0.005164652863646342
0.0040078893214567
0.00306776633632703
0.0023161119852537376
0.001905756723179309
0.001406218484877365
0.001023445918887319
0.0007416558209933817
0.0005301032241479071
0.0003771824290815663
0.0002694500819586599
0.0002109009727825201
0.00017016736787561304
0.00015163640740054898
0.00015133864005259574
0.00016672216231041514
0.000826725158215906
0.0011397875945962147
0.0015636872903390065
0.0024376166640838644
0.0033044515061246512
0.004426572176756221
0.005856960718350803
0.007652451254605748
0.009871407341683281
0.0125705524324211
0.015800971158492813
0.019603396630934685
0.0240030108343534
0.027270991669619573
0.032662823247640964
0.03860349761527623
0.0450194063269942
0.0518030564908057
0.05881362366763907
0.06588001944370225
0.07280659243285875
0.07938133280500642
0.08538618254859837
0.09060879852678654
0.09485490699820415
0.09796025766579199
0.09980115543192503
0.10030262955460745
0.09944348877538488
0.09725778828004801
0.09383256846251598
0.08930207652361669
0.08383900760611285
0.07764356384141603
0.07093129806383972
0.0639207680131311
0.056821975597762996
0.049826417578955465
0.04309935369910792
0.038831294452446485
0.03283244363431182
0.027383506352224907
0.02252880423913659
0.018283070009692592
0.014635938803294024
0.011557157277988667
0.009001996310713594
0.00691643481569495
0.0052417893112717195
0.003918579754015024
0.002889532555861479
0.002101716110067069
0.0015078763602106443
0.001067087814745952
0.0007448601526567677
0.0005128457452713814
0.00034828387497358085
0.00023329832539955883
0.00015414110067505968
0.00010045017679382347
6.456618236197278e-05
4.0933446548602385e-05
2.5595692646311314e-05
1.5785826316445788e-05
9.602317013592662e-06
6.840974910133171e-06
4.0666091046099875e-06
2.3842146357183786e-06
2.529980068605133e-06
2.424649353453261e-06
2.7408842384758535e-06
3.4247839223249076e-06
4.469955912158808e-06
5.90151525552399e-06
7.764766496671351e-06
1.0116528209099604e-05
1.3017723834383791e-05
1.652638790052799e-05
2.069065982889517e-05
2.554168403050132e-05
3.108661809248597e-05
3.7302172381359386e-05
4.412925749409987e-05
5.1469389298268424e-05
5.9183483818189694e-05
6.709356025871394e-05
7.498766380913978e-05
8.262803643670254e-05
8.976223208571115e-05
9.613653141087322e-05
9.984425753464898e-05
0.00010443166793007184
0.00010768864837461675
0.00010948036245022306
0.00010973144940463214
0.00010843128223159689
0.00010563471376468697
0.00010145823778726395
9.607193952741943e-05
8.968801055000333e-05
8.254690821328578e-05
7.490241507136531e-05
7.055411242014324e-05
6.415039811798954e-05
5.8482053228006916e-05
5.3874542732784434e-05
5.063811532767626e-05
4.9063789182771956e-05
4.941959071016128e-05
5.1946045482858426e-05
5.684998494306978e-05
6.429598558473825e-05
7.439517940923594e-05
8.719172085221466e-05
0.00010264779909098772
0.0001206286626348832
0.00013390254317267812
0.00015548903105951526
0.0001787281142296939
0.00020298372226106547
0.00022761891898343608
0.00025187980631936164
0.00030637250331031895
0.00034084669983344706
0.0003773359476003327
0.000416460040312237
0.00045917854334993126
0.0015013641055694794
0.0021480891417770894
0.002867147188872195
0.0038235674337305956
0.005772534426484931
0.0076905391983706035
0.01015859844407322
0.013286068761937775
0.017187069244336245
0.021974920824219788
0.027754943152080946
0.034615775560114304
0.042619593709423725
0.051791811763235766
0.06211106537812959
0.06959232598840867
0.08162189638461331
0.09445373126393938
0.10784036291402091
0.12147336636592136
0.13499249841783237
0.14799975093342466
0.16007773667980263
0.1708113293241391
0.17981104926801394
0.1867363846334544
0.19131711078413896
0.19337075065811007
0.19281460407688183
0.18967124121267276
0.1840669522767016
0.17622330240750522
0.16644257924621325
0.15508846513066735
0.14256365425520467
0.12928632780334273
0.11566738430715891
0.10209011315506987
0.08889363477442137
0.07636096659610231
0.06471207195640509
0.05751622025771012
0.04765305823380783
0.0389494716359053
0.031406623247727396
0.024983201149647905
0.019605599644722884
0.015178021874283793
0.011591797018092067
0.00873341742131072
0.006491014776765701
0.0047591867712284
0.003442241141178795
0.0024560354517325447
0.001728657578187614
0.0012002185456339606
0.0008220240835695187
0.0005553634162582819
0.00037011273376931985
0.00024330453117379615
0.00015776876655335917
0.00010091173431709432
6.366594149651184e-05
3.961981884333012e-05
2.4319381838654508e-05
1.4723876137138718e-05
1.0457208714131668e-05
6.1876131911480545e-06
3.6111558750653795e-06
2.078642429718052e-06
1.1800994297535958e-06
6.607808954967997e-07
3.649146148460351e-07
1.9875351354132162e-07
1.067635677168745e-07
5.6560212613112106e-08
2.9551105533970624e-08
1.5226717948054488e-08
7.7375585928537e-09
3.877590727308584e-09
1.9163540065217016e-09
5.443546476426048e-06
7.75209552922118e-06
1.0884728398138058e-05
1.5068003183408815e-05
2.056487732402152e-05
0.00017828577790988113
0.0002775909970360108
0.00038973795154079
0.0005398592955647645
0.0008338610056231137
0.0011323752553672641
0.001378424776596818
0.0018308639203511495
0.0023996089912154883
0.0031033208806520063
0.0039600982300855075
0.004986209013478067
0.006194600182627965
0.0075932592356890176
0.009183536832304558
0.010958570874724995
0.012901974628720735
0.01498695940953695
0.017176052003530666
0.019422497404726104
0.021668065950952112
0.023849795247842795
0.025899916515809043
0.027749906723114014
0.029334240864673008
0.03059422780257928
0.0314816185670482
0.03196167835765652
0.03201544957492492
0.031641000262294716
0.030853543285149467
0.029684415978424368
0.028714881931278944
0.02703111823740212
0.02510128079027692
0.02300336522228442
0.02080646308872587
0.018577457754546226
0.016377886905525708
0.014885403364070075
0.013164266940029118
0.011701245022060174
0.010546737884372603
0.01008938177969469
0.009828236657561567
0.010048776220921827
0.010797078219996693
0.012116960650782488
0.014048593304711782
0.016626099106173374
0.019874187820036422
0.023804232363453696
0.028408830605569087
0.03365827540021751
0.03949573052649544
0.04583432617351229
0.05255572892049072
0.05718428323469778
0.06420280522735743
0.07114806823715938
0.07781194770742046
0.08398240613410565
0.08943940806156016
0.09398829671767478
0.09745818019595368
0.09971951999222708
0.10067819982069914
0.10030080874874515
0.0986049127536979
0.09566058427982581
0.09158569239829005
0.08653817013515093
0.08070595530059435
0.07429548771401971
0.06751973300528186
0.06059037170925776
0.053694474074916586
0.0470042102636295
0.040660071367576725
0.03477013529718139
0.02940926153165156
0.02462046890309476
0.02041806675214927
0.01793813603455421
0.014681035170328958
0.011943393192708752
0.009675466494571917
0.007821690768097208
0.0063247207580645086
0.005128638898941596
0.004181558566427133
0.0034361987704199896
0.002851958988418661
0.002394337692528329
0.0020348799912156593
0.0017506491049318164
0.0015235316001231786
0.0013394802982814554
0.0011877718761115147
0.0010603299583532872
0.0009511414863323791
0.0008557757782944342
0.0007710025130740272
0.0006944966734423547
0.0006246145877519981
0.0005602246361815542
0.0005005778777095535
0.0004452067991092504
0.0003938437392754031
0.0003617579882313902
0.00031681486485205874
0.0002757061933699424
0.00023834617261636316
0.00020471598076662634
0.00017473095755225345
0.0001482581089699194
0.00012511525063832642
0.00010507661705151028
8.788294635728419e-05
7.32539819940923e-05
6.0901496365268005e-05
5.054128951104039e-05
4.190307501669082e-05
3.4737657621184446e-05
2.8821262368054085e-05
2.3957242479711035e-05
1.9975644220211327e-05
1.6731236063299353e-05
1.4100629033871532e-05
1.1979049854587938e-05
1.0277208820097168e-05
8.918560246500228e-06
7.83711052134869e-06
6.975805873919934e-06
6.499306117089715e-06
5.899116634558242e-06
5.40354274088502e-06
4.9815770738825e-06
4.608438148605018e-06
4.265224016046304e-06
3.938454126951363e-06
3.6194784584069153e-06
3.3037647204999883e-06
2.9900980808432905e-06
2.6797420066804885e-06
2.3756136638034974e-06
2.0815240706101227e-06
1.8015238486479848e-06
1.539382248698284e-06
1.2982124837780751e-06
1.0802423219996407e-06
8.8671697739154e-07
7.179126129939162e-07
5.732336788378596e-07
4.5136575953551887e-07
3.504570988912224e-07
2.683057311029463e-07
2.0253429491117228e-07
1.5074027809564576e-07
1.1061490482709331e-07
8.928640380308098e-08
6.39900367223957e-08
4.521467569344894e-08
3.1498045456958135e-08
2.1633298663357378e-08
1.4648569781282679e-08
9.779121302016063e-09
6.4362910233219204e-09
4.17639985483306e-09
2.6717666816757925e-09
1.6850960960433967e-09
1.04780440936061e-09
6.423400033718239e-10
3.8822076521152184e-10
2.3132441947975055e-10
1.3589173465490618e-10
7.870337952715861e-11
4.493890125528434e-11
2.529765187878909e-11
4.968050755570923e-06
7.059542366652131e-06
9.889996238991075e-06
1.3659804108170734e-05
1.8600365297925628e-05
2.497049150758673e-05
0.00018068435354555003
0.0002478214942151175
0.0003465303023136928
0.00047823933666870126
0.000651359832469627
0.0009739437401269311
0.0013013270128978693
0.0017163129886073525
0.0022343223917343836
0.002870899118609843
0.0036408082947098695
0.004556927246787467
0.00562897002060256
0.006862114722997507
0.008255631033688137
0.009801628826816044
0.01148406376615731
0.013278138087511004
0.015150221639532007
0.01705838835413237
0.018953617556954554
0.02078165120223286
0.022485432782786936
0.024007988612052517
0.025295555523059975
0.026300718599656013
0.026985304663382878
0.027249960671624225
0.02734784679321017
0.027084533114153913
0.02647051500492387
0.025529837970552468
0.024298531797446246
0.022822319910607083
0.021153806867428612
0.019349384476163616
0.01746610836630083
0.015558782182931078
0.013677449381645465
0.011865438844381163
0.01015804770785211
0.008581880743938093
0.007154807482107485
0.005886451563432768
0.004779095003210907
0.003845928827038096
0.003051449598479054
0.002395895009538267
0.0018656805932792309
0.0014463126801077337
0.0011233234599214781
0.0008829778532931134
0.0013557941578475044
0.0015735942430280575
0.0018830610096358176
0.00236904847718901
0.00328333982240694
0.004424648530703804
0.005810054432327901
0.0075756573089825864
0.009780318994880672
0.012483079451177671
0.01573915259243981
0.01959516773032567
0.02484663321535166
0.030307284430233703
0.03651969210230285
0.0434754021642599
0.05139584761192604
0.059924511896633344
0.06897337695073306
0.07851010520944475
0.0884005781159925
0.09849287955114819
0.1086193049375228
0.11860821226306817
0.12828746054109408
0.137491325942274
0.14328640654206237
0.15136284473967873
0.1586240148273693
0.1649100023976247
0.17014690960263876
0.17426618870154725
0.17721119512288666
0.17896459595842468
0.1794587083250604
0.17869688432746225
0.17668045041667932
0.17342792779159058
0.1689775700934368
0.16338988736357993
0.1567495647841411
0.1491662108848091
0.140773492316046
0.1317264112543771
0.12219672501426071
0.11236694188915186
0.10242232898813718
0.09254396192692059
0.08290048806309694
0.07364140850867545
0.06489163591352314
0.056747854766290774
0.051695457261709404
0.04469892668639768
0.0384222955247422
0.032859950611181826
0.027984716988009903
0.0237573193650543
0.02011724229305488
0.017006867914642496
0.014364526214072844
0.012128186841126862
0.010241351841295886
0.008652617219384113
0.007316954641587161
0.006195837080249673
0.0052568550507631545
0.004472999845496589
0.0038217771530945693
0.003284287804380856
0.0028443782881635254
0.002487927684090731
0.002202304149586057
0.001975996045598107
0.0017984017609552604
0.0016597486583398765
0.001551104765439704
0.0014913446472927972
0.0014153723140749351
0.0013502641488562137
0.001290816714422898
0.0012329683134638095
0.0011737800850706664
0.0011113709020609997
0.0010448106314014031
0.0009739803289656415
0.0008994103861389029
0.0008221086139273487
0.0007452398581638034
0.000667349400749715
0.0005912569258465974
0.0005184098345114338
0.00045008131290186324
0.0003873143548152426
0.0003308918670325087
0.0002813291848561301
0.00023888428782399296
0.00020358059222063855
0.00017523735350043865
0.0001535033320658488
0.00013789371216200465
0.0001278091086823825
0.00012257949003925336
0.00012143286898206072
0.00012266153324006607
0.00012673930394284502
0.00013288771447509008
0.00014034080300294092
0.0001483625495917304
0.00015626497099174936
0.00016342656187463372
0.00016931023569624327
0.00017347951361725095
0.00017561150778843518
0.0001755052831893407
0.00017308445840304181
0.00016839338079720963
0.0001615868156445369
0.0001529137332321057
0.0001426963703847186
0.00013130620105650695
0.00011913871561579519
0.00010658895188303407
9.402954788590142e-05
8.179273183660345e-05
7.01571865949447e-05
5.934019319423509e-05
4.9494940496490865e-05
4.071244536529532e-05
3.546699177599381e-05
2.8508208991627934e-05
2.2601865235612767e-05
1.7676069416619e-05
1.3637654031231075e-05
1.038149774791005e-05
7.798484283922064e-06
5.781822892321416e-06
4.231661871039456e-06
3.058089437508655e-06
2.1827289309623798e-06
1.539198320936589e-06
1.0727238872779575e-06
7.391845490158682e-07
5.038276744435311e-07
3.398497211883558e-07
2.2698438679347014e-07
1.5019341831768853e-07
9.851475446741985e-08
6.409106251906981e-08
4.137915978324012e-08
2.6526360486313797e-08
1.689195922004099e-08
1.0689158670685104e-08
6.723169859098878e-09
4.203607534454003e-09
3.0634997830235204e-09
1.896333001149432e-09
1.1664860881041367e-09
7.127880101158333e-10
4.324783876626036e-10
2.6041688583565585e-10
1.5553678494475347e-10
9.20886665954851e-11
5.401799860710842e-11
3.137529125191127e-11
1.8035358488352508e-11
1.0255031470206966e-11
8.196511490405438e-08
1.1687731332677162e-07
1.643127885097328e-07
2.2774325654059012e-07
3.112074602913634e-07
4.192602934547942e-07
5.568603812411985e-07
7.291847855283892e-07
9.413638262365587e-07
1.1981357236969867e-06
1.5034296944332182e-06
1.8598966892213303e-06
2.2684181236697256e-06
2.569118115891169e-06
3.060079246263098e-06
3.5934355839071517e-06
4.160213733337087e-06
4.74842968336255e-06
5.343341945878237e-06
5.927949738288627e-06
6.4837258945307995e-06
6.991548402617174e-06
7.432769748523761e-06
7.790342988478907e-06
8.049910780910782e-06
8.200760782883356e-06
8.236558909157805e-06
8.927630628575857e-06
9.068409534569609e-06
9.22688880302593e-06
9.450464311468938e-06
9.79601536059787e-06
1.0328550919098332e-05
1.1119147135707394e-05
1.2242139497737264e-05
1.3771563393384546e-05
1.5776883660648268e-05
1.831811922773977e-05
2.1440551857827727e-05
2.3858455757429823e-05
2.7993056309701227e-05
3.271728072613729e-05
3.797931560966672e-05
4.369302509034949e-05
4.9737808652868125e-05
5.596085200733822e-05
6.218196326537027e-05
6.820095752634865e-05
7.380729029280804e-05
7.879137453967088e-05
8.295678320851375e-05
8.613237336196777e-05
8.818329890769095e-05
8.901992283178094e-05
8.860379919749488e-05
8.695015520955361e-05
8.412663487410672e-05
8.024842778671791e-05
7.547025412517076e-05
6.997596688229061e-05
6.396673026124231e-05
5.7648818126740556e-05
5.1222043861842745e-05
4.486969441986556e-05
3.8750621644463275e-05
3.4865892586611054e-05
2.9815648820184497e-05
2.5034875348229425e-05
2.0864083618744292e-05
1.7334783028546846e-05
1.4457074309279694e-05
1.2224491711979856e-05
1.061873813415971e-05
9.613820349623795e-06
9.17922539875903e-06
9.281933272974418e-06
9.887219076696473e-06
1.0958345864377203e-05
1.245537591843409e-05
1.4333424514970748e-05
1.654073976965259e-05
1.9017010850493285e-05
2.1692283092570726e-05
2.448679370390642e-05
2.7311940617215813e-05
3.0072468212109206e-05
3.266980938015688e-05
3.551256649631039e-05
4.1134325193145743e-05
4.4459397465298646e-05
4.6748191987317415e-05
5.038285645644158e-05
5.4414317388822775e-05
5.906548735262449e-05
6.460827121188962e-05
7.13543925045503e-05
0.00018875478752508783
0.0002632202174309886
0.00034841976138809004
0.0004617488921542819
0.0006103261435029077
0.0008022198945469716
0.0011292301601212164
0.0014700993251205727
0.0018946185168350056
0.0024158299209123685
0.003044889737896432
0.003792714834516412
0.004667461716091105
0.005673810586009484
0.006811883511782223
0.00807624294627096
0.009455074124136145
0.010929658070843827
0.012474233639207695
0.014056326027739317
0.01511316337596424
0.016670259914816254
0.018153438819977098
0.01952306988231692
0.02072379293543184
0.021718777667570615
0.02247267992106966
0.022958264862681363
0.02315808730697023
0.023065581155971543
0.02268546369049063
0.02225708815360611
0.021490561837248626
0.020529532130673996
0.019449324880559865
0.018308455938064162
0.01716910699286578
0.016258324467257106
0.015380113016252108
0.014710885516875464
0.014308548422088039
0.014223381131652587
0.014495989217659275
0.015156469333835255
0.016218873100713023
0.01768495206996148
0.01888050064496472
0.02097846382618016
0.02340355608563138
0.026096926409206755
0.02898451037498856
0.031979154262329085
0.03498399725592845
0.03789482951591914
0.04060659907946921
0.04301716100932939
0.04503267270983187
0.04657249150868333
0.047573487085447536
0.04799342592348749
0.04781314981746184
0.047037366788151985
0.04569399001070549
0.04383208520320182
0.04151860508609885
0.03883418782943826
0.03586836452865826
0.03271455249542145
0.02946520505471842
0.02620744776171554
0.02301946251126872
0.019967794557303707
0.01803593818169822
0.015322809470403428
0.01285683713533794
0.010654716198130113
0.008721293519509786
0.00705139021499645
0.0056318667755140975
0.004443747911149735
0.003464253683673794
0.0026686208607503655
0.00203163844346725
0.0015288637394899143
0.0011374910322812974
0.0008369485130458758
0.0006091947203221697
0.0004388120543329982
0.00031293197007206626
0.00022104552055805893
0.00015474427460612962
0.00010742870601569017
7.401242835298921e-05
5.064218641242087e-05
3.444602620811044e-05
2.331594450790139e-05
1.5726695180910767e-05
1.2082247076595483e-05
8.136629038738075e-06
5.495915949588241e-06
3.7406168315320802e-06
2.5823511216081846e-06
1.8242409185311136e-06
1.332598720796395e-06
1.0170019745038833e-06
8.164613960627951e-07
6.899318281346905e-07
6.098644530043967e-07
5.578565305411312e-07
5.21728265360757e-07
4.935593096020993e-07
4.6836416313343406e-07
4.4318966099382346e-07
7.652921989667438e-07
8.868414870861832e-07
1.0610824798445899e-06
1.3039982886767646e-06
1.6675662089789426e-06
2.1215105710153858e-06
2.713314620027096e-06
3.469219108939913e-06
4.415751151265359e-06
2.1612455953518867e-05
2.6803719356565096e-05
3.669943214840402e-05
4.9699728999225596e-05
6.653917864293235e-05
8.803975951613492e-05
0.0001235418626781559
0.00016063787290672755
0.00020638671942003258
0.0002619729049674665
0.0003284892152405399
0.0004068481039041817
0.0004976825257614147
0.0006012421439830886
0.0007172927730595571
0.0008450284018528862
0.0009830058758352807
0.0011291120539642834
0.00128057183659073
0.0014340028642905974
0.0015855190525974707
0.0017308807574043755
0.0018693547712192945
0.0019908397100238348
0.002093936828598813
0.0021752648126009675
0.002232192813506876
0.002255701405762142
0.0022686593810602655
0.002254957809586647
0.002215692467495849
0.0022815322031607883
0.002272735503969912
0.002256712627300118
0.0022569977519211995
0.0022855272638618303
0.002355288957924926
0.0025607728130395153
0.002788779836478399
0.0031113453985401746
0.0035441454149581233
0.004101448715845794
0.004795185370412192
0.005633928317436852
0.006621839316194555
0.007757650389157894
0.009033768923382831
0.01043560510447089
0.011941221343304808
0.013521392643348808
0.015140143626241024
0.01675579307555439
0.017808643111388172
0.01931606362891059
0.020694370726560052
0.021897063455761166
0.02288187464905504
0.0236131343513464
0.024063818660728174
0.024217117747974203
0.024067394492870302
0.023620456431788835
0.022893122882899446
0.021912129586045215
0.020712468310530828
0.019335302842573385
0.0178274207221785
0.016232431602935686
0.01459717293888296
0.01296432067580411
0.0113719418693613
0.009852259599482712
0.00843089774190097
0.007126596294132859
0.00595135243297622
0.004975914989177506
0.004107729532507869
0.003374834370773585
0.0029627928840486226
0.0024547473725548955
0.0020719106632686437
0.0018327473479614362
0.0016985235069877389
0.0016631557336180011
0.0017290271785019651
0.0018908926040564582
0.0021445875969329704
0.0024858791209582775
0.0029101060765950796
0.003411598162147755
0.003985121586897851
0.004618203373083832
0.005300570972014568
0.006018005045370485
0.006753797448590416
0.007489069922768194
0.008203335323611304
0.00887527358427951
0.009483672319038579
0.010078375617584725
0.010542135839864493
0.010895058185164607
0.011136990166786698
0.011266029992023707
0.011290904698811638
0.011270338953391962
0.011154616939394159
0.010962572514906666
0.010724568766626582
0.01046546300099634
0.010212892045733198
0.009989541385973032
0.009819877421725262
0.009723533088861674
0.009715170077163413
0.00980344959379264
0.009990364955327574
0.010270987581034584
0.01063365131266695
0.011060570528635044
0.01162002339528869
0.012141659153716457
0.012662986658567951
0.013158569466381938
0.01360490298771663
0.013981997987870223
0.01432147749065596
0.014540148538654131
0.014668730816828516
0.014706488305154164
0.014698343440493646
0.014625161098585446
0.01450467682898003
0.014356849796701864
0.014202055840161503
0.01405925917225498
0.013944319025801772
0.013868575992449266
0.01383783802383819
0.013851850254954407
0.013904289299223969
0.013983275601582216
0.01407235138134515
0.014151831152072346
0.01420076733875184
0.01419734294943367
0.01412232555067359
0.013959453001342862
0.013696875416204414
0.013331865988932882
0.012857291086672317
0.012280508261591046
0.011611332545793804
0.010863935935910986
0.01005581633854379
0.009492984044309268
0.008627812489301365
0.007755747975099856
0.006896314960605171
0.00622137341092372
0.005525716299365396
0.004898411290581551
0.0043708239138503715
0.003956965147698932
0.0036688908992341864
0.0035810912630643565
0.0036280144203413123
0.0038206555358904033
0.004185974393457062
0.004730603548977111
0.005458821357856671
0.006371757744782137
0.007466464890472732
0.008734942598663673
0.010163231201497385
0.011730697505986862
0.013409638665666529
0.015165313434384691
0.016956480155546596
0.018736478090661264
0.020454837182015833
0.02154038354207877
0.023040209585976735
0.024341915922211802
0.025400791306208745
0.02617952123004836
0.02665027261394836
0.02679625871950459
0.0266126561620249
0.026106801355111748
0.02529765587293712
0.024214592171480743
0.022895606245056956
0.021385106593562245
0.019731455565216622
0.017984465009826006
0.016192928311820145
0.014402561988990445
0.012654199601180888
0.01098250901731902
0.009415192258596028
0.00797267103951095
0.006668214111200962
0.005508761821658345
0.004494541963635044
0.0036223213441537107
0.0028831200597122823
0.002459173739209414
0.0019175101043764763
0.0014772175470229173
0.0011248430000231702
0.0008473077088127907
0.0006326508997989698
0.0004690085839182846
0.00034682141770199076
0.0002576017505882266
0.00019421649431163114
0.00015079484461240556
0.00012259373185709773
0.00010584149005019632
9.75761837388318e-05
9.549082902292066e-05
9.7793785674587e-05
0.00010308913707206712
0.00011027904257441507
0.00011848787450358107
0.00012700640342141136
0.0001352532966692729
0.00014275065586202701
0.00014911014791828324
0.0001540263971875697
0.0001572746291868856
0.00015843865384965975
0.00015862414750018584
0.00015692989105243668
0.00015359011504979987
0.0001484552546609102
0.00014183491794090671
0.0001339643661975414
0.00012511194747827587
0.00011556495984713878
0.00010561557577964357
9.55476329749763e-05
8.56249705227937e-05
7.608181705676268e-05
7.372679853214258e-05
6.925050662304064e-05
6.609590818916047e-05
6.529311806055988e-05
6.723623317449565e-05
7.232981946614065e-05
8.344903647254567e-05
9.816441606660225e-05
0.0001170420187384277
0.00014127542086498127
0.00017130355564844038
0.0002074779235194154
0.00025001929258800084
0.00028194779174388996
0.0003350905965959839
0.0003942044002564591
0.00045865797177054366
0.0005275173654629833
0.0005995434395372744
0.0006732100223540089
0.0007467442370131242
0.0008181885430310204
0.0008854819360820719
0.0009465557024029862
0.0009994374032345598
0.0010425269627202028
0.0010740813741058875
0.0010931333803030421
0.0010990406018965752
0.0010916392344311816
0.0010731718729200606
0.001041413888989092
0.0009989548249676647
0.0009474201250884157
0.0008887037698305312
0.0008248697481320076
0.0007580496394546474
0.0006903428053168114
0.0006237248748293868
0.0005808038599020848
0.0005198123125941665
0.0005575555413377517
0.0005475754172951815
0.000558522221082756
0.0005945603026786914
0.000660147654618433
0.0007600041444522387
0.0009291877510856052
0.0011377808758526577
0.0013927594694883479
0.0017086302579659468
0.00209065853942304
0.002542987197160365
0.0030681039977595186
0.003666289053436106
0.004335088812526529
0.0050688699737657
0.005858508956950286
0.006691268856962702
0.0075509056499357295
0.008418029121016026
0.009270722747283616
0.010085451829665236
0.010837941075265783
0.011293313389180085
0.01189045867091811
0.012366974354591944
0.01270659095904912
0.012897647400680261
0.012933737314767518
0.012814043111618248
0.012543335338154308
0.012131643012597226
0.011593627255132723
0.010947713054694871
0.010215050342607852
0.009418384487280735
0.00858091759271596
0.0077252361385834805
0.006872368786923411
0.00604102230431965
0.005247025423430136
0.004502991987013679
0.0038181975599788707
0.003198649188412299
0.002647317027946775
0.0021644896046006884
0.0017482115296769101
0.001394763220494611
0.0010991459542280463
0.0009313438895683162
0.0007189658213035713
0.0005494507204283647
0.00041462359261302504
0.0003096134514075384
0.00022915239616651075
0.0001686488320629435
0.00012408177880513554
9.213765910391349e-05
7.009002538022238e-05
5.575747790263029e-05
4.742991640669758e-05
4.378947182131497e-05
0.00010032301035217406
0.00013497163782355602
0.0001758549377286547
0.0002305107953989287
0.0003015139466500145
0.00039184298932104083
0.0005231553584051168
0.0006776858455560692
0.0008602686027423602
0.0010802729609775974
0.0013414726613211593
0.001646906318098149
0.0019985130987332637
0.002258871984562586
0.00268758895756202
0.003159536265720951
0.003669723680179096
0.004210781760278195
0.004772983828961858
0.005344430310364537
0.0059114020404899765
0.006458874046936604
0.006971165495872588
0.007432874057649975
0.00782900234122767
0.008146649953687836
0.008375170375147357
0.008506887786053876
0.008537515440082386
0.008466373529590412
0.008296392771597228
0.008033907744708722
0.007688260761378241
0.007271251103709927
0.006796474554781148
0.00627860363435054
0.005732659677570011
0.005173324268925561
0.0046143303504600115
0.004247996069586794
0.0037159943046005867
0.003212936290862331
0.0027458243904613018
0.002319520038348974
0.0019368500919249782
0.001598798466745014
0.0013047630805271889
0.0010528523706248287
0.0008401969697030291
0.0006632550884598438
0.0005180942709902882
0.0004006369363441022
0.0003068619990147825
0.0002329594369642164
0.00017543861185853875
0.0001311942228519145
9.753589351558985e-05
7.352789974945707e-05
5.5194706006639354e-05
4.198437636071548e-05
3.2750494441001214e-05
2.6624641750219773e-05
2.3038742274570106e-05
2.1433572112859914e-05
2.1335986244926247e-05
2.2494480882602966e-05
2.5102087856089575e-05
2.9078940038255352e-05
7.97729769849951e-05
0.00011249559794524281
0.00015035332045886573
0.00019995192257814381
0.00026403313884143303
0.0003457273878222698
0.00044849640209297285
0.0005760297687611506
0.0007678604240964085
0.0009711686663874456
0.0012151763081655108
0.0015038055198831363
0.0018401149843276872
0.002225912084835626
0.002661362508429909
0.0031446302713278983
0.003671585109484027
0.0042356146152004665
0.0048275747453029785
0.00543590416975986
0.006046915764143
0.00664526338686557
0.0070290573209876904
0.00756971850619468
0.008053791245161632
0.008465953219740675
0.008792782767663949
0.009023484161944331
0.009150471464379334
0.009169767555316895
0.009081190606791727
0.008888318190772916
0.008598237399130558
0.00822110589121358
0.007769562109848616
0.007258031953967721
0.0067019834837312945
0.006117180843737097
0.0055189840761487845
0.0049217337475915696
0.00433824940175253
0.003779459881802946
0.003254172573481832
0.002768978474157919
0.0023282813665405993
0.0019344327201580235
0.0015879494960902992
0.001287789828348594
0.001112328547185574
0.0008838075029453715
0.0006935774799473141
0.0005375287170700663
0.0004113718316725142
0.0003108500430712455
0.00023190439218024838
0.0001707921762244075
0.00012416196990539633
8.909084257442712e-05
6.450203361549808e-05
4.611444940472172e-05
3.326568900850348e-05
2.48846339658181e-05
1.966424805271863e-05
1.7036007411941667e-05
1.6496078758858934e-05
1.770640513611954e-05
2.045456009924213e-05
2.4617678127275153e-05
3.0459888424786423e-05
8.40168035966811e-05
0.00011900903613913232
0.00015930077447592601
0.0002115993449391901
0.00025449334806159604
0.00033317789439380396
0.0004321134249211903
0.0005549496543638885
0.0007284921146597668
0.0009295552770117613
0.001173039609937069
0.0014558491488274306
0.001786123715255752
0.002167354138073289
0.002600704577180061
0.0030860280377583943
0.0036197438419875486
0.004200665945084303
0.004816980265816474
0.005458921118134737
0.0061153458391121525
0.006772228429468634
0.0074141686772903614
0.008025022919004646
0.008588620359595291
0.009089516455725026
0.009513730356362665
0.009849414147895471
0.01008740751917211
0.01022164163693655
0.010251990975592679
0.010208855099657242
0.010062063922247974
0.009817488656629495
0.009483687274048464
0.00907141872957084
0.00859308608776732
0.00806214614283834
0.0074925210907803245
0.006898043593228649
0.006291960875683029
0.0056865169841603695
0.0050926255427393
0.004519638754990438
0.003975212316985167
0.003465260618814807
0.002993992302153908
0.0025640130538282335
0.0021764805292228753
0.0018312955224200275
0.0015273138582864827
0.0012625648189089238
0.0010344640057304343
0.0008400111065087614
0.000675965796876008
0.0005391334204632328
0.0004612687209327604
0.00036223361977248583
0.0002818536819066321
0.00021727578448800365
0.00016597688108179997
0.00012569519147667894
9.445200115068756e-05
7.054310803455756e-05
5.252242689386965e-05
3.9180232208582055e-05
2.955280002692038e-05
2.3627208276398104e-05
1.9425097947880432e-05
1.7046808779213753e-05
1.611497703391541e-05
1.6345208792643524e-05
1.7526825636723192e-05
1.9505956805793545e-05
2.217088970662872e-05
2.5439489464914757e-05
2.9248445153482837e-05
3.354409551186794e-05
6.207346922631854e-05
8.075237153426172e-05
0.0001018007307728553
0.00011892342089124907
0.00015026841037885417
0.0001896965481886491
0.00023892792728182326
0.0002998006131381898
0.0003847254532880482
0.0004833664873285185
0.0005984605019814689
0.0007349542114076637
0.0008945202314022904
0.0010782642113370711
0.0012865301638627295
0.001518717547286372
0.0017731281662461316
0.002046861413155572
0.0023357747748236524
0.002634522748106766
0.0029366815173063852
0.003234959429376555
0.0035214852189852084
0.0037881580224932757
0.004027036463968785
0.004230739380491581
0.004392828717468341
0.004508146058706541
0.004573078056857381
0.004587365846817684
0.00456500378682649
0.004491192038484707
0.004368935024467836
0.004202197294872586
0.003996700259840059
0.0037589744398549875
0.0034961748412098174
0.0032157410365933384
0.0029250712491046124
0.0026312277178983465
0.0023406866692082615
0.0020591419053652424
0.0017913667248923883
0.0015411348803992873
0.0013190406478507354
0.0011155443043646708
0.0009355446647538206
0.0007801439719536607
0.000649096977615448
0.0005416628196690069
0.00045673722494729996
0.0003929720536295509
0.00035354736375462804
0.0003295476132952912
0.0003227797716761622
0.0003271508683933237
0.00034601285365105624
0.0003784201792907199
0.0004229690761112302
0.00047818099755945635
0.0005424579340126598
0.0006140458439256165
0.0006910133703764321
0.0007712512137444787
0.0008524951574680206
0.000932373040235086
0.0010084732279388414
0.0010784296686818082
0.001140016693853633
0.001191361993636753
0.0012306206142471544
0.0012567267272008923
0.0012687149617192565
0.0012663582337910215
0.0012498497211515507
0.0012198550130030341
0.0011774657278754523
0.0011241332523115768
0.0010615878964662063
0.0009917493419942345
0.0009166342904373935
0.0008666574038307729
0.0007881031363356534
0.0007101833590154266
0.0006386549507636942
0.0005687224206505495
0.0005041046708664182
0.0004464856576375235
0.0003969135300432382
0.0003570992487305391
0.00032659182209773114
0.00030586209681680924
0.0002979572760221395
0.00029886111015875894
0.0003102807832728564
0.0003319593683928029
0.00036344239220558876
0.0004040633350997499
0.0004529296985752482
0.0005089136470283392
0.000570651361421997
0.0006365694920348903
0.0007048594643951281
0.0007735920870407329
0.0008407324020982459
0.000904221639565239
0.0009435259993906544
0.0009974514819252988
0.0010422338767617125
0.0010770812006212513
0.001100926584909168
0.001113095417351044
0.001113331480578283
0.0011018003356348515
0.0010790701124634048
0.0010460715835150039
0.0010040408209574029
0.000954448767475121
0.0008989226425245866
0.0008391642731073376
0.0008166039506682689
0.0007754474078765901
0.0007379065698956989
0.0007106891731201496
0.0006969968156813465
0.0007000580677854584
0.0007230645577291919
0.0007691250251817091
0.0008575397373185738
0.0009712664642515061
0.0011139052433310759
0.0012919787090252097
0.0014309983181964871
0.001670208274306629
0.0019454982643778939
0.00225474913926157
0.002594308139103041
0.002958924839585244
0.0033417798905750655
0.003734618873211756
0.004129559848690459
0.004514039221179737
0.004878159047642736
0.005211479288249415
0.00550400481598732
0.005746821264809979
0.005932538637606267
0.006055657768409777
0.006113599980993395
0.006103992380195378
0.0060285613322575956
0.005890611731722834
0.00569534786795585
0.0054499258580594295
0.005161745913431912
0.004839851331238371
0.004493406691707497
0.004131558483428912
0.0038861255176207174
0.0035177733989798826
0.0031557816731348563
0.002806615346284256
0.002475574137956654
0.002166734111520873
0.0018829513844742134
0.0016259202017711884
0.0014092709077759477
0.0012140565522312603
0.0010460290451822572
0.0009053583053134779
0.0007907624844646136
0.0007008133350599312
0.0006340659049976688
0.0005891522386379289
0.0005648344340769727
0.0005692237560748249
0.0005868273275105962
0.0006233961658145323
0.0006783210657384584
0.0007509024398151913
0.000840197088419418
0.0009449477825757211
0.0010634575186415339
0.0011490439718391708
0.0012853374409295168
0.0014283549274336823
0.0015745462813149804
0.0017199842853657425
0.0018605038674686556
0.0019918736046352116
0.0021099864609052123
0.002211054678489547
0.002291793299987374
0.002349577979637946
0.0023825653654197284
0.0023897680339061184
0.0023710802409478153
0.0023272550730314523
0.002259837447354683
0.002171060428840909
0.0020637142868910083
0.0019409985562468127
0.0018063672031085514
0.001663376048446089
0.0015155401369761885
0.0013662070303064303
0.0012184502660397144
0.001074985608868033
0.0009381112977268427
0.000851453331772267
0.0007294325035688276
0.0006178893141442419
0.0005174531372708056
0.0004283482939306584
0.0003504437161617797
0.00028331135582153257
0.000226289330228979
0.00017854593531542993
0.00013914103421511532
0.00010708191509439463
8.137145009718015e-05
6.104720315076063e-05
4.521094731230023e-05
3.30487876997369e-05
2.3842685565702596e-05
1.6974607234135666e-05
1.1924767527711526e-05
8.265512325520398e-06
5.6523172213008676e-06
3.813207058277696e-06
2.5376655218938426e-06
2.5672534326289216e-06
2.3738471235289682e-06
2.5236797956037064e-06
2.996468399876882e-06
3.49303390356066e-06
4.5275064002015225e-06
5.944478930280917e-06
7.794796641403178e-06
1.0137233617147276e-05
1.3033094741993172e-05
1.6540245109525366e-05
2.0706576351021695e-05
2.556308630866864e-05
3.1116919734381853e-05
7.475953049521981e-05
0.00010238156758844721
0.00013360670656769658
0.00017336633145994426
0.0002235869597849613
0.00028644737406040017
0.0003643346318862232
0.000459765158095864
0.0005752658732191554
0.0007365212320393818
0.0009090781631321708
0.0011109712321508885
0.001343951117860339
0.0016086903920286876
0.0019076384235223297
0.0022343089790959137
0.0024670707890460716
0.002835306705771182
0.0032211483686752722
0.0036173217026610302
0.004015337226740218
0.004405807541077475
0.004778847507813443
0.005124530006256049
0.005433363710272131
0.005696756493284927
0.005907429251585521
0.006059749996885125
0.0062636731639662754
0.006352338922508817
0.006386105963780895
0.006382184752438763
0.006350376219900197
0.006302672515552928
0.006252784436363313
0.00621554191200318
0.006243236880965101
0.0063071527414497435
0.006425198020736355
0.006620828352154416
0.006904924946269883
0.007147253876546739
0.0075929482670390866
0.00813706766400892
0.008773724679415154
0.009492479148496567
0.010277496675804146
0.011108260356021513
0.01196037629281294
0.012806664584744687
0.013618469152639975
0.014367096699036934
0.01502533175671722
0.01556863585531555
0.015976595510300364
0.016233705896185998
0.01633002344719455
0.01626143986981123
0.016029618654575504
0.015641626945669243
0.01510932382159191
0.014448528420860909
0.013679019212227122
0.012820392229918683
0.011895529831563334
0.010926616338627139
0.00993555083085189
0.009272746139601726
0.008289504005387189
0.007334538315249
0.00642252948358915
0.005565413193651125
0.004772278311172717
0.00404938199556399
0.003400271343878341
0.002826235330389716
0.0023561279224451033
0.0019432291191099791
0.0016035033388265946
0.0013286979772200466
0.0011182087979872298
0.0009663744794014408
0.0008695322510476421
0.0008238682704797812
0.0008260462587784011
0.0008863948622458992
0.0009867714623389803
0.0011283116320635138
0.00131065572513206
0.0015407465289250589
0.0018042795041442853
0.00210274366268063
0.002433171281287969
0.0026690597350927615
0.0030415466079585316
0.0034305765210351923
0.0038283405840045144
0.00422618857215586
0.004618163210846139
0.004991044905009164
0.005336062105823545
0.005645692858423358
0.0059125525629821745
0.006130551068041973
0.0062951091389047
0.006403281464101092
0.006453785284397135
0.00645328947527161
0.006394424448305876
0.006283658828393967
0.006126021854419651
0.005926912802440535
0.005692412638819809
0.005429061065890796
0.005143643788841699
0.004842991188361395
0.0045363967617529635
0.004227135813204397
0.004022496609364256
0.0037225949217379096
0.0034354472713241085
0.0031651069500919704
0.002914708654514528
0.0026864161538064433
0.0024814110242904848
0.002299924787632128
0.002141313446551514
0.00200416990941746
0.0018864666483800906
0.0017857185729288259
0.0016991548054731045
0.001623887928512012
0.001557070275488599
0.0014960287593152547
0.001438372276137783
0.0013820685431593035
0.0013254899882524525
0.0012674307131036173
0.0012070983879498216
0.0011440860900193723
0.00107832955689313
0.0010100551687979447
0.0009397233477160941
0.0008679711516558344
0.0008197183073408314
0.0007473201806797294
0.0006756550341311445
0.0006055655665749466
0.0005378518621471647
0.00047323996969630223
0.00041235664002642434
0.0003557104451331283
0.00030367948369825664
0.00025650576940854336
0.00021429618714745042
0.0001770296048875843
0.00014456939035796727
0.0001166802585818735
9.304812538848282e-05
7.330150587088944e-05
5.70329971482296e-05
4.381951963300158e-05
3.324023714175173e-05
2.4891395706859565e-05
1.8397669402816385e-05
1.3419936036694994e-05
9.659691392803485e-06
6.860525109394659e-06
4.807214638234616e-06
3.323048508928454e-06
2.5783548394558256e-06
1.7421942530073692e-06
1.1611324846770623e-06
7.632653549784154e-07
4.948319915630249e-07
3.16381169661384e-07
1.9948874052868787e-07
1.2404154365674062e-07
7.605796408420433e-08
4.598754118706129e-08
2.7418527664137286e-08
1.6119372882309434e-08
