N :Calcite
N :Gibbsite
Y :100.0% Dolomite, Diffracto n :554
N :Hematite
0.0
0.0
0.0
0.0
0.0
0.0
0.0
0.0
0.0
0.0
0.0
0.0
0.0
0.0
0.0
0.0
0.0
0.0
0.0
0.0
0.0
0.0
0.0
0.0
0.0
0.0
0.0
0.0
0.0
0.0
0.0
0.0
0.0
0.0
0.0
0.0
0.0
0.0
0.0
0.0
0.0
1.803221755008908e-34
7.302267430672121e-34
1.7370401034708806e-33
3.772457177850664e-33
7.479879843349485e-33
1.3539868045700715e-32
2.2375751456019712e-32
3.3758122305864394e-32
4.6495469395398137e-32
5.846138536449221e-32
6.71039745390478e-32
7.0314155300105e-32
6.725854893971211e-32
5.872964560214343e-32
4.6813108038722e-32
3.4062218214213545e-32
2.2623977612964918e-32
1.3716739354478193e-32
7.591263519846068e-33
3.834899022004956e-33
1.768340765080864e-33
7.442959664431116e-34
2.859490193242181e-34
1.0027447306272022e-34
4.7398711716422416e-35
1.427545572058681e-35
3.9242858470402806e-36
9.846325317234255e-37
2.2548950077226137e-37
4.713166603037167e-38
8.991441500273466e-39
1.5655670817844624e-39
2.4879156233998133e-40
3.6084195233047793e-41
4.776520376421517e-42
5.7705250089846065e-43
6.362444036793141e-44
6.402262530930239e-45
5.8794915226585356e-46
4.927638131342685e-47
3.769003950710528e-48
2.6308686138366634e-49
1.675917298992982e-50
9.742781934016276e-52
5.168761790504019e-53
2.5024153792382837e-54
1.1055996465997778e-55
4.4575713415703496e-57
1.640049673190944e-58
5.506433685758673e-60
5.446659582119577e-61
1.5699785198856808e-62
4.1295493037986344e-64
9.911827039697275e-66
2.170918902971057e-67
4.338794572310831e-69
7.912742311625212e-71
1.3167833138104114e-72
1.999530086552987e-74
2.442620111051038e-76
0.0
0.0
0.0
0.0
0.0
0.0
0.0
0.0
0.0
0.0
0.0
0.0
0.0
0.0
0.0
0.0
0.0
0.0
0.0
0.0
0.0
0.0
0.0
0.0
0.0
0.0
0.0
0.0
0.0
0.0
0.0
0.0
0.0
0.0
0.0
0.0
0.0
0.0
0.0
0.0
0.0
0.0
0.0
0.0
0.0
0.0
0.0
0.0
0.0
0.0
0.0
0.0
0.0
0.0
0.0
0.0
0.0
0.0
0.0
0.0
0.0
0.0
0.0
0.0
0.0
0.0
0.0
0.0
0.0
0.0
0.0
0.0
0.0
0.0
0.0
0.0
0.0
0.0
0.0
0.0
0.0
0.0
0.0
0.0
0.0
0.0
0.0
0.0
0.0
0.0
0.0
3.752249946950011e-36
9.578949474346567e-36
1.7002837455007548e-35
3.7248247318397446e-35
7.444324082863667e-35
1.357312006972886e-34
2.257714906623809e-34
3.4260484476893105e-34
4.742997434159472e-34
5.990282022997361e-34
6.902026769541547e-34
7.2550598480553195e-34
6.95729389332672e-34
6.086598989819068e-34
4.857849096879886e-34
3.537108160468157e-34
2.349566009106139e-34
1.4238424975775843e-34
7.871749076604845e-35
3.970228683165077e-35
1.8268159444342233e-35
7.668475853570019e-36
2.936691359662879e-36
1.0259886267564877e-36
3.270105603416856e-37
9.508587320956121e-38
2.522349196531094e-38
9.895797290527052e-39
2.2526738557019874e-39
4.678222108868408e-40
8.86335910691663e-41
1.531972057506798e-41
2.4156740426299316e-42
3.4750480290082383e-43
4.560561117597116e-44
2.2813098366306886e-35
5.78257811539688e-35
1.710255801289961e-33
4.7658065241495044e-33
1.0498999186688969e-32
2.1142225086885888e-32
3.891557034579051e-32
6.547107300405758e-32
1.0067384839280004e-31
1.4148706315506692e-31
1.8173758042434903e-31
2.1335297099228195e-31
2.2891749038470818e-31
2.2448527273967105e-31
2.012004687680297e-31
1.6481887377585552e-31
1.2340328671585105e-31
8.444877604418506e-32
6.238457587008332e-32
3.6750661630217635e-32
1.9788385509178014e-32
9.739006285366928e-33
4.381050422622145e-33
1.801356287318629e-33
6.769790416807878e-34
2.3254095401955417e-34
7.300700401713249e-35
2.0948865247003375e-35
5.493830702842486e-36
1.316723649982864e-36
2.8840475158748186e-37
5.772720948662319e-38
1.05586738906827e-38
1.7646867719141097e-39
2.6948389060591848e-40
3.759943415428655e-41
4.7927928301009796e-42
5.5812274390906055e-43
5.937162312338878e-44
5.7691314616016e-45
5.120335012655399e-46
4.1506582607944077e-47
3.072845621689121e-48
2.077517002351508e-49
3.2781969877737775e-50
1.9049552917331963e-51
1.0107659749775034e-52
4.896771863452698e-54
2.1659116604964195e-55
8.746257938341657e-57
3.224292784855936e-58
1.085071154237156e-59
3.333307433390419e-61
9.34692416219988e-63
2.3923349478484144e-64
5.588815925034182e-66
1.191647251800439e-67
2.3189539097353373e-69
4.118511202467841e-71
6.675426082644144e-73
9.87415046000835e-75
1.2788023592187322e-76
0.0
0.0
0.0
0.0
0.0
0.0
0.0
0.0
0.0
0.0
0.0
0.0
0.0
0.0
0.0
0.0
0.0
0.0
0.0
0.0
0.0
0.0
0.0
0.0
0.0
0.0
0.0
0.0
0.0
0.0
0.0
0.0
0.0
0.0
0.0
0.0
0.0
0.0
0.0
0.0
0.0
0.0
0.0
0.0
0.0
0.0
0.0
0.0
0.0
0.0
0.0
0.0
0.0
0.0
0.0
0.0
0.0
0.0
0.0
0.0
0.0
0.0
0.0
0.0
0.0
0.0
0.0
0.0
0.0
0.0
0.0
0.0
0.0
6.666570937641117e-09
1.7003571935876873e-08
3.9565149543913097e-08
8.398862089369722e-08
1.6265337486314103e-07
2.8736951669130404e-07
4.631837413726213e-07
6.810843566392642e-07
9.13657649040726e-07
1.1181525886837728e-06
1.2483996632196764e-06
1.2715727202286355e-06
1.2232606739251833e-06
1.0692146241747263e-06
8.52600840518226e-07
6.202426304577193e-07
4.1163515634441556e-07
2.492288398302881e-07
1.3766360000320053e-07
6.93705182840513e-08
3.1890824390779134e-08
1.3374930778383721e-08
5.117434940558636e-09
1.7862741244817128e-09
5.688252605548432e-10
1.6525120375866e-10
4.379710244863992e-11
1.0589638058861743e-11
2.3358870787049003e-12
4.700646171042302e-13
8.62975109799025e-14
1.445353131535496e-14
2.2084351748414557e-15
3.0784374510620805e-16
3.914812821719022e-17
4.541785927508282e-18
4.807035271036918e-19
1.0221089235523338e-19
9.28338036742257e-21
7.692191727219234e-22
5.814723202092269e-23
4.009987154088444e-24
2.5228527729342413e-25
1.448024208777924e-26
7.582191141320444e-28
3.622001487668032e-29
1.5784742819856562e-30
6.275688610033904e-32
2.27625153991733e-33
7.5320658613336e-35
2.2737512732189587e-36
6.26190957250764e-38
1.5732785382039295e-39
6.540987996120442e-08
1.5681404326517358e-07
2.688643353646486e-06
7.220904686719324e-06
1.595994970199e-05
3.234783945068335e-05
6.010421119024791e-05
0.00010235555653480482
0.0001597321681425337
0.00022840129664776813
0.00027613633497521945
0.00034125595337964324
0.00038638072789686054
0.0004008040110273729
0.0003809236466000339
0.0003316976773962339
0.00026463856388384563
0.0001934519162211966
0.00012956814967723734
7.950899313869243e-05
4.4699704340395646e-05
2.3021341539406896e-05
1.0860526297896341e-05
4.692583598700645e-06
1.8567418587107303e-06
6.726650867276644e-07
2.2308842630554477e-07
6.771797388143461e-08
1.8810235234098413e-08
4.78036024029627e-09
1.1112596622827402e-09
2.3625027054961525e-10
4.592469222056855e-11
8.161230314959589e-12
1.325630095024484e-12
1.9677615776504155e-13
5.246946448018542e-14
6.700549797229126e-15
7.816691655206801e-16
8.32889662463884e-17
8.10497727203317e-18
7.202252998623157e-19
5.843780530934252e-20
4.329015567914853e-21
2.9276469157734197e-22
1.8073848951390456e-23
1.0184890116829893e-24
5.238538303307955e-26
2.4591726444415694e-27
1.053592189486247e-28
4.11948031713959e-30
1.4698818835228055e-31
4.7860597260266044e-33
1.4220558045255253e-34
3.855552672653092e-36
9.53845510171795e-38
2.1531878153859643e-39
4.434966731000187e-41
8.334823668582931e-43
1.4292028947942844e-44
2.236028539632591e-46
1.3228558228011944e-47
0.0
0.0
3.370175008160535e-36
8.00272414244679e-36
1.7336372503577278e-35
3.4262070415683024e-35
6.177375007816073e-35
1.0160833156455804e-34
1.524718478879421e-34
2.0873005976376965e-34
2.6068456719655347e-34
2.9701654034317837e-34
3.087314972222954e-34
2.9276302988576638e-34
2.5327161361698226e-34
1.9989033303664135e-34
1.4392361402523982e-34
9.453819592067615e-35
5.665230112795283e-35
3.097153923108353e-35
1.5446959728515833e-35
7.028428467938923e-36
2.9174836715244867e-36
1.1048253464991667e-36
5.561831531260297e-07
1.033771618330763e-06
2.426687903342056e-06
5.196826716858142e-06
1.0153073653900574e-05
1.809638501311625e-05
2.942531417862915e-05
4.365011373467916e-05
5.9072403404133055e-05
7.293212910160258e-05
8.214632393366878e-05
8.440970158177721e-05
7.912825463904723e-05
6.767149921617859e-05
5.2797699494844435e-05
3.758020905235202e-05
2.4402727687883303e-05
1.4456146662913112e-05
7.812710067513215e-06
3.8519962886202625e-06
1.732626698756928e-06
7.109828659660738e-07
2.661633519849742e-07
9.090177631917075e-08
2.8322492639285185e-08
8.050550255050171e-09
2.0876353795221913e-09
8.067274026935566e-10
1.795205660327357e-10
3.644488622303487e-11
6.749847776472468e-12
1.1404765205018246e-12
1.7579791049162143e-13
2.4721570618244717e-14
3.171563413890218e-15
3.7119808730449083e-16
3.9634469556721054e-17
3.860782720657057e-18
3.430936352695665e-19
2.7815377110903034e-20
2.057274453537732e-21
1.3881439486636123e-22
8.54499406594506e-24
4.798704637876182e-25
2.4585062956439932e-26
1.1490925681776285e-27
4.9002421956093777e-29
1.9142178311276005e-30
8.185861057386608e-32
2.6832987097627555e-32
4.0558618496255795e-32
6.174514076933041e-32
7.81577410229658e-32
1.0375439467043514e-31
1.2648176357243499e-31
1.4155026015426918e-31
1.4542738716121014e-31
1.3717012447461784e-31
1.1878937483497118e-31
9.445281503236599e-32
6.895503616250159e-32
4.6216950904012616e-32
2.8435800625552223e-32
1.6057490233243874e-32
8.320195504283257e-33
8.883073314026732e-07
2.1078494683415494e-06
7.24857417566321e-06
1.5751045570981713e-05
3.166575047611202e-05
0.00020023493886468517
0.0004469463859248177
0.0010232470853363755
0.002024079782731417
0.0037111083746008224
0.00628623215006793
0.009815379431414476
0.014106075380718478
0.017146990556092978
0.0214211244406827
0.02458923607089739
0.02593136648659496
0.025122524730528697
0.022359587422875048
0.018282602924545185
0.013733743153648422
0.009477660346852115
0.006008066254410404
0.0034980164609835383
0.001870107567497621
0.0009177972972445227
0.00041334986102885333
0.00017077231689738355
6.46951161495382e-05
2.2464612616999207e-05
7.146893300397308e-06
2.082317699022156e-06
5.55411530227411e-07
1.3556796612707103e-07
3.0270577812336745e-08
6.181090909317768e-09
1.1538845965501857e-09
1.9687798554294842e-10
3.069491805001659e-11
8.45619916753627e-12
1.133890564949093e-12
1.3886143236663627e-13
1.5528953837419128e-14
1.585611083846442e-15
1.478074645885853e-16
1.2577640402429472e-17
9.769419865400357e-19
6.925863305503305e-20
4.481132139593356e-21
2.645984276727356e-22
1.4257807778017094e-23
7.010806913799071e-25
3.145810987193008e-26
1.2889876114056045e-27
4.901631454949858e-29
2.3396149322057483e-30
5.495946741716587e-31
3.28094157128974e-31
1.9673066141252587e-31
1.0884029942416235e-31
5.532810688887126e-32
2.582934167064323e-32
1.106904052265286e-32
4.352498980932224e-33
1.5696113240605573e-33
7.577310997477182e-34
2.363064409910338e-34
6.750039473588215e-35
1.7652781775869286e-35
4.224881553712712e-36
9.25003515728383e-37
1.8520296088908107e-37
3.3899388295791217e-38
2.1388370405038858e-06
5.458381460747944e-06
1.2708229811741691e-05
0.00010524941387807926
0.00027260282994463704
0.0006521612770432241
0.0013569305817366486
0.0026041907068607402
0.004604684091534024
0.007494799330646723
0.011222542578531565
0.015453792725665227
0.01956674604547946
0.022778993654202856
0.024384864651180164
0.024007004160631628
0.021739752935639033
0.01942645160140923
0.015308035801909304
0.011097612333970929
0.007400972833010036
0.004539600239097238
0.0025603076406922804
0.0013272375008443714
0.000632106400611473
0.00027643647116730983
0.00011094999353457968
4.0845354526060946e-05
1.3784769316505752e-05
4.262491792059987e-06
1.2070166158653158e-06
3.128549007352741e-07
7.419334920589908e-08
1.6092008847280154e-08
3.1910117078557846e-09
5.783447985229835e-10
9.577887960140907e-11
1.4490276243985487e-11
2.0022620011767003e-12
2.5265512054700007e-13
2.9109497981799695e-14
3.061869203839979e-15
2.9399363959359435e-16
5.859838719321281e-17
4.832284947023685e-18
3.6368723363884336e-19
2.4979717082693477e-20
1.565705666389554e-21
8.955264380515619e-23
4.673881708863045e-24
2.2258492076279293e-25
9.672131064389371e-27
3.8348500431105325e-28
1.3872896786529493e-29
4.579018922683834e-31
1.378983865670291e-32
3.7889875302661446e-34
9.498628217975594e-36
2.172548043060777e-37
4.533631731708147e-39
8.631563578823024e-41
1.4993318364953856e-42
2.3753563847295894e-44
3.434393117456048e-46
8.994394504996594e-52
5.296117494447387e-53
1.2658911356164665e-36
3.2092781509366517e-36
7.422553732564236e-36
1.2335879439537512e-35
2.4483551984067373e-35
4.433163221664065e-35
7.322982720762249e-35
1.1035633967575241e-34
1.5171955326109217e-34
1.9029212386140775e-34
2.1773841715759055e-34
2.2729207832272425e-34
2.1645545150714186e-34
1.8805623915351323e-34
1.4905342339564238e-34
1.0777825649531272e-34
7.109766578359093e-35
4.278726446367757e-35
2.3491388668075718e-35
1.1766243978188941e-35
5.3765290732988295e-36
2.2413059177682716e-36
8.523839570424536e-37
2.9573613079563856e-37
9.360703648743502e-38
2.70300964717496e-38
7.120683545139657e-39
1.711318184733008e-39
6.286220212917986e-40
1.296453627988104e-40
2.4392671893934145e-41
4.18694013095788e-42
6.5564554997398325e-43
9.366481397587381e-44
1.2207277635817007e-44
1.451430213492381e-45
1.5743760938684003e-46
1.5579582094195311e-47
1.4064947373496258e-48
1.1583916253796909e-49
8.703775825887483e-51
7.923578638505309e-35
1.945160331174603e-34
4.356366662671833e-34
2.8299568345616314e-33
7.096277330457018e-33
1.6166468498145106e-32
3.3532771993656765e-32
6.366484344632768e-32
1.1172636785835426e-31
1.809599411458869e-31
2.7022661778843253e-31
3.7181314290728003e-31
4.712565365325367e-31
5.27306599417298e-31
5.829096739110931e-31
5.937976121016806e-31
5.575785096991858e-31
4.827479879234018e-31
3.854391341790845e-31
2.838069331366612e-31
1.926894023814131e-31
1.205917907132071e-31
6.953238369834914e-32
3.6913835809055133e-32
1.8030267258766528e-32
8.096123866581356e-33
3.339297487495715e-33
1.2641009941126982e-33
4.38853015964664e-34
1.396218252786689e-34
4.068176837926132e-35
1.0849388088663669e-35
2.646960782598939e-36
5.905198180810775e-37
1.2042084968633838e-37
3.118761526373792e-05
7.553591459278362e-05
0.0001669013333197071
0.00033643495377041755
0.0005101698064622803
0.000882499307086025
0.001392672449222161
0.002005019429064712
0.0026334384767741207
0.003155460572895672
0.003449350522749931
0.0034399085038600416
0.003129618806426354
0.0025975922784985364
0.0019669146566834717
0.0013587358630764849
0.0008562873941412852
0.0004923104481462775
0.0002582221810489789
0.00012356145889628158
5.393957246814997e-05
2.1481616664697482e-05
7.804793466322567e-06
2.586966815570763e-06
7.822675057612055e-07
2.1580162648457615e-07
5.4311165992838676e-08
1.2469772487307255e-08
2.611938356137542e-09
4.991169357547219e-10
1.573552851056307e-10
2.58035247434287e-11
3.860217049821519e-12
5.268408053261028e-13
6.559671264110889e-14
7.45108874341198e-15
7.72133484505621e-16
7.299616216252494e-17
6.295680185051571e-18
4.953592522179045e-19
3.5557636843254074e-20
2.328522781126521e-21
1.3911151566885294e-22
7.581945594455905e-24
3.7699295560184126e-25
1.7100972030735712e-26
7.076904717707665e-28
2.671781205904406e-29
9.202237234169144e-31
2.891485131359239e-32
8.288645568042905e-34
2.1676123166827042e-35
5.171508029221628e-37
1.1256478353733787e-38
2.235670789926802e-40
1.558850045330473e-41
2.667870924540202e-43
4.251620468728858e-45
6.883157175019512e-47
7.706605060305222e-49
5.247852447150274e-50
3.260677575919337e-51
1.848559636731311e-52
9.562065580230064e-54
4.512915567507314e-55
1.9433257225745952e-56
7.63507684365e-58
2.736893280018653e-59
8.951106527867525e-61
2.6709651641410814e-62
7.271616117816995e-64
1.8061913688828223e-65
4.093226644997859e-67
8.463233692448096e-69
1.5965217331682026e-70
2.747773111924776e-72
4.314428173091832e-74
6.181151064811735e-76
0.0
0.0
0.0
0.0
0.0
0.0
0.0
0.0
0.0
0.0
0.0
0.0
0.0
0.0
0.0
0.0
0.0
0.0
0.0
0.00014737515957451898
0.0003597472697070932
0.0007996023207249234
0.0016214553175823642
0.0092372751013977
0.020171840812809632
0.04306275425551069
0.08306911485982747
0.1490540941354645
0.24802217981642627
0.33360317059579975
0.48731150261008643
0.6573706099164712
0.8186703893721701
0.9413960491543686
1.0
0.9818664283951247
0.8916295609260656
0.7491814914392607
0.5825612460086534
0.41917192322931135
0.2789573687899951
0.1715711174117095
0.09742495237516838
0.051015662879819186
0.02460352801727188
0.01091449494064122
0.004448348152479287
0.0016638012357951646
0.000570535187461422
0.0001792124705163116
5.152762177455132e-05
1.3552840813849835e-05
3.2592441699238526e-06
7.163371210874534e-07
2.4812022317136497e-07
4.6903319635813336e-08
8.096987807575475e-09
1.2760394017835119e-06
3.139886673230587e-06
7.054790473078742e-06
1.4461447820158046e-05
2.7044299474483268e-05
4.613969985601765e-05
7.181394558308676e-05
0.00010197126380192688
0.00013209360888176414
0.00015610643265147515
0.00016830413387300814
0.00016554030734940772
0.000148541471297221
0.00012159806819602897
9.081145199385769e-05
6.187134456915328e-05
3.8456829654253365e-05
2.1806822726655687e-05
1.1280966193726838e-05
5.323965009381276e-06
2.292234672188139e-06
9.003636483448006e-07
3.226352516307437e-07
1.54677507908241e-07
4.756410708196503e-08
1.3343400458271356e-08
3.4149840703835697e-09
7.973441906490455e-10
1.6983921608258426e-10
2.801609032615323e-06
6.9381876758801225e-06
1.567559222372835e-05
3.231001632782495e-05
6.075547354359103e-05
0.00010422421545203793
0.000163112351711921
0.0002328842156546465
0.0003033389987489678
0.00036045531516428343
0.0003907595573183908
0.0003864584200944188
0.0003486831247696049
0.000287008047794709
0.00021552229851434416
0.00014764724088455253
9.227699669349413e-05
5.261342291549496e-05
2.7367470132986178e-05
1.298696705162268e-05
7.508316448238629e-06
3.0575528389583458e-06
1.1359006913056136e-06
3.849831722799063e-07
1.1903594383847326e-07
3.357758699362909e-08
8.640837466873162e-09
2.0286035423146067e-09
4.3448372474993155e-10
8.489553244033309e-11
1.513321318275909e-11
2.461004760365827e-12
3.65114219957965e-13
4.941741585797604e-14
6.101917133815429e-15
6.873652454557267e-16
7.063888309086464e-17
6.6226997796849036e-18
5.66449636494587e-19
4.420002621365376e-20
3.146434834112858e-21
2.0433838009721345e-22
4.911836763206392e-06
1.2213159479104102e-05
2.7704296152121497e-05
4.545126293620233e-05
8.847556914550484e-05
0.0004133094997872551
0.0008752268926877686
0.0017481984024303378
0.0034253806308499474
0.0060771905166904575
0.010038111652313192
0.015384435215410223
0.021830345227616444
0.028650973212951934
0.034773796775198325
0.03904896010375608
0.04060589966171524
0.039140614388724314
0.03500401233033289
0.02906164076001725
0.022402598671205337
0.016028380422395603
0.010634344035505566
0.0065342642309188645
0.003712437267746372
0.0019469267466069736
0.0009408426612295045
0.0004182643845102927
0.00017080847160671873
8.962906869985851e-05
3.1684507709801044e-05
1.0258042366157756e-05
3.0391853403224877e-06
8.234681960914274e-07
2.0394407443602182e-07
4.615022814263496e-08
9.538861724564765e-09
1.8004072765189461e-09
3.1025012286888307e-10
4.880389829638573e-11
7.007248972135053e-12
7.6209555028006495e-06
1.8422221374984632e-05
4.0626518327608834e-05
8.173577894728106e-05
0.00031522021064897304
0.0007093383623442327
0.001446440494061957
0.0028800268689976372
0.005266837638791911
0.009004865857362465
0.014326833055731073
0.021143245256108972
0.028890045318069386
0.03652528777254103
0.040906136585598565
0.04547493596163177
0.046860739871870345
0.04481422958274037
0.0398145250448308
0.03288258617403205
0.025248153483826793
0.01801380263887685
0.011929327645645764
0.007321289245917391
0.004156461807044413
0.0021786190549421902
0.0010522856295915144
0.0004675375974311389
0.00019078923800796457
7.141141970087205e-05
2.448932591175773e-05
7.687570082754985e-06
1.5765802815859546e-05
3.4211258834148215e-05
7.624656991363159e-05
0.0001616303579547739
0.00030725471958304595
0.0012631346736149353
0.002607482540243016
0.005104688809002956
0.007992135648000538
0.014296534281861837
0.02390673073076953
0.037197942864804344
0.053690591689133114
0.07177320058085702
0.08882522891722351
0.10182023998016822
0.10822354881422686
0.10680197669959857
0.09798589088249039
0.0836532344455367
0.06648122316239177
0.04916728050092083
0.03380504108211208
0.02157423902614964
0.012755381629423282
0.006971636920425828
0.003515135630559106
0.0016317718442167822
0.0006961882503258094
0.00027258004562979413
9.78187450510337e-05
3.214199800308668e-05
9.662667461634214e-06
4.125868945562984e-06
1.0680241560406239e-06
2.5258951802138294e-07
5.456057183228045e-08
1.0761309021000773e-08
1.9377261054639135e-09
3.1849214737284513e-10
4.7778993286777045e-11
6.541411440913725e-12
8.172879766202465e-13
9.318102829676786e-14
9.69422777701983e-15
9.20281434794955e-16
7.971519059187835e-17
6.300397458570195e-18
4.54356063278943e-19
2.9896652515080664e-20
1.7949151654299958e-21
9.83237416583918e-23
4.914331914436358e-24
2.241099318097476e-25
9.3249704030467e-27
3.5401608574016325e-28
1.2262733948953434e-29
3.875610430581511e-31
1.1175867392252421e-32
9.987519890476389e-34
4.4620602754185704e-35
5.119009745050682e-35
1.1753714522562163e-34
2.4888295143416133e-34
4.808494367874463e-34
1.6033854554943595e-33
3.446854988232976e-33
6.811076801613823e-33
1.308992687032081e-32
2.3660175853745822e-32
3.9952897549240833e-32
6.022739027832593e-07
1.5601602491800602e-06
3.6870528424144978e-06
7.949219797118289e-06
1.5635243134918284e-05
2.8055613038761317e-05
4.592719023653338e-05
6.858908047413589e-05
9.344908957740964e-05
0.0001161529271279577
0.00013171044982917206
0.00013625275655046017
0.00012858945383827146
0.00011071345305618248
9.521744670943478e-05
7.035093808824335e-05
4.741963909647863e-05
2.9159601586927958e-05
1.6358365874068294e-05
8.372077485798931e-06
3.9089629221359676e-06
1.6650406966940797e-06
6.470281041036563e-07
2.2938046408098172e-07
7.418646874425036e-08
2.1889102835066967e-08
5.892047155909775e-09
1.4469031311719997e-09
3.241512413367302e-10
6.625076718310979e-11
1.2352905655876863e-11
2.1012722611030475e-12
3.260847738586746e-13
4.616509179915441e-14
5.9625478410516835e-15
7.025626209657496e-16
3.08144190114674e-06
7.617718340190536e-06
1.7180303361071894e-05
2.8077226913509134e-05
5.4339851335788706e-05
9.594396673173272e-05
0.00015454390591569252
0.00022710206786175161
0.0003044565228877322
0.00037236123980793234
0.0004154690168490453
0.0004229098564214239
0.0003927280867581323
0.0003327140238976642
0.0002571492380339505
0.00018131526410475847
0.00011663220387843658
6.844434747412193e-05
3.664305570747907e-05
1.7897021850883443e-05
7.974525368062195e-06
3.241633483565397e-06
1.20214807524372e-06
4.0671202331549854e-07
1.2553101699462557e-07
3.088450795582899e-05
7.544616232306473e-05
0.0001682933239408649
0.0003425101750582624
0.0005227172161793427
0.001566193321238717
0.003280841227583587
0.006407226365939507
0.012010993960365124
0.02205295255829784
0.03748750913887773
0.05968968621588413
0.08851299053405856
0.12183266465180666
0.1554586874118321
0.1839462054960213
0.2021149423979367
0.20664078964076701
0.19700690840805876
0.17546091768717928
0.1461377037111713
0.11382076443634566
0.08280832532968328
0.05616031970859263
0.03541023023117466
0.020696580064453643
0.011181145383207122
0.005568718642449483
0.002551223174568035
0.0010734364019034605
0.0005747732089213056
0.00021019790289478592
7.181656238672915e-05
2.449290767407864e-05
1.019738692934911e-05
6.548844294277107e-06
5.739797712045859e-06
5.321137978742715e-06
4.672124775312328e-06
3.7742348806766384e-06
2.786658651702473e-06
1.877800088196621e-06
1.154484853896431e-06
6.47545764611703e-07
3.313519313207029e-07
1.5468347954665264e-07
6.587694276586323e-08
2.5595165875332525e-08
9.072301088120841e-09
2.9336746799209927e-09
8.654489201507665e-10
2.3291953711656065e-10
5.7188062935395687e-11
1.280972612810942e-11
2.6176362295490475e-12
4.879931561477592e-13
1.5133386682784772e-13
2.421022827448351e-14
3.5334311197954844e-15
4.704672155463072e-16
5.714748082051413e-17
6.332858817710496e-18
6.402321984626671e-19
5.904868189889996e-20
4.968415334257058e-21
3.813823315761675e-22
2.6707807390071177e-23
1.7062823240941494e-24
9.944856944668751e-26
5.287875610086752e-27
2.5650760563755015e-28
1.1352493921835166e-29
4.595840333791602e-31
1.85222553923702e-32
2.7018394323735814e-33
2.7978857681587266e-33
5.105141902206873e-06
1.2538611380934287e-05
2.809480720603093e-05
5.742984714083107e-05
0.0001070987136414281
0.00015419421831673312
0.000471437346174781
0.0009067130776228295
0.0016925092313552455
0.0030886816797489423
0.005345916610780415
0.008684909586683155
0.013190269122166537
0.018631746685037167
0.02441878977631213
0.029686710195611206
0.03352321500518937
0.035244379895141884
0.03459347366383377
0.03178153471782668
0.02737825757905893
0.0221269395848041
0.016762456121609374
0.011877173827235184
0.00784722768303809
0.004817648163033474
0.002738824120462447
0.001437254267677529
0.0006943447923280455
0.0003081332309356038
0.0001253940671963797
6.558098247623125e-05
2.3036077569510752e-05
7.399269705124725e-06
2.780741524069604e-06
2.1365518748013327e-06
3.7623770391377225e-06
7.723270008694499e-06
1.4916042573318176e-05
2.636808132159471e-05
5.936461038168192e-05
0.00010369520666515167
0.00017559188372073633
0.00028897944444744144
0.00045992580431213195
0.0007005933929713575
0.0018670016407415788
0.003403404305116573
0.006141804288065176
0.010943850840657068
0.018579221250140145
0.029648053657090296
0.044235166114262967
0.061377404737345535
0.07902498306826569
0.09442716107541849
0.10490060106906966
0.10820170909154059
0.10713469382813247
0.0993975850411398
0.08659819625402072
0.07090485868759032
0.05451617667767839
0.03927025259040516
0.02641471086519413
0.01652791929057084
0.00958375972795946
0.005132292208763738
0.002530969534038574
0.0011467009899293413
0.0004764471586092789
0.0001812947281603337
6.311303024501354e-05
2.008592764517257e-05
5.840744114634941e-06
1.5512365024755344e-06
3.761833168387607e-07
8.328094267157189e-08
1.682884314741373e-08
3.1037112954114255e-09
5.22390799691004e-10
8.023701161048544e-11
2.187147090740347e-11
2.8840308898107116e-12
3.4702025403543875e-13
3.810102731301285e-14
3.81716816815579e-15
3.489520510206536e-16
2.910771422929401e-17
2.2154758243770372e-18
1.5386563278268648e-19
9.75060102245175e-21
5.6381412997846785e-22
2.974781994981028e-23
1.4321511478212088e-24
6.291251574705642e-26
1.4634555270101659e-07
3.7044190128941235e-07
8.55452047292562e-07
1.8022134460163591e-06
3.463791731896839e-06
6.0734058993614074e-06
1.5216013632182297e-05
3.381239181935159e-05
6.463105405889478e-05
0.00012025071674652777
0.00021772738562622892
0.000368986209321169
0.0005055324988531577
0.000762726309784364
0.0010652735631821787
0.0013745407688482672
0.0016405937559507903
0.0018126143670570544
0.0018617140537695136
0.0017876410891818962
0.0016180184063415543
0.001397032910895726
0.0011702496151329662
0.0009717802082893878
0.000817484322440616
0.0007050474269469256
0.0006197863801364803
0.0005435631115841967
0.0004631762624021878
0.00037486753955551824
0.000283600383214173
0.0001985407918258587
0.00012784680646546674
7.548987957738267e-05
4.0819326229487993e-05
2.0276643209900185e-05
9.423171026802481e-06
4.4219113659697075e-06
2.972992990487831e-06
2.3409160207315082e-06
2.66631608898458e-06
3.3669027566230712e-06
4.086474911906093e-06
4.579189531049969e-06
4.693582170676014e-06
4.391410481285505e-06
3.748804423606987e-06
2.919633269372277e-06
2.074442381243743e-06
1.3446522931605156e-06
7.951585415262247e-07
4.289754875976321e-07
4.364146795654307e-07
6.471724024081448e-07
1.2744039146007452e-06
2.535886182089629e-06
4.6989306289054365e-06
7.973783680107365e-06
1.235293212966832e-05
1.7460897974609353e-05
2.2516885864971946e-05
2.649030410139866e-05
2.843157345120444e-05
2.8322375358074335e-05
2.6085671120441218e-05
2.191842525152019e-05
1.680163994201722e-05
1.1749759807306992e-05
7.4962022241098415e-06
4.363033919106711e-06
2.3167057401962476e-06
1.1222462174482514e-06
4.959528792709269e-07
1.9995288360102262e-07
7.354445220572228e-08
2.4677840527065794e-08
7.55438961110621e-09
2.109728625412669e-09
5.375127889034322e-10
1.249355399469681e-10
2.6492209726121527e-11
5.124899591571342e-12
9.044561738076445e-13
1.4562122640088057e-13
2.1389312770115047e-14
2.8661833445690892e-15
3.5038547539919575e-16
3.907717970192182e-17
3.97589877826872e-18
8.234353291774834e-19
7.189520399411303e-20
5.7267118905173465e-21
4.161460134809315e-22
2.758805816208101e-23
1.6685203862635686e-24
3.6346426880415785e-06
9.079432573981315e-06
2.0691438415064227e-05
4.301873621873932e-05
8.159425903294134e-05
0.00014118759748142133
0.000313653285022267
0.0005741189083231165
0.0010200523904137044
0.0017959349085844662
0.0030923102765327997
0.005222610863128657
0.008240940688899192
0.012174623618298719
0.01673130261849098
0.021338208384231207
0.025269883069216473
0.027865569559047395
0.028732001004672134
0.027832492577587825
0.02637645105205437
0.02322765553163347
0.019361191245819705
0.015255331185535107
0.011322451260728273
0.007876925888601035
0.005109234113305685
0.003074434960113848
0.0017089767806300442
0.0008745757886535943
0.0004109919718816276
0.0001770210725003266
6.978870427672593e-05
2.5159352446679213e-05
8.288553690407045e-06
2.494151204413629e-06
6.853203684493196e-07
1.7190827354413322e-07
3.936113043154884e-08
8.225493109212548e-09
1.568736452214608e-09
2.7303066614345085e-10
4.336432538936967e-11
6.284986049698409e-12
8.312286369159888e-13
1.0031759478018953e-13
2.3284033114453174e-14
2.4123680395031057e-15
2.280679997137671e-16
1.9675231399515962e-17
1.548851023403004e-18
1.1125858877370173e-19
7.292752453625943e-21
4.361977461507382e-22
2.380725984292393e-23
1.1856854640054696e-24
5.38844807971311e-26
2.2345605368163387e-27
8.455839047870145e-29
2.9201686654534937e-30
9.2321997563513e-32
2.9035801147619217e-33
2.62971798464678e-34
1.363791814946602e-34
8.661876118069766e-35
5.116787893679464e-35
2.772446418785612e-35
1.3747962295835205e-35
6.231665614988906e-36
2.5801051159948637e-36
9.752954548070695e-37
4.846641447640798e-37
1.5732365093485892e-37
4.6598748939171035e-38
1.2593501000213236e-38
3.105195465354077e-39
6.985350330645693e-40
1.5398575644647123e-05
3.8435100407826226e-05
8.75206388688456e-05
0.00018181425407699575
0.00034457230488770934
0.0005957551392841528
0.0009397021426314628
0.0021296645603613787
0.00367069099672936
0.006343061736857848
0.01088362731438223
0.01841124739727831
0.029645938998618015
0.04478586097008936
0.06307731097383495
0.08249118771017384
0.10014935859210768
0.11351127509569796
0.12050265327001715
0.12096588936438285
0.11827012232900187
0.11137787884625218
0.10363843098482795
0.09732071945924656
0.09427024959188576
0.09504835360798898
0.09883157464545984
0.10365811157754967
0.10713105344539305
0.10728183465916781
0.10316726019256231
0.09494247795087339
0.08351698674635653
0.07011517405247464
0.055990051650774815
0.04230414209050291
0.030055516536745677
0.019954746486501754
0.012322581769085177
0.007068254511537791
0.003794635784639437
0.0019754319847561535
0.0011039181943448498
0.0007889363193865243
0.0007640899690870096
0.000863085996734821
0.0009467883796880413
0.0010528772521606312
0.001106321721356788
0.0010960774889018784
0.0010278043548671678
0.0009170716672710081
0.0007798227986760311
0.000632834573760636
0.0004922134018105884
0.0003700842401447502
0.0002775599283635864
0.00022061028181079225
0.0002471190364571842
0.0003236928710237103
0.0004922977285549789
0.0007886142846364101
0.0012652333442369644
0.0019514907768567742
0.002842966837413128
0.003882136938086182
0.004945371904540941
0.00587126076253893
0.006509162146805803
0.006767354872537598
0.006635237309112204
0.006357076786254757
0.005721756480897159
0.0049120188190278895
0.004018114651927784
0.0031186970896744004
0.002282195587723204
0.0015635822005810821
0.000996451051019846
0.0005875144557123568
0.00031916008038904706
0.00015926153523563156
7.284462812511946e-05
3.049500761738179e-05
1.1672676442269262e-05
4.082546817167357e-06
1.3041172864197162e-06
3.8036281872908435e-07
1.0127221469442697e-07
2.4611461583698066e-08
5.458868444481068e-09
1.1049992757700404e-09
2.0412675204101131e-10
3.441172026010452e-11
5.293890638242501e-12
4.351141714146278e-09
1.0663600294980533e-08
1.842187876862434e-08
3.8749192870023116e-08
7.435785934666483e-08
1.3017455806911617e-07
2.07902799229489e-07
3.029211185024109e-07
4.0265561234869726e-07
4.88284515326162e-07
5.401907425493754e-07
5.452005843099626e-07
5.019962559746852e-07
4.2167672830406057e-07
3.2314227580812207e-07
2.2591388027006897e-07
1.440877437554245e-07
8.383901298102153e-08
4.45041246004263e-08
2.1552088363308123e-08
9.52167700489787e-09
3.837713249731716e-09
1.4111285803986981e-09
4.733644559809358e-10
1.4486373925117184e-10
4.044443081132526e-11
1.030131706659273e-11
2.3936561919893906e-12
8.59726978164925e-13
1.7143041986655072e-13
3.11853205624584e-14
5.175442961206006e-15
7.835736634772786e-16
1.082298669883238e-16
1.3637959893151593e-17
1.567785643585408e-18
1.644216293799993e-19
1.57313575545185e-20
1.3731198542496313e-21
1.0934166465456465e-22
7.943244052419002e-24
5.264354430805422e-25
3.182931748256851e-26
1.7556766016045752e-27
8.834799672193532e-29
4.055868648269796e-30
1.6986583841946097e-31
6.490276551110377e-33
2.262326840619477e-34
7.194199613034597e-36
2.087106494776676e-37
5.523848075470751e-39
1.33374815544018e-40
2.0150284628319926e-35
3.629273500105872e-35
8.126559385765302e-35
1.6600788699928433e-34
3.093753590416693e-34
5.25990268131224e-34
8.264240704360182e-34
1.5381976764304489e-33
2.527981514657708e-33
4.155318743941475e-33
6.956232491288323e-33
1.1630640947699619e-32
1.9070441231101208e-32
2.9892675939813573e-32
4.3716683786150136e-32
5.962123405255815e-32
7.589425005796594e-32
1.0747653698243298e-06
2.603483604979137e-06
5.75348545894254e-06
1.1599577813211523e-05
2.1334788186349147e-05
3.579888320860469e-05
5.480063761091385e-05
7.653088486460543e-05
9.750409328168e-05
0.00010889293306557843
0.00011905403685129929
0.000118747245978834
0.00010805328045403138
8.969894948745858e-05
6.793158492344256e-05
4.69343846097651e-05
2.9583223770226305e-05
1.7011196426365245e-05
8.923992779748292e-06
4.270891624743614e-06
1.8647167943922788e-06
7.427492183526078e-07
2.699022560255901e-07
8.947584655470578e-08
7.309033573302263e-08
1.2599638257792412e-07
2.803342110756688e-07
5.972142085611517e-07
1.166933840957655e-06
2.0813618315546548e-06
3.3869653428698806e-06
5.028191201832199e-06
6.810015696320018e-06
8.414328539143147e-06
9.484748313443406e-06
9.762240007823398e-06
9.443090324809536e-06
8.333238218858173e-06
6.7088555378656476e-06
4.927402887535225e-06
3.301586629942873e-06
2.0181912119406216e-06
1.1254777518860453e-06
5.725936246239936e-07
2.6576090379847695e-07
1.1253060817179748e-07
4.346955857971882e-08
1.5319154077166663e-08
4.925148487404524e-09
1.4445709027688742e-09
3.83326285722093e-06
9.48916889022074e-06
2.1431784125018834e-05
4.4159787501990534e-05
8.30101043391156e-05
0.00014235409634594563
0.00022271218120157427
0.0003178725049280297
0.0006052124818880226
0.0009545799032009883
0.0015549200014880712
0.002181364288876432
0.0036190987195656374
0.005889589946538244
0.009020732312049877
0.012899306005372783
0.01710548365488239
0.0210079257082222
0.023958181583186675
0.025515426745547642
0.02557990965396383
0.02436166619478634
0.02222271463257883
0.01950966625101748
0.016477373010420595
0.013314851461668912
0.01020602117026493
0.007351945384202346
0.004936090939708303
0.0030689496954561884
0.0017592951514267539
0.0009274405853545457
0.000457506943470789
0.00022210356496611555
0.00013280775572750247
0.00013472020597569265
0.00017316747697291237
0.0002784480941992408
0.00043467004103505454
0.0006286132480340852
0.001049610029430388
0.0015988438709164047
0.002486307534321601
0.00402797219209945
0.0066418459026262415
0.01083302130175896
0.016827447771845427
0.024438730522516914
0.03294528204652594
0.0411195818407913
0.04760532233239237
0.051389400259455764
0.052135437767059215
0.050186990204396154
0.046268762941589624
0.04111153687129067
0.0352416485479699
0.029008295641364347
0.022730415071269282
0.016788656480104185
0.011583450171232234
0.0074128574201958565
0.005265897804925275
0.002941798520869756
0.0015091106939456149
0.0007098325948712436
0.00030590827527069174
0.00012076013639199296
4.367294531112909e-05
1.447579403460672e-05
4.400471605622297e-06
1.2278743470646275e-06
3.1480987124393904e-07
7.424699642989605e-08
1.6127796231778372e-08
3.2305068988397904e-09
5.974047887022362e-10
1.020941863797085e-10
1.2613613305258254e-08
3.228074183285279e-08
7.545304279153755e-08
1.609063478478017e-07
3.130445989662181e-07
5.556154814822536e-07
8.996580226319031e-07
1.3289711904195534e-06
2.199609329803227e-06
3.3308153221267515e-06
4.426443107742716e-06
7.041598636787563e-06
1.1596374257579325e-05
1.911804863261096e-05
3.069141071238918e-05
4.6384794493712595e-05
6.512435156929017e-05
8.46420673902449e-05
0.00010182222801678461
0.0001137928251405376
0.00011895562445864339
0.00011742072851344657
0.00011061027685938982
0.00010035354259435098
8.810395474818139e-05
7.47203489027897e-05
6.0761844477451065e-05
4.6885023487844464e-05
3.3968016922793635e-05
2.2903073345628108e-05
1.427662028894415e-05
8.189578214689928e-06
4.3099440451400455e-06
2.07681531523398e-06
9.151608328995029e-07
3.684943320165186e-07
1.910673038270075e-07
6.613267190684893e-08
2.0896892832687515e-08
6.0273427442236605e-09
1.586768885736082e-09
3.812624487637871e-10
8.360734476657388e-11
1.673275905368881e-11
3.0562527983684388e-12
5.094567976721745e-13
7.750339734932066e-14
1.076041428291585e-14
5.415738740594696e-08
1.3073962210080991e-07
2.8793320084453195e-07
5.78510512973029e-07
1.0603903238367893e-06
1.7731898910763919e-06
2.705077595750975e-06
3.7647764942189885e-06
4.780063425465988e-06
5.536854489005438e-06
5.850965688671691e-06
5.640621812837656e-06
4.960910635385153e-06
4.3275004693052414e-06
3.266102888895207e-06
2.2488349904805345e-06
1.4126035987644353e-06
8.095021690014321e-07
4.2320492710342697e-07
2.0184518968074144e-07
8.782559133260985e-08
3.486251799145212e-08
1.2625000683517678e-08
4.170989142189995e-09
1.2571343649482566e-09
3.456681199709269e-10
8.671055118689878e-11
1.984355851956034e-11
4.1428781089604884e-12
7.890776551225152e-13
1.3711100842498487e-13
2.4989834811816338e-06
6.460552011958868e-06
1.5237569424130432e-05
3.278696706073738e-05
6.436146855592339e-05
0.00011526288858135561
0.0001883179112413171
0.0002806933181954906
0.00034805419546896283
0.0005512847826578861
0.0008075177336135273
0.00122377848243696
0.0019625312689697913
0.003240280457132758
0.005277165048523516
0.008272759610048202
0.012052684993044568
0.016266691451684464
0.02028723284313816
0.023428823234744475
0.025197439734432916
0.025465348647326972
0.024465758399394286
0.022617195070662968
0.020301179857140216
0.017736028273988923
0.015001521952198902
0.01215290172619838
0.009313461615126343
0.006677627486388765
0.004441869474856849
0.0027259404139161466
0.001539259643221507
0.0008011490453954957
0.0004980804345974991
0.00023591803104059162
0.00011601691254164725
7.645722337586039e-05
7.429888639366769e-05
9.781718422433125e-05
0.00015085736048828943
0.00024728418962805367
0.00040422501149538697
0.0006378296813292164
0.0009375407201871125
0.0012768965300623736
0.0016063904436669394
0.0018697705942285834
0.0020244286653294465
0.0020570028193294793
0.0019847289550523448
0.0018419915427207152
0.0016614375900773574
0.0014619207558212975
0.0012492044921799039
0.0010254479785375553
0.0007981988235398101
0.0005822214684176259
0.00039434612477445353
0.0002909230142119679
0.00017188931500346599
9.31371470257212e-05
4.619221176872985e-05
2.094495145199136e-05
8.676586452122202e-06
3.2824207233964525e-06
1.1337215003470115e-06
3.574545219107318e-07
1.0287257001902714e-07
2.702220270772183e-08
6.478458607520058e-09
1.4175729526672242e-09
2.8309892961645886e-10
5.1599834856449645e-11
8.583708284130229e-12
1.274352584010858e-06
3.2372382339916145e-06
7.838189988330791e-06
1.6687345422452897e-05
3.306224020697716e-05
5.908777846082547e-05
9.666737417314971e-05
0.0001448846467706256
0.00019913214607276015
0.0003029077287186361
0.0003825557876143814
0.0005503434673554003
0.0008363732702359302
0.0013272351321352244
0.0021178821306189755
0.003288556461548241
0.0048118795515506765
0.006547306823360315
0.008246675154573446
0.009620713239483557
0.010445194806639078
0.010647769497269501
0.01031982519095994
0.00964649463242057
0.008801869604303238
0.007877600934343702
0.006992959776387716
0.006066566488865634
0.0052325504664886575
0.004667783812296492
0.004589019115731192
0.005162269971925386
0.006467628749799771
0.008274980542863486
0.010261102284980402
0.012000289011203183
0.012836167633402134
0.013454291091359885
0.01332851199843797
0.01263979616683888
0.011646081237185545
0.010540684004230026
0.009398149274233401
0.008207397304072949
0.007013220709510323
0.005822471167856918
0.004785375032824411
0.004331805925156645
0.004487249604981349
0.005627449201438439
0.008032177518868741
0.01180048714396177
0.016850919980575915
0.022891622857900362
0.029077123001156426
0.034557665922475306
0.038493436996681694
0.040370695856415915
0.04015384763124398
0.038236057780669463
0.03521386192374778
0.032856363649275334
0.029062712983159218
0.025081887599935536
0.020951442530713404
0.016746336229371196
0.01265819613352085
0.00895801564634268
0.005889981989122575
0.003578525903104071
0.002001464806688193
0.0010278674721914847
0.00048386133672095237
0.0002085385621634791
8.222007015489075e-05
2.963769372928367e-05
9.763505213998162e-06
2.9385296615262597e-06
8.078290140226231e-07
2.0281505482837698e-07
4.6496071115592205e-08
9.732505195240682e-09
1.8599108414673575e-09
3.24483703705809e-10
5.1678130031813466e-11
7.513080270783877e-12
9.970436245389042e-13
3.4156652496600253e-07
8.387558284633493e-07
1.8790185866413151e-06
3.8402686265266535e-06
7.160232479711468e-06
1.2179448753326787e-05
1.890005776874407e-05
2.675676602225489e-05
3.455724406951048e-05
4.071735606478967e-05
4.3767831462040626e-05
4.292056982250564e-05
3.839820464804252e-05
3.133944843847556e-05
2.3334944311072416e-05
1.585101871941048e-05
9.82296460211774e-06
5.5534513198578525e-06
2.864298988812675e-06
1.3477480748295937e-06
5.785409184392163e-07
2.2656584039485594e-07
8.09449524190686e-08
2.638275247907806e-08
7.844864089131287e-09
2.1280691452690036e-09
8.47433018245606e-10
1.9727134659836125e-10
4.189455937538444e-11
8.116825982249738e-12
7.45847092071718e-08
1.8117989420182407e-07
4.015248923616908e-07
8.118025672964913e-07
1.497350212902682e-06
2.5195985466300633e-06
3.86789165050709e-06
5.735506846617036e-06
7.712339645808142e-06
1.005175614626995e-05
1.2759820704353445e-05
1.6385670587613795e-05
2.160512120349153e-05
2.8986173804906106e-05
3.855180670124509e-05
4.943004916587957e-05
5.9841721437251415e-05
6.754246051740684e-05
7.058657637731169e-05
7.929821555031929e-05
8.720159852265934e-05
0.0001075248363586755
0.00013388109825884084
0.000202109651302488
0.00031328975561895143
0.0004711756163031291
0.0006626024054506916
0.0008609171597172935
0.001032205198516551
0.0011454612232336908
0.0011853758204899377
0.0011577789629843658
0.0010846029415702517
0.0009913123734598972
0.0008947137743913327
0.0007983622417363477
0.0006970343626405758
0.0005858272276845985
0.00046611186613157424
0.000346894048537281
0.00024001560006831475
0.00015477771990677597
9.476179112621034e-05
5.7895058751986105e-05
3.862859612797098e-05
3.0445894164060883e-05
2.771050443520592e-05
2.6892099184351263e-05
2.5392196530050707e-05
2.2725458550955667e-05
1.897622740826769e-05
1.4810606649116957e-05
1.0958445482499941e-05
7.883385945789624e-06
6.113241768530005e-06
5.372714791510904e-06
5.929317003641652e-06
8.291377923863534e-06
1.3272100541956184e-05
2.1782752061023397e-05
3.4344213017137385e-05
5.089562253856817e-05
6.932817706852014e-05
8.693971621251882e-05
0.0001005460172262986
0.00010783477438766886
0.00010830401130770763
0.0001033491573887915
9.540353532377704e-05
8.665498982029023e-05
7.81294114642712e-05
6.96368980530578e-05
6.045914702593692e-05
5.3732861926524104e-05
4.2905465347722456e-05
3.1968169356305045e-05
2.2028097782738663e-05
1.396004271344892e-05
8.110064209454123e-06
4.310915775875769e-06
2.0943877987626916e-06
9.294488673822353e-07
3.766421911582267e-07
1.393435489657952e-07
4.706034374099026e-08
1.4508079907033082e-08
4.0826206443914515e-09
1.0486637351804873e-09
2.4586624430739554e-10
5.2617004047909704e-11
1.0278219956856462e-11
1.832629705024486e-12
2.9826144924673387e-13
4.430835641842467e-14
6.008148657577427e-15
7.436394612275636e-16
8.401385628805385e-17
8.663750255624839e-18
8.155056741684634e-19
1.6040645429660345e-19
1.2968348466390571e-20
9.569983411009097e-22
6.446144805516263e-23
3.963234226058214e-24
2.2241213318516244e-25
1.1392644070360899e-26
5.326602252149158e-28
2.2736344196044047e-29
1.626535683061605e-08
4.003854382557502e-08
8.991412928463442e-08
1.8420974526086723e-07
3.4429621715864463e-07
5.870659477622472e-07
9.132223242315141e-07
1.2959884733484016e-06
1.6778794243006676e-06
1.9817795742707977e-06
2.135428022826591e-06
2.0991792140094905e-06
1.882561129194806e-06
1.5402231517062462e-06
1.149617052643998e-06
7.828124738039775e-07
5.757671325630421e-07
3.364416286879726e-07
1.7935255743031078e-07
8.722488608359829e-08
3.86997570129217e-08
1.5664302289460074e-08
5.784274076965407e-09
1.9485953442132544e-09
5.988657118546136e-10
1.1521861767197031e-06
2.913454427984353e-06
8.415583039421218e-06
1.8383045665287995e-05
3.6892920370984414e-05
6.784929798257066e-05
0.00011455835398773258
0.00017765387846340301
0.0002531334969256322
0.0003314953826224935
0.00043256832526829974
0.0005329976741036428
0.000713849707323197
0.0010167021160483794
0.001582759960307475
0.0025813700618910625
0.00417003787065201
0.005613480607107523
0.008298030560852765
0.011417248787398589
0.014553520969657988
0.017195820259364347
0.018909331107541328
0.019486448374829886
0.019022906592946445
0.017851987652127296
0.0163738085946248
0.01487606647026267
0.013444500368935682
0.011999959048257128
0.010419194354498052
0.008653605268521975
0.0067775773153986064
0.004954133985207985
0.003356424089086125
0.0020983506979055664
0.0012071052304511024
0.0006377938446403021
0.00030913195815036637
0.00013732562960703772
5.5874669792001594e-05
2.0872351592686435e-05
7.249361319475774e-06
3.5725070059289952e-06
1.5829302817271854e-06
1.499842314507803e-06
2.3431265377466973e-06
3.83662793785204e-06
5.850546570038899e-06
8.161961714944928e-06
1.0391802976381119e-05
1.2071024940698612e-05
1.2791907850387712e-05
1.2366929438040323e-05
1.0907456429161713e-05
8.776474353876413e-06
6.442459253030161e-06
4.314378698007297e-06
2.6358448028912438e-06
1.4691170479737996e-06
7.470126414252726e-07
3.7533874901210885e-07
2.1645681135356118e-07
2.1091395404728802e-07
3.310668695949955e-07
5.787421302581464e-07
9.623831788121948e-07
1.4710674549094585e-06
2.0541393054482495e-06
2.4389973670308635e-06
2.923362614792704e-06
3.196646052388476e-06
3.1889107789350304e-06
2.902186673531228e-06
2.409591031672176e-06
1.8251406078718776e-06
1.2612010065532656e-06
9.97328923415234e-07
9.579549747614417e-07
1.3706940297464875e-06
2.4446388111564636e-06
4.4293491428533e-06
7.5293929159872585e-06
1.1754945190321932e-05
1.6768560289017682e-05
2.1830518371489497e-05
2.5930091908568325e-05
2.8098788258102764e-05
2.7778455866753452e-05
2.505324934401072e-05
2.0613660445315788e-05
1.547323744501168e-05
1.059600752560342e-05
6.619700145498453e-06
4.597147760326085e-06
2.4645795444617308e-06
1.2054028289277336e-06
5.378442911400308e-07
1.709313989827893e-06
3.764432112747239e-06
8.331253392753564e-06
1.7087509061703504e-05
3.204941270935301e-05
5.485960069348248e-05
8.567294311446561e-05
0.00012205996762728267
0.00015864936382484817
0.00018812152438065332
0.0002035043259729301
0.0002670678147671701
0.0003503506683636359
0.0005241560159850622
0.000870918181317461
0.0014781270749801012
0.0024093826511281417
0.003658879657597596
0.005144743983533508
0.006619058111893852
0.00782342765584523
0.008528329753055414
0.008668062708315345
0.008425731650323069
0.007815527463627455
0.007084083707430625
0.006421916396326738
0.005888763675232575
0.005420030331488184
0.004899259260745705
0.004244415299274478
0.0034567018268161164
0.002612953005151768
0.0018194799386051675
0.001162360269531437
0.0006798492344107414
0.00036474551100262474
0.00018109642686241881
8.70757049309875e-05
4.754392182815718e-05
3.881236576842717e-05
4.702723133747295e-05
6.4262674630602e-05
8.678849542704083e-05
0.00010867777470974357
0.00013396065272609607
0.00015930158307970584
0.0001942064491495838
0.00022986420776564687
0.00031543039825275825
0.00045546552720024397
0.0006606185488368445
0.0009250434991536114
0.0012248829346527233
0.0015554642255640185
0.0018465242148932826
0.0021092493236753327
0.0023993670697386974
0.0028235440287621245
0.003508754339838386
0.004537592087491384
0.0058936879558112686
0.007394109996839579
0.008747163323590268
0.00965233293072057
0.009918561134003164
0.009553291219297783
0.0087551737592975
0.007813484648787236
0.006970398311398741
0.0063232072375323245
0.005815222444335404
0.005307733114267563
0.004906895368567384
0.004173928858402685
0.0033180122297309707
0.0024388318578092826
0.0016481151377097754
0.001021056130050182
0.0005803741747557027
0.00030540100472469466
0.00015453160707852687
8.504837882562804e-05
6.355613966454898e-05
6.767773914286753e-05
8.334151022793513e-05
0.00010097967768494272
0.00011406188728529227
0.0001185753078581326
0.00015287615776096304
0.00020090890122732415
0.0003051475389023044
0.0005129102997172453
0.000872860394677672
0.0014185277064694911
0.0021428233061608257
0.0029886874047915834
0.0038225723804514293
0.0044866007572992115
0.004769389453626612
0.004905561818244848
0.004724134735337371
0.004339186859997298
0.003901060434411552
0.003526371629776735
0.0032522573446016408
0.003037321789655779
0.0028032427684197055
0.002487628395854603
0.002077843566746191
0.0016116316843392613
0.0011520333632494464
0.0007562107114189273
0.0004554241319013644
0.00025205393214488224
0.0001288410219564584
6.147217095302243e-05
2.790891076167345e-05
1.2456369891002675e-05
5.6984366599698574e-06
2.825976343309321e-06
1.674720749808578e-06
1.3822368504580978e-06
1.628334755092167e-06
2.2703226847622837e-06
2.8575235022383784e-06
3.85653875694583e-06
4.810359920684291e-06
5.494156118951198e-06
5.730822577909983e-06
5.455042691128801e-06
4.7375241491381115e-06
3.7536198465312935e-06
2.7132333268346765e-06
1.789203954918532e-06
1.076385383048231e-06
5.907596081238428e-07
2.957936224191376e-07
1.3511445506682975e-07
5.630536961953446e-08
2.1405866081460555e-08
7.424219177562498e-09
2.3491121726639678e-09
6.780968330801414e-10
1.7857253627686573e-10
4.2901512933049174e-11
9.402980577468336e-12
1.8801541611617787e-12
3.4297018799321397e-13
5.707609772272395e-14
1.6409889100081102e-14
2.3434833066139267e-15
3.053184665873521e-16
3.6289356815599747e-17
3.934961245178438e-18
3.892571853378803e-19
3.5129163357492544e-20
2.892237584501198e-21
2.172376591173893e-22
1.4885768248734225e-23
6.407496671736074e-08
1.6062817224849378e-07
3.6735845182990384e-07
7.664667944287281e-07
1.4589205556073587e-06
2.5334068012456376e-06
4.013407066356768e-06
5.800380448023123e-06
7.663434159405532e-06
9.239691767366959e-06
1.0190454743423685e-05
1.0312078832577028e-05
1.2600831749415198e-05
1.605498247223554e-05
2.4143270982174697e-05
4.080647524446556e-05
5.877839720918101e-05
9.866187156001196e-05
0.00015501130971573484
0.0002245548064844121
0.00029975387250331725
0.00036611765573603335
0.0004109049449558705
0.0004257993683075494
0.00041129939484244694
0.00037668737163618006
0.0003357870619615139
0.00030067355118009473
0.0002767240902425983
0.0002615073631060478
0.0002476701646678233
0.00022776816726387906
0.0001982287977007178
0.00016072231676934965
0.00012031369972135322
8.305212102381651e-05
5.3348440351572214e-05
3.3024111588089545e-05
2.1634397331455623e-05
1.7402803842686107e-05
1.807310254507371e-05
2.1391492085602754e-05
2.4053585552458787e-05
2.7422936878159527e-05
2.891929306102894e-05
2.7937956590302017e-05
3.439331601426274e-05
4.4569942911243e-05
6.914692259525913e-05
0.00011970242953870228
0.00020812963207897443
0.0003427264715022565
0.0005218077658684514
0.0007284560394557418
0.000935794130951883
0.001098567595666736
0.0011860707207969096
0.0011858061961494346
0.0011120138870301338
0.0009996163317434372
0.000888314803672275
0.0008052378000009423
0.0007552237188905685
0.0007248644482540874
0.000689638530803949
0.0006328959566185883
0.0005519782702037151
0.00045832125135020734
0.0003978823467791865
0.0003228729900903872
0.00027492752926217657
0.000253880347626807
0.0002499509839023168
0.000250279557231133
0.00024471207691854294
0.00022921030356114975
0.0002062497380136545
0.00018204993142701716
0.00016299440756495197
0.00015133783197404752
0.0001458581873930386
0.00014261331948687637
0.00013772050488615491
0.0001293975623344046
0.00011838225667750151
0.00010679396761383548
9.64229779095026e-05
8.761295298475693e-05
7.9321711789983e-05
7.008967440826514e-05
7.235755139489648e-05
8.176643344787831e-05
0.0001150264586116202
0.0001606030370373156
0.00028235017769509194
0.000489771920922665
0.0007974011591766942
0.0011962272905627622
0.0016432647646858374
0.0020757002409833446
0.0023958732257900904
0.0025434796908277188
0.0025013642058476916
0.002310504701017798
0.0020525147956312064
0.0018134919953359167
0.001647618834630337
0.0015590387503325684
0.0015094034809623165
0.0014442562864613792
0.0013225353156969125
0.001134204466092568
0.0008998262644405342
0.0006605649770759272
0.0004498020187860438
0.00029359620008772755
0.00020224734086839047
0.00017466929085149146
0.00020339843833017346
0.0002482750344660801
0.00034428990971899546
0.0004565032889721757
0.0005620333117676967
0.0006391426873825075
0.0006747129607768393
0.0006688755930941402
0.0006348293568053663
0.0005922275187084001
0.0005575401885702083
0.0005366928191184169
0.0005237589715950009
0.0005058541705785831
0.0005058039652857659
0.0005048157967279337
0.0005454575878298941
0.0006843576461616855
0.0009873921275339943
0.001509829732529997
0.0022659443045886353
0.00319970472641952
0.004186601456275512
0.005031721385864967
0.005552931345130813
0.0056516576586474595
0.005354157772560844
0.005004356053361857
0.004401536529671249
0.0038723693397531692
0.0035271521946399547
0.0033619200338239753
0.003280940366249993
0.0031579903718711544
0.0029013940370246133
0.002491105130872471
0.00197553413973867
0.0014384361310685486
0.0009588236367921064
0.0005842769870152859
0.00032526851807355983
0.0001653765773765134
7.678097839894881e-05
3.255027552452636e-05
1.2599899489582321e-05
4.4533656056653885e-06
1.4372066259308153e-06
4.235080089830643e-07
1.1395091728215597e-07
2.799560191256125e-08
6.280281798159579e-09
1.286431815879011e-09
4.250021575205723e-10
7.481633665521529e-11
1.2025954253478383e-11
1.76505828555148e-12
2.365445163150046e-13
2.894531870942065e-14
3.234089736141841e-15
3.2993632360061564e-16
3.073321589463224e-17
2.613849759872641e-18
2.0297492312741923e-19
2.189107561504349e-07
5.557753292511838e-07
1.2872604267015328e-06
2.719997857778075e-06
5.243311938591227e-06
1.1304486557745451e-05
2.013177496153681e-05
3.412922617756573e-05
5.5515358583237274e-05
8.696900660041169e-05
0.0001309758696024606
0.00018836234732327956
0.0002563020209493431
0.00032686891689791037
0.0003875811371269583
0.0004156818238577541
0.00043099573868892566
0.00041025625550395893
0.00035770526825884747
0.0004354322712841002
0.0005852945324658635
0.0009665775454967219
0.0017430587268162227
0.003079999744509005
0.0050866819610130036
0.007725903740007916
0.010737491024400692
0.013676328764720191
0.015936370286564392
0.01703281397858563
0.016801324144974702
0.0154694887867593
0.013582817128985214
0.011774541423999906
0.010506857171987334
0.009907212344737614
0.009768720229187905
0.009696384720847018
0.009313288159469734
0.008423922613139323
0.007067603865712689
0.006006356204451605
0.004381646862959325
0.002952434631219958
0.0018532940451928108
0.0011529220377778408
0.0008342908738549118
0.0008703956058265432
0.001236830246413721
0.001907437995888989
0.0028240471592638266
0.003866289852175158
0.004862900323603223
0.005599277176207889
0.0059154313935024265
0.0057706293866049965
0.005260581367511999
0.004584633352032248
0.003962375816636852
0.003545657046260517
0.00336692783931971
0.003344603566472195
0.0033366409729667502
0.0032127092759924158
0.002907432370859908
0.002438780388930421
0.0018848983426134442
0.0015164034879411655
0.0010255469364323373
0.0006506382379382327
0.00040139182780540844
0.00025803831243282835
0.00018765104515186242
0.0001576083328633043
0.00014314061194964904
0.00012959022841778012
0.00011125924577840159
0.00012088098972083064
0.00014861512477781948
0.00023387465501140876
0.0004215993129882036
0.000762599041385451
0.0012996179616586861
0.0020416956380115547
0.0029369740015993185
0.003860878708764331
0.004657073796277648
0.005135592454539436
0.005207618649104072
0.004894728713712947
0.004333755695866783
0.003722040932672331
0.003376824443083488
0.003033946182188867
0.0029072676188478283
0.0029147118095519515
0.0029255221689096778
0.0028234638466323064
0.0025536826580834964
0.00213512499886415
0.001645935795505289
0.0011694210886234004
0.0007794671560609115
0.0005161027126077016
0.00038770054963721247
0.00038221646715349606
0.00047545833720486207
0.000634521965701059
0.0008183455575650206
0.000984209197594919
0.0010894368663601957
0.00110995976678479
0.0010482012751894193
0.0009309864023470622
0.0007990955627741289
0.0006906975492413153
0.0006323704377120398
0.0006206736886926466
0.0006324539024469197
0.0006651199568222524
0.0007033365009315895
0.0007453616620974597
0.0008013640538853688
0.0008833446969413901
0.0009918870858562825
0.0011082379626220107
0.0012032684133477026
0.0012368721957840563
0.0011930881004777732
0.0010806525351731912
0.0009323805379103294
0.0007910120667864923
0.0006909700909655959
0.0006451928289722572
0.0006424642527840395
0.000655209428350258
0.0006530783097897036
0.0006157145822415851
0.0005393172971145162
0.000435160142657752
0.0003222680986024871
0.0002187936943276127
0.0001361880528921388
7.778564914221686e-05
5.108458576273357e-05
2.536882125359447e-05
1.1617711490278395e-05
4.91986537081394e-06
1.932700535608657e-06
7.06627626187385e-07
2.4120455207999174e-07
7.706010190114619e-08
2.3075010885204265e-08
6.476763448289093e-09
1.7018431157611279e-09
4.176184550950122e-10
9.540792663141823e-11
2.0224027239993647e-11
3.964704462351997e-12
7.167138275764597e-13
1.1917949530406524e-13
1.8193266208356017e-14
1.0049695791718238e-07
2.5544560132219953e-07
5.923507486966517e-07
1.2531251472511533e-06
2.4184935811167806e-06
4.258242820982621e-06
6.839918025329589e-06
8.914917292774417e-06
1.2288421773691874e-05
1.5452896294423518e-05
1.772795582978864e-05
1.8554208048245036e-05
1.771581649809564e-05
1.5431740600043357e-05
1.2263195328185615e-05
1.5517263516097148e-05
2.248678842564889e-05
4.0034885489828634e-05
7.51303036463305e-05
0.00013495644588418286
0.00022438059681743032
0.00034191035718132614
0.0004762133392583874
0.0006058381803920894
0.0007063235447295669
0.0007539401438175809
0.0007397106436052934
0.0006733469603905085
0.0005791503989578079
0.0004871122403270826
0.00042142151562517375
0.0003922468304967908
0.0003938319777866527
0.00040371082879813586
0.0004164082918122573
0.000411236417739675
0.00037961225413653564
0.00032377524548955197
0.0002539124015359956
0.00018279424547988423
0.00012080386904561732
7.335349538444152e-05
4.098346450559226e-05
2.1108255934942197e-05
1.0043792855013134e-05
4.425627171099227e-06
1.8101695839731595e-06
6.887600424688811e-07
2.441972757118244e-07
8.074846043008184e-08
1.8588721406332128e-07
3.8963171862462847e-07
8.309204192292135e-07
1.639737146658689e-06
2.957261324993222e-06
4.866715561442501e-06
7.505315100854215e-06
1.0510632512241869e-05
1.3666132670944476e-05
1.5713232509880622e-05
1.860032863657299e-05
2.1360952927236013e-05
2.4283260862656357e-05
2.7623730806537223e-05
3.129638613441276e-05
3.470343432000446e-05
3.687080577297173e-05
3.686153619657062e-05
3.424178447572476e-05
2.9322645332658606e-05
2.304120141197619e-05
