N :Calcite
Y :34.0% Gibbsite, Diffracto n :49
Y :55.00000000000001% Dolomite, Diffracto n :415
Y :11.0% Hematite, Diffracto n :198
0.0
0.0
0.0
0.0
0.0
0.0
0.0
0.0
0.0
0.0
0.0
0.0
0.0
0.0
0.0
0.0
0.0
0.0
0.0
0.0
0.0
0.0
0.0
0.0
0.0
0.0
0.0
0.0
0.0
0.0
0.0
0.0
0.0
0.0
0.0
0.0
0.0
0.0
0.0
0.0
0.0
0.0
0.0
0.0
0.0
0.0
0.0
0.0
1.8118727247071517e-36
2.9771563213763404e-36
4.756613162751734e-36
7.389520719267485e-36
1.1162383833692034e-35
1.639531920651984e-35
2.3415586706256082e-35
3.2517148530661366e-35
4.3907843614443484e-35
5.764929569979023e-35
7.359836157268237e-35
9.136177528386532e-35
1.102765464480201e-34
1.2942674432875366e-34
1.4770225986193008e-34
1.6389756321022757e-34
1.7683983310688523e-34
1.8315540626801845e-34
1.885953935476976e-34
1.8882724748936172e-34
1.8383173556437916e-34
4.527299110108736e-34
8.504182800139637e-34
1.2680796278585484e-33
1.9069049689977802e-33
2.8515445120716003e-33
4.201239882122005e-33
6.0641746162748074e-33
8.547472866453293e-33
1.1742685351321091e-32
1.5707569268059946e-32
2.044616315343231e-32
2.589032759482456e-32
3.1886723235243034e-32
3.8193272929833796e-32
4.448825615382814e-32
5.039328529307444e-32
5.550878332760098e-32
5.945776583748157e-32
6.193143201116499e-32
6.272895847883879e-32
6.178438534491813e-32
5.917559710968668e-32
5.661136157891892e-32
5.175143394212074e-32
4.6003817551498416e-32
3.976655140282182e-32
3.342677323056848e-32
2.7322683491139384e-32
2.171723487015649e-32
1.6785639781111306e-32
1.261604931888233e-32
9.220636075442255e-33
6.553153264939127e-33
4.52888847864528e-33
3.0435798618886877e-33
1.9889756585356645e-33
1.2639382070379981e-33
7.8104083450609e-34
4.693243409928099e-34
2.7423556331647776e-34
1.5582091176859643e-34
8.609519132431878e-35
4.625760586452317e-35
2.416787261183667e-35
1.227848047629687e-35
6.065989676348165e-36
2.9141336360992195e-36
1.7599420588552207e-36
8.069696963864274e-37
3.5980450616669177e-37
1.5600064530517388e-37
6.577131493973247e-38
2.696478083277533e-38
1.0749973940854637e-38
4.167426798779944e-39
1.571008392226459e-39
5.758891407120017e-40
2.052811325822676e-40
7.115556042571083e-41
2.398381217310603e-41
7.860986427312221e-42
2.5054470986175498e-42
7.76502186945556e-43
3.206365328469191e-36
5.4295802431085735e-36
8.925230236984215e-36
1.4242049874645796e-35
2.2061014267200095e-35
3.3172511024314094e-35
4.842070595744281e-35
6.860942589002652e-35
9.437052080160915e-35
1.260053011489102e-34
1.5028780334236312e-34
1.9097478600391337e-34
2.3557447162847976e-34
2.820852109075576e-34
3.278931228176954e-34
3.6998506758235754e-34
4.052620933193964e-34
4.309110872742949e-34
4.447738567561067e-34
4.456467399160783e-34
4.3345310060939055e-34
4.092544329848223e-34
3.750978449685963e-34
3.3373030397928844e-34
2.882349348614411e-34
2.416559479142304e-34
1.9667459244444092e-34
1.5538136312991163e-34
1.1916521301055833e-34
8.871559272086016e-35
9.064104392911786e-35
1.0057766704554843e-33
2.1560298893868344e-33
3.471804297836232e-33
5.454952207464912e-33
8.342121757252384e-33
1.0895390354857313e-32
1.5872557411197552e-32
2.2454373851119198e-32
3.084301570294751e-32
4.113345312769939e-32
5.32608734851997e-32
6.696328834040712e-32
8.173471811396723e-32
9.686172210744205e-32
1.1144890542104717e-31
1.2450320737928145e-31
1.3504255101850381e-31
1.4221712052273084e-31
1.4542270549386405e-31
1.443851793108063e-31
1.3919971808650978e-31
1.3031695527183491e-31
1.1847883292593201e-31
1.0461677619191348e-31
8.973152019543262e-32
7.477595528816031e-32
6.055958646070824e-32
4.7686785099091794e-32
3.653293479762113e-32
2.725497911878729e-32
1.9827432937137745e-32
1.5829606266296084e-32
1.109401096766656e-32
7.635276994507502e-33
5.1838995446176757e-33
3.492219848406315e-33
2.3502753832538417e-33
1.6055613577877443e-33
1.4227847408768134e-33
1.7181350535175275e-33
2.1275911320002325e-33
2.946375248453653e-33
4.2835403614765175e-33
6.283341217826984e-33
9.112786423257354e-33
1.2981336957312826e-32
1.8989862721807378e-32
2.657153443088409e-32
3.5433374754207633e-32
4.608092356338122e-32
5.848105950686032e-32
7.24914634416651e-32
8.786719852254226e-32
1.0428249184646207e-31
1.2136373580786465e-31
1.3872616657771618e-31
1.5027566920944748e-31
1.6731365184726503e-31
1.8374030057413707e-31
1.9927311424723974e-31
2.1362177739487258e-31
2.2645463429884683e-31
2.373743838432961e-31
2.4591502057533616e-31
2.5156711252893886e-31
2.5383100118257254e-31
2.522895419200776e-31
2.466858814562226e-31
2.3698926694312213e-31
2.234337016247105e-31
2.065198560639203e-31
1.8697844079348948e-31
1.6570117528365862e-31
1.4365160733520717e-31
1.2177105610978338e-31
1.008945042778183e-31
8.168788061302421e-32
6.461301021751687e-32
4.992095143330144e-32
3.7669715711660946e-32
2.775928195228649e-32
1.9975642722504313e-32
1.5830071462426813e-32
1.0947735250070888e-32
7.392588111473206e-33
4.874053678232484e-33
3.1376108655753695e-33
1.9757244001736897e-33
1.2162143096933616e-33
7.347516081344368e-34
4.392292634810911e-34
2.6508805278187077e-34
1.687178934984671e-34
1.2169999403703642e-34
1.0613042169471968e-34
1.1102881858310462e-34
7.501457738950125e-11
1.2581264537977012e-10
2.0483436483769487e-10
3.237287298361259e-10
4.966604358901898e-10
7.396696270969743e-10
1.06934022638117e-09
1.5007001341992684e-09
2.0444280769236523e-09
2.7036448999718017e-09
3.470782205152882e-09
4.3251878301278404e-09
4.926706105971611e-09
5.84297592229372e-09
6.7268452308292124e-09
7.517763738881895e-09
8.155785752723556e-09
8.589004742495552e-09
8.780510665626355e-09
8.713579648129828e-09
8.394084449097333e-09
7.849644006767811e-09
7.1256828149949624e-09
6.279179677344724e-09
5.371297812003595e-09
4.460211497560226e-09
3.5952705022951006e-09
2.813245212847042e-09
2.136896579031821e-09
1.575648416655677e-09
1.1278076322097008e-09
7.836292521791849e-10
5.285500861407859e-10
3.4606808897619116e-10
3.627961801960689e-08
6.032601449528424e-08
9.76097330101779e-08
1.3239985686662059e-07
2.0411487801953208e-07
3.055172610307013e-07
4.439398357375722e-07
6.262136076963579e-07
8.574810350432666e-07
1.1403043086388687e-06
1.4855127951791163e-06
1.8739052031375693e-06
2.292185537416908e-06
2.7274258182667944e-06
3.1590732718575367e-06
3.5650499096432536e-06
3.924470834764063e-06
4.220394424395065e-06
4.442032513038264e-06
4.585914830477285e-06
4.655711945723755e-06
4.660729812411943e-06
4.613415582951348e-06
4.52646502926363e-06
4.410220652851636e-06
4.270963923987071e-06
4.1104582172765124e-06
3.926763017577142e-06
3.716012645504844e-06
3.558636419311917e-06
3.2959173665201877e-06
3.002466723762772e-06
2.68345181686253e-06
2.3478342710281157e-06
2.007248389282766e-06
1.6743645891023023e-06
1.3611494328134984e-06
1.0773950224539226e-06
8.297688143296864e-07
6.214772584236011e-07
4.524901510529682e-07
3.2017087820632033e-07
2.2011469833474446e-07
1.4700799501380322e-07
9.536871824360424e-08
6.009051227240684e-08
2.2606152669798954e-07
3.5036867492628494e-07
8.72838133009422e-06
1.8255376322413275e-05
2.9584023700211332e-05
4.65661382161785e-05
7.118330530568445e-05
0.00010567261587972489
0.00015234066055869032
0.00019126856414520627
0.00026258624442864907
0.0003500766407082862
0.00045322718692586883
0.0005698092904333186
0.0006956697262790522
0.0008247761114421094
0.0009495720711751857
0.0010616424644010083
0.0011526217510171674
0.0012152154803777323
0.0012441638398119192
0.001236971145388994
0.0011942610004692907
0.001119687037438899
0.0010194169606820055
0.0009012909317604884
0.0007738134598779376
0.0006451577710515808
0.0005223411752034137
0.0004106781828846601
0.00031355121007821195
0.00023247450711118872
0.0001673797154057607
0.00011702851858770407
7.945896402404479e-05
6.0390376425575575e-05
3.9047391822391055e-05
2.451783793796527e-05
1.4949961134401448e-05
8.852543414659897e-06
5.090601363818594e-06
2.842802933336987e-06
1.5417202119662445e-06
8.11990865194199e-07
4.1532733467015306e-07
2.063157986875999e-07
9.953781588751027e-08
4.6641367863891406e-08
2.1227532341644753e-08
9.384149238794204e-09
4.029817751107939e-09
1.6811497433178138e-09
6.744617283778468e-08
1.055933117719656e-07
2.763204773049842e-06
5.5046408861085135e-06
8.531748499204264e-06
1.291302941845583e-05
1.9085208650663083e-05
2.7545021938110255e-05
3.4716722501490647e-05
4.815913869051627e-05
6.523700299905647e-05
8.629466733883798e-05
0.00011146743939697214
0.00014060012415346247
0.0001731795323853475
0.00020829565985769154
0.00024464500354348456
0.00028058514155488855
0.0003142425110146139
0.0003436663014884195
0.0003670122301334135
0.00038273268964867524
0.0003897462035872125
0.0003875604463981117
0.000376329390855694
0.0003568353685317922
0.0003303989473120562
0.00029873104846688453
0.0002850137077419765
0.000263524074660253
0.00025103788540500166
0.00025281322131858293
0.0002746773456390593
0.0003228588784536537
0.00037271767864973456
0.00047850111262115637
0.0006258021624806257
0.0008175773497099408
0.0010536869673731424
0.0013298789846920393
0.0016370798744065572
0.001961241506617954
0.002283937670666077
0.0025837818517052812
0.002838568707452758
0.0030278634613609603
0.0031356244183480177
0.003152387943155028
0.003076596984251906
0.0029148084830434074
0.002680736436078331
0.0023933201116751253
0.002074191621788545
0.0017450091913191366
0.0014251052857176432
0.0011297864530986686
0.0008694524507435995
0.000649524147772391
0.0004710258272641311
0.0003315843853131533
0.00025810332078546273
0.00017291903373674457
0.00011245840360025227
7.099715262672819e-05
4.3510076812243274e-05
2.5884433738413375e-05
1.494814791114257e-05
8.379845343003234e-06
4.560206602770273e-06
2.4089785515680656e-06
1.2353250435942181e-06
6.149353464162057e-07
2.9715125333542635e-07
1.393880601649349e-07
7.444736224208597e-08
4.639198773109825e-08
4.177238306852735e-08
5.1819642466548125e-08
7.354898089319358e-08
1.0688667063544268e-07
1.5306665211440375e-07
2.136430621987375e-07
2.897759582694992e-07
3.8164459060834684e-07
4.879647023427295e-07
5.65431363960096e-07
6.880491867438183e-07
8.127555003760157e-07
0.00015526590341605523
0.0002583302938782818
0.005432890437879362
0.009125931929411066
0.018170388603337955
0.029027124951770168
0.045043075915647726
0.06789390525634201
0.09940490780568069
0.14136942404113786
0.19528582960366614
0.2620349963097664
0.3415110288780287
0.43232657511399514
0.5315934384169121
0.6349021580654133
0.7365340493295238
0.8299220048050248
0.908322357855593
0.9656085384608787
0.9970590949241567
1.0
0.9741800957460472
0.9419851616121737
0.8742180252473034
0.7880604100048187
0.6900261423996171
0.5868683201545565
0.4848288344389783
0.3890571985897959
0.30326459985593784
0.2296261210605191
0.16889753625900952
0.12068235110581312
0.08377346121386729
0.05650000565486758
0.03702798077168614
0.023585899647928645
0.014608042817055947
0.008803654642229394
0.005169336248629774
0.0029644721732879596
0.001667603316206387
0.000927343259283158
0.0005165363366729332
0.00029406566211454964
0.00017559132533994992
0.0001125976539272314
7.823444730469198e-05
6.385121147264758e-05
4.9157244813923816e-05
3.8915578492028886e-05
3.10633412668182e-05
2.7390890618907e-05
2.4868632602741017e-05
2.39370613969687e-05
2.556716606714292e-05
3.0278832391307676e-05
3.865577098624405e-05
5.128802644024228e-05
6.869012201715003e-05
9.119277003971812e-05
0.00011881745538139089
0.00015115334207649656
0.0001872631476823001
0.00022564664350940156
0.0002642854802535834
0.0003007807355322272
0.0003692556458447511
0.0004196277222775247
0.00047577729176497365
0.002308265778601647
0.0036018401799801153
0.006661922918158605
0.00897132687803054
0.013802785736608767
0.020766175196048838
0.030488344513639548
0.04356401964978368
0.06055435909563881
0.0826990947678979
0.1089337553899032
0.14005018064400518
0.1746819731111404
0.21201148230996508
0.25048028015064844
0.28820275835128856
0.32314071101490727
0.3533211829443069
0.3770587634567988
0.3931427134217558
0.400957298302189
0.400500468868987
0.39233476327960914
0.37757276581873206
0.3572838262982464
0.3329594422811244
0.30579403115597964
0.2769973902459655
0.2475652800493966
0.2280073681809861
0.1992946797251077
0.17187435191777525
0.1462731738364608
0.12293041484834702
0.10218725290076149
0.08426679895637695
0.06925490495163046
0.05709105210056774
0.04757489688323823
0.04038923489905858
0.03513587201432957
0.031378237056856786
0.028683859371952027
0.026661627421190118
0.024985297927640798
0.023411816831835377
0.021782285627231078
0.020016058977457427
0.018097483943517956
0.01605877787455222
0.01396186520250663
0.011881499587311585
0.009891326236924219
0.008053809554512983
0.006414263383002623
0.005444825829884732
0.004183687027771263
0.0031500336262233536
0.002327645657593762
0.0016917261564527901
0.0012131588131065203
0.0008619765145466012
0.0006100250031149463
0.0004326070250071915
0.0003092904997514179
0.0002240326168502505
0.0001648352829405059
0.00012313224626107842
9.307297599480675e-05
7.082257262487609e-05
5.395125574720967e-05
4.0947967728918693e-05
3.086347309587136e-05
2.306951121202555e-05
1.7110868563698724e-05
1.2624601034183326e-05
9.302731571019262e-06
6.8794238890959065e-06
5.148187889921809e-06
3.899526198747614e-06
3.0030664385650727e-06
3.1271406543472e-06
3.118878000662908e-06
3.790995581120246e-06
4.833275029476389e-06
6.606785760188776e-06
9.316375940540727e-06
1.60792405019031e-05
2.3080452985844997e-05
3.253865002756933e-05
0.00015950454640871803
0.00024360346756377451
0.00042578646427000725
0.0006338635068597271
0.0009254945320625323
0.0013247175056856106
0.0018580138664779818
0.0025525005540709663
0.0034332216541976095
0.004519601038374003
0.005821305837564874
0.00733397886434808
0.009035482465272955
0.010883403902219261
0.012814553697695796
0.014747012517112511
0.015989086907176004
0.017707177195531058
0.019161005874103475
0.020258205787963016
0.020925403314340184
0.02111632555654616
0.020817090528633234
0.020047842891899877
0.01886047190368247
0.017332775695489386
0.015559988617960492
0.013644956736417637
0.01168836615502874
0.009780293523937738
0.007994007354146284
0.006387905470603365
0.004986579599823134
0.0038062633371887364
0.003045246827515399
0.002416580668698366
0.0021414414004439783
0.0020816403123430404
0.0023157451933544294
0.002870467181185915
0.0037797596994202385
0.005079989406130965
0.0061798540056790625
0.008193695797066948
0.01064238375355744
0.013493013380553061
0.016671774376179085
0.02006017815460222
0.023499907698881273
0.026794052600315817
0.02973405968208484
0.03211466184210951
0.03375867102609219
0.034538710714078345
0.03439359654872163
0.03333631165155978
0.03145230977724773
0.028888183871087138
0.02583293692219961
0.02249509115614158
0.019079469607005503
0.01576718016837718
0.012701368651025466
0.009979962394360218
0.007655244619876951
0.005738984679106079
0.004211189305198508
0.0030303818301504826
0.0024099905698407543
0.001687943230881929
0.0011677926180616994
0.0008006530026366217
0.0005456858224454869
0.0003706558194615292
0.00025131286480723034
0.00017014003998809006
0.00011489459642062766
7.722512808870066e-05
5.1514649954127575e-05
3.3996904123472187e-05
2.2128383910428478e-05
1.4167065898993258e-05
8.901370793274177e-06
7.861995005251457e-06
7.268511967966498e-06
8.3517204894248e-06
1.1400202745231564e-05
1.630752194999313e-05
2.382342588733412e-05
3.399488582132428e-05
4.7507410671345384e-05
6.44906740530828e-05
8.511439135788849e-05
0.00010079862289020774
0.00012684460709536552
0.00015512223969531722
0.00018437781021672403
0.000213030699044111
0.0002393065153489054
0.00026141925119481065
0.00027777643004546493
0.0002871737313707731
0.0002889451358804255
0.000283041903658046
0.0002700271476201143
0.0002518807780750813
0.00022889760940762765
0.0002033583078650054
0.00017707018437226974
0.0001517181915986373
0.0001287423186060927
0.00010925981243299273
9.402855500958427e-05
8.344186050305728e-05
7.754347332882304e-05
7.605406858438028e-05
7.840537339256075e-05
8.378292489468866e-05
9.118145118115069e-05
9.674588839965165e-05
0.0001050384149001179
0.00011236087081445519
0.00011774399501148217
0.00012913348016860838
0.00013444541860392555
0.00013962077080239698
0.0004122498177920643
0.0006302837602431606
0.0010346934299770242
0.0016194423183675324
0.002440018320267647
0.0036095397068409184
0.005219976663423865
0.007361564100854393
0.010110019994554905
0.013510663611536031
0.017576941765271196
0.022222559955008027
0.027319625486515002
0.03312264552880759
0.03874122487487765
0.044335798789987356
0.04952905922672973
0.054102636390934454
0.05800223151335718
0.060226134298668695
0.06307850051658305
0.06552382992482876
0.06782824370436574
0.07028178811076724
0.07312732123898266
0.07651081269141963
0.08042729469698963
0.08470019000004822
0.08899074143184017
0.0928392005399079
0.09573146905990007
0.09717906078380972
0.0967975747126748
0.09436895983442738
0.08987637082027786
0.08350621549308371
0.07561871658952303
0.06669433319663684
0.05726736321216767
0.047859243271166224
0.038922507647078865
0.030802773606488885
0.023721604730607502
0.017778832389178156
0.012969787100481045
0.010354912365669308
0.007225034167779616
0.004910220529349896
0.0032601227500557457
0.002113449517460806
0.0013453116757722685
0.0008500026060877081
0.0009481437690346557
0.0010500067796441193
0.0015221036440626508
0.0023334769747771385
0.003509543797488073
0.005209914219080277
0.007588651110350802
0.010743165342798273
0.01480045061371536
0.019832395510879404
0.025843661101869426
0.03274795924348937
0.040351435740621104
0.04834823941796576
0.05633218287072066
0.06382595936131512
0.07032603704320939
0.07535781591054791
0.07769962976024787
0.07948639638460019
0.07908783801888157
0.07654486438425508
0.07206174329442626
0.06599641611972093
0.05880415185156857
0.05117359389269737
0.04333616909943967
0.035853185750621276
0.02921787289124808
0.023518148652803578
0.019004655968764748
0.015762117342563726
0.013800846100995483
0.013072172535107953
0.013480632662802413
0.014891356033040265
0.017133240445554386
0.020000680643535166
0.02325446792483246
0.026630568767222754
0.029862379624703277
0.03266646551400723
0.03480508964843257
0.03609966945610336
0.036427371202220116
0.03619121419009725
0.03495321797002629
0.03289875328344477
0.030219915691754726
0.030981087353006965
0.030794152181053063
0.03157949420698726
0.037222180783033035
0.044615341522805364
0.05647850948402375
0.07390657219618373
0.09800002211140688
0.12977707534994185
0.17005272736767627
0.21929332631665488
0.27744680337266386
0.3438038129597237
0.41687836883441237
0.49436484326903163
0.5731858775964939
0.6496457958979781
0.7196885136033901
0.7792373872371653
0.8245800877737414
0.8527478375723586
0.8609925997515057
0.8569256536797056
0.8334765807071102
0.7922221485022662
0.7358711923858332
0.6679694659708365
0.5925303390740456
0.5136452802353756
0.4351266474570915
0.3602206473521569
0.29142064976700477
0.2303960275730258
0.17800665659968515
0.13440420264661307
0.0991799827481077
0.07153323988140975
0.050436146537652785
0.0347754776692
0.02346339509550902
0.015511273294182571
0.010071266799502241
0.006450899621500095
0.004108332163625107
0.0026357050609197583
0.0017367972097116736
0.0013505795407772196
0.0009793249672416786
0.0007660113148410654
0.0006416827409327652
0.0005637493137844531
0.0005072177474629477
0.0004584994311189764
0.00041115047691526443
0.00036299511484499394
0.00031421176067942505
0.00026608227753675086
0.00022020102424479443
0.00017800717880549015
0.00014054581895622513
0.00010838795512163497
8.165465522594948e-05
6.010113289334578e-05
4.322628849148967e-05
3.0382716930849124e-05
2.087135689195533e-05
1.4012992912839793e-05
9.195064482667079e-06
5.896389929223113e-06
3.694589919763185e-06
2.261596636303919e-06
1.3521818920074775e-06
9.470596326068654e-07
5.441188506715385e-07
2.629452294522321e-06
4.011771780029333e-06
6.272415459183938e-06
9.714211846872646e-06
2.12387054285169e-05
3.396668215230166e-05
5.1280649996540455e-05
8.588150122274964e-05
0.00012536894460875718
0.00017922491617357653
0.00024988500402976647
0.0005542807981737459
0.0007943906270675879
0.0011336000999267268
0.0017043932095186156
0.0023643017047719167
0.0032422500985914825
0.004367532322595048
0.005791820896454665
0.007556609491631845
0.009693847859313176
0.012219103200589014
0.015124278190641917
0.01837088619049834
0.02069007056215942
0.02432343120963789
0.028020069420560983
0.031615271694498355
0.03492472532593002
0.03775943863075168
0.03994334873283914
0.041331398538646896
0.041825504925667153
0.04138596928549079
0.040036491489746556
0.03786193578985374
0.03499916489475559
0.03162236378164409
0.027925091183408024
0.024101670333849367
0.020330414997497392
0.01676066749085601
0.013504682348380079
0.010636709044135478
0.008188520271945313
0.006181267646211417
0.004566045848908422
0.003314546004319144
0.0023790747068739653
0.002345100835280269
0.0022007594452437317
0.002373222241650121
0.0032189845035198593
0.004435941030196026
0.006308077316302945
0.008951206635862283
0.012512177044448411
0.01713297051646288
0.02289760669528593
0.029844579258842478
0.037916514999404016
0.04694322176919958
0.056630182531038006
0.06656234926554735
0.07622661768168848
0.08505452676108531
0.09246323457678567
0.09793676258789388
0.10107407014499709
0.10164070557968274
0.09983483618492679
0.0954845171454311
0.0890961166643473
0.08129973183350832
0.07250562644215126
0.06643887635634048
0.057476440861436884
0.04915024105809721
0.04188984831545188
0.03602957735914037
0.03169358248400765
0.028930444160792827
0.027688231934100145
0.027776599525151047
0.02896571197347614
0.030978192908078874
0.03351074390555436
0.03625746176714042
0.038927880243899336
0.04126384121183102
0.04305270159050291
0.04413710357767692
0.04442108603810366
0.043870918614941065
0.04251149602892853
0.04041849597379511
0.037707347907551016
0.03452032331030866
0.031013147867958918
0.027342411870450712
0.0236547750385572
0.021251294811304375
0.017809088421176237
0.01463778592499729
0.011796390658378661
0.009317878426737109
0.0072113758443557606
0.005466238888260003
0.004056712478777088
0.002946785702258546
0.002094797210416915
0.001457441091074013
0.0009929434719330972
0.0006633091440356147
0.0004356577028241528
0.00029093079832712685
0.00019664725111768374
0.0001419677599220419
0.00011595275366302944
0.00011149522725716174
0.00046892867752798214
0.0007867717370507844
0.0012196032288754853
0.0020524660085660044
0.0030986596148160793
0.004570754020721206
0.0065821562318757465
0.008280926542561445
0.011432362389856777
0.015385436215627645
0.02017734530181772
0.025785222406746577
0.032106691675355827
0.038953711164965654
0.0460596522158378
0.05304931978443043
0.059532782211992784
0.06509649771673491
0.06971674075350859
0.07265570496478975
0.07388185010148429
0.07357472564349234
0.07174756540232745
0.06868621676312439
0.06485613960900628
0.06074681659132203
0.05686567383478459
0.05368369397559711
0.0515930991229458
0.05085110058900881
0.05157769875560114
0.053739090947943796
0.05589031215901062
0.05996313562556179
0.06470569090531343
0.06966532124096676
0.07436172878314459
0.07833195188542362
0.08117280120969457
0.08257845931606973
0.0823591939904354
0.08046201050298539
0.07696376933213775
0.07205687652319905
0.06603472683455902
0.0592208662086017
0.051981979842968276
0.044666654511650396
0.03783962797301576
0.03146157127140737
0.025829144289209224
0.021141862665778995
0.01770708601050234
0.015290444642160565
0.014072246939923405
0.014076805471546662
0.01596080837093981
0.01882321483725997
0.02149129524926214
0.026813349161966437
0.033472633979585484
0.04135999615467721
0.05040165183710156
0.06040710087565557
0.07112898658180929
0.08226848837298151
0.0934835699632676
0.10440190135640744
0.11462067140586092
0.12373246404845187
0.13133210769374198
0.13703708209189436
0.14061612034734988
0.14169843887790673
0.1401843803068047
0.13609381896884126
0.1296798792005285
0.12114967119172575
0.11102538386599956
0.09988027838751905
0.08833619957810239
0.07700271433858895
0.06641785616269828
0.056999233992957234
0.051505860274991926
0.04453985750900516
0.039089632011392275
0.03501533300695443
0.032095998837278074
0.030002586357626804
0.028437107192396796
0.027114616258034883
0.02580625073576581
0.025222127262271375
0.024140771068754563
0.02316152272448873
0.022760866913237136
0.022956776846455747
0.024073680170102967
0.026507850121148466
0.030614581640223685
0.03669757619081641
0.04487812143113075
0.05518638425211071
0.06745077697792609
0.08126923457262124
0.0960404573108815
0.11097301701573999
0.12514711339190898
0.13369769703416956
0.1444882313654061
0.15212223688471618
0.15600553386392238
0.1558343119130432
0.1516303339039167
0.14376213937754223
0.13280729402984637
0.11957945010305021
0.10498098423062209
0.08993320106067754
0.0752078702432197
0.0614770076644398
0.049212057605537186
0.03869200142528982
0.03001939092867957
0.02315133895201829
0.01793772705593907
0.014160114168461396
0.011565915628522484
0.009895739539821688
0.008903146013968221
0.008367614932811367
0.00810210515605688
0.007956629988544822
0.00781897110072789
0.007692660547028091
0.007415977614236705
0.007036628069760783
0.006527901654741931
0.005924225024240707
0.0052600948556694475
0.004575218113957415
0.003909803552238073
0.0044311244914770195
0.004559350994138081
0.0050962329303170205
0.006634378088093094
0.008636859940855862
0.011567684377050918
0.01560952967342988
0.021202005741386414
0.028148359414793187
0.036732119121257664
0.04711932977627514
0.05914472907660102
0.07271516728306883
0.08755372809962123
0.10324027378166956
0.11922448814541577
0.13485160070669033
0.14940299953163816
0.15814445783007872
0.16930130160120818
0.17756965070334738
0.18247562076676976
0.18372528529075316
0.18124303143701925
0.17517265270173674
0.16586484680230268
0.15384535871271596
0.1397668442518789
0.12435188259524406
0.10833992261508123
0.09240922638729954
0.07715978656075496
0.063063940834003
0.050453316445646296
0.03951721742124544
0.030674513952518304
0.023395788896230982
0.01779768968385276
0.013887013253557222
0.01135159370137032
0.010132213025515412
0.010105143139998532
0.011294209446538413
0.013489957761527524
0.015511067192403142
0.01931636407586404
0.024006047020430087
0.029357004459433497
0.035195974836210786
0.04126521750978379
0.047263470201734714
0.052865982994063435
0.057752346114377885
0.06163655540500928
0.06429523874183617
0.06558905053746648
0.0654739153748754
0.0640007045939809
0.061304072087368294
0.0575830019334843
0.05307674361584457
0.048042685359569584
0.04272552428575415
0.03735161091953869
0.03211141342635655
0.027154101508263622
0.022588803491779542
0.01848662926055262
0.014883399357909253
0.012763943087734372
0.010019263931505904
0.007743507816277395
0.005910029073112688
0.0045051919373091534
0.003444295619392144
0.0026907643610990612
0.0022041872671607213
0.0019663379346546573
0.001921680905423922
0.002058009510538347
0.002355533292246846
0.0027984682129753523
0.003374281737549215
0.004057248358519986
0.004837500208562801
0.005665136792488406
0.006509623932466593
0.0074350899261715645
0.008264388631930597
0.009323294473438833
0.010236266943640255
0.011212068571936145
0.012254091019200367
0.013717136774449887
0.015448685486476276
0.01690639260991643
0.0197429193762459
0.02344176574529852
0.02815233465589454
0.03397674296035907
0.04095213753729029
0.04891380956652881
0.05765018368880737
0.0668139306482792
0.07595080917066699
0.08454538149337908
0.09206376163931425
0.09800932349834093
0.10197604074130512
0.10369257789975611
0.10305042694367803
0.1001120748704209
0.09509862924169438
0.08835975070758406
0.08033141215629078
0.07148842163064617
0.062298689284031386
0.05318467363455028
0.04449630645592166
0.036508266371110674
0.02937476657073057
0.025145805207222788
0.0196095756196544
0.015020246394220931
0.01131182621467993
0.008845894333210735
0.006878132617238589
0.005613470643886395
0.004997831514559345
0.005264402682232255
0.006019537294178055
0.007452464082871256
0.009611734962601112
0.012538141571337065
0.016267777118942017
0.020822864871712324
0.026179481951112332
0.03226278352499941
0.03893758560104775
0.04599559469217923
0.05316961818550454
0.06014034418800201
0.06655971738909174
0.07207566427326725
0.07636734033410601
0.07917375098635519
0.08012927307006219
0.08012409799116224
0.07840535470628522
0.07514147961726594
0.07047210987302174
0.06472131960519076
0.05822948294848499
0.051383286456232434
0.04448543785250004
0.03786318009960216
0.03176110106424717
0.02636165736736384
0.021773254097513992
0.01803884172948732
0.015133129164302518
0.012986862293748808
0.011494541802752892
0.010530295891684435
0.009954416708371579
0.009634363098034403
0.009449929964697441
0.009299099279354508
0.009106342326916386
0.008822296837872846
0.008441832116529218
0.007938971597136728
0.00755024046006605
0.00690922354166717
0.0062289502498162844
0.005547107614736539
0.005499031755270414
0.005317557990504414
0.005442419462573517
0.006009735772440124
0.007409856805200748
0.009364155734662104
0.012219196051947583
0.016149614456648132
0.021263224108134048
0.027649937608037207
0.03530760289562055
0.04414198583925434
0.05389343318770146
0.06419589720295621
0.07456022174805065
0.0844136483050983
0.09313567900867666
0.10013863758520404
0.10493162097804565
0.10717335499529723
0.10675423264783966
0.1036842443150633
0.100301014526049
0.09352356797786551
0.08517956412653807
0.0758402884371738
0.06609436201756025
0.05648397838942465
0.04745390228438899
0.03932802820352422
0.032301702125254766
0.02644951481430058
0.021760446507850098
0.01811061658785517
0.01535987260451512
0.013336320229309539
0.011874658809835547
0.010804966920850936
0.01000870620694412
0.00936607268946239
0.008809628020545511
0.00829341108407914
0.007797285070982651
0.0073129491308657
0.007198847411500166
0.007065400935590435
0.007089873311876072
0.007248497032192229
0.007758922705973144
0.008945354104497923
0.010537137449424113
0.012793914564065034
0.01582214509823515
0.019697718952783296
0.024456020815824524
0.030057308317413902
0.03638853005457179
0.04324236131169409
0.05032110427752494
0.05725173920297414
0.06362631579943107
0.06900354913680572
0.07300487793727009
0.07532994358311586
0.07580575691223573
0.07438614207559388
0.07118572142334817
0.06644674665390768
0.06051252270322767
0.05378625395098518
0.0467523557778198
0.03972272616366951
0.033063928559713
0.028965586312188926
0.023475509357286452
0.01889388546349891
0.015214566235765564
0.012435480883354656
0.01048863863967558
0.00927733622757054
0.008689656756652644
0.008607956869170133
0.008914497132371118
0.00949421193798899
0.010236028652238357
0.01103705536407292
0.011794695996554186
0.012423301287564966
0.012850582367494612
0.01302390214039344
0.0129138822082922
0.012516164171382646
0.012001505525955596
0.01119877177564376
0.01026611770100628
0.009284860563191067
0.008409190278474747
0.007620021294025913
0.0070370633365592055
0.0067946911225201245
0.006686781169090935
0.006912627438127265
0.0074836625162021005
0.008389291823878906
0.009596302632243096
0.011051726866519639
0.012688966835335571
0.014419702698440631
0.016134763956342064
0.017744101422151777
0.019144728542354782
0.020290762540788543
0.021294727545847568
0.021881611003277342
0.022158335805936694
0.022218118727081144
0.02215489358469555
0.022283908995873014
0.022509171455812833
0.023107318944818125
0.02423241937268188
0.026003287691939256
0.028483326487041768
0.031663762025996633
0.03545471062705849
0.03824692564106712
0.04263144193166103
0.047003859271385444
0.05103937916839113
0.05441135021307778
0.056825432846461195
0.058079708758387354
0.05844692724243779
0.05737682644545677
0.05515988646575138
0.052087211014187014
0.04862850220550031
0.045010748466141184
0.0416230057036109
0.038902930869535925
0.03718131110182154
0.03671428164735935
0.03765859976288872
0.04005972464801042
0.043862051141775805
0.04885827458428389
0.054773605562191185
0.06124299409941332
0.06784486096341417
0.07413194795513318
0.07793195586405056
0.08339587614274165
0.08721590107187714
0.08959417002992677
0.090453614794509
0.09013017820340105
0.0884141896106665
0.08582697015608151
0.08270341085695804
0.07950534499596286
0.07666344906539693
0.07457539698087273
0.0735061192108305
0.07376754862454603
0.07522269545544225
0.07781646167332144
0.08133137055226057
0.08548265417419938
0.08983072406196563
0.09395666407690223
0.09748321369297835
0.10007936473464048
0.10150279888342677
0.10161559211262403
0.1003859724236048
0.09787799939397576
0.09556418619723292
0.09126315730702747
0.08615445407655688
0.08045381027309212
0.0743660462591478
0.0680688316054411
0.06170888222050033
0.05540554820290944
0.04925232538954083
0.043325390795672866
0.03768571126375694
0.03238796980451362
0.027479680622672583
0.02300088293616615
0.01898214307782322
0.015441557358142604
0.012383019891495204
0.00980108707824211
0.007661167676824284
0.005928993969405907
0.004557741207912367
0.0034974475722364933
0.002693970616041882
0.0020973938379632746
0.0016636217675313687
0.0013547344411059367
0.001202708621537427
0.0010369810342323832
0.0009287386395957856
0.0008630777670397822
0.0008289706553085983
0.0008182645994750978
0.0008231371505729125
0.0008379500937486989
0.000857273336619354
0.0008762285361406497
0.0008905039167852536
0.0008965363311869135
0.0008918310320297047
0.0008893861662155072
0.0008699023953843714
0.000843825658330312
0.0008150650784746946
0.0007884144764144388
0.0007692038527146181
0.0007628504735263167
0.001332128316439061
0.0017351029048711683
0.0023616052720627336
0.0032906396509316156
0.0047770120780016665
0.00606297691475292
0.0084624428957949
0.011616989509407599
0.01563036320994985
0.020567280551696685
0.026431631412363446
0.03315780537628513
0.04056024420462143
0.04837372484053459
0.056240870856504956
0.06373854007503692
0.0704226413897387
0.07585035386383204
0.0796577327622789
0.0815838365231629
0.0815046631202341
0.0794461914248998
0.07557873752195118
0.07019411888376623
0.06366976546985134
0.05642584695338267
0.04888195250824927
0.041419203337445656
0.034352243769332734
0.02791239165451259
0.02224400931330379
0.018927658386412097
0.0146503158778279
0.011169293583197137
0.008404938954470365
0.006256974919349724
0.004618517772795641
0.0033875375248138048
0.0024733662814669004
0.0018000358966403147
0.001306792974172273
0.0009468083653770932
0.0006849470108735619
0.0004952979525385357
0.0003588583690723097
0.00026156113417473637
0.00019333538592629704
0.00014587843120260688
0.00011346804939884021
9.165044070653419e-05
8.95006547792634e-05
8.812776980419233e-05
9.476685399165659e-05
0.000109776390753564
0.00013481037300020567
0.00017189502248930253
0.00022326308417032592
0.0005737055815271472
0.0009330046268390421
0.0014135929953013183
0.002110370778578686
0.0030983746099737886
0.004614767790613074
0.006632177955952313
0.009229487864497182
0.012556360960144168
0.016685570923584955
0.021644316559237244
0.02739257755952024
0.033810348885987364
0.04069049332010546
0.04774202738286219
0.054606917080507786
0.06088890717550956
0.06619128913436755
0.07020980340223719
0.0726018851960342
0.0732409737457932
0.07210198510547297
0.06930603686324578
0.06506878692156694
0.05970839020408703
0.05360316433000148
0.04931226747132209
0.04282231736305652
0.03656133751480295
0.030794989660706484
0.025705811310564885
0.021390147360587527
0.01786473156343991
0.01508065978319514
0.012941933300015796
0.011325226277712732
0.010099004267681464
0.009139025333745596
0.008339622735752098
0.007619797035443656
0.006925581813170091
0.006229763954913604
0.005521868744466313
0.004809394375540709
0.004111987376778104
0.0034446270541967305
0.002829658613557999
0.002282317572403565
0.0018134366099594424
0.0014285264156716567
0.0011275402462663368
0.0009714341221481383
0.0009326387502775479
0.0009342589105206823
0.0010297088000404693
0.0012426018282174606
0.0015859145474423357
0.0021574867790307485
0.0028743298216842616
0.0038114904872840606
0.00499679455091447
0.0064499872858069145
0.008206231154069637
0.010217428364688804
0.012458900376046047
0.014872637858252139
0.017372851120600465
0.019866575328039388
0.022224057523747526
0.024325361172935732
0.02606547529158639
0.027368925789656114
0.028161227199634327
0.02842653967495419
0.02817679485741093
0.027455100787369114
0.026329793315752373
0.025395130577464384
0.023782967833996353
0.022470878012631108
0.02090619214148715
0.01948824732519026
0.01833905213100252
0.01757832968152096
0.017596158152080512
0.018132097568209535
0.019455022765611868
0.021651724379906808
0.02477060933361924
0.028819192809436595
0.03368989625521699
0.03923325894143127
0.0452052246274619
0.05129509163295702
0.05714364720539582
0.06237510633509184
0.06663299725448844
0.06961641869803224
0.0711111934196238
0.07101053357830435
0.0693238771058437
0.06617029368427747
0.06176373978600209
0.05826671684065867
0.05241807394888512
0.04613621734175541
0.039734805177925034
0.03349344468334195
0.027638529694862104
0.02233541966777336
0.017684395800561043
0.0137534307330496
0.010503961104862057
0.007970716779184383
0.00601797173299371
0.0045975731081247685
0.003656088169352876
0.0031127557762084548
0.002945156858058064
0.0030883101798856705
0.003508364323677577
0.004190116754346444
0.005105236643360017
0.0062276454036808435
0.007520653208108665
0.008935554316351922
0.010410741476890637
0.011872649115953567
0.012800515466814683
0.014160065032093626
0.01526649839340606
0.01610722536696634
0.016655188830227922
0.01690061541519021
0.016884171734209984
0.01668641715689501
0.0163173575523989
0.015886794036991603
0.015500248116707957
0.015270794504250075
0.015246747718070138
0.015495394261010997
0.01603666647030968
0.01687270152992319
0.017958729852642737
0.0192522245267989
0.0206454117118209
0.022050148115540406
0.02337262407733899
0.024524843580644166
0.02542300426515797
0.026015411667032712
0.026261879841907795
0.026146229045908548
0.02587169313443993
0.02518481818646181
0.024194440675537495
0.02295122780091177
0.021511141107426676
0.01993367517367833
0.018507177495414837
0.01696127345294314
0.015503927625694457
0.0141975326801851
0.013099145907738804
0.012363468222957294
0.011887107909978285
0.011775868808721997
0.012062356875005781
0.012766478225799202
0.013893392924716185
0.015424399729398382
0.01732119673188113
0.019516874786795837
0.021920887864879286
0.024419383642425803
0.02688131104829392
0.029166969565618088
0.031138816751579448
0.032670748093330836
0.03339629918204928
0.0339956029876312
0.03395498669977133
0.033278300478723606
0.03200048265088369
0.030193775132224154
0.02796274742273115
0.025448741227468534
0.022742233235319757
0.019988754671304947
0.017304455090009694
0.014791368194961248
0.012534130402199629
0.010578017826504997
0.008951609269524588
0.007665845144936201
0.006711186002717947
0.006052636948338457
0.0056547155720589794
0.005524937475490566
0.005549758696162694
0.005708341537179613
0.005970438758983524
0.0063017462904899615
0.006683223889091306
0.007144516324469185
0.007457998706031031
0.008036311576307254
0.008636305863846902
0.009311982175120134
0.01007224952879868
0.010919695676220658
0.011877855988857053
0.012888996449186334
0.013945222485517751
0.015012145896615056
0.016050649954147907
0.017013596122038566
0.017857307528267367
0.01853965226992444
0.019024151932721486
0.019304395180912814
0.019328850926813957
0.019103481878967203
0.018688956412224338
0.018037169789507482
0.017213677144400814
0.016258812063713858
0.015237088289588824
0.014213366059461132
0.013303821564822202
0.012751355147703024
0.012073205651046422
0.011618101323653504
0.011414201218363786
0.011469027212102122
0.011771909863672289
0.012276129083803971
0.012926448519750085
0.013649518286635442
0.014364214645585691
0.014989605490976273
0.015476316763296052
0.015735907575364923
0.01574595928379578
0.015494682412276363
0.014992613618397148
0.014278141287373272
0.013390315817058159
0.012386082986625134
0.01132640511065397
0.01026880044564969
0.009262515022130923
0.008345307245556594
0.007548061772026213
0.006895205594761601
0.006360159666715866
0.006069281855411477
0.005721245294274777
0.005464508308319405
0.005279241826766806
0.005163386222668338
0.005087314526214724
0.005053707474366706
0.005061534271400581
0.0051118883840157794
0.0052057238834381705
0.00534108084388886
0.005511386187177346
0.005706555912078085
0.005905590382030114
0.006088038027416273
0.0062303249497409705
0.006310386913280549
0.006309020894824685
0.006217060898735096
0.00602589943461734
0.0057410884829005825
0.005468275969349036
0.005106119399335276
0.004723056584791089
0.004372227794806948
0.0040765770163308955
0.00393081296770495
0.0038693301066351007
0.003938475564072405
0.004203714506892738
0.004687393145364568
0.005399941803178806
0.0063423872911310365
0.00751837756756913
0.008884737684706422
0.010405378544656826
0.012027395149607031
0.01368445701389753
0.015302726520952147
0.01681470338336133
0.01813340985436775
0.01919930001303984
0.019961215714203104
0.02038547095610815
0.020457929446582947
0.020184509671961604
0.019589093524901995
0.018708651986778225
0.017592779577681156
0.01629673485952464
0.014877840392008589
0.013891322693392315
0.01238926438035135
0.010901608923751896
0.009481563298452771
0.00817883651498263
0.006978493369510793
0.005915714889108353
0.005008009951249873
0.004264966314681691
0.003703338275076064
0.003327947219803508
0.003129176538479806
0.0031053671767772954
0.0032908471966814883
0.0036310047445899554
0.004134934521221928
0.004787412834206958
0.00556468999753529
0.006530406499278611
0.007553006357608569
0.008626454171292135
0.00973919237577245
0.010870231333583733
0.012001563416027528
0.01317388378368141
0.014359702631352231
0.015132727023239699
0.016285963288370908
0.017443050831201873
0.018606323083764902
0.01976874805555555
0.02093694745998689
0.022069415610907524
0.023136829975007038
0.024110239270075474
0.024967082888365716
0.025651577808901205
0.026138102282677024
0.026404161977519793
0.026435774564936353
0.026229747076993628
0.025801430238251342
0.0251557737496863
0.024320954906508287
0.023325638777888517
0.022199325873946088
0.020972050567648292
0.01967393639958414
0.018329149419409507
0.016961270686400878
0.015589613516764536
0.014231077858951498
0.013338766944673754
0.012040078677932654
0.010820395452441027
0.00964790672005425
0.008595492025596597
0.0076322846271078895
0.006794323798056565
0.006115201060514413
0.005615433686552838
0.005303278136420086
0.005219557094428528
0.005421495496369067
0.005835169901498384
0.006489207994185176
0.0073797645252614745
0.008487416568549769
0.009782768077729341
0.011264650921271154
0.012854049827748298
0.014507906354225768
0.016188879134070792
0.017850517762251224
0.019446973229545052
0.020936687079060143
0.022268684109961745
0.023048664962843364
0.02402514338998052
0.02473452394753559
0.02514290804475093
0.025225001013958272
0.02496697923271815
0.024373171416499567
0.023453376568005977
0.02223921081427148
0.020774630194481305
0.01911351921768889
0.017316814410140352
0.015458002853181949
0.013587551864959718
0.011772018976500495
0.010058454945037586
0.008490377757811444
0.0070982166724579375
0.00589974222831805
0.0049014793108635435
0.004099080577325055
0.003718224119151649
0.0034575347796704007
0.003511752979162936
0.0037873247150540987
0.004355354779098805
0.004922045209132713
0.006174340574477162
0.007868191597043859
0.010094627266457731
0.012890779699570299
0.01628255493410593
0.02026953690743115
0.024792121307087987
0.029735466242700036
0.03492964446656044
0.04015788757786757
0.045172174980657974
0.04971427451764439
0.05353953159488931
0.05643967213789033
0.05826464567716559
0.05892443011112001
0.05840732761854987
0.0567691491469686
0.05412610524485773
0.0506420076445094
0.04651099281926803
0.041943215371410665
0.03714841000391633
0.03232341618867486
0.02779069454299947
0.024897116776331742
0.02088744779086859
0.017385020997889595
0.014460493853668275
0.012156761045436178
0.010542906184063063
0.009573319631428516
0.009230911649697115
0.009498299499259299
0.01032610541816658
0.011644017547010749
0.013359098510757453
0.015355984761861475
0.017499935563148078
0.019643913905485588
0.021638426865442123
0.023346508524451897
0.0246440854660024
0.02544451219709218
0.02569784403945783
0.025394087695619242
0.02456309430633979
0.023265771762222925
0.021586855263741905
0.019627980178727595
0.017496235838532204
0.016031052043678044
0.013839224247126488
0.011730539403228941
0.009771868840720144
0.008012719088164887
0.006482454022296584
0.005191955956831162
0.004134801748184308
0.003293210971811342
0.00264070198201919
0.0021461870486104203
0.0017776618929404612
0.0015054324843762688
0.0013026976043092455
0.001148313452924388
0.00103371305412577
0.0009371618094826365
0.0008577351229257372
0.0007902352087656837
0.0007348562567982202
0.0006922842690638004
0.0006660644510198955
0.000655842938529442
0.0006649914380401176
0.0006936440209804968
0.000850737800220573
0.00101850433631968
0.0012479626527794128
0.0015694052569857357
0.002012443908208808
0.0026013038203005242
0.003370504836290764
0.004451405938010666
0.0057428389869967605
0.007326170048271779
0.009212727421568895
0.011389343742478372
0.013829928027949951
0.016441378906524768
0.019132788797896007
0.02178149328719258
0.02425272882849583
0.02641254483817106
0.028254964544303644
0.029609484902189873
0.03040522817624508
0.03069125188417007
0.030508811412991537
0.029949335683633893
0.029131773062333534
0.028287744306910452
0.027702783739164315
0.026933188878013953
0.02641272866447611
0.026224846587015873
0.02641744903452394
0.02699402614131632
0.02791411057161981
0.0290839965330284
0.03038346996395354
0.03167049376290036
0.032797878331171655
0.033629512840024946
0.034055622074787496
0.03399838457570475
0.03342094281412721
0.03232696604275643
0.030755605826322956
0.02877483753931545
0.026472859273074887
0.023949107651359287
0.021305691116599034
0.018640248371036006
0.01604011718891596
0.013582990477296985
0.011318582091226976
0.009287493460804461
0.0080743446940803
0.006472060496238331
0.005127028428080749
0.004024692206050923
0.0031452664855134258
0.002461132758295803
0.0019446254876100853
0.0016078385045313972
0.0013785889601518305
0.0012534185601675314
0.0012215809963905273
0.0012733127162626238
0.001416079297138299
0.0016306372266874697
0.001949480119905851
0.0023379234427257267
0.002813734481293118
0.00337584580475531
0.004022364625227474
0.0047366089757175135
0.005498330536497637
0.0062811228032967036
0.007051525084434108
0.007772463417152783
0.008406435277102234
0.008763566333321055
0.009179204717723627
0.009431463505390664
0.009507739699530234
0.009405929351893723
0.009134001558644167
0.0087086951122324
0.008153627197936069
0.007497112008197004
0.006772243343545371
0.006007098201668588
0.005233827585814269
0.004478164652531314
0.0037636029937549243
0.0031084423895679303
0.0025252098079161134
0.002021164862003551
0.0015990010555706395
0.001257183458417119
0.0010620085658334412
0.0009214257675862585
0.0008902690803559107
0.0009425640075678697
0.0010975523172162297
0.001381050681410747
0.0018024515493641948
0.0021949925192380464
0.0029138931964460928
0.0038302796358356725
0.004960527247086597
0.006298220898666655
0.007841395510508324
0.009560674611352024
0.01140738464589971
0.013320876396162636
0.015228492261921592
0.01705432531561558
0.018711774943700625
0.020129340045868343
0.021244743395225293
0.02202693011726829
0.022430242984840698
0.022454103401785334
0.02211250321338205
0.021434685817460247
0.02046517863038429
0.019259355099661785
0.01788888053400138
0.016406443693930413
0.014881963405059392
0.01337477761788003
0.011934438549335442
0.011033002003444004
0.00979744379808756
0.008700008731315326
0.007751768669936771
0.006950016609330355
0.006283826769919822
0.005737353073440893
0.005295130455289933
0.004946432689700058
0.00466695948865546
0.0044490615943865155
0.004282465847528082
0.004158438333533733
0.004067425420560477
0.004000452756425388
0.00394760084757728
0.0038986100698535243
0.0038434419425809082
0.003775517525673389
0.003684620487473563
0.0035668862808515248
0.003421919063863884
0.003248816323146019
0.003051649564917136
0.0028353296882805334
0.002606937031081658
0.0024507673792052214
0.0022162946435324033
0.001987537699049987
0.0018184550758619414
0.0016554228547617906
0.0015242536402987209
0.0014819817786528322
0.0014825539940545962
0.001556117335602423
0.0017326913468887367
0.0020134497333890405
0.002416588301793662
0.002953765346674876
0.0036587071285807088
0.004499345590652507
0.005484581099274826
0.00659701199487898
0.007806465309566494
0.00907012946927871
0.010334546472260385
0.01156583124360871
0.012680380233052794
0.013620715542634217
0.014349608918070748
0.014839203204083414
0.015026549713762234
0.015103354486284574
0.01496161518025768
0.014620767054011635
0.014125282886943204
0.013520220441802145
0.012850444336796286
0.01215491463206691
0.011464467228091087
0.010800408561352916
0.010174314249022624
0.009589199434333744
0.009103501391980063
0.008635551320282422
0.008207345070392613
0.0078241643038474
0.007490521237770597
0.007215871982005976
0.00701363216815077
0.006925534106573605
0.006944106217396833
0.007083462976263947
0.007358924007638145
0.007789862501253612
0.00833710169213759
0.008995975863880316
0.009470876793870615
0.010214420692009138
0.010950364142634932
0.011633315537172648
0.012222070745743186
0.012700059657551619
0.013029243789167868
0.013211752420143618
0.013250309508213176
0.013158479709415513
0.01295384923248613
0.012653524786618752
0.012273235162925538
0.011826472578429016
0.011321939960935782
0.010768057674408315
0.010173107363929849
0.0095430556625954
0.00888649219699448
0.008212847188165317
0.007531993116429024
0.00685329336020015
0.006186725519344945
0.005538855466593001
0.004936355996364086
0.004361541489272072
0.004001325665869708
0.0035390506070070993
0.0031227403734205607
0.0027778065072036253
0.0025185566087293446
0.002359754983420083
0.002304269571484718
0.0023578209398441184
0.0025384440680641554
0.0028292614772617106
0.0032230573976205373
0.003710878706653244
0.00427441176547931
0.004890369446763606
0.005531759424981402
0.006174690189497322
0.006782166335666082
0.007328496688348966
0.007789482842865035
0.008145173812158546
0.008381465041300322
0.008490649921519431
0.008473725376842068
0.008333655208491015
0.008081556346815658
0.007859372496142273
0.007457039649434685
0.006990377265605394
0.006480143950276234
0.0059464718761385715
0.005407748738057788
0.0048797338820744
0.004375629200602837
0.0039039116192036184
0.0034707463983045302
0.003079173205977066
0.002730515570513716
0.002422164891938165
0.002151557737941328
0.0019149509852803138
0.0017081034036309016
0.0015267729987440224
0.0013668370236250185
0.0012250734699740349
0.001118687724037845
0.0010178316754959154
0.0009345797151080266
0.0008704943064158984
0.0008277977206761313
0.0008090987802684836
0.0008172058226377795
0.0008443875923160525
0.000908160948954566
0.0010036476884901864
0.00113168950762369
0.0012894597596564573
0.0014806289787100751
0.001686694879359799
0.0019028085370217075
0.002119644171206297
0.0023277223050153905
0.002518550811805761
0.00268591626111103
0.0028254097932455895
0.002942888283719591
0.003029967554843192
0.0030937122655427026
0.003137696917603394
0.0031651264196495992
0.0031779291359957094
0.003176368033914634
0.0031592661978485444
0.0031242570953747043
0.0030742706369069096
0.0030017699562551376
0.002912571458422327
0.0028028012063948528
0.002721227734699702
0.002591116851251465
0.0024566720302307454
0.0023252260491994302
0.0022063949138406112
0.0021046267134679835
0.0020269094829698264
0.001975221570355759
0.0019512709989489526
0.001954781605259789
0.001982476898671009
0.0020287291912596864
0.0020862220659332016
0.002166108874147649
0.002233633803377498
0.0022906358323595754
0.00233405758036708
0.002361633672763132
0.0023739051537167246
0.002373447234159553
0.002371660626392266
0.002367751887585597
0.002368086971925712
0.002384109440103513
0.0024154464171426415
0.002447229371167623
0.0025123357787318525
0.0025974773613022567
0.002699634636745758
0.0028138940741619426
0.0029397228909510496
0.0030646914639734465
0.0031827823944328374
0.0032935364443206347
0.003390882308027277
0.0034769907361412032
0.003542553364450372
0.0035931490903212838
0.003636079958365907
0.0036735533356760334
0.003710753448276484
0.0037565080503174147
0.003817672077241828
0.003892089649219053
0.004008897224000419
0.004135989422447048
0.004282620808003379
0.004448006100063974
0.004633311984988804
0.004829328789161763
0.005035606732107409
0.0051783103926824675
0.005416214419678052
0.005664286495125032
0.00592613007563387
0.006206888551889813
0.006505492094049574
0.006812817322527141
0.007119831985097687
0.007411951352545454
0.00767452586500781
0.007888852876739362
0.008042055584342072
0.008116462748944297
0.008107438284001785
0.008017290426531966
0.007847133128596676
0.007607128572395907
0.007309501639506743
0.00696888489236169
0.006600732458734159
0.006213320902286216
0.005820525368594997
0.005434371418483464
0.00506094706283503
0.004707748253893287
0.0043796449741483326
0.0041754951213121725
0.003891780209073516
0.003633926995424193
0.003399186886193784
0.0031839175117908966
0.0029840491164126472
0.0027955319899006996
0.0026299405392208905
0.0024683223727252276
0.0023136246521185655
0.0021691145955358244
0.0020374309262243596
0.0019403253783358305
0.0018603037763515883
0.0018121740708671578
0.001811294143720678
0.0018542837717757759
0.0019488815115312314
0.002099002732047377
0.002303956047476827
0.002569526913642418
0.0028724643957135543
0.0032074454088000747
0.003558422464284454
0.003908002326880739
0.004248417601738868
0.0044542095531522035
0.00472347227409752
0.004936406927109799
0.005113949917836294
0.005215260554159776
0.005256437288109108
0.005248287965341468
0.005206885253241481
0.005143127056855627
0.005072476782771404
0.005010623279298008
0.004985433703044742
0.004981884182277396
0.005014573866670563
0.005083894370878247
0.005184371935650435
0.0053078722942852445
0.005443655014587912
0.005577987942780057
0.0056974596180636335
0.005789160809564975
0.005841958621363946
0.005846194078372186
0.005805711372421538
0.005704926418714958
0.005606754144603843
0.005431457929892453
0.005208680138725817
0.0049541227128359335
0.004683409115525513
0.004440819878321807
0.004210445716042323
0.004019734586183188
0.003889274168041762
0.0038424131413577873
0.00388619751681863
0.004028633981090604
0.00427275394395698
0.004625632471064097
0.005062555796136677
0.005606522732331489
0.006193206722826207
0.00680277986229957
0.007419793086130054
0.008019198004505101
0.008583444587446577
0.009100740964269105
0.009566468668949562
0.010009187555565634
0.01040726674536748
0.010770320277397254
0.011000080142460516
0.011328481797474765
0.011636196087422737
0.011914586651883514
0.012148972910426
0.012325082831893793
0.012419087082178662
0.012414995343396764
0.012303115446485198
0.01208005196951333
0.011749530124630786
0.01131947069267343
0.010803331478076184
0.010215642491989576
0.009571141438679133
0.008883825968453043
0.008166361784375397
0.007431281099337747
0.00669090565311703
0.005958963619207701
0.0052469401900929425
0.00458136348895284
0.003972549129763769
0.0034180368832711213
0.0029350928277915344
0.0025328188252151953
0.0023125550706967696
0.0020567288476649142
0.001893492439346415
0.0018223560140189809
0.001854366611878075
0.0019785837386451363
0.0022022429050803298
0.002497787731432353
0.0028656712713293203
0.003288919133438196
0.003754496520485946
0.004244632636975775
0.0047444730485827445
0.00523818093928886
0.005713550276406113
0.006205875320290114
0.006650402344573357
0.007068410165502437
0.007459221265220446
0.007819263639621252
0.00815805848003306
0.008457783364233749
0.008719472644809797
0.008951530165478803
0.0091416336602697
0.009244850671284667
0.009368907396038673
0.00946103624054208
0.00952068857755879
0.009553022857540661
0.009548243309064076
0.009505835128836952
0.00942123975017617
0.00928909942732703
0.009105621130964869
0.008892464934469919
0.008624536878867214
0.008320863787425034
0.007992128102504905
0.007651406199853586
0.007312030681701138
0.0069851700255251295
0.006679879842979026
0.0064092619313543455
0.006169342363462429
0.0059596628874649706
0.005778825615015567
0.0056219236760186465
0.005481925322964401
0.005350533558313514
0.005218945850189184
0.005126889974862338
0.004981769607530106
0.0048171416976873944
0.004641692281812633
0.004442958173942911
0.0042291004976317235
0.004026149280081152
0.0038169545679765573
0.003655133442765239
0.0035122533191566654
0.003419038137755267
0.0033926581264991118
0.0034414079792815582
0.0035765275941458253
0.0038063063796775617
0.004143699619003728
0.004584422753720314
0.005111319597753741
0.005712134710426122
0.0063675851501044075
0.007060922187153114
0.007747450145925189
0.008398852557555491
0.00898417393561815
0.009475387545324579
0.009850866173860265
0.010029455681361705
0.01018491960074471
0.010206430041244403
0.010106620427373965
0.009894315879284117
0.0095861282495565
0.009201012097565344
0.008755109482325508
0.008262757735380712
0.007736919501452462
0.007185012915383983
0.006616660289404982
0.006040453086069365
0.0054761312780824325
0.004920530809378988
0.004389339935100883
0.003894390332249047
0.003450274909101959
0.0030589123287087312
0.0027277108688474926
0.002461607558763304
0.0022627745936205936
0.0021799139157568626
0.0021350778789862067
0.0021711205932651158
0.002274912947102135
0.00238797703110215
0.0026207552368870133
0.002932512423106607
0.003326732006455998
0.0038017777260467163
0.0043819620085584965
0.005035350675025641
0.005757886404525994
0.006543008218107715
0.007373564585552162
0.008226647211831977
0.009074263117417958
0.009884556228384602
0.010624264285802446
0.011261056797655497
0.011769198694446566
0.012137403308762026
0.012339022363068212
0.012373011429654088
0.012248757358726999
0.011982311314372485
0.011596145403714352
0.01111650925035564
0.01057191731378798
0.009999472265486354
0.009614552772116992
0.00904162193856576
0.008495141359438586
0.007990665830292249
0.007541692885666463
0.00714815292708808
0.00681101992790305
0.006531233527313565
0.006298761528371286
0.006104017076323253
0.005938763914263588
0.005795407497918689
0.00566644679205726
0.005547475750352063
0.005430041297709582
0.005310464705896804
0.0052061263030142866
0.005084033952371888
0.0049528034171423905
0.0048115785823189105
0.004660467520193701
0.004510924788590317
0.0043549193540606745
0.004202930709940075
0.0040637365083984476
0.003954745837418281
0.0038984743524535766
0.0038445912433650023
0.0038332868142826925
0.003868461162652292
0.003952286207632285
0.004075503129569164
0.004264255689270523
0.004464310811148781
0.004679985606976638
0.004908714454514568
0.005139088861877264
0.005367107424426021
0.005592717230074364
0.005821218506733705
0.006052957246934275
0.006311879544323878
0.006573680583526648
0.00685509396526408
0.007142301089879112
0.007427832401697621
0.007694031532775369
0.00792448718337284
0.008103205943470347
0.008218479398276017
0.00825569550245994
0.008214460921805633
0.008145263687995927
0.00799028271145313
0.007775861601176035
0.007517889833473583
0.00722819651536126
0.006915920271918037
0.00658856038115954
0.0062470529315426125
0.005892362895825308
0.00552537150762782
0.005147427015046499
0.004761622308339253
0.004372967020364503
0.0039879066206217105
0.003613399662928934
0.0032558713287590348
0.0029202834610868446
0.002609660881691057
0.002325167317253416
0.0020658747217038695
0.0018300752992849339
0.0016154783597381458
0.0014198503808067176
0.001241358333792847
0.0010787017314116824
0.0009786312464414883
0.000840688544128975
0.0007169773819378281
0.0006069924324920975
0.0005102026772568324
0.000426445311294815
0.0003541058498074685
0.0002924789059887336
0.00024065898460721776
0.00019765863055931532
0.00016262636786937865
0.00013472579374826553
0.00011321690832592112
9.739237047771118e-05
8.768487094126614e-05
8.192488985584778e-05
8.004579892705186e-05
8.141485530488433e-05
8.555994069562456e-05
9.162736726965033e-05
9.94332303556111e-05
0.00010805873377070141
0.00011787261596651077
0.00012782045919334975
0.00013796415407237446
0.00014895726872211128
0.00015617407074592878
0.00016719113810015706
0.00020327950288830384
0.00023442474927892065
0.0002742322717116347
0.00032870354111608777
0.0004028981250954065
0.0005099716751510116
0.0006472058287310374
0.0008372617640414937
0.0010697085649183382
0.0013633315275562675
0.001711640055251348
0.002112522205025387
0.002561063613393214
0.0030455518041481934
0.0035674606689427785
0.004087376375836816
0.004597923692814299
0.005077823032607728
0.005515830231807552
0.005901962797073226
0.006230345163536949
0.006498696189537828
0.006707211050469652
0.006857152488368215
0.006925108349209211
0.006979075046142417
0.006974279325552029
0.006908114834596346
0.006777283336256543
0.006578887453222155
0.006311664672676212
0.005977096424338722
0.0055801703983359655
0.005129652469220461
0.00463781723685095
0.004119677085471089
