Y :100.0% Calcite, Diffracto n :1448
N :Gibbsite
N :Dolomite
N :Hematite
0.0
0.0
0.0
0.0
0.0
0.0
0.0
0.0
0.0
0.0
0.0
0.0
0.0
0.0
0.0
0.0
0.0
0.0
0.0
0.0
0.0
0.0
0.0
0.0
0.0
0.0
0.0
0.0
0.0
0.0
0.0
0.0
0.0
0.0
0.0
0.0
0.0
0.0
0.0
0.0
0.0
0.0
0.0
0.0
0.0
0.0
0.0
0.0
0.0
0.0
0.0
0.0
0.0
0.0
0.0
0.0
0.0
0.0
0.0
0.0
0.0
0.0
0.0
0.0
0.0
0.0
0.0
0.0
0.0
0.0
0.0
0.0
0.0
0.0
0.0
0.0
0.0
0.0
0.0
0.0
0.0
0.0
0.0
0.0
0.0
0.0
0.0
0.0
0.0
0.0
0.0
0.0
0.0
0.0
0.0
0.0
0.0
0.0
0.0
0.0
0.0
0.0
0.0
0.0
0.0
0.0
0.0
0.0
0.0
0.0
0.0
0.0
0.0
0.0
0.0
0.0
0.0
0.0
0.0
0.0
0.0
0.0
0.0
0.0
0.0
0.0
0.0
0.0
0.0
0.0
0.0
0.0
0.0
0.0
0.0
0.0
0.0
0.0
0.0
0.0
0.0
0.0
0.0
0.0
0.0
0.0
0.0
0.0
0.0
0.0
0.0
0.0
0.0
0.0
0.0
0.0
0.0
0.0
0.0
0.0
0.0
0.0
0.0
0.0
0.0
0.0
0.0
0.0
0.0
0.0
0.0
0.0
1.4184293464115877e-35
3.3009468814935327e-35
7.115994230809886e-35
1.4210156554661547e-34
2.62862335162352e-34
4.504266565957871e-34
7.149670560895912e-34
1.0512698310345084e-33
1.4318865030020506e-33
1.806629981790778e-33
2.111524159312766e-33
2.2860678718204822e-33
2.2927062202503382e-33
2.129972135922089e-33
1.8330134795285197e-33
1.4612469544546412e-33
1.0790654892047935e-33
7.3813909997162895e-34
4.6772958675076755e-34
2.7454762926810342e-34
1.492817704301799e-34
7.519034540657842e-35
4.561794732838603e-35
2.0225600056911583e-35
8.306791593847767e-36
3.160322753949028e-36
1.1137706906812152e-36
3.6360207741409483e-37
1.0995706788128638e-37
3.080251436034566e-38
7.993103025743765e-39
1.9213694300527668e-39
4.27831311720075e-40
1.322680400338928e-34
3.7292948961860995e-33
1.106788261291075e-32
2.3982626777920385e-32
4.820917154442198e-32
8.98981066092396e-32
1.5550636813861436e-31
2.4952425821201618e-31
3.7139476396453573e-31
5.127547777207336e-31
6.5664105275771275e-31
7.799825977484406e-31
8.593600154045744e-31
8.782010180868098e-31
8.545158189387675e-31
7.703296238194476e-31
6.440950245605914e-31
4.995003237303766e-31
3.592771177162655e-31
2.396770812190312e-31
1.4829328695470507e-31
8.509596536977115e-32
4.5287978135515804e-32
2.235305360960557e-32
1.0232074420964636e-32
4.3436597832833035e-33
1.7100350232732643e-33
6.2431324383943355e-34
2.1136794612349576e-34
6.635977639745939e-35
1.9319219693114396e-35
5.215336590270242e-36
1.3054853223458652e-36
3.0300302143549982e-37
6.520716877007403e-38
1.3010829441169892e-38
2.4069302178711547e-39
4.128177385532096e-40
6.564125696865032e-41
9.67623506632039e-42
2.5888971884901313e-42
3.3635746510470828e-43
4.0510214414684896e-44
4.522647250401444e-45
4.680295188276814e-46
4.489458611128868e-47
3.991562745434353e-48
3.2893381668275834e-49
2.5123448524415535e-50
1.7784596964761963e-51
1.1667882578702015e-52
7.094353824312987e-54
3.997571843758189e-55
2.0875292125366866e-56
1.0102113964135805e-57
4.530293160993734e-59
1.8826343218543959e-60
7.249747771832833e-62
2.586956190373825e-63
8.553755734065494e-65
2.6207095590210916e-66
7.439919606112464e-68
1.957033437132784e-69
4.769826425172868e-71
1.0771475925369934e-72
2.2537591949732285e-74
1.5632100872094968e-75
0.0
0.0
0.0
0.0
0.0
0.0
0.0
0.0
0.0
0.0
0.0
0.0
0.0
0.0
0.0
0.0
0.0
0.0
0.0
0.0
0.0
0.0
0.0
0.0
0.0
0.0
0.0
0.0
0.0
0.0
0.0
0.0
0.0
0.0
0.0
0.0
0.0
0.0
0.0
0.0
0.0
0.0
0.0
0.0
0.0
0.0
0.0
0.0
0.0
0.0
0.0
0.0
0.0
0.0
0.0
0.0
0.0
0.0
0.0
0.0
4.065571906153351e-35
9.417879309251952e-35
2.0209278941575946e-34
4.017119394974713e-34
7.3968171843395344e-34
1.2616568617626462e-33
1.9934431133482862e-33
2.917646441690569e-33
3.9557396777359e-33
4.968084425930407e-33
5.7798485037544486e-33
6.228882904367778e-33
6.218277540023361e-33
5.750376240211566e-33
4.92593462480047e-33
3.908834207096195e-33
3.2108728819052536e-33
2.2428079748594868e-33
1.4512000840104849e-33
8.698186631207683e-34
4.829435525694426e-34
2.483877920151067e-34
1.1833966761819375e-34
5.222719085848281e-35
2.135154041310747e-35
8.0858928548088e-36
2.8365665386339072e-36
9.217734447343337e-37
2.7747357720239704e-37
7.737226268636801e-38
1.9985507725142153e-38
4.78201900540034e-39
1.0599213336787668e-39
2.176216972288317e-40
4.1390147709127003e-41
7.29219012542643e-42
1.190104819690698e-42
1.7991967937717056e-43
2.5196391440769904e-44
3.268618607773243e-45
3.927863387949663e-46
4.3723480341089317e-47
9.69669527861734e-48
9.501506513967502e-49
8.62437072295923e-50
7.2515122764965e-51
5.648016805044554e-52
4.0750186216866674e-53
2.7235129139079614e-54
1.5935900884930642e-34
3.7807676706347805e-34
6.58300723313159e-33
1.6901471395753565e-32
4.2767404345720366e-32
8.745841468320972e-32
1.661809697085421e-31
2.9336121378789717e-31
4.8109045468897275e-31
7.328643431308497e-31
1.0369828494292732e-30
1.3628749395301914e-30
1.6636731094013477e-30
1.8862672468474586e-30
1.986372644394745e-30
1.9428610399432817e-30
1.7650157790474116e-30
1.4893050852864293e-30
1.2764100575056134e-30
9.523024503401759e-31
6.599145831564227e-31
4.247409888902618e-31
2.539080367048317e-31
1.4097208411383287e-31
7.269071375246148e-32
3.480925435542942e-32
1.5479519016627249e-32
6.39205419162497e-33
2.4508319892556125e-33
8.724559547669665e-34
2.8833306407268845e-34
8.845618216406437e-35
2.5188645154839903e-35
6.657069045612979e-36
1.6327544391395617e-36
3.716000564965943e-37
7.847029771431979e-38
1.5373310374556607e-38
2.793963400633777e-39
4.710043464331874e-40
7.364459987398205e-41
1.0679010909922625e-41
1.436015773636678e-42
1.7905690204612547e-43
4.285247823080731e-44
4.710593959685546e-45
4.800606630703791e-46
4.53533643572891e-47
3.971822588980042e-48
3.2241324229879574e-49
2.4258058725976843e-50
1.6916029350292765e-51
1.0932529508956767e-52
6.547942100209496e-54
3.634414400165333e-55
1.8693658761354236e-56
8.90985157854044e-58
3.935048691742486e-59
1.6103545067979602e-60
6.106239988816786e-62
2.1453463237603964e-63
6.983660824722831e-65
2.1063127632405902e-66
5.8858487590276485e-68
1.5238248269443718e-69
3.65505944961596e-71
8.122351267231246e-73
1.657951157344834e-74
3.158270044036926e-76
0.0
0.0
0.0
0.0
0.0
0.0
0.0
0.0
0.0
0.0
0.0
0.0
0.0
0.0
0.0
0.0
0.0
0.0
1.4315581241748167e-36
3.3431435519138196e-36
7.2321477212265e-36
1.4492582293123244e-35
2.690236654464074e-35
4.625955172598059e-35
7.368491349902416e-35
1.0872313329222494e-34
1.350478492332955e-34
1.7540478100882664e-34
2.1103836096067856e-34
2.3520557284698557e-34
2.428287104262986e-34
2.322301930677933e-34
2.0573280943141764e-34
1.6883195676928468e-34
1.283429374531076e-34
9.03765002724143e-35
5.895291555410091e-35
3.5622244529416116e-35
1.9939005656089302e-35
1.213180030879271e-35
9.052715363226351e-36
1.0837602465568142e-35
1.7783732623751723e-35
5.787505478286561e-35
1.1271754798876441e-34
2.08888522430862e-34
3.6673712486825506e-34
6.0844192171850004e-34
9.514825614615881e-34
1.3987429971228398e-33
1.9279456212686303e-33
2.4856192679140084e-33
2.8341601283806428e-33
3.254485688436584e-33
3.479062537253938e-33
3.4581876425592615e-33
3.1932989476301025e-33
2.73732612643063e-33
2.1770811715032708e-33
1.6058560317774208e-33
1.0982204936884177e-33
6.961841079145405e-34
4.090122589218964e-34
2.226748916863446e-34
1.1232802528938408e-34
5.249969260386961e-35
2.273289890227876e-35
9.119389923910542e-36
3.3890458684717123e-36
1.1667579920475441e-36
3.7210811079438756e-37
1.099354056418953e-37
3.008724986101742e-38
7.627833123048966e-39
1.7913963111270294e-39
3.8971983368452336e-40
7.853850022932278e-41
1.4661593191816987e-41
4.589703311379423e-42
7.542165479709583e-43
1.1480867962825927e-43
1.6189012101788544e-44
1.0133195885398286e-35
2.318127100703691e-35
4.912406238186431e-35
7.528299029473764e-34
1.8007734017626812e-33
3.6796661572898024e-33
6.999871325570218e-33
1.2392723603769757e-32
2.0414228299697586e-32
3.1283291809563456e-32
4.4591824828115886e-32
5.911995568045696e-32
7.290218790517105e-32
8.361438535451624e-32
8.920158627023397e-32
2.061285953354543e-06
4.7766524065679134e-06
1.0253573721689163e-05
2.0388867387910207e-05
3.75558129892022e-05
6.408073113049306e-05
8.769290209050268e-05
0.0001317119277194374
0.00018325337976999134
0.00023618107987439206
0.0002819709961085116
0.000311838689649734
0.00031946389245488693
0.000303165505154296
0.0002665041733922214
0.00021701735584557538
0.0001637009292876072
0.0001143863087813685
7.403944766290635e-05
4.439341130171654e-05
2.4656991797677134e-05
1.2686092875205805e-05
6.046191608169231e-06
2.6693292753673247e-06
1.0916630647010321e-06
4.1356264810488044e-07
1.4513101150831997e-07
4.717863381040544e-08
1.4206814918128249e-08
3.962910904880316e-09
1.0239956651707632e-09
2.451027317066633e-10
9.055622255045022e-11
1.9080014676643446e-11
3.723962804211141e-12
6.73283836212664e-13
1.127605708675345e-13
1.749373595812884e-14
2.514051050694893e-15
3.346816035323697e-16
4.12720283990911e-17
4.714612572881879e-18
4.988872790133734e-19
4.890182576760782e-20
4.440316647236542e-21
3.7348144714238907e-22
2.909982304183714e-23
2.1002833372214376e-24
1.4042086677746576e-25
8.696642866477781e-27
4.989279639192386e-28
2.6514917480131344e-29
1.3052957906988768e-30
5.952423451055898e-32
2.5144611197421228e-33
9.839255886250918e-35
3.5665294445844556e-36
1.1975553920165502e-37
1.194535210306174e-38
3.5306873653159487e-40
9.666876735889782e-42
2.4517752004154734e-43
5.760310526714495e-45
1.2536983028647537e-46
2.5279023502954875e-48
4.005800778189784e-53
2.3841626063940133e-54
1.314760304404795e-55
6.717548720336855e-57
3.1799422361004258e-58
1.3946446798582598e-59
5.666783657312762e-61
1.0764891478204456e-05
2.4896608980054718e-05
5.33380291771855e-05
0.0005698032122949867
0.0012609409727836732
0.002864501147778041
0.0056003570007684645
0.010213313867472174
0.017364769207286468
0.0275132928043141
0.04061221574100467
0.05583735697389787
0.06636536309653884
0.08104123681669029
0.09216315032538777
0.09761346748748172
0.09629149063625582
0.08847477296009698
0.07572316728321349
0.06037143920302178
0.044836351720300024
0.031017809838335526
0.019986735851181013
0.011994195969125503
0.006702377894885553
0.0034868075816221204
0.0016883647107290701
0.0007607284378886287
0.00031885641790410066
0.00012428942834392275
4.5041783420175294e-05
1.517079762107325e-05
4.747712750085997e-06
1.3801299062277583e-06
3.725610305279896e-07
9.336978873124657e-08
2.171921847802646e-08
7.880826828749561e-09
1.6182731639336204e-09
3.082669689636175e-10
5.446584703292346e-11
8.924381180567879e-12
1.3559073372589495e-12
1.9099759842708794e-13
2.4941678731751544e-14
3.019135524199331e-15
3.3873714861827456e-16
3.522368909187115e-17
3.3944626533461654e-18
3.031428031813016e-19
2.508663590941156e-20
1.923703481565899e-21
1.3668421076239872e-22
8.998479637579739e-24
5.488812260006966e-25
3.10195531815697e-26
1.624170076976764e-27
7.878772465804398e-29
3.540886027685853e-30
1.4743736092208834e-31
5.6906888969988574e-33
2.0468317656310153e-34
7.228680464698258e-36
8.991778547187694e-37
8.969936480456887e-38
2.0066196618003568e-38
5.0439503970512466e-39
1.1999638230087363e-39
2.650030764673888e-40
5.42237273235959e-41
1.0277858298861949e-41
1.8046091007146808e-42
2.9351471868065884e-43
4.422245506807767e-44
6.171944868715699e-45
7.979348814088548e-46
9.556064814398402e-47
1.0601246837679854e-47
1.0894342643857472e-48
1.0370778003017202e-49
9.145087582482096e-51
7.47017238741444e-52
5.652487397913734e-53
3.962003047453886e-54
2.5725050233276692e-55
1.5472620778803186e-56
8.62060518313894e-58
4.4491582444833005e-59
2.1270817133050742e-60
2.6852940264843323e-61
1.1300783112569635e-62
4.4054619829185484e-64
1.5908916394345727e-65
5.321768332985428e-67
1.6490641641159185e-68
4.733532540971908e-70
1.2586338388323967e-71
3.100128275188407e-73
6.449913091265907e-35
1.4268928843789437e-34
2.92411942207048e-34
2.625140445075215e-33
5.6622834518695684e-33
1.2260906040188206e-32
2.3423731775627565e-32
4.181492385218127e-32
6.969089460277229e-32
1.0836913882053316e-31
1.5715165190950458e-31
2.124663016475341e-31
2.67767061355956e-31
3.1456493663150312e-31
3.444915987693607e-31
3.5173641916679213e-31
3.4306116503351754e-31
3.1178003790274967e-31
2.642877876171941e-31
2.0898151164160365e-31
1.54158342017739e-31
1.0612873931743065e-31
6.820167633439551e-32
4.099854238046725e-32
2.3226444378716134e-32
1.5658568873691968e-32
1.3914420747503314e-32
2.0298174244764688e-32
3.5431723636024366e-05
7.867433083332378e-05
0.00016182292961898213
0.0003083282263658924
0.0005441927276975517
0.0008897303529441689
0.0013475047454687434
0.0018904640529005586
0.0024568167695481276
0.002957626546945675
0.0032982238464308758
0.003407086367023036
0.0032602610976436796
0.002889933469555609
0.0025557298438962407
0.0019941635792508194
0.0014413612419727064
0.0009650529065621584
0.000598543377761209
0.0003438795589063372
0.00018301357961120969
9.022491756329048e-05
4.1203669598519954e-05
1.7430567294341332e-05
6.8305137743306345e-06
2.4794847688344807e-06
8.337497984232189e-07
2.597025791988211e-07
7.493470594237495e-08
2.002884823436718e-08
4.959012098957805e-09
1.1373668963949019e-09
2.4164188970846495e-10
4.755652214807248e-11
8.66990170890971e-12
1.4641463351761258e-12
2.290451074529448e-13
3.3191262940660597e-14
4.455462163728007e-15
5.540232184100129e-16
1.3227818503674786e-16
1.447884124389325e-17
1.4680660951937836e-18
1.3788709916990274e-19
1.1996868132979206e-20
9.668928729863385e-22
7.218634563461583e-23
4.992268993446542e-24
3.1982110764803217e-25
1.897940056968123e-26
1.0433357397029632e-27
5.312903170853069e-29
2.506143535677613e-30
1.0950809014653603e-31
4.4325402957272976e-33
1.6619785095445718e-34
5.772505280827508e-36
1.8572462826380847e-37
5.5352963906139776e-39
1.5281939878157562e-40
3.908249822986431e-42
9.25875027950093e-44
2.0318359884633093e-45
4.130390848475816e-47
7.777855581279027e-49
0.0
0.0
0.0
0.0
0.0
0.0
0.0
0.0
3.5908377893792096e-07
8.472642801036533e-07
1.8518603426868052e-06
3.749417389617777e-06
7.0321086288578635e-06
1.2217253246022467e-05
1.966200514393747e-05
2.9312189405116587e-05
4.047948092884216e-05
5.17830748772537e-05
6.13630530601914e-05
6.735848447965616e-05
6.849263571057012e-05
6.451514449379963e-05
5.629187225505667e-05
4.549838028746663e-05
3.406531451306312e-05
2.3626266226141213e-05
1.7741364199273768e-05
1.0831287274166791e-05
0.00014997681790843758
0.00032884686676975085
0.000684402321771303
0.0013271034729207536
0.009315579195217309
0.019404629035970154
0.04037163781535033
0.07514713713306903
0.13115548576074942
0.21432561991705454
0.32756783141308643
0.4678863638030626
0.6243031482502608
0.7780024182481741
0.9055177062474244
0.984474529125107
1.0
0.9492734132390537
0.8423170664421419
0.6987477844862037
0.5419375067961099
0.39294475247636385
0.2663049349632244
0.16863517300347347
0.11972631993111467
0.06763565706221734
0.035651841633200794
0.01752400705736763
0.008026873189181567
0.003424040448074319
0.0013593735460937875
0.000501984428675172
0.00017232861510273434
5.497013925680996e-05
1.6285765881114948e-05
4.4795431437712925e-06
1.1435553833194057e-06
2.7086457589612243e-07
5.951278417342552e-08
1.2126594227295554e-08
2.2911811094544733e-09
4.0133370464925744e-10
6.516608195136793e-11
9.80754780424962e-12
1.3679896494767345e-12
1.7682998183040975e-13
2.118128505417216e-14
2.35098138363708e-15
2.4178400207258276e-16
2.303942468745159e-17
4.607017103704864e-18
3.8655565727998965e-19
3.004967272187996e-20
2.1641880971646474e-21
1.4440133737821352e-22
8.926124191684048e-24
5.111703093331997e-25
2.7119118714524326e-26
1.3328758524111982e-27
6.068836840677548e-29
2.5598868166849406e-30
1.0003083536633026e-31
3.6211252416367366e-33
1.2143650828108e-34
3.772723036020674e-36
1.0859044923764032e-37
2.8971458565891025e-39
7.187696344754839e-41
1.6932677887081013e-42
4.2731132106813744e-44
1.7304872083468015e-45
1.266471712625871e-46
1.4155165951823813e-47
1.465550069270135e-48
1.4055703235131065e-49
2.822435218345169e-50
2.3827927735684146e-51
1.8634373230232745e-52
1.3499246538559004e-53
9.058796256717835e-55
5.631157554716241e-56
3.242582907949565e-57
3.5178703618969873e-06
7.821937546367246e-06
1.6110724857398005e-05
3.073845544698597e-05
0.0001823993513309042
0.00037618290374375526
0.0007601745730745393
0.001424798861319907
0.0024886079199519574
0.004074620592802347
0.006251642573120314
0.008978823267206153
0.012064233136497099
0.015161326074444731
0.01782232982945941
0.01960231436169056
0.020181185936279544
0.019457240363889888
0.01757490087546739
0.01584047656148874
0.012842224818879594
0.009758533208279253
0.006948979436384092
0.004635357361262775
0.002894870685516413
0.0016914477950562953
0.0009239175186801262
0.0004714081061084013
0.0002244888707620153
9.969800282953367e-05
4.126270513848959e-05
1.5904738441624023e-05
5.706191318781976e-06
1.9046107263577758e-06
5.911934820437845e-07
1.7059705599713353e-07
4.575252072056213e-08
1.1401649509068306e-08
2.6397197610907864e-09
5.67715757508726e-10
1.1340873159097648e-10
2.1041410240947397e-11
3.6257237359290517e-12
5.802174927878088e-13
8.622871729238583e-14
2.3218568281439636e-14
3.0501340375525296e-15
3.7208754080843254e-16
4.2150733314868986e-17
4.433925284474213e-18
4.3309385633944443e-19
3.9279924694173944e-20
3.3077747933206094e-21
2.586167380516135e-22
1.877191480909015e-23
1.2649252011994795e-24
7.91217681237777e-26
4.593781187766418e-27
2.4754534684486962e-28
1.2380447489423515e-29
5.776072662882327e-31
3.156325956146711e-32
1.4536496878572043e-32
2.668723643776927e-32
4.7779800397116936e-32
8.066027244917665e-32
1.2792725469271524e-31
1.9027045419215033e-31
2.65072711558604e-31
3.456629080713892e-31
3.976551744456992e-31
4.642984116116387e-31
5.074655511692714e-31
5.1941322863411125e-31
4.98098813862733e-31
4.477048251224837e-31
3.772787044595866e-31
2.9810094606905375e-31
2.2081647581882737e-31
1.5328519497126461e-31
9.965718647437833e-32
6.063435855069177e-32
3.4493614959337586e-32
1.8329335728410861e-32
9.088958704514946e-33
4.208717927568839e-33
1.8249156541468394e-33
7.575868431232236e-34
3.32742308541656e-34
2.048155373823868e-34
2.1333261778580785e-34
2.8856959020245057e-34
3.976616328562794e-34
5.180459665925792e-34
6.276976387487022e-34
7.05092237876262e-34
7.302797056019621e-34
7.2222808897832395e-34
6.616530069700732e-34
5.615046100849104e-34
4.41410604565326e-34
3.2143891797270485e-34
2.168305058835921e-34
1.3549040275205486e-34
7.842651347097318e-35
4.205169510949176e-35
2.0886724061572966e-35
9.609999725468795e-36
4.09583681267401e-36
1.6170674623172516e-36
5.913980059728125e-37
2.003538982854247e-37
6.287557384030235e-38
1.8278154764803461e-38
4.9220833369161335e-39
5.3428009264443595e-06
1.1943422882181362e-05
2.473175015549118e-05
4.744026596129532e-05
8.429573533147599e-05
0.00013874914498958116
0.00022843460763466317
0.00029804213890239413
0.0004241814087662164
0.0005757799375516842
0.0007529399418443367
0.001666279626853004
0.0027978766600240054
0.004824402897623449
0.008647442269334367
0.014619725895656414
0.023624168984514953
0.036120344043432236
0.051964648832630723
0.07014132909922441
0.08871175568382546
0.10509114824171134
0.11662899197392447
0.12131467360130001
0.11834529742803966
0.1083359749598254
0.09310381028753983
0.07513123465586723
0.056923226528733356
0.04047604425715912
0.026992699120029672
0.01686686613372005
0.009864922346871776
0.006646467239903479
0.0034725156698726892
0.0016928703816471175
0.0007692372880482819
0.0003254828447543751
0.00012812982085558326
4.689217374817349e-05
1.5944128015701987e-05
5.0340582375030374e-06
1.4752279415238974e-06
4.01110585733314e-07
1.0115865422468585e-07
2.3657570576916623e-08
5.129557779826101e-09
1.0310115005465718e-09
1.9207266999989215e-10
3.3162082250507304e-11
5.305871412193511e-12
7.866509330448353e-13
1.0806753793036794e-13
1.3755562113083848e-14
1.6222471832154028e-15
1.7725559909795116e-16
1.794395328532328e-17
1.6829235324728748e-18
3.3296368014386637e-19
2.7494422584099805e-20
2.1033320262707368e-21
1.490676940716202e-22
9.787444613938907e-24
5.953376016836619e-25
3.3547800782093e-26
1.7513406711561586e-27
8.470176031575177e-29
3.799043821660549e-30
1.6545075995200495e-31
2.0198572122922556e-32
2.3823422926476831e-32
3.7096655785897754e-32
5.471025530830673e-32
7.628264097930334e-32
9.944976298462666e-32
1.219967790408436e-31
1.415566438927827e-31
1.558829165519372e-31
1.6437934057152626e-31
1.6774024077492055e-31
1.6763294306072185e-31
1.6588308054477492e-31
1.6364993597950172e-31
1.6097427837292105e-31
1.5849160300361518e-31
1.5267494259841812e-31
1.4322629206102443e-31
1.2957661938443315e-31
1.1218280907764397e-31
9.241775709923918e-32
7.214811500117981e-32
5.320953956068494e-32
3.7010104108343646e-32
2.4234990607074044e-32
1.4964628927391723e-32
8.792930666952082e-33
5.073680893770844e-33
4.2883190067009016e-33
4.9744857446308445e-33
7.769022635883981e-33
1.370979095791256e-32
2.3193419372884043e-32
3.741341722830119e-32
5.697097275736316e-32
8.156699826737945e-32
1.0959899313866044e-31
1.3810305456655778e-31
2.1709920941644853e-06
5.0867804719073215e-06
1.1040632968082648e-05
1.7737731705960036e-05
3.3889052899887826e-05
5.997731303468555e-05
9.832881451794662e-05
0.00014932785424087643
0.00021007146768153452
0.000273753410564353
0.00033045949220385196
0.00036952442301345335
0.0003827668231674283
0.00036727524029590006
0.0003264489222802328
0.0002687850136481276
0.00020500341028362298
0.0001448382752692879
0.00011165696836620987
9.667221238791388e-05
0.00011669365866641328
0.0001851829121018033
0.00031924188865489376
0.001098009764828327
0.002281294236587536
0.004357207388994483
0.007955824556910488
0.014371576720173973
0.020301317540055965
0.03250556439447503
0.049014319608062615
0.0694300488282161
0.09226022661002492
0.11494545536246399
0.13429089079618953
0.14721699234121624
0.1515755822523196
0.14672374827833168
0.13364845739740927
0.11462801555809554
0.09259233929503617
0.07042165084200572
0.050393145233110864
0.033891131098716096
0.02139152779229172
0.012652101122854177
0.007000947038746386
0.0036187469044012283
0.001744838168706474
0.00078380121739987
0.00032767592735549517
0.000127373492685793
4.600295788516494e-05
1.5427691343562774e-05
7.144746200996787e-06
2.115430977233347e-06
5.809572030388644e-07
1.4794751609880434e-07
3.493003469724793e-08
7.644467594283347e-09
1.5505897987455573e-09
2.9147735050429453e-10
5.077351768304333e-11
8.195360754071099e-12
1.2256796306993377e-12
1.6984320827968958e-13
2.1805674780898134e-14
2.5937706728946275e-15
2.858426547725572e-16
2.9184368353452703e-17
2.7605590207666487e-18
2.419156318387027e-19
1.9640314591190404e-20
1.4772316956231449e-21
1.0293498041384817e-22
6.644930259535928e-24
3.9740204612137707e-25
2.2018178502324093e-26
1.1301709089082106e-27
5.374315115749208e-29
6.761380379566169e-30
2.8351564612128373e-31
1.1299201055244754e-32
5.964565395790993e-34
1.3076969438009543e-34
6.386687399515677e-35
3.1724858149076004e-35
1.4680624023614142e-35
6.29500924824122e-36
2.500474938056393e-36
1.9204494962550932e-36
2.6763704829296974e-36
5.26841133713448e-36
1.0505651548123006e-35
1.9676503795899664e-35
3.420711869883157e-35
1.1032832831485196e-34
2.0689502850937254e-34
3.7438362772311677e-34
6.665444709267162e-34
1.1262563952187092e-33
1.7996824561454517e-33
2.722666363098312e-33
3.884306153692691e-33
5.213882441296219e-33
6.591028337923687e-33
7.441894129109794e-33
8.490144986040728e-33
9.157662174408332e-33
9.350619464508639e-33
9.097562978969729e-33
9.134693976638653e-33
9.1493992966246e-33
9.86566974856928e-33
1.203309199494468e-32
1.603587324799305e-32
2.2407970007663638e-32
3.1280084073317866e-32
4.22740927034453e-32
5.441112282757736e-32
6.619483477668881e-32
7.589315510724149e-32
8.194888322628241e-32
1.4153007434228313e-06
3.1552808366965957e-06
6.516186842153351e-06
1.2465659533009949e-05
2.2090381560320236e-05
3.626247124235651e-05
5.5141401631158194e-05
7.76719893821166e-05
9.353890997783909e-05
0.00011598165594576004
0.00013321481603454778
0.000141736589134229
0.00013969396652300305
0.00012753798303847606
0.0001078618000514351
9.393622643133552e-05
8.364244566667477e-05
9.013268428467939e-05
0.00012494915841951778
0.00020148363974457093
0.00033306507720148783
0.001055336408322283
0.0019962103043296127
0.003662435376276806
0.006472228850552918
0.01129588726078817
0.01833704987397444
0.028165722965367016
0.04076494232999655
0.055450700769624425
0.07080434701198235
0.08485990119320697
0.0955315822831761
0.10114359860310762
0.10162049533993274
0.09745815081952054
0.08823861024779972
0.07548849272611081
0.06103779354671701
0.04663078941771283
0.033635511698718916
0.02289343507980401
0.014708412942378964
0.008945447745389854
0.005191436462244019
0.002924204091240843
0.0016462434061011442
0.0009617405647907058
0.0005990610515419436
0.0003960135438789735
0.0002719816209883384
0.00018748610955556712
0.0001315159142852546
0.00010123771248564085
9.642410124578538e-05
0.00011661998401922811
0.0001597649500124032
0.0002210395199417449
0.00029202099719667667
0.0003609249815437537
0.0003991379333909858
0.00043594645363407176
0.0004412728194007488
0.0004138180181334435
0.0003594986460397988
0.0002893059934557537
0.00021566801112885765
0.00014892954306904615
9.526697860144538e-05
5.6450814028099576e-05
3.0985910930604394e-05
1.5755223085857015e-05
7.420805883452587e-06
3.237753711884038e-06
1.3085875152220274e-06
4.899231472585068e-07
1.6991016792066593e-07
5.458546358224198e-08
1.6244294735664917e-08
4.478070660643295e-09
1.143529169838366e-09
2.705015613830382e-10
5.92732211153647e-11
1.2031326300628644e-11
2.2622193124775086e-12
7.115721850106294e-13
1.1777430131875566e-13
1.8057113730262566e-14
2.5645569873809658e-15
3.373980734354745e-16
4.111867073507166e-17
4.641963897441894e-18
4.854345397096335e-19
4.7024676165898544e-20
4.219754418730315e-21
3.5076379773089895e-22
2.7009004335106483e-23
1.926498238333953e-24
1.272902192870407e-25
7.79096700553557e-27
4.418216825583636e-28
2.3338939892963768e-29
1.3087853736514153e-30
2.694266704210074e-31
2.516787662490228e-31
2.6838491864353424e-31
2.720113509589028e-31
2.6048669413218486e-31
2.359904510839078e-31
2.0245252802498e-31
1.644882751980887e-31
1.3891385458170572e-31
1.0287486508844294e-31
7.189179581372698e-32
4.7297236663638445e-32
2.9221296191506016e-32
1.6913217939608315e-32
9.151015106020134e-33
4.61966964939712e-33
2.1725544119136333e-33
9.505997693181412e-34
3.865944315590245e-34
1.4601718404740982e-34
5.118946404143753e-35
1.664888696949823e-35
5.021876164464558e-36
1.4044569165381433e-36
3.641047975345835e-37
8.748940515569904e-38
1.948262299621811e-38
4.020373089629019e-39
7.687506673178418e-40
1.3620247244179458e-40
2.2358880970889733e-41
3.400711587263394e-42
4.792213211255299e-43
6.256667975893083e-44
1.5433236815915525e-44
1.774145730206411e-45
1.889526596569401e-46
1.8644309447794862e-47
1.70438546712751e-48
1.4434994099165333e-49
1.132640260437775e-50
8.233671041116972e-52
5.54524641811618e-53
3.459981747207151e-54
2.0001025356916527e-55
1.071164416752024e-56
5.314781364721409e-58
2.4430932686888594e-59
1.0404472552215334e-60
4.777116943030086e-06
1.0993043690137498e-05
2.3433451424446016e-05
4.627226809689008e-05
8.463919807707487e-05
0.00014341299846723873
0.000370229530860834
0.0006948508920204808
0.0012374599493666265
0.002149621225940099
0.0030510862279571954
0.005122276073623068
0.00805553707969958
0.01200136820711053
0.01685563145555012
0.022256579203735243
0.027604013111009112
0.03217276222408278
0.03528918251849239
0.03650362232027391
0.03569202287713273
0.033056532823148944
0.02904259898809519
0.024218050381574475
0.01915720371671955
0.014352857614792611
0.010161308875339971
0.00677908596466828
0.00424975428047116
0.0024966303441040037
0.0013712029805173602
0.0007026310355915109
0.0003353629630379422
0.00014890102556436592
6.143763591912957e-05
2.3539026477022224e-05
1.191287219328044e-05
4.029008118410029e-06
1.2637212508715032e-06
1.0531590250874122e-05
2.4119746579142818e-05
5.261053036109869e-05
0.00010664510040667902
0.00020032526213088533
0.000348590115826099
0.0005619047883036233
0.0015274112364431396
0.0027132905004629364
0.004731866140920753
0.00804721194019277
0.013515139253851444
0.021402752320277177
0.032179892355053676
0.04566936218247462
0.0609709902593608
0.0764724213141179
0.09014452341420898
0.10000147167099477
0.10464545536712352
0.10357368706136112
0.09722082728775226
0.08674472071956499
0.07822699144575843
0.06482688816703434
0.05166722307983101
0.040349803693475315
0.03217296468137855
0.028263055299127707
0.02918816045534331
0.035117958159399686
0.04572029602921681
0.05988846236317934
0.07578139579807154
0.09105042008614972
0.10329231210962726
0.11058936581180813
0.11192750536596763
0.10733677771078992
0.09773954802971326
0.08462013664972579
0.06966612130767859
0.05447912322720341
0.04037826066560924
0.028282216931534463
0.018661161341495952
0.011562733241356963
0.0067088185537919065
0.0036361663607936724
0.00232508865796169
0.0011202262297348338
0.0005019744061623325
0.00020899226184669574
8.078359239590299e-05
2.8974504634622894e-05
9.638918160981228e-06
2.973222859940676e-06
8.501912785259217e-07
2.2533322741273875e-07
5.5347998643360394e-08
1.2598228562390844e-08
2.6571800717288706e-09
5.192983913969208e-10
9.403368061095519e-11
1.577648628994738e-11
2.452394345218363e-12
3.531980937977615e-13
4.712927574732734e-14
5.826462783569487e-15
6.673584866272328e-16
7.081938661505734e-17
6.962786172557288e-18
6.342366360234359e-19
5.352499147687437e-20
9.870431452542439e-21
7.334480302637775e-22
5.0493932151801865e-23
3.2206657530711558e-24
6.837921976239041e-07
1.5238686694162541e-06
3.145843858487587e-06
6.015794739067297e-06
1.0656512039230736e-05
1.7486519400025304e-05
2.6580178425116637e-05
3.742644986824989e-05
4.88163831394737e-05
5.898190401312224e-05
6.601432712218484e-05
6.844218054290309e-05
6.573182615007348e-05
5.8478171159822574e-05
4.8192348411966584e-05
3.678990120825336e-05
2.601629072260525e-05
1.7042305891801245e-05
1.034135767068201e-05
5.812901792784668e-06
3.0267366542388175e-06
1.459897988976804e-06
8.605138883817178e-07
3.653559051834244e-07
1.436946510267513e-07
1.1107238503928369e-06
2.484745978935055e-06
5.332657043901904e-06
1.0657018443506653e-05
1.9743453897651988e-05
3.388632292476352e-05
5.387643959101092e-05
7.934883478093211e-05
0.0001082551554397305
0.00013681158267408628
0.00016016343436996155
0.0001736881153543522
0.00017447895705494053
0.00016236119314869368
0.0001399547476464603
0.00011175301802078461
8.26603251798888e-05
5.6637122696505435e-05
3.594773060323642e-05
2.1135279646768155e-05
1.1510938731328666e-05
5.807372850719931e-06
2.7140316085313684e-06
1.5664209628581667e-06
6.443978025792564e-07
2.4556464449215377e-07
8.668497945915007e-08
2.8345758725037154e-08
8.586151465272607e-09
2.409213169511109e-09
6.262073132719367e-10
1.5077428090566661e-10
3.3628122450903034e-11
6.947750245111361e-12
1.3296948907866367e-12
2.3573606269532677e-13
3.8713842146338415e-14
5.8894229989246394e-15
8.299376080951892e-16
1.0833888594285647e-16
1.3100549418159294e-17
1.4674417730957864e-18
1.5226443301085303e-19
1.4635322107953605e-20
1.303083736787248e-21
1.074752806045128e-22
8.21128402632372e-24
5.811386834104456e-25
9.529330362236812e-26
5.9366503311188346e-27
3.425996210687304e-28
1.831476618437416e-29
9.071390014124059e-31
4.192413759197206e-32
2.2684270078947964e-33
8.27882135232834e-34
1.1027684300269116e-33
2.4557282030012043e-33
4.07943034989122e-33
6.801342025122876e-33
7.32460110636009e-08
1.7246717682685962e-07
3.761795253535079e-07
7.600638509088013e-07
1.4225620706502039e-06
2.4663720841037253e-06
3.961067023515643e-06
5.8929398683430155e-06
8.1211597201861e-06
1.0367411052595784e-05
1.2259953073410009e-05
1.3429922963131559e-05
1.3627759443798686e-05
1.2809778491877108e-05
1.1780304553798124e-05
9.747293703940795e-06
7.4709840658049695e-06
5.304418629750242e-06
3.488702986165069e-06
2.1254770794606675e-06
1.1995409508059089e-06
6.271045550993299e-07
3.036903944657475e-07
1.362349007650474e-07
5.661244705709174e-08
2.1792231265261713e-08
7.770656194542337e-09
2.566728385492035e-09
7.85359237485145e-10
2.225989046223518e-10
5.844453575498527e-11
1.4214481654182725e-11
3.2024648020110574e-12
6.683499605345078e-13
1.2920809162207954e-13
2.313884736003463e-14
3.838485938801931e-15
5.898538394259733e-16
8.396438106851699e-17
1.1071640995828045e-17
6.393873389805063e-07
1.46222108041216e-06
3.0976209505895482e-06
6.078686264295756e-06
1.1049876108718536e-05
1.8606783836031195e-05
2.9023610658996937e-05
4.193704161271271e-05
5.613198045464059e-05
6.959678273337958e-05
7.993448589822939e-05
8.50443433432235e-05
8.381522244100527e-05
7.65185259996251e-05
6.471076183639037e-05
5.069354398716995e-05
3.678705474520369e-05
2.4728832174566044e-05
1.5398500075089954e-05
8.88217765845005e-06
4.745988869485282e-06
2.3490929361368812e-06
1.0770600221616032e-06
4.5745232297097686e-07
1.7997740768337717e-07
6.559283027023391e-08
3.207392288796296e-08
1.0289655441031087e-08
3.057847393487274e-09
2.5485346424157586e-07
5.853036745030145e-07
1.2484583441499946e-06
2.4675108133931824e-06
4.517771342131837e-06
7.662265493333117e-06
1.203806102212601e-05
1.7519516953039237e-05
2.361858855720905e-05
2.9495242945654274e-05
3.4120566924383495e-05
3.656341258063499e-05
3.629471841385524e-05
3.337385413065954e-05
2.842729387873981e-05
2.2430083937072784e-05
1.639428581035095e-05
1.1099932279582079e-05
7.457401116414613e-06
5.1377833867755195e-06
4.409905719763146e-06
5.311089554839049e-06
6.850037313775135e-06
1.0608124182456709e-05
1.604247216281679e-05
2.2807518035808176e-05
3.0155504596641504e-05
3.6972202117474685e-05
4.200200108038404e-05
4.4204086341844053e-05
4.309524871174539e-05
4.068420875652844e-05
3.6709318620963886e-05
3.4273086877116655e-05
3.6358854410772174e-05
4.61529960370778e-05
6.648243437802036e-05
9.897393387273086e-05
0.00014301071010248997
0.0002868143316313383
0.0004731237288514417
0.0007688537682981604
0.0012532733015841243
0.0020185710063384084
0.003205836959599493
0.004822749292512463
0.006872200521644733
0.009220700080929145
0.010834128850626606
0.013097169535573609
0.014895611899910701
0.01599008054526654
0.01627245985827889
0.015774699071817475
0.014631197029024077
0.013022527783834904
0.011131015490169175
0.009121498101253818
0.007139674831824673
0.005311886295197277
0.003742261486245754
0.002486365772270196
0.0015614986014939336
0.0009421123763972992
0.0005767745485204491
0.00040553468272643136
0.0003724119606259286
0.0004300146025897232
0.0007765159011323547
0.0012447074022830804
0.0019988928815226673
0.003239765775982943
0.005203540282271976
0.008244564115556755
0.010877524476621742
0.01578115469423699
0.021589183964580178
0.027751005650689158
0.03349921169623022
0.03804075474260333
0.04077755728676108
0.04145233154335327
0.04016788338461884
0.03728007371470869
0.033248169375275076
0.02852104756418371
0.023494277508212206
0.018515561764538953
0.013892461528948182
0.009875192639189692
0.006622462377128376
0.004177739788445672
0.0024759818745144864
0.0013793498709231543
0.0007242107056666318
0.0003601291961846575
0.00017083503062695858
7.799041390019937e-05
3.456655777349316e-05
1.9830975049593642e-05
8.463609967048012e-06
3.5263349873129715e-06
1.42434803884174e-06
5.525300818582088e-07
2.0391584831134005e-07
7.102831731248334e-08
2.3208946081247267e-08
7.083478251652185e-09
2.0134077439697645e-09
5.319508944339927e-10
1.3047362215652374e-10
2.968504409645814e-11
6.261750069908715e-12
1.2242136883156175e-12
2.2178603084525603e-13
3.722812752900047e-14
5.789397841298675e-15
8.340630606610495e-16
1.1131505433099434e-16
1.3762260943431387e-17
1.5761629200719574e-18
1.6721854463682523e-19
1.643378642345819e-20
1.4960956252964918e-21
1.2616785898624807e-22
2.3252998994676732e-23
1.7261560214073755e-24
1.186992119221966e-25
3.2220151390090016e-07
7.635448805522941e-07
1.6761303358200464e-06
3.4083738670049403e-06
6.420264065867565e-06
1.1202753471351804e-05
1.8107683321555394e-05
2.7112353987167975e-05
4.8738160250896544e-05
7.671095918549709e-05
0.00012019773046556816
0.00019164599942235404
0.00030781552611349074
0.0004880901498908029
0.0007597068354661459
0.00111658824826884
0.0015496750294637135
0.002021184051284938
0.0024742766678521396
0.0028468049361674076
0.0030888436860242907
0.003176071675787102
0.0031128809804270396
0.0029993456094991352
0.0027471616592708082
0.0024268263678231057
0.002067404153216569
0.0016931018486942846
0.0013259516741210308
0.0009869324451535115
0.0006940157077616677
0.0004587113049444064
0.0002838066724223985
0.00016386421378485042
8.809638620016526e-05
4.4440353239314564e-05
2.135997369068248e-05
1.073084445026283e-05
7.2491111451714054e-06
7.996042692522988e-06
1.1566628566200344e-05
1.7253503935457378e-05
2.443391456891055e-05
3.222062822523236e-05
3.940131439382574e-05
4.787270593531028e-05
5.420281314620658e-05
6.103331900360783e-05
7.123071936377068e-05
8.186960106856233e-05
0.00010670974893733885
0.00014488551311090284
0.00019661263405042125
0.0003263007460787261
0.0004945718830824185
0.0007576560331458427
0.0011925646678341835
0.001904165046103558
0.0030145741245269273
0.004686329733360809
0.006892712793134139
0.009573059046716088
0.012491312566709645
0.015292848431887964
0.017591499767523115
0.01908033552229078
0.01961557484992376
0.01923427857103089
0.01810362077324049
0.016437828000027264
0.014431329176670414
0.01223625895541802
0.009977453407588873
0.007775608760330618
0.006400007312417936
0.0045579560928712265
0.0030520019375937014
0.0019131892065601568
0.0011202736084067917
0.0006121023169966325
0.00031406416332825133
0.00015592131974340032
8.327963479728166e-05
5.9805962629250015e-05
6.383434124449577e-05
8.300776674387209e-05
0.00010949989662924621
0.00020499719730071898
0.00031141753364012355
0.00048632338490470667
0.0007737660364721321
0.001226740526903472
0.001909097702656111
0.0028324237938234507
0.003962730356019451
0.005209285159015498
0.006423258117902803
0.007437596278493855
0.008116724180154845
0.008391093448981021
0.008352724474881182
0.008011371559699484
0.007412393775303501
0.0066464243982967556
0.005783985395809608
0.004876346158647291
0.003967193546879093
0.003164438868245245
0.0024761920148820777
0.001988822826227678
0.0017762894879165161
0.0018978373681708355
0.002407672222486409
0.003301802265909509
0.004524987884316519
0.00595853792456438
0.007417151583746525
0.008689186368415376
0.009591731663423359
0.010020438603334753
0.009969574024412946
0.009513453720855934
0.00876260924576578
0.007821077781651342
0.006766093787037958
0.005653261915482877
0.004904123422455605
0.003811879068252996
0.002810303368113964
0.0019544171186898916
0.0012786025836401013
0.0007892269171285873
0.00046730845006716723
0.0002784238660051227
0.0001839004994675191
0.00014881840317818392
0.00018931307629461156
0.00026143949019840083
0.0003894390254606739
0.0006087464447363629
0.0009653668830643333
0.0015061631623582807
0.002288426302736256
0.0032685276693831485
0.00439113523438741
0.005532001880426649
0.006537261981684121
0.0072668320383951135
0.007636138020359289
0.0076361807509387125
0.0073217035807136305
0.00697969073428521
0.006331115916412763
0.005577938330516828
0.004764673890291667
0.0039252293379059095
0.003096662795270103
0.0023229859682667906
0.0016474705505435572
0.0011004743428984038
0.0006914273754427817
0.00040917520710972673
0.0002290942240589216
0.00012232637238827738
6.299593966289458e-05
3.169489222840913e-05
1.57504640529313e-05
7.766134277534475e-06
6.2915716196644276e-06
7.710424946262626e-06
1.372297476752168e-05
2.6433947822910404e-05
4.89789627547365e-05
8.477278410771793e-05
0.0001361667259943292
0.0002026888931822699
0.00027950851000110936
0.0003318798005989692
0.0005919515918902468
0.0008737995667865925
0.0013394886241414482
0.002112827302033668
0.003340966775467332
0.00518736795176875
0.007683065315842456
0.010727038932281954
0.014058159047670521
0.01726508412056214
0.01989782516856281
0.021602073331256442
0.02222315327613102
0.021827887232969117
0.020637210366128082
0.018913276296905278
0.016866588002167185
0.014626893622213151
0.012274525390780541
0.009891979285625985
0.0075924980774662604
0.005508692102614666
0.0037553778287621738
0.0023947040972030604
0.0014238626385159124
0.0009673630143119379
0.0005096163623760796
0.0002492634853936806
0.00011311658457808641
4.7604278000472774e-05
1.857328565044607e-05
6.71694476001836e-06
2.4155499445607184e-06
1.085766467760227e-06
1.043839861849702e-06
1.7552630336100183e-06
3.1965272107035613e-06
5.519482469692891e-06
8.856140097197862e-06
1.3168519560278027e-05
1.8139256038416943e-05
2.31457555614445e-05
2.735834954298007e-05
2.9955371127018566e-05
3.043209529307223e-05
2.8657569390966637e-05
2.507813648834035e-05
2.0483228572413926e-05
1.577311858984928e-05
1.1703608249460067e-05
9.58136469982896e-06
7.395177727745992e-06
6.2887763306334715e-06
5.946960192365863e-06
5.97631592175937e-06
6.0203797613997315e-06
5.83788792976852e-06
5.334472308329656e-06
4.548629819104297e-06
3.6039445536240046e-06
2.648517533043998e-06
1.8039629235770514e-06
1.13845502134156e-06
6.655962055419394e-07
3.6048637091560035e-07
1.8085898246676135e-07
8.405439945901206e-08
3.618663913708552e-08
1.4431210986197593e-08
5.331184782080353e-09
1.8243619506727695e-09
5.783151053443812e-10
1.6981822804142097e-10
4.6192376234756384e-11
1.1639183873029581e-11
2.7166955990883817e-12
9.870142068820991e-13
2.027926579650437e-13
3.859644232982047e-14
6.804693153792909e-15
1.1113120955217322e-15
1.6812401775145528e-16
2.3560782090461393e-17
3.0585520023110404e-18
3.677970647250595e-19
4.0970085733948516e-20
2.4164540254421496e-06
5.348377109830791e-06
1.0965583083448084e-05
2.0826086212978115e-05
3.663952356370056e-05
5.971152972929503e-05
9.014316464665134e-05
0.00012605893330341957
0.00016329792968673563
0.0002587150272244923
0.00037056726267705234
0.0005476988854877313
0.0008484004057415233
0.0013423195290751823
0.0020971873642436525
0.0031731258454619528
0.004055704972746388
0.005551910020563597
0.007119116201756974
0.008546656540027495
0.0096290341504862
0.010230381884941239
0.010323853175591256
0.009985333788837859
0.009346119882234027
0.008532463001318784
0.007625199619406459
0.006656711847027412
0.005637443706502548
0.004587918280296784
0.0035541601486625742
0.002599913641432787
0.001785008234038826
0.0011453068589488706
0.0006847946560249667
0.00038085227538923934
0.00019679644414819175
9.441817043944132e-05
4.2045920667697144e-05
1.7376823412705693e-05
6.665193772578415e-06
2.3731351907072278e-06
1.1439902751142268e-06
3.6001835820944567e-07
1.0526840859892891e-07
2.8613362766621187e-08
7.234432667545887e-09
1.7025999513316345e-09
3.7328394356919573e-10
7.630681197154702e-11
1.455749420279346e-11
2.594300365124352e-12
4.322799585226661e-13
6.740450740262727e-14
9.842410649889306e-15
1.3465747916436911e-15
1.7266425214508926e-16
2.0750620719887105e-17
2.336769606318868e-18
2.464623379172625e-19
2.432990094775966e-20
2.2460781449551776e-21
1.937327935066756e-22
1.559758724302007e-23
1.171044960636521e-24
8.191374461779794e-26
5.333885006199732e-27
8.29348107207749e-28
4.7871734714619413e-29
2.5873161422618644e-30
1.4814423611049437e-31
2.4397048609231836e-32
1.6693527911545264e-32
1.428930793475943e-32
6.756591563828341e-07
1.543418207733835e-06
3.265921906202973e-06
6.401683459584137e-06
1.1623818498666849e-05
1.955103115347172e-05
3.046188254419701e-05
4.3965299344625e-05
5.87818630799168e-05
7.28016114675144e-05
0.00011275141202963646
0.000158814548304165
0.00023361161793747308
0.00036251294677561787
0.0005741749701233166
0.0008943552838839667
0.0013423197701244467
0.0018979148412883945
0.002511222330805012
0.002915996000994041
0.0034522581653394723
0.0038353924570777216
0.0040205169994874685
0.004009106675701588
0.003842113060766049
0.003577710406953872
0.003265805360521876
0.002932925356345632
0.0025835573243501576
0.002213557879670681
0.0018250002310067064
0.0014332001442320934
0.0010633947214859377
0.0007412228801992612
0.00048364121706255737
0.0002948543785072866
0.00016786307739376254
8.928122465530041e-05
4.4419697608793204e-05
2.071357448409166e-05
9.07596550903917e-06
3.747495501577571e-06
1.4624705645850845e-06
5.408663081609572e-07
1.8993249542631992e-07
9.190136337242968e-08
2.964373462543768e-08
9.07580333024444e-09
2.6316349074136255e-09
7.20636068465078e-10
1.8578255276876817e-10
4.4954532703650917e-11
1.0181948027245608e-11
2.1535821128826145e-12
4.245555648315058e-13
7.789178636099198e-14
8.549662112895169e-07
1.976774419564161e-06
4.233812707188744e-06
8.399869357803911e-06
1.5437599771778627e-05
2.628169532613168e-05
4.1447021403801655e-05
6.054797478492163e-05
8.193552890843741e-05
0.00010270964847245603
0.0001475812657132783
0.00019838667965101027
0.0002794695942901306
0.0004219434215079287
0.0005703710508433476
0.0009047310185329135
0.0014029943663360928
0.0020859759697674043
0.00291392552202653
0.00380377688307132
0.004640205926306302
0.005299061241125831
0.0056896847063237985
0.005784763283942509
0.005624283436342915
0.005291222549292106
0.004872075810926554
0.004423665132614512
0.003962499431965589
0.003478231088216597
0.00295875213984034
0.00241007970754374
0.001860673313179342
0.001351079208136117
0.0009178321790550263
0.000581333313625188
0.00034256353492480594
0.0001875702297340017
9.536619495707607e-05
4.50088649545497e-05
2.6177430236491372e-05
1.0913114688796477e-05
4.224447463209998e-06
1.5190452800508617e-06
5.076893167794602e-07
1.5782247338625456e-07
4.56746450123957e-08
1.2319351179554263e-08
3.100675559334238e-09
7.292921695300064e-10
1.6054538192035896e-10
3.3131536483681036e-11
6.419575295104424e-12
1.169463016034645e-12
2.0051101933148026e-13
3.2376292579983786e-14
4.923738808548208e-15
7.049433079337944e-16
9.493144136969345e-17
1.2009001055002113e-17
1.4249039987172602e-18
1.5832246276489832e-19
1.644672364341257e-20
1.5949247909600235e-21
1.4418968170556033e-22
1.2137979999963462e-23
2.2397012512473614e-24
1.6704391698041755e-25
1.1573981025142857e-26
7.44553794107663e-28
4.447185790928038e-29
1.3747699956430012e-06
3.1237556649071237e-06
6.575994371620019e-06
1.2825716166937226e-05
2.3175872650517163e-05
3.879924925308994e-05
6.017856046878624e-05
8.647489015105661e-05
0.00011512417127081314
0.0001419939457256101
0.00018853010692666868
0.0002378849437688896
0.0003142433740349197
0.0004510715165908125
0.0006930565133414615
0.0010903418464317267
0.0016818930218478634
0.0024861157936401893
0.0034524406677262256
0.004478898596632024
0.005427188916792941
0.005943580383713285
0.006461951077254443
0.006634041929555496
0.006499706537739799
0.006150079735647785
0.005702723313485736
0.005246564021661443
0.004819481836228503
0.0044154009430824315
0.004010630158686926
0.003593486915353278
0.0031685857185282927
0.0027566081300358283
0.002380503349864676
0.002052582872343592
0.0017738661248656454
0.0015395327045662711
0.001344754497917357
0.0011862039480229445
0.0010594224883584426
0.0009557835538873604
0.0008626031529889306
0.0007669560387663384
0.0006607416477916086
0.0005437277808662673
0.0004629555742872851
0.0003452942000116922
0.00024085572722510394
0.00015662468605613704
9.477180977719042e-05
5.3336454281802706e-05
2.7971635916795083e-05
1.3792885718950131e-05
6.604570466662445e-06
3.3795233731446935e-06
2.2035451752136495e-06
1.9816242271876997e-06
2.126210103456628e-06
2.329885465624224e-06
2.436099686640297e-06
2.3791622268722296e-06
2.1572754848084464e-06
1.8131017178551156e-06
1.411816379256999e-06
1.018404915684939e-06
6.805099076129823e-07
4.212269424089692e-07
4.141506972815223e-07
5.190182920847992e-07
8.823809706694096e-07
1.6199960690035554e-06
2.3903010225551173e-06
4.06533324538873e-06
6.430525876772507e-06
9.43133406629378e-06
1.2816289491337239e-05
1.6133935624372367e-05
1.8814377769174415e-05
2.0323891543681483e-05
2.0337164119871134e-05
1.885125249272029e-05
1.618662357679349e-05
1.3285328998865502e-05
1.0431910722408761e-05
8.492720296492403e-06
8.082911817662819e-06
9.702436548757841e-06
1.3691323798137948e-05
2.012217514433658e-05
2.864018299258227e-05
3.8335020592437794e-05
4.7766037695720375e-05
5.5220067585865625e-05
7.429436914861073e-05
9.559072480482351e-05
0.0001327434661192839
0.00020184883474107403
0.0002751129246436323
0.00044023222679922375
0.0006837984831904226
0.0010060142014585178
0.0013971815132310002
0.0018018573909290183
0.0021674709604550015
0.0024371836522580114
0.0025738776256753497
0.0025731701547879655
0.0024633220532205044
0.0022913765075032824
0.0021024173942075742
0.0019225854399628553
0.0017539307208678094
0.0015820536071097322
0.001390480271501703
0.0011730660431658764
0.0009383952326329414
0.0007056523394095161
0.0004960012279450538
0.00032474277809728033
0.00019762644014689656
0.00011164982108663456
5.851430786141815e-05
3.6474369136600407e-05
1.685294540610286e-05
7.218082061980345e-06
2.8653943929448688e-06
1.0542422455401593e-06
3.594820143822339e-07
1.13602530923435e-07
3.327129489971513e-08
9.030690026395802e-09
2.2716499851444596e-09
5.295797656523374e-10
1.1441719572664249e-10
2.2909820165981132e-11
4.251312112467513e-12
7.311316481677608e-13
1.1653051572759423e-13
1.7212949219341477e-14
2.3563635962856264e-15
2.9895126807139367e-16
2.4354848943731552e-08
5.7448619380879775e-08
1.255278169802479e-07
2.5407771796606483e-07
4.7638645824561717e-07
8.274056061018104e-07
1.3312013037782194e-06
1.7517173925458747e-06
2.4808453379188364e-06
3.2546295402782102e-06
3.955211005651881e-06
4.452500499596387e-06
4.643062395617118e-06
4.485091286429463e-06
4.013324509920039e-06
3.3361985989363633e-06
2.5763533852935073e-06
1.8638928325679522e-06
1.290199922173228e-06
9.012893502969497e-07
7.027519851292774e-07
6.717418839058419e-07
7.681289992461992e-07
9.417424764464716e-07
1.1374494321553645e-06
1.3014315686064194e-06
1.6285271833681667e-06
1.9779766553165096e-06
2.5925143262126347e-06
3.7935058958410458e-06
7.075963803271655e-06
1.2049781466367714e-05
2.0026991957885073e-05
2.7385574780784894e-05
4.189776294187042e-05
6.031143632687095e-05
8.1602583338031e-05
0.00010385409492523107
0.00012442111469114834
0.0001404748583996863
0.00014967875476230556
0.0001695890894941445
0.00019068432534283573
0.00023278474556936434
0.00031997260279423913
0.0004820148702479885
0.0007499552589237759
0.001145715400947858
0.0016682043061054495
0.0022957896794594595
0.0029423575325098123
0.0035193304287574043
0.00393423351816641
0.0041280592877892975
0.004096889707103364
0.0038918608178691873
0.003595986833605532
0.003288803089491712
0.0031023448206707544
0.0028567512655064417
0.0026302073498250815
0.0023848699745804753
0.002092378988895354
0.0017497194872873097
0.0013795633414602642
0.001018374812444136
0.0007008158517384866
0.0004484701492541118
0.0002664794822871994
0.00014690419255896481
7.510160353411641e-05
3.559678467389688e-05
1.5644424950100514e-05
6.382238008569729e-06
2.4309272053765906e-06
8.89100168702833e-07
3.510315574842409e-07
1.996686009216622e-07
1.865017002490988e-07
2.166384073379279e-07
2.527521158954173e-07
2.77983029664316e-07
3.4606180076346916e-07
4.2151928047281137e-07
5.059576794429347e-07
7.365548156783645e-07
1.169110015752786e-06
1.897534147694695e-06
2.996042626852104e-06
4.478986841783072e-06
6.287957127674119e-06
8.217191274200976e-06
9.991088065527738e-06
1.1330314094081849e-05
1.2031761228062485e-05
1.2263964919562977e-05
1.1992710248287827e-05
1.1665258355231286e-05
1.1702892386584564e-05
1.2470431008627291e-05
1.4174058261326082e-05
1.6795534017133015e-05
2.0068340013909818e-05
2.3500184575176136e-05
2.6451466448458876e-05
2.827292014592706e-05
2.8478823459027668e-05
3.5305457496002624e-05
4.370200943367172e-05
6.120283685941769e-05
8.172187216602202e-05
0.0001319729695277122
0.00021252431208506616
0.00032783697938575156
0.0004752256101139995
0.0006459913413414526
0.0008147784214150267
0.0009571817011781243
0.0010501124757074612
0.0010815142130009908
0.0010549232842681688
0.0009878203942732414
0.000904177063952791
0.0008246968777409807
0.0007594620184204693
0.0007062664803967156
0.000654768846602104
0.0005936549120550566
0.0005169011367377546
0.0004263432876717071
0.00033011821225741814
0.00023864213292719818
0.00016054557596535497
0.00010032999460096389
5.818362999355377e-05
3.129409805095502e-05
1.9845520125848943e-05
9.408950733169999e-06
4.13498018854751e-06
1.6843537679734097e-06
6.359274308286196e-07
2.2253062539636747e-07
7.217342793999446e-08
2.1695490655588937e-08
6.044584812853087e-09
1.5608781978532063e-09
3.7357507997941423e-10
8.286934030619197e-11
1.7037959176194942e-11
3.246753970113308e-12
5.734419721342529e-13
9.387237158930828e-14
1.424275443636816e-14
9.66136129122956e-07
2.1943870556714873e-06
4.616941449766385e-06
8.998326040264466e-06
1.624558320820331e-05
2.7169091254738284e-05
4.2090214771622015e-05
6.0402288716718477e-05
7.364981968504255e-05
9.303670348828654e-05
0.000108868731739207
0.00011800984424531287
0.00013884551679165853
0.0001585929006767486
0.00020765693145372222
0.0003067263057778267
0.0004945642274579644
0.0008100709041180731
0.0012828135560502133
0.0019162647608351984
0.002671796661528897
0.0034867369956070697
0.004217448994270311
0.004754014108833942
0.005013128900487062
0.0049796252543598185
0.004712672378978324
0.0043215489595674296
0.003921250887745609
0.003588852317835719
0.0033407579155922845
0.0031394077743325892
0.002922727463465332
0.002639376375020432
0.0024034914919677766
0.0019911784002253573
0.0015466241519650865
0.0011206776367158708
0.0007556657164997546
0.0004760231697493036
0.00028187643777274673
0.00016243012157036234
0.00010033459787059921
7.890136798679985e-05
8.500901986068922e-05
0.00010905829164271193
0.00014343539550710347
0.00018096723002852336
0.00021434051371941622
0.0002367387654707888
0.00024326756683734207
0.0002796104915153515
0.0003224463719035835
0.0004226793959800709
0.000639328225426475
0.0010433796240461298
0.0017064695619767704
0.002675853800582861
0.003942083760175157
0.005428131316008501
0.006451521380524042
0.007862201918985571
0.008923261647900086
0.00946425747744239
0.009440423568493696
0.008951717362918507
0.008203443499297075
0.007424094161985124
0.006778370163123982
0.006315279946887036
0.005971952801007168
0.0056298040491724695
0.005171382340427891
0.004547935361335002
0.003788363600257633
0.002979086717273358
0.002223442334668183
0.0016028144429314863
0.001154858563608722
0.0008739184828416051
0.0007216646279650887
0.0006478388501976258
0.0006087875586843636
0.0005755872258695761
0.0005369704485687552
0.0005090679400804222
0.00047023325624844273
0.0004424939864437755
0.0004292844248089162
0.00042672700666247744
0.00042539901882018415
0.00041465142731554285
0.0003871452324400427
0.00036234454021741893
0.000334003525111313
0.00033110000024286787
0.0003866953671528803
0.0005382907417223147
0.0008223564397470704
0.0012632727745385632
0.0018585986942681744
0.002565592612646465
0.003315553316088226
0.003975545065492424
0.004440864035763949
0.004637644016523512
0.00455859214665177
0.004266964907114579
0.0038721733601961034
0.003487089986089078
0.003186506676512624
0.003042848469040424
0.0028882535851797136
0.0027504189365166044
0.0025652497983293366
0.0022950486155269736
0.0019414020854590605
0.0015390726480484852
0.0011377038516306047
0.000782031944308525
0.0004991249965142548
0.000295575397183553
0.0001623600114739993
8.272993639595841e-05
3.917419557661392e-05
1.7313441724223725e-05
7.301914116222136e-06
3.2300998861695235e-06
1.964402995833216e-06
2.02357103686341e-06
2.7654858072552495e-06
3.894750597355957e-06
5.221836923828326e-06
6.528327688261375e-06
7.5920612094928105e-06
8.231366936004925e-06
8.358371770706292e-06
8.17442200743966e-06
7.6031103225867855e-06
6.864357237875326e-06
6.164240360225874e-06
5.635205441773029e-06
5.2984003785495874e-06
5.076123629822115e-06
4.843327263984189e-06
4.5121420319141985e-06
4.01922433189968e-06
3.410605336866069e-06
2.782058274973566e-06
2.2497015562647943e-06
1.910991278063434e-06
1.817029398122579e-06
1.9604731537148903e-06
2.2781405263903184e-06
2.7281804531569397e-06
3.148664160283498e-06
3.4982911181044013e-06
3.7718626711138807e-06
4.036045201594004e-06
4.410012446776491e-06
5.015994981625267e-06
5.915073686372842e-06
7.055098243865724e-06
7.86538890143525e-06
8.966229132512387e-06
9.684003223507636e-06
9.820507212435739e-06
9.288761895005617e-06
8.333595541555479e-06
7.091706833095089e-06
5.997418958859301e-06
5.4478047180487105e-06
5.790994183842711e-06
7.268133150801029e-06
9.954582670094384e-06
1.3698919265296834e-05
1.8082460958975276e-05
2.2440630165800244e-05
2.597801040082566e-05
2.7966545986826842e-05
2.7962672998177306e-05
2.5951218507707628e-05
3.096458745347949e-05
3.8194810029297524e-05
5.56999168808166e-05
9.126708539346837e-05
0.00015314393446354152
0.0002482866594985092
0.0003316383963847684
0.00048335072431766586
0.0006548317957194162
0.0008265589869689287
0.0009687432064090329
0.0010564898492338942
0.0010772904592344572
0.0010348492122595804
0.0009489448108831917
0.0008478910071664912
0.0007583760072947987
0.000696058142387132
0.0006615914720969782
0.0006430163427370981
0.0006228194470012952
0.0005860760125164284
0.0005261148442896874
0.00044580433410642325
0.00035482691109058853
0.00026498843640863424
0.00018597064880560504
0.0001230777632459628
7.71909431367231e-05
4.614129651091293e-05
2.6434826739002796e-05
1.4576934493113402e-05
9.605850783387887e-06
4.982063247709228e-06
2.4823741734810876e-06
1.1821245444148585e-06
5.347849249360077e-07
2.2849326642861357e-07
9.17383666125231e-08
3.447157052244552e-08
1.208596239100298e-08
3.945022824912012e-09
1.1969712861556835e-09
3.3721615397980903e-10
8.814461441283891e-11
2.1365934621247373e-11
4.801027829118391e-12
1.8727033395216762e-08
4.324382323045537e-08
9.25049301784608e-08
1.8330466897850898e-07
3.364716936778476e-07
5.721234864837247e-07
9.011503247240514e-07
1.3148340256863027e-06
1.777095834743231e-06
2.2249332551609025e-06
2.5804137617582547e-06
2.729864233255967e-06
2.7869153874008274e-06
2.6355589962223395e-06
2.308808564373827e-06
1.8735674428351442e-06
1.408370634154114e-06
9.806878953533663e-07
6.325733514718967e-07
3.7796988076920955e-07
2.937389112415287e-07
2.984990165675425e-07
4.516912451185911e-07
8.003363958960074e-07
1.4079779364029676e-06
2.333512083042999e-06
3.59648543474197e-06
5.139214790082161e-06
6.8040666599273224e-06
8.344999588215689e-06
9.481013796051359e-06
9.978160275169042e-06
9.727755048377674e-06
8.78498557586428e-06
7.349126363417417e-06
5.6950377001191645e-06
4.604763400405476e-06
3.1410769985396727e-06
1.984796879830908e-06
1.161768985150175e-06
6.299262577001076e-07
3.163922733472248e-07
1.4720692810451e-07
6.344492009335188e-08
2.5329795483151557e-08
9.367694854736621e-09
3.2092238530409746e-09
1.0184354577464925e-09
2.993872042718907e-10
8.15265720735348e-11
2.056512497426743e-11
4.805402254872374e-12
1.0401461510687504e-12
2.085572101285818e-13
3.873666918228443e-14
6.664776105807987e-15
1.0622214766208777e-15
1.5682338193374505e-16
2.14473073922582e-17
2.717070837198527e-18
3.1885656976479314e-19
3.466219027744378e-20
7.566584408168987e-21
7.240538820752488e-22
6.418124174973525e-23
5.2700115642882194e-24
4.008494075184004e-25
1.4660768567502933e-08
3.453821990038953e-08
7.345777134061724e-08
1.4477774130572798e-07
2.644291193837987e-07
4.4758864436896904e-07
7.032496641879633e-07
1.0234473322045946e-06
1.3812857439575158e-06
1.729514320159381e-06
2.0101372864567934e-06
2.170426736476931e-06
2.1798079734782927e-06
2.040072696061318e-06
1.7840520354948019e-06
1.463526439879487e-06
1.199058116702901e-06
9.891395152264365e-07
9.135593835300958e-07
1.032815991986755e-06
1.4018121551315084e-06
1.8085953721176045e-06
2.6721737740860848e-06
3.8086221229471516e-06
5.112974367519866e-06
6.404230400017656e-06
7.4564071504435465e-06
8.057810801046585e-06
8.077432845277284e-06
7.509372673457992e-06
6.474149976062557e-06
5.176268108287326e-06
3.838190228902374e-06
