Y :93.0% Calcite, Diffracto n :629
Y :7.000000000000001% Gibbsite, Diffracto n :182
N :Dolomite
N :Hematite
0.0
0.0
0.0
0.0
0.0
0.0
0.0
0.0
0.0
0.0
0.0
0.0
0.0
0.0
0.0
0.0
0.0
0.0
0.0
0.0
0.0
0.0
0.0
0.0
0.0
0.0
0.0
0.0
0.0
0.0
0.0
0.0
0.0
1.2174312662793583e-34
7.121336886886848e-33
1.897218207426156e-32
3.535578219572376e-32
6.277277241481464e-32
1.0618172915210091e-31
1.46740760089987e-31
2.289681909307962e-31
3.4038233866385925e-31
4.820879974046798e-31
6.505085699740762e-31
8.36271124084686e-31
1.0242560396318245e-30
1.1951909698931728e-30
1.3287197752047783e-30
1.4073328074398291e-30
1.4201281594944333e-30
1.3652921042521534e-30
1.2505208343943554e-30
1.0912483531019877e-30
9.072429280150128e-31
7.186061134054854e-31
5.422824564562167e-31
3.898769303337111e-31
2.6705263167469256e-31
1.7427437351375362e-31
1.0835215268201565e-31
6.41813582023756e-32
3.621992988696937e-32
1.9473931771930745e-32
9.975324005008126e-33
4.868191934768276e-33
2.9374916940310957e-33
1.3223999210030355e-33
5.671739060824153e-34
2.3175915577163003e-34
9.022455611104864e-35
3.3464147300078447e-35
1.1825019922665025e-35
3.980989709437362e-36
1.2768715940054861e-36
3.901847817046826e-37
1.1359527974769273e-37
3.150772319024609e-38
8.326077455885069e-39
2.0961891377101588e-39
5.027903994839119e-40
1.1489731143602095e-40
2.5014914153080864e-41
5.188649087530002e-42
1.0253581321685539e-42
1.9304684709676085e-43
3.462705410406008e-44
5.917440725540271e-45
9.63424431194308e-46
1.4943990522958044e-46
2.20841411060054e-47
3.109275814621198e-48
8.191411663709769e-49
1.0638450322927828e-49
1.3163222643525438e-50
1.5517083432435416e-51
1.7426964150557813e-52
1.8646482130798746e-53
1.900795328724601e-54
1.846021758721395e-55
1.7080517231157923e-56
1.5056626727678482e-57
1.2644932838276162e-58
1.0117361145094259e-59
7.712222639063145e-61
5.600839586831003e-62
3.875142368032483e-63
2.5543641985036002e-64
1.6041252325896771e-65
9.597401832609752e-67
5.470521106220449e-68
2.97072859066091e-69
1.536937311512133e-70
7.575440071537547e-72
3.5572774890708044e-73
1.5901522961637839e-74
4.62401456758111e-76
0.0
0.0
0.0
0.0
0.0
0.0
0.0
0.0
0.0
0.0
0.0
0.0
0.0
7.754824305574606e-37
1.7961094474988654e-36
3.823908305450903e-36
7.483348659205654e-36
1.346165104220579e-35
2.225945438035458e-35
3.3833313981155155e-35
4.727030466771759e-35
6.070802464143986e-35
7.166673842036855e-35
7.776837356381968e-35
7.757150733153525e-35
7.112385415765511e-35
6.405676547602962e-35
5.103887826369375e-35
3.738101369575899e-35
2.5166039032656567e-35
1.5573724772433462e-35
8.858984927527955e-36
4.632220969329081e-36
2.2264267517109713e-36
9.836518045850441e-37
3.994737186791427e-37
1.491244551017966e-37
5.117093648530952e-38
1.6140303558260558e-38
4.6796553572289434e-39
1.2471821285967938e-39
3.893463888828381e-36
1.4126745827831944e-34
4.269917352725026e-34
9.401742267718383e-34
1.9051433519065525e-33
3.5532449282207515e-33
6.098246654928626e-33
9.631722948886771e-33
1.3999759424056633e-32
1.8726429814739108e-32
2.305204604518587e-32
2.5283483884433647e-32
2.710004000904332e-32
2.673266543213454e-32
2.4269911044268694e-32
2.0279985576429354e-32
1.5597968656801045e-32
1.1043498499354781e-32
7.198366105367192e-33
4.320336317417724e-33
2.3880764312327832e-33
1.2160367286197735e-33
5.706540507792402e-34
2.469091770012702e-34
9.856301864905572e-35
3.63292937077568e-35
4.092044432860608e-35
5.836555545114724e-35
1.0013437880640045e-34
1.7171531502465161e-34
2.8279656741479888e-34
4.442341524105948e-34
6.648867572497545e-34
9.479986188628605e-34
1.28759965111461e-33
1.665963429097127e-33
2.05597529893553e-33
2.302467003035672e-33
2.6964724783658808e-33
3.079528140198755e-33
3.4734749404360825e-33
4.000019525681693e-33
4.810499592953902e-33
6.069392747462874e-33
7.884679041696506e-33
1.0222439048273449e-32
1.2844936730384023e-32
1.5318346476377265e-32
1.7113817022045892e-32
1.7777382888703693e-32
1.7097471870342057e-32
1.518807789830291e-32
1.244489267124691e-32
9.39842158172411e-33
6.538685749618953e-33
4.189600920888983e-33
2.4718477463343453e-33
1.3427171884857355e-33
6.714660192548171e-34
3.091098470893616e-34
2.504144670211274e-34
3.7811050479472486e-33
7.634230557253309e-33
1.4421104850375315e-32
2.6025514553400565e-32
4.478674668316524e-32
7.346774789565587e-32
1.1487148424106647e-31
1.7119440089338889e-31
2.43179083052967e-31
3.2924602804644824e-31
4.248847434856993e-31
5.2260883871394115e-31
6.12683616688545e-31
6.846185676570481e-31
7.291435515537419e-31
7.401649233640433e-31
7.161339076626987e-31
6.604036463223282e-31
5.8046147198312205e-31
4.862787210540286e-31
3.882793233464366e-31
2.954946085515104e-31
2.143385453583973e-31
1.4818200949190437e-31
9.764143595403616e-32
6.132184683898271e-32
3.670603803762708e-32
2.5384202837908685e-32
1.4025498221579602e-32
7.386023048604147e-33
3.707140564309512e-33
1.7733800028470682e-33
8.085318339264843e-34
1.5871095871847588e-11
3.637311840517383e-11
7.662456034164097e-11
1.4837792483096982e-10
2.64109746340252e-10
4.321289887578308e-10
6.499144791242491e-10
8.984892010378805e-10
1.1417824119474705e-09
1.333729244439048e-09
1.4320752434998694e-09
1.4134414990927166e-09
1.2823414404897386e-09
1.0694078170387328e-09
8.197791518179502e-10
5.776492614348849e-10
3.7414971040325354e-10
2.2276165838140026e-10
1.2191280096602888e-10
6.132986579141285e-11
3.701929741361917e-11
1.6183555454507267e-11
6.503296374443182e-12
2.402187986802778e-12
8.156320313192244e-13
2.5456306605123377e-13
7.303152195417442e-14
1.9259240100168787e-14
4.668547496581064e-15
1.0402512675845863e-15
2.1306325805968287e-16
4.0113699041377947e-17
4.524562277972263e-09
1.0858560718041238e-08
2.395420690421526e-08
4.857414520897565e-08
9.054039296253144e-08
1.5512915303928855e-07
2.443195982903731e-07
3.5370160286088086e-07
4.707345990554113e-07
5.758737701471639e-07
6.504144071583729e-07
6.774522176233496e-07
6.537048210929932e-07
6.150066363923916e-07
5.381622922209448e-07
4.612692160324453e-07
4.0641707145315625e-07
3.8547384812721054e-07
3.969147722394221e-07
4.275368870297033e-07
4.580259740413014e-07
4.7013522992176746e-07
4.5281161860342345e-07
4.0510801947358736e-07
3.3510098451734914e-07
2.5576703588073656e-07
1.7996572809343894e-07
1.166922382670207e-07
6.971482257526965e-08
3.837093370014611e-08
1.9455935329412e-08
9.08778096420864e-09
3.910242568551467e-09
1.5497889008095639e-09
5.657770263572395e-10
1.9023950783469722e-10
5.89135680658223e-11
1.6802105389803125e-11
4.41284448187393e-12
1.7287114276348843e-12
3.9569188752463223e-13
8.339097664425591e-14
1.617993744970348e-14
2.8900050666308235e-15
1.9064578345069275e-08
4.6626695644283425e-08
1.036299066466935e-06
2.8711724509313516e-06
6.369893611267067e-06
1.302923797372117e-05
2.456810033573328e-05
4.270230362785184e-05
6.841139173835673e-05
0.00010101385715605928
0.00013746546590074667
0.000172407708994513
0.00019928054568288286
0.0002122835380143845
0.00020840645945197493
0.00018856058049833408
0.0001572306247882942
0.00012082890082706038
8.557589335370848e-05
5.585683595133028e-05
3.360006666505573e-05
2.2881159504202306e-05
1.201211583513449e-05
5.81125061582297e-06
2.590659735132322e-06
1.0641926768798246e-06
4.0278587421830324e-07
1.4045718376267866e-07
4.5123019846467966e-08
1.3353740705878607e-08
3.640174477172829e-09
9.139407833344931e-10
2.1132519834019815e-10
4.499681240743512e-11
8.822035981815482e-12
1.5924719396724734e-12
2.646367643353714e-13
4.048220046516277e-14
5.6999962112276555e-15
7.386583657705246e-16
8.809162862029712e-17
9.667461104933727e-18
9.762102775212399e-19
9.069753404905545e-20
7.752440647097133e-21
6.095982439562778e-22
4.409449618653204e-23
7.307778039591234e-24
4.59864558235706e-25
2.6616226573519047e-26
1.4168182298862278e-27
6.9360746850551e-29
3.122698139189278e-30
1.292934459710338e-31
4.927430171512445e-33
1.7525168601407666e-34
7.881050528078726e-36
3.180223571847274e-36
4.741724514531702e-36
7.38560128220221e-36
1.0769635487908598e-35
1.4491358304764727e-35
1.7939470191511618e-35
2.0417961308888448e-35
2.1362414660640702e-35
2.0545063399581734e-35
1.8162676670623504e-35
1.4759322629913527e-35
1.1024704088202431e-35
7.569746296609529e-36
4.777597442814882e-36
2.771734475230913e-36
1.839870934642281e-36
9.275823859942042e-37
2.0380708805163856e-34
3.95704830413543e-34
8.442811357763817e-33
1.6349829427485994e-32
4.407575001700353e-06
1.0365831477997487e-05
2.2408996812577586e-05
4.453018748191046e-05
8.133930745229125e-05
0.00013657155525335343
0.00021078217319021194
0.0002990345290536257
0.00038996231258612364
0.000467452809009219
0.000515070584906072
0.0005216864553019164
0.0004856978843818368
0.00041565853285656926
0.0003269798776031933
0.00023643904225480652
0.00015715608235325582
9.60189681366959e-05
5.392581444874142e-05
2.7838781959736657e-05
1.7095964011607975e-05
7.66955515016342e-06
3.1627188898266703e-06
1.1988500016833289e-06
4.177177614461079e-07
1.3378729521083306e-07
3.9387701988943685e-08
1.065909299011001e-08
2.6515126088015e-09
6.062908029408546e-10
1.2743305710830136e-10
2.462051094461147e-11
4.3724601401966256e-12
7.137867709626811e-13
1.0710875425138274e-13
1.4773904239681266e-14
1.8731796422819386e-15
2.1831190368128654e-16
2.33877930449277e-17
2.3031111911123697e-18
2.0847520379525863e-19
1.7346335680828042e-20
1.3267067045402928e-21
1.2123898613145856e-09
2.9360517864070727e-09
6.535803174797946e-09
1.0633187900756535e-08
2.056940859906884e-08
3.657581062191648e-08
5.978330946160928e-08
8.982139250279189e-08
1.240490527802383e-07
1.5747838749000803e-07
1.8376479053040267e-07
1.9711400702986776e-07
1.9435087814531417e-07
1.761446130669408e-07
2.854307602566763e-05
6.549515224835292e-05
0.0010085561182896887
0.0026116075652907896
0.005652184597823272
0.011303681113666803
0.020882140721519477
0.03562623629901247
0.05612043557458935
0.0816148887395541
0.10956696590020333
0.13577781784048942
0.1553145399862569
0.16399617483102455
0.16265776434626453
0.150310012881807
0.12822703524824236
0.10098863785921623
0.07343389966598213
0.04930572910842807
0.030574055797971112
0.017514839502216484
0.009275143070219226
0.004545487745731685
0.0020656455428282377
0.0008735073019915466
0.0003457523953871062
0.00012929756865705662
4.629733861453487e-05
1.613753473937926e-05
5.562131172239131e-06
1.911795090071534e-06
6.531842514429331e-07
2.1889504364367677e-07
7.071538340369334e-08
2.167755073701213e-08
6.231332138284267e-09
1.666435983480646e-09
4.1256037090361077e-10
9.427345467248343e-11
3.367214481936699e-11
6.709034925331e-12
1.2299112491062956e-12
2.0736578249467046e-13
3.214767920629938e-14
4.58198597380525e-15
6.003664515270586e-16
7.231337283734564e-17
8.981503022571576e-09
2.1026347176621868e-08
2.7574101627201567e-07
6.518933980641501e-07
1.5936429089961644e-06
3.273470295231087e-06
6.217892145740653e-06
1.0917538591302292e-05
1.771423284865237e-05
2.6554734729394536e-05
3.6772376380612515e-05
4.7035587695007994e-05
5.557032793208539e-05
6.064190110378446e-05
6.112629208638088e-05
5.691480522639138e-05
4.8953154173312765e-05
3.889609032737887e-05
3.892958431418445e-05
3.881649466779262e-05
0.00020114611893961074
0.0004958397688846369
0.0012041071602649797
0.0025036055544825552
0.004826855750581114
0.008610521203769855
0.014204120861542328
0.021653844144891722
0.0305048782526385
0.03987417569651887
0.04818807269775552
0.05400409371743709
0.05634569985774149
0.05508361943879235
0.05100593759856764
0.04549871455409894
0.03999156880509726
0.03543692013691304
0.032059970149809706
0.029460069040308574
0.026961413009636354
0.024006164379092004
0.020401281484352392
0.017720900098239557
0.01358710412812751
0.009726813661482469
0.006496284080015476
0.004056332804532757
0.002380923828236632
0.001326765203214973
0.0007129821994675282
0.00037754005594192
0.00020173971051164034
0.00011070488967021796
6.255249047568321e-05
3.5944659415950575e-05
2.060461483547178e-05
1.1575677822782652e-05
6.2940491870365774e-06
3.287048111204819e-06
1.6419294866589003e-06
7.827836192236379e-07
3.5580615012665304e-07
1.5411978651118962e-07
6.360368697938796e-08
2.5006026041010534e-08
9.365454593493918e-09
3.3413979824326606e-09
1.135638664437425e-09
5.383513129326131e-10
1.6874478007820253e-10
5.0385570818728186e-11
1.4331552186218914e-11
5.20949580622628e-11
1.1367803489141796e-10
2.4230573272130393e-10
2.8411772822367772e-09
6.8777390850983686e-09
1.4321779010123322e-08
2.762977052409375e-08
4.935126154295626e-08
8.157098549410704e-08
1.247171319121961e-07
1.763439128452073e-07
2.305558950629855e-07
2.787071946909985e-07
3.115149646949197e-07
3.219506537931927e-07
3.07687162801991e-07
2.719379193510609e-07
2.2227687928565774e-07
1.680326206022026e-07
1.1747904385546712e-07
7.595672528947067e-08
4.541087907983701e-08
3.2774075773815956e-08
2.0883053974222488e-08
1.8416884462916828e-08
1.1309254014570033e-07
2.5513223945489317e-07
5.963618473624834e-07
1.2039700622984456e-06
1.1781452161763365e-05
2.274804806243225e-05
4.1760945843652606e-05
0.00044113515178293675
0.0009275803695175442
0.0019344608400041448
0.003443151717389808
0.005858970257512923
0.00952828004971225
0.014805185794998132
0.02197455077522864
0.031149871028974818
0.042166374486083305
0.05450177737830015
0.06726102753181998
0.07925175956545627
0.0891535066372026
0.09575218882267791
0.0981837972878599
0.09730255530632251
0.09236099871906993
0.0837030248787485
0.07242435604683216
0.05983025217332955
0.047189989710450186
0.0355361131238032
0.02554916556871039
0.01753732747662588
0.011492654154652398
0.0071901004247285185
0.004294294577535067
0.0024483455162161035
0.001332467494125104
0.0006921817145241931
0.0003431922513493839
0.00016239810205322819
7.333665904727964e-05
3.1602917308315156e-05
1.2994729034678226e-05
5.2649721967469525e-06
2.3080522209714675e-06
1.5621662040398413e-06
2.0155504454423824e-06
3.3948113384691215e-06
4.827601958137055e-06
7.762419134036029e-06
1.1528044430675904e-05
1.5751031855289503e-05
1.9785560002024368e-05
2.284628915625504e-05
2.42493278433924e-05
2.4085955586302087e-05
2.2209465912615207e-05
1.960744007229136e-05
1.7405526968125634e-05
1.671815926920824e-05
1.8320415918893453e-05
2.239173218884586e-05
2.8376381959740814e-05
3.5055277042164494e-05
4.082233287853648e-05
4.41496073651024e-05
4.408038737039852e-05
4.054215754226326e-05
3.4329784888539324e-05
2.6770434604780633e-05
1.9241851916897284e-05
1.2768613798187607e-05
7.843006871747396e-06
4.477484895439977e-06
2.9671337794649234e-06
1.5215863607718232e-06
7.410332851915771e-07
3.467393964248032e-07
1.5755643870168113e-07
6.996473656273269e-08
3.034337095345409e-08
1.2759282158135075e-08
5.144648236800021e-09
1.9663669644931303e-09
7.055559826108482e-10
2.359407136444832e-10
7.31647197913561e-11
2.096996616846075e-11
2.588112876135775e-07
6.165410540534991e-07
1.3512038572253484e-06
2.7501702071748098e-06
5.103786009974584e-06
8.749710296831103e-06
1.3771871131011433e-05
1.998631102072175e-05
2.6734760800787524e-05
3.301997323749738e-05
3.7721899299448874e-05
3.995676345223391e-05
3.9877395689185754e-05
3.754352240330653e-05
3.315946078391424e-05
2.7661044640210024e-05
2.1960320866734034e-05
1.6719043872673015e-05
1.228016441482907e-05
8.727615600345118e-06
5.996305663092597e-06
3.966099947170552e-06
2.6831039567430797e-06
1.911226083473689e-06
1.7138932737063531e-06
2.133373960721626e-06
3.238447960257625e-06
5.072102748287119e-06
7.573609327721863e-06
1.0505962866767672e-05
1.3436931987358161e-05
1.5811017123369778e-05
1.7106002297687765e-05
1.701335045417838e-05
1.5554696267417295e-05
1.3083401704282046e-05
1.0124551280037123e-05
8.157088408404797e-06
6.227223250572822e-06
5.2151067561371615e-06
5.979025737501342e-06
9.255690676811334e-06
6.515162478446918e-05
0.00014077612708448368
0.00030625395882494304
0.0005864638234266662
0.0010447804658753918
0.001728813594263939
0.0026543069127570435
0.0037786635028084926
0.004985903120037995
0.006098807143926126
0.006913852549395197
0.007267313215069957
0.007140853006399132
0.006548104247043726
0.0057134396492419595
0.004898108025783697
0.004405659277340736
0.004445479203049093
0.0051699520147500495
0.006578072965882538
0.008508115457903002
0.009938200294017306
0.012010833247898122
0.013641714318577842
0.014514465743935532
0.014485566592935966
0.013617397511025843
0.01213981351276817
0.010360009859623194
0.008562804039701596
0.006941801035406937
0.0055802302074669284
0.004474146311534371
0.0035749584328212043
0.0028280172388018194
0.002194387348009319
0.0016551029474830851
0.0012046723453860973
0.0008418605884174288
0.0005630308974169957
0.00035967344368760025
0.0002192281322667791
0.00012742009161693439
7.059797848654175e-05
3.7280182849294003e-05
1.8760426913467014e-05
1.0770223069986707e-05
8.499193479291554e-06
9.231716795882171e-06
1.4912614757588758e-05
0.00010387543567614705
0.00022242687238053732
0.0004754917591712487
0.0009074855496547254
0.0016039696352587428
0.002639294742552652
0.004033324635295202
0.0057251166608116005
0.00754748341573744
0.009242863134748008
0.01051961740335609
0.011134516051451606
0.010969105020617717
0.01006675436253666
0.008614648361835555
0.006880735650695296
0.005134525654585308
0.0035830064911971386
0.0023403469551181383
0.0014321475357073764
0.0008226385507750068
0.00044451299839731983
0.00022810591044833623
0.0001443105093507664
0.00011219503256522959
0.00013341031526500853
0.00023744720888773613
0.0004331041508680454
0.0007580632701206611
0.0012417488847738557
0.001892140699969708
0.002677223091486365
0.003515156560343471
0.00428205263318401
0.004839914600424736
0.005076983637654855
0.004944025811648519
0.004470927691921177
0.003756825358233252
0.002934208640335968
0.0021328307104136104
0.0014492506681078954
0.0009304673589601209
0.0005825345373931026
0.0003822876717853687
0.0002933298575708162
0.0002774351105760402
0.000300608570932168
0.0003239156431381788
0.00035484720369400967
0.0003683123637282391
0.00035747696323835254
0.00032303628947457556
0.00027142635114027095
0.00021196950181374152
0.00015382245017257903
0.00010369776602000882
6.491582092409556e-05
3.771902193267749e-05
2.033462462593355e-05
1.017277164387655e-05
0.00019064234303973397
0.0003536458956272446
0.0006342442804287742
0.004890373622059272
0.010062074487835563
0.018313550478877037
0.03497610500320653
0.05904936263669745
0.0954328100483534
0.14759418797190105
0.21837956985579166
0.3090519611537541
0.41827015062560247
0.4991993172279706
0.6270108739192345
0.7529909602746575
0.8645930532860047
0.9491730201811283
0.9963285297135221
1.0
0.9597459380678554
0.8808244120866944
0.7730615351458204
0.6488439871542813
0.5208001194311592
0.3997619489577189
0.2934387780544434
0.20596620308544025
0.13823061966019873
0.08869538680741988
0.05440479346887136
0.03189753991086049
0.017873150348687566
0.00956987892807128
0.0048956488281963395
0.0023924938538627347
0.0011167823519904316
0.0004978580728441475
0.00021193565196005884
0.00011688907295189608
4.606125171072441e-05
1.7325192381322096e-05
6.218881766852789e-06
2.129785073318557e-06
6.957195454186436e-07
2.1671433083347878e-07
6.435456341892121e-08
1.821403149172589e-08
4.912328681386545e-09
1.2623283587091888e-09
3.0905902192368233e-10
7.209483712381188e-11
1.6024777675628427e-11
3.394288530225868e-12
6.852045494907716e-13
1.3183947546195434e-13
4.852135297505911e-06
9.281994434935263e-06
1.6915742105864017e-05
2.93662291055626e-05
4.926666236164519e-05
7.836864715454353e-05
0.0001189452539001979
0.00017313025539331616
0.00021672280978983353
0.0002926937750788443
0.00037831691325856514
0.0004677841630141815
0.0005527981368510944
0.0006248975484778
0.0006738726501778086
0.0006935912883299797
0.0006838068869655865
0.0006481603593649742
0.0005970404714615467
0.0005429787427751308
0.0004972784560101354
0.00046643895530105615
0.0004502310264581694
0.00044227071878513854
0.0004328881318568826
0.0004130559911544154
0.0003777333125702284
0.00032731402814874597
0.0002668756247249226
0.00020389218662005752
0.00014559313161908018
9.70216297840116e-05
6.02945187673439e-05
3.49574041029279e-05
2.3410977810963635e-05
1.2175943728844643e-05
6.004914895648226e-06
2.8638968288942522e-06
1.3620824490195595e-06
6.68990438094733e-07
3.4920711189357586e-07
1.937010852874597e-07
3.7323033756953926e-07
6.811721880207444e-07
1.4635525401532453e-06
2.8629557969176968e-06
5.222384136864405e-06
8.880343012864807e-06
1.4258923994269513e-05
2.0987248428097566e-05
2.889425413214842e-05
3.744564056699082e-05
4.763314288114938e-05
5.84512702181971e-05
7.113179894824488e-05
8.872020721516163e-05
0.00011272017061899111
0.0001461761271960031
0.00019361396520853918
0.00025126329509806973
0.0002948094140236968
0.0003635341931296084
0.00049769082535619
0.0006315031261455115
0.0007959006101614706
0.0010715449288237367
0.001453562856989909
0.0020283269306125683
0.0028644339339814378
0.004019641342628886
0.005522320763443389
0.007353207418852565
0.009432614704126346
0.011617636455022826
0.013714305568699722
0.015503449300056482
0.016781398474645055
0.01738783424229066
0.017250889762749893
0.01639758717573566
0.014944189314545497
0.01307773335072322
0.011015780067965783
0.008965226588327525
0.0070887015067374794
0.005986094024503488
0.004587309407937582
0.0034880980211407283
0.0026472163747099224
0.0020075358215271033
0.0015144226513562
0.0011262126125670838
0.0008165309518980664
0.0005709615657700861
0.0003815396212193562
0.0002419523739814587
0.00014491870972579382
8.178805795647132e-05
4.350430127389441e-05
2.1907823968454792e-05
1.0543115912959424e-05
4.964430036031791e-06
2.4297358740217676e-06
1.4267031601622488e-06
1.1975336590978986e-06
1.3810251233589687e-06
1.7878425608985381e-06
2.282458293890804e-06
2.738866073074609e-06
3.0424674864416435e-06
3.1138427863226807e-06
2.209530468193735e-05
3.972729964807055e-05
7.070921219654399e-05
0.00012236598581511242
0.00020375159615307039
0.001381840768021768
0.0025029112916701234
0.004568626871933293
0.007810437484753514
0.012634563702402197
0.019600287395088335
0.029142262731017936
0.04150935133880722
0.0566213947364562
0.07394695190627973
0.0924484643261064
0.11063351923273679
0.12672960099722078
0.13895960454519513
0.1458646695365621
0.14658960816911878
0.14105568652400435
0.12997337708822093
0.11469139432142092
0.09692756805204646
0.07845491694721261
0.0665259874857366
0.05011026535622032
0.03614922987509866
0.024973370512656478
0.016520292729762596
0.010463261631757854
0.0063448763977042725
0.0036837190204078263
0.002049266469713491
0.0010961200558119474
0.0005699749581213137
0.00029831405112451835
0.0001711822434448174
0.0001222275068194864
0.00011273239842674216
0.00012033904001946512
0.0001317246383830731
0.0001393171881942739
0.00013942031769441945
0.00013142549832275688
0.00011800720250247687
0.00010149107823982279
8.609802183256873e-05
7.523571116045692e-05
7.128569753396107e-05
0.0001281768086368909
0.00017573890810732715
0.00030388027014260064
0.0005518162279182613
0.0009529233972183331
0.0015673093848409725
0.0024272388293080107
0.0035727462267862212
0.004902045060364554
0.006316130342754786
0.007721371226798106
0.008997028672589402
0.010126830202074338
0.011150191551088172
0.012132188218086317
0.013099098568189778
0.013987167654026102
0.01463784461877152
0.014847918555227668
0.014449791183435026
0.013385970660838395
0.011738805648792452
0.009708625838846593
0.007575986890983444
0.005570736119209568
0.003892987263472826
0.003019267573078251
0.0020876500390902765
0.0015957132431071944
0.0014769239490548215
0.0016377599822656416
0.001970400633887223
0.0023620326258107695
0.0027060221725197504
0.002916551745469556
0.0029429506878683852
0.0027774187469315056
0.0024521916859362447
0.0020295405395579025
0.0015747112868697035
0.0011508473049281788
0.000801431665532756
0.0006074686038539329
0.0005515880489582314
0.0006815416048388068
0.0010632927780225155
0.001851241202185362
0.0030869724522920214
0.0048863824103657265
0.007259898612778145
0.010080902361827035
0.013054964049499974
0.014920252840054837
0.017207078245802195
0.018541092013807423
0.018690930964420767
0.01766519986306926
0.01568718933753151
0.01312117616776835
0.010368635888471636
0.007774497617051105
0.005569783534351961
0.0038565950174646773
0.0026284142476781596
0.0018140365258742064
0.001306178478587777
0.0010084479446104595
0.0008458232241914571
0.0007655111263204622
0.0007391790962581715
0.0007515218523121986
0.0007926272773360174
0.0008515020024687294
0.0009130825868638181
0.0009592533998289094
0.0009729322790360186
0.0009430172103677324
0.0008677325458615111
0.0007958689484550641
0.0006659014095559381
0.0005513133361598072
0.0004398405529232094
0.00036423500468886824
0.0003408660072237361
0.00038266331277215317
0.0015238249688627197
0.002678135713966416
0.004625743446976781
0.008068784964386452
0.013292897818510823
0.020812464645617132
0.03129672097966588
0.04516098663616293
0.062492179815613884
0.08288817649320121
0.10535076803722607
0.1282906336347579
0.14970342039209625
0.1673760048578266
0.17935174943995583
0.18425672390125816
0.1815508486494467
0.17166021072465137
0.1616745885574418
0.14293293807632376
0.12150727157104883
0.09942120884130334
0.07838305891800113
0.05960694900394765
0.04376603293566107
0.031052610730676798
0.021301033208327564
0.014126746007590835
0.009051926319806534
0.005596162864216409
0.003331468644950926
0.0019062997824176268
0.001048696874427526
0.0005587734425372147
0.0002948101845580061
0.0001623398853055816
0.00010148868426811618
7.718052034708685e-05
8.865091205235591e-05
0.00012190953928835077
0.00019228586635155852
0.0003253249065809287
0.000572367101531373
0.0009571421279335386
0.0013115078179935754
0.002001644896721745
0.0028642073378886013
0.003831165897198301
0.004787275485962077
0.005593687406364547
0.006122599128029277
0.00629229308164094
0.006087072400366719
0.005556233724437872
0.004795521441728211
0.003920347872080435
0.0030400318458067652
0.002239247575083338
0.0015691816384018856
0.0010480465088218746
0.0006684461022075388
0.00040781451517375283
0.00023822184290240358
0.00013336076825386245
7.159113869995918e-05
3.7170987353869574e-05
1.9409040751684657e-05
1.1510553922777718e-05
9.499327645677145e-06
1.113383629687449e-05
1.365658408535285e-05
1.8711711025333345e-05
2.585814519009757e-05
3.358622326348315e-05
4.2214382353854584e-05
5.2774172093230386e-05
7.366976827745315e-05
0.0001024531395950281
0.000146781712922672
0.0002129073533083419
0.00030170663340821775
0.0004129291430343563
0.0005405570770864745
0.0006735200900253709
0.0007965459070615623
0.0008935051918846097
0.000949143923155354
0.0009552468800701053
0.0009119483839048319
0.0008280286761758713
0.0007185482027137265
0.0006521133184284786
0.000609587140558233
0.0006523093031482499
0.0008408395858884631
0.0012227318073576284
0.0016056964248490476
0.002397950179317058
0.0034317006815082116
0.004629137227208828
0.005854493985105628
0.0069395734357701015
0.007719027610685086
0.008084619155261518
0.008024772882252191
0.007571610603289901
0.006840808325737213
0.005962730748861829
0.0050617577200473465
0.004237723152534089
0.004453281154164844
0.004764459432471376
0.00584148768120002
0.008195249543230755
0.01202486099905574
0.017680945673456537
0.025599768605129074
0.036010725234974394
0.04888343226961507
0.0638206032167286
0.08000224136091785
0.09089506951739063
0.10631514533635847
0.1192597697894033
0.12831339469483027
0.13243750185734074
0.131163617328329
0.12467630940517768
0.11376635776438254
0.09967099105890091
0.08384535547502074
0.06772281710119525
0.052515277351156006
0.0390878101108436
0.0279178030802893
0.019127786652285456
0.012567432945695659
0.007915839375076748
0.004778860728565069
0.002765077552534217
0.0015336722465428812
0.0008159209176112284
0.0004169710618319717
0.00020524481284244075
9.803776468967798e-05
4.6431939398481065e-05
2.319045566842686e-05
1.6021438004831997e-05
1.7902675407053018e-05
2.5744962563889407e-05
4.3183723857832964e-05
7.510414916154358e-05
0.00012623300332516264
0.00020098021946183772
0.000301362500943871
0.0004231681877688633
0.0005549432412256393
0.0006792212364880474
0.0007770765970293236
0.0008319020941653643
0.0008358667554532692
0.0007908122360747926
0.0007069858403176152
0.0005997847628820984
0.00048572635833905956
0.00037884161899900514
0.00028846462886722386
0.00021848668448874533
0.00017014032857323152
0.00013795037444535538
0.00011892238306820525
0.00011012354470907855
0.00011030542036136275
0.000115311742043372
0.00020595901084262012
0.00033452544726101166
0.000568325532493742
0.0009841851737911154
0.0016524664151790608
0.00263855580801222
0.003977543367439936
0.0056230240074926705
0.007434426205283068
0.009187214205342728
0.010621757068096994
0.011514939872560482
0.01173262725431071
0.011268587815982905
0.010229513926805787
0.0087978327308448
0.007184863837172569
0.005588085685484479
0.004163055712826001
0.003000144495462109
0.0021260041433530407
0.001522257582575194
0.0011401976490066261
0.0009260062050833686
0.0008502616160536222
0.0008096907166994158
0.0008316449906643653
0.0008936031831173479
0.0009748216584984771
0.0010542995990199294
0.0011131524732725696
0.0011352540405030244
0.0011130664283742796
0.0010477897915429845
0.0009491408716172301
0.0008310156955441495
0.0007110522606659765
0.0006029339997862247
0.0005169236091817768
0.0004565476799884464
0.00041967730957977027
0.0003999614835417829
0.0004319917478928797
0.00048308394762789503
0.0005928524257883918
0.0007995538751493014
0.0011752401998465346
0.0017493822263717688
0.002562113692031315
0.0035969543140187644
0.004372382280057884
0.005563098944416791
0.006632593395920939
0.00740917119455674
0.007767996429569098
0.00766286712395348
0.007130756376111797
0.006273047728758966
0.005222231844035901
0.004114724344856585
0.0030676907146898547
0.002165898984261966
0.0014539349439276748
0.0009400360800851045
0.0006030107154755992
0.00040469600696197555
0.0003032245552930734
0.000265971290062599
0.00026035033156668054
0.00027474641895349367
0.0003061907920331722
0.0003618972507384881
0.0004459722113561031
0.000564737729829679
0.0007149466053891208
0.0008824322028396748
0.000992258098405534
0.0011338825837363755
0.0012254240055809408
0.0012502657315291046
0.0012118097015824073
0.0011111816582045897
0.0009712204998553006
0.000815648579980899
0.0006681330529245694
0.0005488504227105405
0.0007016387835088051
0.0009326555920075589
0.0013703292057546366
0.00212457469761957
0.003429861560220831
0.005270194254331038
0.00784762758438262
0.011269873652061618
0.015571019463775104
0.020670284500604874
0.02634352930320738
0.03222078799478014
0.03781778688183703
0.04260037794278933
0.04607036254812689
0.04746121906563432
0.047999957107856976
0.04665996183314508
0.04361685741937484
0.03922329675366904
0.033948118694190725
0.02831190980258944
0.02276840823436378
0.017709678676771843
0.013413123901135337
0.010042008372479625
0.007627626187420049
0.006118876183848595
0.005377742209152671
0.00520397570657158
0.005363020582252951
0.0056225632564506104
0.005791124644690652
0.005746720617601346
0.005445583139329398
0.004911112184825067
0.004209789259172769
0.00342605826548943
0.0026437001895922153
0.0019302694251583298
0.0013330022137766245
0.0010115781207210043
0.0006470162439497206
0.00041257600709642675
0.0002834468584688567
0.00023223305869908792
0.00023231059121818498
0.00026049937005880215
0.0002983554886885308
0.0003317430867451216
0.00035178099043964983
0.0003547496923159696
0.0003411858963231213
0.0003147666951501577
0.0002805358223966958
0.00024334411454549157
0.0002069449143408215
0.0001737610600940908
0.00014492465322237392
0.00012055342371815115
0.00010010474480462108
8.274638056062698e-05
6.76749948601137e-05
5.4322881756046046e-05
4.242744563446478e-05
3.1980344226659305e-05
2.3101486345857556e-05
1.8112579386210245e-05
1.2045309614393122e-05
7.84337220994703e-06
5.106817375350107e-06
3.7867470783972567e-06
3.790801113425177e-06
5.059025806050007e-06
7.532918548872173e-06
3.700438483966761e-05
6.465002890470015e-05
0.000109072757936279
0.00017770222086799838
0.00027946318168337535
0.0004236175325476883
0.0012723947251821208
0.0022577594492322883
0.0037497112262548232
0.006075345772952886
0.009804992061505235
0.01518453828252603
0.022587416349107485
0.03240702523368824
0.04476225154450866
0.059442799691681716
0.07582713842140267
0.09287405766450622
0.10393740668706071
0.11895350384502341
0.13077746400511261
0.1381498669874421
0.14032345451405215
0.13713549476084558
0.12902814779931918
0.1169481563755841
0.10271118253958926
0.08723294159053446
0.07213119063416126
0.058759130934093184
0.048346317552693675
0.04152322274371394
0.03870834587489764
0.040088437890351186
0.04546501213368132
0.05429310267451167
0.06568296889147897
0.07844006626800946
0.09116174145783329
0.1023919462263624
0.11081426485493677
0.115433550593178
0.115723213022902
0.11348799167957008
0.10680070925800468
0.09681138909829368
0.08455158886784582
0.07115594220025241
0.057701372439287614
0.04508189036725639
0.033957105537190786
0.024673179103559966
0.017350374840231515
0.01191461269002543
0.0081677475822393
0.005875023433648371
0.004743173324806937
0.004511035348397725
0.004905306006009258
0.005647123779798824
0.006464920369286471
0.007125549277226829
0.007466705662436628
0.007419203985559438
0.0070002194479194015
0.006286742974341549
0.0053841185817388795
0.0043989935935147715
0.003427790740636928
0.0028270209591785937
0.0020377993110597676
0.0014098778380236849
0.0009471661394031999
0.000630028778635673
0.00042547802858397527
0.0002981533114550171
0.00021821246914032247
0.00016467753746316442
0.0001250740510181612
9.328740374650658e-05
6.703772549345112e-05
4.584766059940807e-05
2.969547857526948e-05
1.8305974104044024e-05
1.1006605361346277e-05
6.838825866920203e-06
4.790292085235421e-06
3.982486180095265e-06
3.763496086120234e-06
3.716505952880522e-06
3.61953043416535e-06
3.3889901530097187e-06
3.0260446331902325e-06
2.570588187982302e-06
2.09740467938786e-06
1.7932181925802876e-06
1.404952296626923e-06
1.14650388425836e-06
1.7812834962169076e-06
2.9729614011798207e-06
5.5146233149490184e-06
1.0277046511422511e-05
1.8251445395158528e-05
3.0402383187137814e-05
4.714669250675622e-05
9.497745492102022e-05
0.0001628594891885944
0.00027293161728862247
0.0004581356904013214
0.0007583560432997595
0.0012367481050028657
0.001899857877180282
0.002749556409634621
0.003725360703393927
0.004713753229204682
0.005572603842405505
0.0061708729408346845
0.006426749804924847
0.006325384890633267
0.005911042756664712
0.005499465581889855
0.004745642180771349
0.003909298171307689
0.0030664957728700356
0.002287141948299321
0.001624727373692148
0.0011134100641861206
0.0007627191083549856
0.0005599322205557466
0.0004761232627396139
0.0004735599399555613
0.0005137141239903919
0.0005634736547989046
0.0005991405535008603
0.0006079289881146271
0.0005868768606878072
0.0005398592003507291
0.0004741091783720995
0.00039758074217548456
0.00031768633062044613
0.00024089511798790818
0.00017247530245104306
0.00011602279991561745
7.306009646961757e-05
4.317764469443643e-05
2.420690328507248e-05
1.631339302656542e-05
9.675310592924043e-06
7.400801815209878e-06
8.0900144077786e-06
1.2004960432776333e-05
1.721698415891292e-05
2.4081474246501518e-05
3.232488461162231e-05
4.167005325348912e-05
5.1924396830883745e-05
6.304462195554008e-05
7.516072230687573e-05
8.818161258714525e-05
0.000101814008188172
0.00011528209089379564
0.00012739216447363018
0.00013674767029519147
0.0001420566599902688
0.00014472437284562386
0.00014354438585860758
0.00014119643569896406
0.00014175338944844368
0.00015044097848455995
0.00017434276751039751
0.00021616437729274907
0.00027723314538517037
0.0003271083241634784
0.00040802586771164777
0.00048590225698326927
0.0005484154403161755
0.0005867629394389688
0.0005979995733544724
0.000584825528077193
0.0005528068237893264
0.0005468507894454448
0.0005455335622471923
0.0005912806965721777
0.0007206916444091229
0.000983589783733178
0.0014185973189508976
0.002036974790753537
0.002816495719138861
0.0036820292838229624
0.004519896869134603
0.005209673888699603
0.005654452909201223
0.005811554005227436
0.005690650153594781
0.005342075611572684
0.004819826211480384
0.0041860818537766955
0.0034979518651748883
0.003036619904751165
0.002380553489558117
0.0018082666634252793
0.0014533502998213042
0.00123719862347869
0.0012123909099382847
0.0014145124622751578
0.0018805539573460777
0.00270886811507181
0.003924740137806235
0.005575272937328059
0.007700610571608554
0.010276212125363135
0.013205530356886977
0.016318099569683362
0.01938823072175943
0.022143779949694298
0.02433406696482188
0.02575606778820148
0.026291888246363852
0.025925494023074574
0.024724562015075266
0.02283378466661433
0.020438112335639587
0.017737548614053567
0.015864085915387884
0.013075005793559729
0.01044344585992569
0.008094054865475372
0.006084987758596249
0.004451228387172317
0.0031873625349500582
0.002261646830039118
0.0016300341040135704
0.0012457409032819633
0.001355788471037623
0.0016605201068032717
0.002290225631947008
0.0033576678958666473
0.004987705029821309
0.007468503087951611
0.010877090215848553
0.015345839170382642
0.02097516949125315
0.027687684444392884
0.03522130867702719
0.0431182142254534
0.05076978077475319
0.0574967947736459
0.06265731788156903
0.06575433458913087
0.06652690509961706
0.06570346519810386
0.06264998021584466
0.05772119036923725
0.05140957593199427
0.044268864270481184
0.03684465498621518
0.029620068296980624
0.022978263413762592
0.017182134586800787
0.012368820971628997
0.008561712885574797
0.005692767631862586
0.003633207201850704
0.0022252617739307264
0.0013093655782208434
0.000743151957585901
0.00041135289629586313
0.00022808559388946535
0.000133557427868174
8.902750100475034e-05
7.068771133710365e-05
6.475330927274132e-05
6.365184283414954e-05
6.3491257450627e-05
6.245339029252678e-05
6.090128460927719e-05
5.7149497838828916e-05
5.2593337241011046e-05
4.7046804487184467e-05
4.186485715067572e-05
3.829679146746693e-05
3.782811228301034e-05
4.210825238499796e-05
5.1470518628991485e-05
6.57270542673441e-05
8.321593572474975e-05
0.00010127543811375856
0.00011709104954936484
0.00012804076614556404
0.00013297332539662738
0.00013199502382636667
0.00012643075480852533
0.00011828591822425031
0.00010870338566152044
0.0001026108612782887
0.0001005006661497104
0.0001072955207509741
0.0001288948320645199
0.00017129433948343778
0.00023993443619461805
0.0003041805934716567
0.0004213583899552637
0.0005649644315797181
0.0007150751300996922
0.0008582382619094442
0.0009805371380046898
0.0010748944350359372
0.0011452114519733352
0.0011949316404729208
0.0012305464536127356
0.0012513472677167833
0.0012500964007323245
0.0012179997060912677
0.0011507999001061692
0.0010523600773107136
0.0009348883748573287
0.0008098834567237808
0.0006888095529089049
0.0005819777978188619
0.0004915560693409188
0.00042448292376156573
0.0003873683193997858
0.000387818829935208
0.000431808263534811
0.0005181391705576084
0.000638357660734202
0.0007299270191059807
0.0008690011769874803
0.0009898359470292349
0.0010724489729047693
0.0011046175301528515
0.001084459750015459
0.0010192464617034033
0.0009212851824453322
0.0008033287216167916
0.0006773586112910008
0.0005506749212161042
0.00043148046588297324
0.0003275084610376717
0.0002459095327966442
0.00019219117623114624
0.00016676617695825073
0.00016653273025740416
0.00018411859549826687
0.00021002990325657056
0.00023487727830883996
0.00025188535883168483
0.0002573798352207243
0.0002543937702324911
0.00024803846694518294
0.0002396884689872334
0.00023822185949815393
0.00024433909005287503
0.00026920689007349464
0.00031658336291271274
0.0003878542340435793
0.00048015208442035506
0.0005857285579775588
0.0009383628690931058
0.0012570335559419323
0.0017125475246257816
0.002374124226521236
0.003327213906209659
0.0047599027054824605
0.006636477730005085
0.009057646026209306
0.012011842020301382
0.015402721320921077
0.019042496054479666
0.022665087185264436
0.025960647639947494
0.02862464519710296
0.030409346552302857
0.031161996989206155
0.030844715959492418
0.029528886991844985
0.027372448855058743
0.024587785436252053
0.02249871985563248
0.01918910240218081
0.015859443096032752
0.012694131988597462
0.009832010687145244
0.007364670566780974
0.005335447985374428
0.0037443457309843248
0.0025572832540899314
0.0017164045827645343
0.0011520791931078549
0.0007932839053341887
0.0005754584901708145
0.0004459273372535252
0.00036628069998216194
0.0003118381708516226
0.0002690952933188368
0.00023193610871420406
0.00019808288866342405
0.00016667240070101667
0.00013722925306439477
0.00010960024191827886
8.485959110927247e-05
6.415536830855335e-05
4.836129292466048e-05
4.154621431927419e-05
3.7920336289374016e-05
4.3121353448532455e-05
5.8051135867050836e-05
8.17958984314492e-05
0.00011266590048220709
0.00014723822284792246
0.00021161839223308754
0.0002691505061233005
0.000339608379381906
0.0004331536329354922
0.000563916579615643
0.0007558474801538321
0.0010170214524853232
0.0013522284647791967
0.001759909249518154
0.0022232489959211617
0.0027137323064405487
0.003195346695055084
0.0036282753645572336
0.003975949381272012
0.004209105585654696
0.004309382178908421
0.004271030417416938
0.0041014384727189775
0.003819485321804294
0.0035822174897551804
0.0031752773816659027
0.002735032698035931
0.0022895036145194115
0.0018633157343824738
0.0014758310470791521
0.0011428506065591705
0.0008705343809699995
0.00066323388279634
0.0005173804712255984
0.0004273642184978333
0.0003796105185311197
0.0003628144643418914
0.00036593133591541273
0.00042638492891533043
0.0005001136118258316
0.0006130998964390352
0.0007895358056769198
0.0010564631029860792
0.0015483173917275042
0.0022097662024340887
0.0031251203803256476
0.004344722046115017
0.00590019945705211
0.007820688570164004
0.01004958307958698
0.01166333110569756
0.014193052348915122
0.016715702970814178
0.019056846790575795
0.021042111859426026
0.022701239010619094
0.023765815075485943
0.024290926108431553
0.024374046993705607
0.02417172440955915
0.02389611010806038
0.023907101166330887
0.0242868247416062
0.02527432524313233
0.026942732762315583
0.02922930363431197
0.03193205500553211
0.034736653365833564
0.03727445865500603
0.039183584762077554
0.04018450872792808
0.04011725666957029
0.03895618723436251
0.03679296954744556
0.03380517689688511
0.031465333153763805
0.02761163387549348
0.023653770585429112
0.019705487609601825
0.01602963654830045
0.012809422385150057
0.01018713791608393
0.008278992101959029
0.007108294403964478
0.006655901722338177
0.006855803291966982
0.007604271969961148
0.008728301636005307
0.010057158884052696
0.011419370177512121
0.012664755395063015
0.013678996059400796
0.014398393702148488
0.014766851050048439
0.014766800472360031
0.014389567072048236
0.013644493650986658
0.012569429571017993
0.011237460358509496
0.009750718049397759
0.0082207141331851
0.00722573669864137
0.005824274307927732
0.004569063406949394
0.0034782234290334723
0.0025559287185408517
0.0018006563220846635
0.0012078913616845554
0.0007672855618161236
0.00046060839769133146
0.0002628269757450574
0.0001460499344623712
8.407161811021903e-05
5.553676076488506e-05
5.343341104434892e-05
6.39889355304731e-05
8.993327492109568e-05
0.0001395736939044816
0.0002249315555730892
0.0003591728599626014
0.0005545979881427316
0.0008015307469891554
0.0010805511982669928
0.0013550391915215984
0.0015827082321967394
0.0017295631490249874
0.001781427141735897
0.0017665728401136374
0.0016864445552907824
0.0015602754522473679
0.0014089676861925606
0.0012428398934578
0.0010649796053233084
0.0008784304791695106
0.0006910443043596523
0.0005155080456297862
0.00036490951320365184
0.00024786561124825774
0.00016611736817644346
0.00011518699240189104
8.716799056525028e-05
7.377863865028283e-05
6.823124238919077e-05
6.606338732445756e-05
6.51053138258146e-05
6.373435930577663e-05
6.157905763884847e-05
5.855717036462663e-05
5.492842227571994e-05
5.126628646489243e-05
4.832857137591822e-05
4.683894884305741e-05
4.683937672484533e-05
4.833494317427397e-05
5.1726198015302966e-05
5.5924688126837394e-05
6.0651051878614807e-05
6.560678887064353e-05
7.079237357607808e-05
7.668449468253223e-05
8.385559554200144e-05
9.22048115150285e-05
0.0001011855241339736
0.0001093545684367233
0.000131183529661201
0.00015417384852876257
0.0001936609623391365
0.0002632926751024487
0.00037893156353227656
0.000552898283282313
0.0007939043557885753
0.0010787359273845185
0.0013766374254346318
0.0016423523457194276
0.0018337367482082981
0.0019251870677051048
0.0019176525846789565
0.0018339983842520938
0.0017516530964330436
0.0016088140083724317
0.0014567686708111538
0.0013088379623261831
0.001156873585552024
0.001009105648353733
0.0008829519056846606
0.0007998428177490357
0.0007817138726496667
0.0008438424698306267
0.0009746743354472929
0.0011506201240768415
0.001333432933047599
0.0014820298733436723
0.0015671964923528162
0.0015790072024210809
0.0015262127170731273
0.0014285932307108113
0.001305919900480568
0.0011707320705367607
0.0010277409301350804
0.0008783171271279283
0.0007254085572550961
0.0005757499164471622
0.000438322621404712
0.0003209902455437428
0.0002561755583094967
0.00017945821029690615
0.00012497479521848072
8.833266467625344e-05
6.469231376916351e-05
4.972926491710797e-05
4.0338846835273135e-05
3.385846975264361e-05
2.9077018505742457e-05
2.5658209032074643e-05
2.3970648889739757e-05
2.4657240801093293e-05
2.8290217864894164e-05
3.4717666129082165e-05
4.3036402588097895e-05
5.4090354724225e-05
6.507536175397348e-05
7.701188474353187e-05
9.233971491468431e-05
0.00011550816247834727
0.0001507933540320961
0.00020234919018032187
0.00026957705966618964
0.0003472291051157074
0.0004260162951662762
0.0004946941753692704
0.0005303781423402349
0.0005643316804940064
0.0005747581483811898
0.0005655290490670366
0.0005419796578178311
0.00050826926472411
0.0004664076281990943
0.0004171627393050913
0.00036170541319090964
0.0003026085250157753
0.00024360645302894522
0.0001885276473377966
0.00014024722866712644
0.00010022921313126812
6.876639062415473e-05
4.517017025386832e-05
2.8470138520452592e-05
1.7519129505302952e-05
1.1180358464413847e-05
8.436543479428567e-06
8.372848141321422e-06
1.018171923482952e-05
1.3100918417602543e-05
1.6359540313309692e-05
2.3707883742621243e-05
2.924311823745474e-05
4.133993928523964e-05
6.272377693152248e-05
9.988464090126504e-05
0.0001605460616133376
0.00024965145270868026
0.00036984897763085126
0.0005104374712633328
0.0006583240171449746
0.0007928634386987315
0.0008973300543856191
0.0009630541911315797
0.0009914569138398802
0.0009912435684707025
0.0009728702462205169
0.0009424093212230474
0.0009002334156755377
0.0008438518615057619
0.0008124405098436915
0.0007727132487167848
0.000754330454067313
0.000783873035726788
0.0008867106985452388
0.001086855114247278
0.0014166526691817465
0.0018783862282939494
0.0022580906766175696
0.002925551082921443
0.003677587622492209
0.0044592735232601224
0.00520344631113482
0.005842780669037845
0.0063206436980496475
0.006602359883122905
0.006677969793504336
0.006559952386419718
0.006277779575777356
0.005864961997800106
0.005358650228830511
0.0047906182085509326
0.004189234884843665
0.003579724536164051
0.0029861008297166055
0.002431532162700354
0.001936773239603962
0.0015171107697934216
0.0012420132978416397
0.0010528466470667802
0.00097752233420792
0.0010326574891922876
0.0012372851985064015
0.0016173832142613535
0.0019824133637525096
0.0027445153674742046
0.0037453700878580885
0.004968495786456602
0.006371855075992374
0.007867987351707788
0.009339776835516045
0.010659137601979543
0.01170988351164872
0.012405961841138994
0.012710117025428605
0.012632518870814291
0.012220938337657642
0.01154408832273155
0.010673422114603434
0.009672859283149845
0.00858947148351529
0.007462400182071782
0.006326337002706191
0.005217985522571376
0.00417719195535225
0.003243751350661581
0.002447457621028343
0.0018036505517847526
0.0013105986118188634
0.0010580805457201217
0.0007763221112372027
0.000588503458222901
0.00047207174375590394
0.00040735466049958587
0.0003778231810298435
0.0003688629869679627
0.000367554104395718
0.0003641085386567136
0.0003534137366511842
0.00033515475708531463
0.000312072737697903
0.00028728180459405736
0.00026738955774967136
0.0002490307166829266
0.00023529295555163726
0.00023056281020492685
0.0002414156237259818
0.00027491336602362564
0.0003359616785598099
0.0004208628811104612
0.0005178171284214861
0.0006091706926985911
0.0006766932576057092
0.0007082441885750092
0.0007024607960742335
0.0006821322269665328
0.0006372778326903768
0.0005872651720758987
0.0005404754443231774
0.0004980934472405653
0.0004565815586795145
0.0004117031226413738
0.000362037957734711
0.0003096110019068229
0.0002584135826916396
0.00021225922501097365
0.0001734433698643317
0.00014424382217675737
0.00012204428415225556
0.00010675346437120075
9.73327197979382e-05
9.290176994763839e-05
9.282372018959157e-05
9.682557231162089e-05
0.0001048455295446278
0.00011669044419986253
0.00013179188822583468
0.0001962732950795045
0.0002649737741737052
0.000365129990202723
0.0005184720291922988
0.0006621004755922727
0.0009605943174957213
0.001382851077490681
0.001968289746398436
0.0027109020792340146
0.0035951638455405488
0.004585099495330603
0.005615061364419387
0.006602596330595507
0.007462165392138349
0.008120496899968018
0.0085291903259414
0.008687034059877384
0.008591310671903414
0.008285966515285455
0.007823456990601768
0.007257110390474132
0.006637293962581899
0.006001245921818376
0.005391404781759967
0.004821746017782869
0.004316568377378475
0.0038880436635531667
0.0035393871094852257
0.003264580218851638
0.003049668873669301
0.002930547477449367
0.0027736261020890633
0.0027195940653859576
0.002653223332592104
0.0026339825714473087
0.0026862442737545407
0.002843589208665964
0.0031407884575196483
0.0036287341177320947
0.004311390950227715
0.00518193778191496
0.006209325368219625
0.007324576546829957
0.008432545120265969
0.009426967152296822
0.01021027192425978
0.010712187980891555
0.010937014987164753
0.010858801691595104
0.010537217776854551
0.010041771045967943
0.009443290247647314
0.008804598707209567
0.008176075146267609
0.007613687219960962
0.007274651931671864
0.00684110710672355
0.006502226459566217
0.006250350774416901
0.006064875063175319
0.00591599599648332
0.005771061598563727
0.005601763538128828
0.005388736582455889
0.0051235006382156665
0.004806680538888533
0.004444422886607998
0.004045234090297718
0.003618272576036802
0.003173234719731401
0.0027210168092797484
0.002274453777806825
0.0018472183375426697
0.0014536101363362512
0.0011057335246185066
0.0008127052512387625
0.0005790234207872578
0.0004041453862581718
0.00028294177983124427
0.00020643382311230787
0.00016357069253915973
0.00014791494991984243
0.0001358572685250828
0.0001300096298660345
0.00012478536599304452
0.00011778369416448478
0.00010903250178925736
9.968781661270433e-05
9.082929339893649e-05
8.273436776154956e-05
7.488044784268854e-05
6.645725524882826e-05
5.698491199159902e-05
4.66161072799364e-05
3.609846252640155e-05
2.6386377388454797e-05
1.827919363724459e-05
1.2497718102468422e-05
8.838067232466138e-06
7.307966215052719e-06
7.835522130245976e-06
1.0394164507209605e-05
1.4960782006890677e-05
2.1734532666456325e-05
3.0079863749716253e-05
3.953627435105896e-05
4.917141658908758e-05
5.580009442353548e-05
6.556426833581643e-05
7.610145411189268e-05
8.866533853269543e-05
0.00010465874715319561
0.00012388869819025784
0.00014527756038580503
0.0001661278441127607
0.00018317033851255379
0.0001948366441346024
0.0001992879034786163
0.0001982345160115611
0.00019529330409629044
0.0001956220704974497
0.00020385519836860474
0.00022342905147556158
0.0002548485316525774
0.00029563722210991267
0.0003376853311453093
0.0003731689527078816
0.0003949822358198252
0.0004005457900247225
0.00039106821887540673
0.00037277270028639604
0.0003529288337438156
0.00034147574385189376
0.0003280894083731412
0.0003180425118039307
0.00030801538808108823
0.0002956614394379118
0.00027976591400791267
0.0002622489074729872
0.00024576493035136646
0.0002324270568658612
0.00022230854009208707
0.00021405186109010668
0.00020548389226401656
0.00019492957295655418
0.00018188904176040622
0.0001670425549358156
0.00015166607552009656
0.00013680059927720912
0.00012289817233382714
0.0001097399028071236
9.680282375407348e-05
8.369666460188529e-05
7.110671833663176e-05
5.914028944593692e-05
4.908429550619225e-05
4.228651724137081e-05
4.0010102680203036e-05
4.2314266705799496e-05
5.061442760643664e-05
6.548370857298815e-05
8.665582257617707e-05
0.00011203684474253438
0.0001395467398871922
0.00016678637861906965
0.00019164949200926962
0.00021316215746801855
0.00022911933871119642
0.00023852787345592043
0.00024030558545993732
0.00023413939615313432
0.00022178138437341127
0.00020492824275932583
0.0001870171561917696
0.00017121724327344272
0.00015932300311130544
0.00015192913798432777
0.00014838914055568134
0.0001474936433765662
0.00014734204121067784
0.000146120867157099
0.00014247151303656912
0.00013586724684302981
0.00012668887592985007
0.00011989635657524912
0.00011003574320778011
0.0001019457313863418
9.619514222049026e-05
9.217996884570862e-05
8.866137554443126e-05
8.390247455397577e-05
7.738378761980042e-05
6.942671546947794e-05
6.176397734599654e-05
5.537142188706493e-05
5.18481230294636e-05
5.338634129944455e-05
5.998386028855911e-05
7.267036679825618e-05
9.337776133193659e-05
0.00012160463488553952
0.00017126639514969839
0.00022881463970505128
0.00030119994909541526
0.0003918842612174561
0.0005038693909154397
0.00064000171288263
0.0008026100204461599
0.0009934200053728995
0.0011354755532156828
0.0013605185917142642
0.00159484441993252
0.001827500269105364
0.002046009106657136
0.0022382144018541802
0.0023928559898971457
0.0025012088611160743
0.0025551058285550043
0.0025505471384310798
0.0024875211858428133
0.0023714653911567807
0.0022130703141028745
0.002026648560864752
0.0018269921628865002
0.0016262136624498214
0.0014305804648395498
0.0012418376117956506
0.0010589634302198855
0.0008814658948809908
0.0007117563344685099
0.0005550568126505201
0.0004177762096602171
0.0003048435499244968
0.00021787759719357853
0.00015485090496633437
0.0001239422086854786
9.022944461959038e-05
6.725896024677684e-05
5.1066755882466796e-05
3.990562594421297e-05
3.205731692639322e-05
2.7589001360399403e-05
2.7013443704931158e-05
3.110050481032716e-05
4.0532200255170835e-05
5.5388322871211835e-05
7.454164071957739e-05
9.612507910930796e-05
0.00011606435121517097
0.00013205156394495283
0.00014132198944994727
0.00014491879732233306
0.0001461438846367844
0.00015021156263073514
0.00016209588786452757
0.0001844981424903286
0.00021620471232136615
0.00025396380636711404
0.0002893035417270777
0.0003159855498272151
0.00033068143294450234
0.0003340724541829557
0.0003336700128305373
0.0003326613167276719
0.0003380430914351271
0.00035427054000071933
0.00037812103687806395
0.000403468293238388
0.00042250447088353874
0.00042968746394665344
0.000424055123707136
0.0004087060068429739
0.00039008477864842424
0.0003742175761984781
0.00036471333898123643
0.0003619488799600674
0.0003648307760626121
0.0003963402753228601
0.0004287821115106263
0.0004778727766375137
0.0005578061100144996
0.0006869001309320904
0.0008875854322049945
0.0011823817045940046
0.0015883803729575116
0.0021212548738151625
0.0027580236391108147
0.0032240155236676346
0.003952357768670891
0.00466268208395677
0.005291027008957893
0.005781051780503577
0.006094509494104865
0.006218104431277022
0.0061640600697408215
0.005968618191201297
0.005670648483765192
0.005313349332381107
0.004928806987421946
0.004533505648028422
0.004133465485249777
0.0037286645125948884
0.0033196559304700915
0.002912342833331086
0.0025185187591601327
0.002152814134411894
0.0018283097483418572
0.0016518245469387626
0.0015289915950753793
0.0015160673799058668
0.0016526651121984014
0.0019837853824325497
0.0023402572058922005
0.0031212659127600297
0.004237693052433874
0.005737700645325295
0.007562349477775106
0.009617674122460505
0.011761449525310403
0.013804284881538995
0.015550963095708125
0.016839860386272134
0.017576552853395738
0.01775067806359036
0.01742971929188575
0.01673199652810307
0.015788686056109443
0.014708697294500356
0.013558214561705162
0.012360016479843175
0.011109379000843314
0.009797503928837646
0.008430938054621724
0.007041261513855763
0.005681534245889708
0.004413817004396288
0.0032937735901734065
0.0023590831011479022
0.0018467408072193664
0.0012403244092195611
0.0008101225787559182
0.0005227232746101071
0.0003435588016884331
0.00023992147330567363
0.00018538841509914913
0.0001604936187767023
0.00015283091576620705
0.00015523232887772493
0.00016401593396516697
0.00017721975900524082
0.00019321571360807638
0.00021021912273815272
0.0002250802267048864
0.0002940776569459596
0.000358141779168008
0.000453893660683079
0.0006056007535003234
0.0008427200398838527
0.0011969316705625797
0.0016959727746971073
0.002354762576447816
0.0031883598737089828
0.004146260159710864
0.005165851406427017
0.005841916080436442
0.006781185488627032
0.007551757433702241
0.008085224773189535
0.008412927082601126
0.008481246439557295
0.008371595957771743
0.008172767832885968
0.007974971065608285
0.007854912818620574
0.007862148722098219
0.008012717309902034
0.008311897872384962
0.008697826970606606
0.009107686528204902
0.009475358727875168
0.009732274639583439
0.009824848625382644
0.009725151116708653
0.009436867650423156
0.008992297485082117
0.00844308019691145
0.00784465570559635
0.007240930575800156
0.006654967964085369
0.006275138596502925
0.005711660166562008
0.005138465090794596
0.004540430023537075
0.003917610750010452
0.003281798053396063
0.0026605273042289326
0.0020864610695980304
0.0015886163536938179
0.0011864704620828577
0.0008861142333942771
0.0006798494890224399
0.0005503372451755743
0.000473736201948741
0.000427209928627252
0.0003928500378169752
0.00036070266705734845
0.00032848375030033967
0.0002991032230065016
0.0002768091708955606
0.0002639680843716588
0.0002593923748059762
0.00025864492923137065
0.00025613920484075873
0.0002466436173749126
0.00022796378637653453
0.00021072563847523992
0.0001800021297725405
0.00014736708935800843
0.00011715912904631054
9.242183563919566e-05
7.426308360938376e-05
6.196529252347709e-05
5.365468635914131e-05
4.7191355399180194e-05
4.093096763961732e-05
3.4117311015968166e-05
2.6848069080814793e-05
1.9730670862249195e-05
1.3464057230834967e-05
8.507109319020169e-06
4.984448180791426e-06
2.736109273580343e-06
1.458201137665473e-06
8.311600722085124e-07
5.937605778140482e-07
5.626223683503452e-07
6.188518191933303e-07
6.899791105335132e-07
7.339985003004035e-07
7.654212408466328e-07
7.65518131400121e-07
7.698006292999781e-07
8.218298255581278e-07
9.756374482648282e-07
1.2786652757427849e-06
1.7495071447952246e-06
2.364156491381153e-06
3.0759141306481037e-06
3.769959837110084e-06
4.336113373082566e-06
4.827314148574845e-06
5.147764201082804e-06
5.469048819210551e-06
5.965458348772481e-06
6.768378786148362e-06
7.960695782549533e-06
9.454021613495803e-06
1.1119752416714852e-05
1.2766012855464304e-05
1.4279216948327812e-05
1.6479959927293808e-05
1.8939788159739648e-05
2.2975193883539272e-05
2.952026122334658e-05
4.026841235081284e-05
5.674654957654722e-05
8.005345776170723e-05
9.985288764040116e-05
0.000133553208458178
0.00016946994243834752
0.00020232673130007373
0.00022706624558502895
0.00024070956596574606
0.00024366039854134322
0.00023964357022512078
0.00023336876702373315
0.0002297271383473094
0.0002305440360316227
0.00023541456649291034
0.00024193649180908534
0.00024726034068775195
0.0002491637080310243
0.00024657650721628024
0.00023882204589603355
0.00022570853916597464
0.00020762378339985759
0.00018535426672539355
0.00016089478074664764
0.00013696943155544505
0.00011646736908462442
0.0001011076966381503
9.124414126206317e-05
8.714447041070224e-05
8.315221984101909e-05
7.981875386916142e-05
7.557187299542595e-05
6.996178959165698e-05
6.360473253479176e-05
5.74005973200097e-05
5.237592866517734e-05
4.8940791254242156e-05
4.7132151496492335e-05
4.6616854104101215e-05
5.171701878123802e-05
5.7511981758815607e-05
6.656584752206784e-05
8.086365090724305e-05
0.00010281289353917278
0.0001355947651719096
0.00018189623488170458
0.0002444878070826557
0.0003244484190671788
0.00042239113670328377
0.0005316017349520863
0.0006436625774191173
0.0007484173408451922
0.0008343701295217785
0.0008921814214413602
0.0009124858747334103
0.0009157428559408861
0.0008912247210497851
0.0008481306864025044
0.0007968736414941654
0.0007462044387616507
0.0006997940244007534
0.0006573636278153031
0.0006151148083508007
0.0005685751397812536
0.0005148251451064012
0.0004538935158374272
0.0003886955529950728
0.0003238153871067845
0.00026384795146499603
0.00021203413544621509
0.0001696419611162213
0.00013615242246332613
0.00011910121856342983
0.00010818968064894628
0.00010791008362568293
0.00012185589710029561
0.0001548092157914058
0.00021267862830137162
0.00030138363879281916
0.00042498656425234073
0.0005272234571685102
0.00070740668246111
0.0009184381502508869
0.0011365784357172401
0.001346038026939574
0.0015266053870939247
0.0016606943409579681
0.0017375635961294634
0.0017556556938024728
0.0017226789839490887
0.001653080587128261
0.0015637034504250077
0.0014693571893504525
0.0013787392496159105
0.00129397258619913
0.0012118353748525397
0.0011259326258725687
0.001030875692227325
0.0009250547445530238
0.0008111976488804768
0.000695448962348754
0.0005855021749553312
0.00048778927905148177
0.0004059644226751094
0.0003404259853950351
0.0003046527147812629
0.0002600480607478195
0.00022345470786482277
0.00019245461674377326
0.0001663200561656253
0.00014522952820518237
0.00012955443659268544
0.00011903824808342325
0.00011247173264158469
0.00010791937467115491
0.00010330459659984689
9.705029638773758e-05
8.848315683238512e-05
7.794854197336616e-05
6.629005343568275e-05
5.469635087705779e-05
4.417124519595933e-05
3.536605683091681e-05
2.8551246180238546e-05
2.368112803788721e-05
2.048217406860112e-05
1.850871542089754e-05
1.7247398258305843e-05
1.6183826910832875e-05
1.4939708123508466e-05
1.3345751539653211e-05
1.2111233541597427e-05
1.1767968414996314e-05
1.229322356804772e-05
1.558537082459208e-05
2.3599609483448362e-05
3.860294649295423e-05
6.270906128028708e-05
9.698131654610236e-05
0.00014024827109292116
0.00018863897669800465
0.0002353349844370718
0.0002721453865812245
0.00029262072958469176
0.00029457392533641346
0.00028094708667861473
0.0002589069917509697
0.00023702150935606313
0.00022194279923604322
0.0002160043087647913
0.00021680798870416445
0.0002189424841470536
0.00021662758082906453
0.00020615695714356006
0.00018716353014436608
0.0001622760172392136
0.0001357956946469026
0.00011908232693730241
9.74204994092343e-05
8.0649888003268e-05
6.836159186226867e-05
5.949989953847063e-05
5.308049006064907e-05
4.8468632439776816e-05
4.5239446788902355e-05
4.2895649665727216e-05
4.073607102841206e-05
3.799019943888242e-05
3.41133322542823e-05
