N :Calcite
N :Gibbsite
N :Dolomite
Y :100.0% Hematite, Diffracto n :1406
0.0
0.0
0.0
0.0
0.0
0.0
0.0
0.0
0.0
0.0
0.0
0.0
0.0
0.0
0.0
0.0
0.0
0.0
0.0
0.0
0.0
0.0
0.0
0.0
0.0
0.0
0.0
0.0
0.0
0.0
0.0
0.0
0.0
0.0
0.0
0.0
0.0
0.0
0.0
0.0
0.0
0.0
0.0
0.0
0.0
0.0
0.0
0.0
0.0
0.0
0.0
0.0
0.0
0.0
0.0
2.1634239337211254e-35
4.486223450803428e-35
8.723437092202442e-35
1.5906031089636402e-34
2.7195902872968008e-34
4.360262110832274e-34
6.555248709188034e-34
9.24130303063697e-34
1.2216441233109212e-33
1.5143409624089892e-33
1.6861319822265916e-33
1.8776571458560455e-33
1.9606879681713358e-33
1.919853696177147e-33
1.7627683560950256e-33
1.5177135741092513e-33
1.2253265733916095e-33
9.276440147640272e-34
6.58534151961886e-34
4.3837191192183904e-34
3.780653497376766e-34
4.1323139609908006e-33
1.1179807361440009e-32
2.2616825557060002e-32
4.310885670630339e-32
7.716381310509175e-32
1.2960138610404048e-31
2.042027416567652e-31
3.018181022886409e-31
4.184601136313129e-31
5.442339987332264e-31
6.639555699566777e-31
7.598246912666412e-31
8.156582639127407e-31
8.213401061749087e-31
7.758134823422944e-31
7.207971181550456e-31
6.119918412517724e-31
4.874125832174507e-31
3.641380325170905e-31
2.551838900303359e-31
1.6774828817206486e-31
1.0343804532751562e-31
5.983008440101546e-32
3.2462036747246565e-32
1.652146232740423e-32
7.88746587791431e-33
3.532177309782535e-33
1.4837583550872788e-33
5.846543659879408e-34
2.16097721555968e-34
7.492310212114548e-35
2.436662904611299e-35
7.433422530664717e-36
2.1271364155122948e-36
5.709715453024606e-37
1.4376249069879278e-37
3.3953774824779513e-38
7.522136276853782e-39
1.5631629096483926e-39
3.0470276895478907e-40
9.885941646529864e-41
1.732088777472583e-41
2.8466166676102862e-42
4.3882723545906564e-43
6.34545639372612e-44
8.606682142038537e-45
1.0949924592850243e-45
1.3067357112515746e-46
1.4627308183138575e-47
1.535818121480779e-48
1.5125597669041145e-49
1.397273079572456e-50
1.2107224518239481e-51
9.840133263859312e-53
7.501514030104386e-54
5.363976626459175e-55
3.597603020440327e-56
2.2632179818010873e-57
1.3354408407662031e-58
7.391053652574314e-60
3.836805376604729e-61
1.8681560706560865e-62
8.531683672231577e-64
3.654540261585074e-65
1.4682681168655477e-66
5.53287395088333e-68
6.001418538749318e-69
2.0324345054570276e-70
6.455755583200913e-72
1.9225994478831486e-73
4.1583799321280818e-75
0.0
0.0
0.0
0.0
0.0
0.0
0.0
0.0
0.0
0.0
0.0
0.0
0.0
0.0
0.0
0.0
0.0
0.0
0.0
0.0
0.0
0.0
0.0
0.0
0.0
0.0
0.0
0.0
0.0
0.0
0.0
0.0
0.0
0.0
0.0
0.0
0.0
0.0
0.0
0.0
0.0
0.0
0.0
0.0
0.0
0.0
0.0
0.0
0.0
0.0
0.0
0.0
0.0
0.0
0.0
0.0
0.0
0.0
0.0
0.0
0.0
0.0
0.0
0.0
0.0
0.0
0.0
0.0
0.0
0.0
0.0
0.0
0.0
0.0
0.0
0.0
0.0
0.0
0.0
0.0
0.0
0.0
0.0
0.0
0.0
0.0
0.0
0.0
0.0
0.0
0.0
0.0
0.0
0.0
0.0
0.0
0.0
0.0
0.0
0.0
0.0
0.0
0.0
0.0
0.0
0.0
0.0
0.0
0.0
0.0
3.806246145623637e-35
8.266803626232983e-35
1.6836268126014387e-34
3.2153000461364e-34
5.757906934718913e-34
9.668859211055613e-34
1.5224859480823173e-33
2.2480129593026333e-33
3.1125174084756204e-33
4.041031435271833e-33
4.919717094314151e-33
5.616367162364156e-33
6.012267766451385e-33
6.035157360665056e-33
5.838088988205902e-33
5.2646167714812364e-33
4.4517449682094736e-33
3.529890643446006e-33
2.6245792245820177e-33
1.829892526759016e-33
1.1963518935442422e-33
7.334318407163774e-34
4.216266367866279e-34
2.2728133998686346e-34
1.1488596679894671e-34
5.445498546936151e-35
2.420336614235871e-35
1.0087449093908559e-35
3.942342959093294e-36
1.4447573413540783e-36
4.96481280676649e-37
1.5998464727390643e-37
4.834161985009951e-38
1.369719222336907e-38
3.63922882262542e-39
9.066812555596883e-40
2.1182019931012054e-40
4.640316127262227e-41
9.532245645087624e-42
3.202154285162772e-42
5.909295103785376e-43
1.0225782835188354e-43
2.489787208658424e-34
5.316116955962823e-34
1.3225781434799202e-32
3.346210387942929e-32
6.612396302204286e-32
1.2271515309841892e-31
2.1387340699502517e-31
3.5004392970251364e-31
5.380039771177138e-31
7.7649291649448514e-31
1.0523789999970143e-30
1.3393206213534028e-30
1.600556182852102e-30
1.796091939410349e-30
1.8925856993759675e-30
1.8726238405552988e-30
1.7398530584064823e-30
1.5178918354366115e-30
1.2434676968705213e-30
9.565168880693273e-31
6.908979839485027e-31
4.685938545886561e-31
2.9842711395204068e-31
2.133086689408372e-31
1.223136066609359e-31
6.585522071081033e-32
3.329274324117585e-32
1.580326216874623e-32
7.043274775227527e-33
2.947306120652046e-33
1.1579496590899454e-33
4.2712809326709614e-34
1.479176438625341e-34
4.809099669106566e-35
1.467835430294881e-35
4.2057932546136885e-36
1.1312589444269958e-36
2.8563127764384873e-37
6.769627642448358e-38
1.505997983837195e-38
3.1446306004749465e-39
6.162903740272905e-40
1.1335910234183401e-40
1.9568944991599007e-41
3.1703207553872845e-42
4.820017958411563e-43
6.87683841402329e-44
9.206805423762561e-45
1.1566304745598124e-45
2.800435566189599e-46
3.163898268610418e-47
3.353883798077247e-48
3.3357149300222726e-49
3.1126660031724333e-50
2.7249998763968413e-51
2.2380973093170127e-52
1.7244815635732144e-53
1.246505842710927e-54
8.452316985705739e-56
5.376416576309167e-57
3.208013336445186e-58
1.7955455521763274e-59
9.426816016831244e-61
4.642305747992526e-62
2.1443453972057788e-63
9.290532850661944e-65
3.775412226370733e-66
1.4389952895697787e-67
5.144217722700197e-69
1.724798521460301e-70
5.423878462837635e-72
1.5996716358725485e-73
4.2805574511251146e-75
0.0
0.0
0.0
0.0
0.0
0.0
0.0
0.0
0.0
0.0
0.0
0.0
0.0
0.0
0.0
0.0
0.0
0.0
0.0
0.0
0.0
0.0
0.0
0.0
0.0
0.0
0.0
0.0
0.0
0.0
0.0
0.0
0.0
0.0
0.0
0.0
0.0
0.0
0.0
0.0
0.0
0.0
0.0
0.0
0.0
0.0
0.0
0.0
0.0
0.0
0.0
0.0
0.0
0.0
0.0
0.0
0.0
0.0
0.0
0.0
0.0
0.0
0.0
0.0
0.0
0.0
0.0
0.0
0.0
0.0
0.0
0.0
0.0
0.0
0.0
0.0
0.0
0.0
0.0
0.0
0.0
0.0
0.0
0.0
0.0
0.0
0.0
0.0
0.0
2.4503567508355365e-35
5.263063714646061e-35
1.0600232667111804e-34
2.001979513911122e-34
3.545449643421815e-34
5.887765098297458e-34
9.168474665877172e-34
1.33878600818787e-33
1.8331276218291545e-33
2.353649012116951e-33
2.8337279771809692e-33
3.199205058341822e-33
3.386830473317748e-33
3.362112959825091e-33
3.1296704099630166e-33
2.878976115996914e-33
2.4075212743450175e-33
1.8878594843535973e-33
1.3881508385653812e-33
9.571304092165743e-34
6.188323807732372e-34
3.751823568266152e-34
2.1329429780001906e-34
1.1370604247639133e-34
5.684016164754302e-35
2.6643699419816457e-35
1.1711194876773527e-35
4.826978352212877e-36
1.8655932233161555e-36
7.634619099669429e-36
1.520437967056554e-35
3.029102279107286e-35
5.72010411164258e-35
1.0146269973402548e-34
1.6880844536729514e-34
2.6337102687136655e-34
3.8531172411468515e-34
5.285966125209709e-34
6.799924048835528e-34
8.202594091035755e-34
9.278245136531838e-34
9.719058141706252e-34
9.876079353176677e-34
9.410494007092818e-34
8.408291030461938e-34
7.044829862344073e-34
5.53478485576802e-34
4.077541970189176e-34
2.8168491956460533e-34
1.8247199282015997e-34
1.1083994313679936e-34
6.313407685113339e-35
3.3720875047702136e-35
1.6888897437964874e-35
7.93179026330328e-36
3.4930805972194646e-36
1.4424921288177032e-36
5.5858048496014105e-37
2.0282688765800695e-37
6.906098294887805e-38
2.2049941689640147e-38
6.911598795125003e-36
1.4622937286922635e-35
1.6445994327445687e-34
3.401885290572936e-34
3.955888787423187e-33
9.265644336536527e-33
1.6837955520641957e-32
3.299928655422112e-32
6.091175071204674e-32
1.0585844906586894e-31
1.7316304450197926e-31
2.6655959242917075e-31
3.8607352390187708e-31
5.26052229786456e-31
6.742692400586133e-31
8.12940535162573e-31
9.219140508901887e-31
9.833790587955633e-31
9.866156919533816e-31
9.310483622678886e-31
8.264095650301982e-31
6.899514066849566e-31
5.418025829580244e-31
4.001836608550066e-31
2.7801343103405075e-31
1.8165536937890486e-31
1.116322522116046e-31
6.451607440057657e-32
3.5063533147722583e-32
1.7919285243998662e-32
8.610456156948962e-33
5.1043843163154256e-33
2.2128756085486636e-33
9.017674781805953e-34
3.807518588693712e-34
2.0093794729965943e-34
1.9770195288172783e-34
1.5915532925094704e-33
3.2523430823081714e-33
7.306694231656805e-33
1.358975798616728e-32
2.382284006347396e-32
3.934633162245021e-32
6.121179293095956e-32
8.968076162912817e-32
1.2371614749602036e-31
1.606793379183904e-31
1.9645169556523192e-31
2.260887016594617e-31
2.4490737608425637e-31
2.4969077641008288e-31
2.3958599542376083e-31
2.163517073194255e-31
1.8385699794258515e-31
1.4702790481587888e-31
1.106355455077485e-31
7.833148026500562e-32
6.015221814125939e-32
3.8470544558124813e-32
2.3144744640470837e-32
1.3097180784371378e-32
6.970345840536162e-33
3.488412839843698e-33
1.6415018338109472e-33
7.26165117318049e-34
3.0195964817416822e-34
1.1801036397293458e-34
4.3339830530631605e-35
1.495508110618357e-35
3.003515710256336e-35
5.630076578002421e-35
1.1232435873057402e-34
1.3649037790487063e-33
2.8591054857140647e-33
6.323755061116219e-33
1.1919449698551173e-32
2.1162803603458994e-32
3.5384279341724445e-32
5.570249579202763e-32
8.254565035616835e-32
1.1513734818745611e-31
1.5114884100112768e-31
1.867404160823206e-31
2.0788040049706034e-31
2.3211534570801158e-31
2.4391039508045605e-31
2.4121278596458006e-31
2.2450353148164003e-31
1.1219199226399967e-05
2.3757514496959227e-05
4.7174532699478386e-05
8.783784489279935e-05
0.00015336391901026676
0.000251091600482788
0.0003854860204674603
0.0005549483217644574
0.0007491415973921385
0.0009482934352928222
0.001125612834997559
0.0012528607107089452
0.0013076273775416906
0.001279772225090758
0.0011744886310655447
0.0010107236200670039
0.0008156117503886962
0.0006171660020075286
0.0004379131381915375
0.000291367707652842
0.00018178678976498399
0.00012807317576868396
7.178353646055114e-05
3.7727582985300354e-05
1.8593475542804932e-05
8.592699651108486e-06
3.723626802738325e-06
1.5131086873573336e-06
5.765560886854495e-07
2.0600628104022794e-07
6.902188603171296e-08
2.16850607722372e-08
6.388544525502763e-09
1.764861663671582e-09
4.57179632304314e-10
1.1105306252031589e-10
2.5295406695608625e-11
5.4028169549716306e-12
1.0820972738787553e-12
2.0322625437666878e-13
3.5789924630947505e-14
5.910295783314462e-15
9.15219171733421e-16
1.3289494544870711e-16
1.809502879298014e-17
2.3103488176749357e-18
5.652470813825577e-19
6.483393382275068e-20
6.973228223569776e-21
7.032874153732198e-22
6.651188775417345e-23
5.898385636855879e-24
4.904949196853986e-25
3.824752390780617e-26
2.7966595250986093e-27
1.917535135954611e-28
1.2328621653603747e-29
7.432836314809626e-31
4.202526407609294e-32
2.2372458001147564e-33
1.2843995000092205e-34
3.5574371101878576e-35
4.920536727817591e-35
7.397733570859977e-35
1.0474688092720516e-34
1.3909206559381729e-34
1.7319385114923634e-34
2.022227820748492e-34
2.2140894092453757e-34
2.273147877799771e-34
2.1884049334465746e-34
1.975582370870274e-34
1.7805549026574295e-34
1.4440046603648706e-34
1.0981186849654376e-34
7.83064307129557e-35
5.236161551891355e-35
3.2831906862086515e-35
1.9303970171213412e-35
7.421495169080123e-05
0.00015374776040777782
0.00029867140745961675
0.003108535040906563
0.006309028608986913
0.013322947748431792
0.024397932892607246
0.042141215091538745
0.06862508371645087
0.10532679348234128
0.15232425161573043
0.2075390699087999
0.2663702954723085
0.3220361708688528
0.3667352168512101
0.39340434731561186
0.3975411840980502
0.3784452697481047
0.3394086619292022
0.3053667120832316
0.24797375157149606
0.18972025656282246
0.13675267693952822
0.0928643831046378
0.05940419225027271
0.0357922822341902
0.0203096809189258
0.010851351143138321
0.005458174801281178
0.002584057502558429
0.0011511996626594934
0.0004824941628507808
0.00019020596801172222
7.050906893433957e-05
2.457279809465743e-05
8.049266105196762e-06
2.477749992643174e-06
7.165898879239197e-07
1.9467662841989048e-07
4.9671884645196006e-08
1.1901200208108411e-08
2.6772544885653383e-09
5.653904812299583e-10
1.1207633263683426e-10
3.6784038077370144e-11
6.5599084824178334e-12
1.0978040420580499e-12
1.723869857711915e-13
2.5398294914520596e-14
3.510722113788845e-15
4.552550109934124e-16
5.5380499904976535e-17
6.319503100480585e-18
6.76418226630067e-19
6.791073679658819e-20
6.394972152702017e-21
5.648119651635506e-22
4.6786819824018515e-23
3.63486468383036e-24
2.6484383368397314e-25
1.809761091385268e-26
1.1597837137682993e-27
6.970544998931075e-29
3.9312765589164824e-30
2.1000523603688242e-31
1.2227922931573806e-32
2.5215025449133537e-33
2.2825559550249933e-33
3.2248689079871455e-33
5.089383989321006e-33
7.06238844506624e-33
1.1402668581747526e-32
1.7664118999004564e-32
2.5928876097344733e-32
3.5904652619675393e-32
4.683115263228237e-32
5.750887113406938e-32
6.648428314038732e-32
7.236414710553979e-32
7.416765759432306e-32
7.159338175435948e-32
6.510051829735336e-32
5.577436955375393e-32
4.503011817246994e-32
3.4265631624143317e-32
2.4578542568825031e-32
1.662003101339772e-32
1.0595026503968997e-32
6.367384836199175e-33
3.607289518016139e-33
1.926247507064278e-33
9.693589310230994e-34
4.5963290749126536e-34
2.053001992149318e-34
8.635862647994678e-35
3.420097577590515e-35
1.7834116251727457e-35
6.383564767829396e-36
2.14957212584331e-36
6.807581202408937e-37
2.0270533756634344e-37
5.673545550410094e-38
1.492290504208333e-38
3.687752566968143e-39
8.56027657636758e-40
1.8661540912212205e-40
3.820012556425858e-41
7.341268385790759e-42
1.3243567537859473e-42
2.242392592676509e-43
3.5632179711029817e-44
5.313174845839576e-45
7.433763916414365e-46
9.75827109131663e-47
1.201758078604873e-47
1.388402901554476e-48
1.5046854619600301e-49
1.5296356516637355e-50
1.4585628673996552e-51
1.3044944164155793e-52
1.0942742577619231e-53
8.60925745295641e-55
1.525403181890894e-55
1.078438813234728e-56
7.1505336551424e-58
4.446381553514821e-59
2.5929519412179875e-60
1.4180664852054134e-61
7.272918143479867e-63
3.498057714072744e-64
1.5777860031943112e-65
6.673739041186967e-67
2.647206709924282e-68
9.846952747408935e-70
3.4348625072821e-71
1.1235923038303353e-72
3.443653727101518e-74
9.907164695118947e-76
0.0
0.0
0.0
9.111297827856063e-35
1.9772781030219865e-34
4.023673491562417e-34
7.677948025124834e-34
6.1115818749760365e-33
1.24281496836123e-32
1.9344803395801476e-32
3.8706807261551046e-32
6.872904964670386e-32
1.1533680073747154e-31
1.8279289507837492e-31
2.73449470730761e-31
3.85969543721936e-31
5.139029409538314e-31
6.4536931655742644e-31
7.644071219561644e-31
8.539903316540689e-31
8.999899895395747e-31
8.948194358401508e-31
8.39469274055718e-31
7.431865758700221e-31
6.2094370203299445e-31
4.8964924657030705e-31
3.6440869054088105e-31
2.55934018989671e-31
1.6960548820853873e-31
1.060314315970547e-31
6.251705746145961e-32
3.4753455202821926e-32
1.8208915355623929e-32
8.988712651602875e-33
4.179010092471231e-33
2.425362960325216e-33
1.019504832951478e-33
4.032082547619089e-34
1.4998398709303284e-34
5.245571356984353e-35
1.7244106085995107e-35
5.326810141227559e-36
1.5458320983023153e-36
4.21334462062847e-37
1.0783823991953874e-37
2.591321485996759e-38
5.845252364587753e-39
1.1771080023426595e-36
2.5877202223874774e-36
5.339047810504676e-36
1.0330275614743396e-35
1.874263095557701e-35
3.1887240633611236e-35
5.087106275313223e-35
7.610131222948468e-35
1.0675320968709586e-34
1.404226610503245e-34
1.7320519629798451e-34
2.0033281629951176e-34
2.1727548941859467e-34
2.2097179235422427e-34
2.1562684519703052e-34
1.9700384330860874e-34
1.6877729798896994e-34
1.3558786489688325e-34
1.0213981693358388e-34
3.4503137969924336e-05
7.217315047738597e-05
0.00014156640157451735
0.0002603827345969207
0.0004490881913247397
0.0007263041880173468
0.00110147063222041
0.0015663714450619942
0.002088738411622666
0.0026118053706932626
0.003062421949241022
0.003367105375706369
0.00347148943996853
0.003356158399949039
0.0030425415125750702
0.0025864139623121424
0.0020617073573747655
0.001541073904613243
0.0010801582158703282
0.0007099352511770387
0.0005178312344836314
0.0003057492349132016
0.0001692816862134346
8.788647276976787e-05
4.278598695716778e-05
1.9532081829199096e-05
8.36109151184933e-06
3.356177175813624e-06
1.2632643591815478e-06
4.458728912689909e-07
1.4756907478486565e-07
4.579806208106423e-08
1.3328040680001264e-08
3.637081047631012e-09
9.306944179747393e-10
2.2332055604494387e-10
5.0247881127346703e-11
1.0601669627869962e-11
2.0974819930892226e-12
3.891254865881144e-13
6.769375005065093e-14
1.1042691293549364e-14
1.6891520718092032e-15
2.4228695405268006e-16
3.2588079806543243e-17
4.11012446215602e-18
9.973961730844238e-19
1.1300812469190177e-19
1.2006573940462844e-20
1.1961785007557549e-21
1.11748151069199e-22
9.789311791574321e-24
8.041395768071143e-25
6.194099451367216e-26
4.473962834990143e-27
3.030219099729607e-28
1.924523202810802e-29
1.1461454450339408e-30
6.400645510517383e-32
3.35177825112386e-33
1.6458651259817497e-34
7.578454870014778e-36
3.2721601808781476e-37
1.3248170329259415e-38
5.029730457836087e-40
1.7906099021002965e-41
5.977570580547132e-43
1.8711814559306861e-44
5.492556814487427e-46
1.5118220389925894e-47
0.0
0.0
0.0
0.0
1.2867314879996621e-05
2.8282699304125692e-05
5.82936494058886e-05
0.00011266501897868656
0.00020418526815372493
0.0003469981636471018
0.0005529647017596439
0.0008262949585658512
0.0011578178957057151
0.0015212930243389342
0.0018743597554732943
0.00216551147320402
0.0023460404086418953
0.002383295804518126
0.0022703241548816897
0.0020279873992294184
0.0016986742197613585
0.0013342044973360416
0.0009826574834146107
0.0006786555304472781
0.00043950526329529683
0.00026689855910193923
0.00015198328915992922
0.0001007497943953692
5.1539422374002556e-05
2.4723069308054156e-05
1.1120714385828109e-05
4.690622132935852e-06
1.855221083398189e-06
6.880632379944183e-07
2.3929217640030076e-07
7.803619864611131e-08
2.3863336896380383e-08
6.842797697543585e-09
1.839940121525403e-09
0.00012052969444805983
0.0002595257658503689
0.0005240053158157587
0.0009921069927296597
0.0017613627428949385
0.010322162656427504
0.019941150142009555
0.038107320354653196
0.06808167562524871
0.11424787735649494
0.1817576616665301
0.2737890340175314
0.3901346376600371
0.5255579788801402
0.6212448676997769
0.7616170446773622
0.8823349798600599
0.9660947410879971
1.0
0.9788023696588007
0.9061925683140835
0.7937224477492658
0.6577985747284973
0.5158185559057498
0.38267380245870936
0.2685219184378638
0.17815132013791854
0.11169947307944862
0.06614946187464223
0.03697876264796515
0.019500955729556537
0.009695329518623914
0.004541566597733601
0.002003237886762251
0.0008315890854395777
0.0003247290274095053
0.00011922798533729251
4.114439527068756e-05
1.3340441142628392e-05
4.0628234794316535e-06
1.7759562106839312e-06
4.869845827217773e-07
1.2535312300000981e-07
3.0284445358777614e-08
6.8660558456462925e-09
1.460651578728436e-09
2.915372927060007e-10
5.459003593570907e-11
9.589014056555008e-12
1.5799756084355982e-12
2.4418636906873733e-13
3.5397236141688164e-14
4.812596462812124e-15
6.136764200423393e-16
7.33903780819111e-17
8.231330628986536e-18
8.658151318998288e-19
8.540802330676121e-20
7.901066365618441e-21
6.854602653985918e-22
5.57680014274206e-23
4.254919574313488e-24
3.0443798730513748e-25
2.042705079453987e-26
1.2853171469614606e-27
7.584235070111756e-29
1.1092089623607545e-29
5.882013563261153e-31
2.9517475026871714e-32
1.8150376641179443e-33
7.363088061653653e-34
9.523438186521793e-34
1.250417818588854e-33
1.5432538424855673e-33
1.7861515327577175e-33
1.9385085233202215e-33
1.9728072037864186e-33
1.8826476386984012e-33
1.6846935201359682e-33
1.4136445669234971e-33
1.1123129987497131e-33
8.206939988256152e-34
5.678099048021493e-34
7.98103642097756e-05
0.00017236043883275617
0.0003490467409990923
0.0006628225636486296
0.0011802627047080836
0.005701977663968466
0.011039280474910124
0.02042936466576091
0.031030891143514292
0.054098469603838246
0.08888160005124997
0.13864080442806442
0.20499164019455185
0.28698147535384727
0.3801294760244249
0.4762262362173318
0.5642492226656033
0.6323722250682116
0.6705819671686608
0.6730926521470584
0.6397522946464185
0.5759820770740661
0.49132043245726564
0.3971119810315318
0.304096662130995
0.22056733893291705
0.1514639684970514
0.0984152174689499
0.06046443207242486
0.03509887585102229
0.019235339383673535
0.009944420586917484
0.004846239073629641
0.002224692914711023
0.0012802227334424525
0.0005312241115769346
0.00020731485994232677
7.605756388379387e-05
2.6220449167920953e-05
8.49131931030493e-06
2.5823890581050007e-06
7.373498008059198e-07
1.9762504132013657e-07
4.971102749328268e-08
1.1733949897593962e-08
2.5987551725055483e-09
3.3360121184556076e-06
7.167986098587621e-06
1.4444159528329604e-05
2.7293556588877002e-05
4.836107282711132e-05
8.035246898985152e-05
0.00012519010111326719
0.00018289768814673004
0.0002505612476026086
0.00032187485503044476
0.00038772844178046643
0.00043796129362966215
0.00046388599495931257
0.0004607382339690311
0.0004425525399208014
0.0003948695077239129
0.00033037701129769084
0.0002591991081749736
0.00019068856337760547
0.00013154769776323885
8.509603363578262e-05
5.161819869577971e-05
2.936052609818026e-05
1.566001892366926e-05
7.83227978368513e-06
3.673259109628087e-06
1.6154086230594775e-06
6.661632806071834e-07
2.576003477958605e-07
9.340705095660818e-08
3.1759988577933866e-08
1.0126246042193679e-08
3.0274994602068582e-09
8.487643587205336e-10
2.2312984075728178e-10
5.5004172785171504e-11
1.271455254371082e-11
2.755966823504942e-12
5.601629113387105e-13
1.8684860093338215e-13
3.4117404469045736e-14
5.841569917117426e-15
9.37887256776991e-16
1.4120144857471066e-16
1.99340310438966e-17
2.6388734853057474e-18
3.2757403458278504e-19
3.813009006588672e-20
4.161919286483936e-21
4.259777713425106e-22
4.088346361628479e-23
3.6793905618292874e-24
3.10507144113159e-25
2.4571708809812345e-26
1.823375456601003e-27
1.269223097671789e-28
8.332274578450219e-30
5.610398913649127e-31
8.111588362133335e-32
4.8675396689630607e-32
4.053389652457935e-32
3.297071809465539e-32
2.549310113755873e-32
1.876309828207138e-32
1.3141429006084415e-32
1.0126832159404427e-32
6.720209325038693e-33
4.559680760929109e-33
3.4777798595704826e-33
6.699318369985495e-33
1.0994227475264983e-32
1.9053158327334536e-32
3.3796295459032315e-32
5.617964934099538e-32
8.920599705874388e-32
1.347501392271025e-31
1.9318017552200394e-31
2.624658944764897e-31
3.376906464042751e-31
4.1131687671042765e-31
4.743372988626569e-31
5.180986445434723e-31
5.050457576091978e-07
1.0503427944458095e-06
2.048324947827919e-06
3.7457096493971417e-06
9.228489597948248e-06
1.6209823049771322e-05
2.7136129064949147e-05
4.333545986016195e-05
6.604314257333034e-05
0.00014475404071063897
0.0002624257758622123
0.0004536263614038673
0.0007692630126680712
0.001318190690703718
0.002119262384893674
0.003266888769230033
0.004804344749188308
0.006717349803007691
0.00891054587396574
0.011201034754535277
0.013337509502612548
0.015044803885004473
0.016083005007706458
0.016302987610738114
0.015680393526303238
0.014317815250852172
0.012416373087791642
0.010227653438478989
0.008001384561204703
0.005942704292442624
0.0041873943648690435
0.002796833695162155
0.0017689452417594274
0.0010583227777604678
0.0005982802458995958
0.0003961499597523346
0.00020329141463838347
9.831521628429428e-05
4.477254905691156e-05
1.918603361790196e-05
7.731754850237653e-06
2.9286572399049124e-06
1.042248519206059e-06
3.4836368095265773e-07
1.0932693724823082e-07
3.220706451159678e-08
8.90473293728943e-09
2.3103005582753398e-09
5.62391792914105e-10
1.284363934922862e-10
2.751568011932286e-11
5.529512210196113e-12
1.042281119807687e-12
1.8427058945589218e-13
3.0555231632365655e-14
2.2319654969687163e-05
4.673860709600976e-05
9.177650504175185e-05
0.0001689875564478681
0.00029177319972704664
0.00040518600407828034
0.0015883330584784703
0.002911671741587499
0.005145220857987597
0.009031104943277433
0.014812492155002254
0.023191876168799065
0.03455792037808707
0.048897652185529494
0.0656023617546394
0.08338820521720403
0.10040483487118367
0.11454420469996462
0.1238795012758331
0.12710181553517777
0.12381418628617355
0.11459441808990825
0.10082258841977952
0.08434536139025312
0.06708713442189107
0.05071204807140178
0.03640513867193205
0.024795509251139308
0.016004768710993905
0.009778295364943726
0.00564783636688727
0.00379450647221622
0.0019906799403388653
0.0009844307033816107
0.0004584803397068408
0.00020094441556024818
8.282654560845755e-05
3.208977135883217e-05
1.168081381358521e-05
3.99328287744527e-06
1.281764772259775e-06
3.861921010136273e-07
1.0920213730263075e-07
2.8975045681683104e-08
7.213207236466683e-09
1.6846160487810428e-09
3.690688753058227e-10
7.584389294656952e-11
1.4619040772976916e-11
2.6429262227058652e-12
4.4813153540642946e-13
7.126388853316162e-14
1.0628416382849377e-14
1.486606131820625e-15
1.9500524598733666e-16
2.3989185891868746e-17
2.76758061853238e-18
6.328937478019865e-19
6.560486604276008e-20
6.3775102045347224e-21
5.813996896890385e-22
4.9705667945780095e-23
3.9851412040833125e-24
2.996315773115009e-25
2.1126963234496257e-26
1.3969864271130706e-27
8.662751433860292e-29
5.0379994291128064e-30
2.74969774642824e-31
1.4172421801527485e-32
7.300688185031787e-34
5.45203530980931e-35
1.107939733802808e-35
3.779153042854681e-36
1.3344477958938508e-36
4.4732233294808785e-37
1.4093658391455712e-37
4.168401092912354e-38
1.1569939284342982e-38
3.01327858985614e-39
7.362792959499231e-40
1.6877206089796291e-40
6.100645142277994e-41
1.2569676978728945e-41
2.4291621045058015e-42
4.403074947816544e-43
7.485307362873826e-44
1.1934570653097918e-44
1.7845939793409275e-45
2.502655839101387e-46
3.2914474518865693e-47
1.801985581448291e-06
3.84428287973638e-06
7.690362728066526e-06
1.4425994839004595e-05
2.537535820469591e-05
4.1854875239985816e-05
0.0001385453515837252
0.00025100212253002774
0.00044131803084664247
0.0007499574374738202
0.001266937674857381
0.0020030680162541107
0.003023730090206699
0.004343908322584533
0.005925700112662461
0.007665893769020238
0.009400265673775523
0.010454432710327158
0.01173229505746788
0.01249707637333828
0.01264798216305683
0.012175135757323005
0.011157192406411064
0.009739277632245217
0.00809988027952704
0.006416597029611438
0.004838484374965311
0.0034692470116004168
0.0023621597770262675
0.001525083207482564
0.0009322519842479122
0.0005387606149487561
0.0002939660389685442
0.0001512577071106809
7.331743633599083e-05
3.34492326478827e-05
1.4352853133841717e-05
5.789015362379706e-06
2.193693072049854e-06
5.891345858155764e-06
1.1239267488627467e-05
2.219599321284938e-05
4.179457402512121e-05
6.159657094542925e-05
0.00010450565846231808
0.0001662808327839119
0.0002480961888794911
0.00034710967020024693
0.0004553873791928227
0.0005602253533462465
0.0006462670203952469
0.0006990829185943146
0.0007091087568479811
0.0006744728423493673
0.0006015663673278863
0.0005031182702606402
0.0003945700262875038
0.0002901653526341062
0.00020009418991555862
0.00012938706565857692
7.845393118214635e-05
4.460730829182576e-05
2.3782898713616378e-05
1.189025082010658e-05
5.57422772091391e-06
2.4504500741974616e-06
1.0101234920977302e-06
3.9045460158099654e-07
1.999170574759538e-07
6.942113235417866e-08
2.2604817069456408e-08
6.902044601589832e-09
1.976159466198315e-09
5.30558985106777e-10
1.3357119812383648e-10
3.1532574497423116e-11
6.9802905527414586e-12
1.4489554455775182e-12
2.820356602723011e-13
5.1477859078576446e-14
8.81057780822695e-15
1.4140206967979236e-15
2.1280145966959706e-16
3.003038500040537e-17
3.973879177191924e-18
4.931009942178105e-19
5.737524576792222e-20
6.260091781504461e-21
6.404781280469503e-22
6.14462477126281e-23
5.527819993008633e-24
4.663155291251585e-25
3.6886999365009274e-26
2.7361146940496503e-27
4.660765898247373e-28
3.105815926147483e-29
1.9426236849871354e-30
1.1699948516482368e-31
1.1536058195623761e-32
8.645491261836177e-33
1.3145605817147182e-32
1.9775114857767906e-32
2.8747780822586234e-32
4.009870955481224e-32
5.352181402069061e-32
6.801048113541845e-32
8.223328760776974e-32
9.464523584820006e-32
1.038285086382131e-31
1.0894664823875043e-31
1.0958772568344027e-31
1.062078930345888e-31
9.971298148570658e-32
9.124190678654946e-32
8.189409711127355e-32
7.25323223921669e-32
6.369489317013603e-32
5.560934189960529e-32
4.8273814430178945e-32
4.156508960461718e-32
3.736788452786495e-32
3.1404317970864064e-32
2.5805734266470265e-32
2.060719251076852e-32
1.5900196128941772e-32
1.1793101351811065e-32
8.370335544146044e-33
5.663423575701427e-33
3.64111936030622e-33
2.218447141704442e-33
1.2781187818923357e-33
6.950760820036439e-34
3.5630045139310936e-34
1.7196255255426963e-34
7.807264583178004e-35
3.332029632372571e-35
1.3360655524688143e-35
5.0312085636335485e-36
1.778691367078678e-36
5.902051819314408e-37
1.837786960184057e-37
5.369231418232276e-38
1.4716483447174295e-38
3.783839600724973e-39
9.125756372631351e-40
2.0643822496330047e-40
7.396216189684886e-41
1.503615188718865e-41
2.8668952986307358e-42
5.126567751535701e-43
8.597556213659605e-44
1.3522345901341767e-44
1.994592401965613e-45
2.759171424119401e-46
3.5795101172350237e-47
4.354992355165529e-48
4.968999957496698e-49
5.3170113300842165e-50
5.3355919386944793e-51
5.021271045009917e-52
4.431599392107004e-53
9.36255782153815e-39
1.9751758653512046e-38
3.907369560142842e-38
7.248208347127365e-38
1.2607945103523199e-37
2.056484359961866e-37
1.952168428457635e-36
4.0666551650078945e-36
8.091796156991665e-36
1.5295908852242226e-35
2.2680629339878146e-35
3.9027662829400414e-35
6.326369615184322e-35
9.64551623308536e-35
1.3817602101087522e-34
1.858558414385847e-34
2.3461655625008146e-34
2.7787575954555066e-34
3.087221210100438e-34
3.2170279459241553e-34
3.143953035780395e-34
2.88142993693885e-34
4.57767192497117e-06
9.914421246725075e-06
2.0135273434243397e-05
3.834556638953069e-05
6.847629328814105e-05
0.00011466550573296733
0.00018004986471859016
0.0002651064346411447
0.00036602875084214596
0.0004738900514450737
0.0005753173141918094
0.0006549448903010005
0.0006991486658274623
0.0006998448471319998
0.0006757278979654682
0.0006076448955405764
0.0005123837166652541
0.0004051429128990572
0.00030039218785328893
0.0002088509633377984
0.00013616070540940127
8.324047765903716e-05
4.771828159397294e-05
2.5650892984120527e-05
1.2929676023400237e-05
3.175302249271778e-05
5.760182095975673e-05
0.00011131971628401323
0.00020786560791748813
0.00036629406735850937
0.000606067929161973
0.0009405886411395937
0.0024734834515417587
0.004217467101909838
0.007076607088717257
0.011634029392975129
0.0189061229716242
0.029537148181246017
0.04412006326184464
0.06292756990190662
0.07756890902759346
0.10169302981721069
0.12650454200586375
0.14932686731825018
0.16740411470886957
0.17849818700233622
0.18135737169423896
0.1759111000824736
0.16316599208228608
0.14489119605271383
0.123228338005756
0.10033608344340654
0.07812046474311819
0.058056480014460184
0.04109297467022307
0.0276380961535823
0.017623453930313993
0.010632114379993857
0.0060577753049165205
0.003254738508889082
0.0016469989415061482
0.0007842327628467766
0.0003511436354052076
0.00014786783896762797
5.8737311123959695e-05
3.09261426667624e-05
1.1807624073981036e-05
5.231229125364218e-06
3.5636499491691646e-06
3.7397956436361126e-06
4.561834848200601e-06
5.52131770194557e-06
6.345340001138575e-06
6.856325990177944e-06
6.950871805322385e-06
6.6085449578535685e-06
5.891836240728566e-06
4.925668909458216e-06
3.861425886896494e-06
2.838557870234024e-06
1.956659626237521e-06
1.2647371644520173e-06
7.665716243430013e-07
4.35685051295696e-07
2.3219883705014355e-07
1.1604191372712263e-07
5.437974737068392e-08
2.389609576092559e-08
9.846551922931243e-09
3.804598758269344e-09
1.3784817137868487e-09
6.759963700193683e-10
2.2003019307487478e-10
6.715643861202357e-11
1.922031473619637e-11
5.158231084227176e-12
1.2981012093773702e-12
3.0632594071205207e-13
6.778388526853486e-14
1.4064898480692504e-14
2.7366181713595093e-15
2.2345919479245176e-07
4.820222098632437e-07
9.749971164337523e-07
1.8492987420202654e-06
3.2891090922811217e-06
5.48550914485604e-06
8.578731386460974e-06
1.2580463929263998e-05
1.7299665474287622e-05
2.2307259251946166e-05
2.7787592202736844e-05
3.2335116764114045e-05
3.60505551348765e-05
3.910372489782645e-05
4.216567545680337e-05
4.629199413008347e-05
5.0197013560613604e-05
5.840768035491263e-05
6.957719236183241e-05
8.292045157238364e-05
9.663821690736728e-05
0.00010827515054556819
0.00011536507456577309
0.00011615020882166949
0.00011010932177058442
9.809558357844314e-05
8.204418345243727e-05
6.438442625909231e-05
4.739389457228642e-05
3.2719438998129626e-05
2.1183416504569488e-05
1.2860987437898e-05
7.322021361468223e-06
3.908956883758054e-06
1.956866780354371e-06
9.18609008554601e-07
4.0436023727695067e-07
1.6690682288364422e-07
6.46022185947123e-08
2.3447058124261113e-08
7.979888316895791e-09
2.5466705241886674e-09
1.1475509958517808e-09
3.2899836237383277e-10
8.844696714694835e-11
2.2296650131706213e-11
5.2706448782654334e-12
1.1683026292129253e-12
2.428367512161694e-13
4.733048288714657e-14
8.650374662012583e-15
1.4825056648973444e-15
2.3824580716562177e-16
3.59022471444428e-17
5.073240597596331e-18
6.722282309501862e-19
8.35248099808917e-20
9.731543011336656e-21
1.0632010032280327e-21
1.0892222645188262e-22
1.0463695753986205e-23
9.42586375357821e-25
7.962045837698511e-26
6.306605281064662e-27
4.684185531519412e-28
3.262421103096792e-29
2.1306606191459664e-30
3.334161200733313e-31
1.9573852420157952e-32
1.1155522551098641e-33
1.281607079589242e-34
1.3096929524476024e-34
2.2117019296245087e-34
3.5739645745008416e-34
5.513936017729769e-34
8.071989938618404e-34
1.4364754973805598e-33
2.2200806767381844e-33
3.3691391037077956e-33
5.1159261660390957e-33
7.739545254798686e-33
1.1708732756716771e-32
1.7247494011709162e-32
2.4507931611669935e-32
3.3434294354105555e-32
4.356064474010313e-32
2.3144141586062967e-05
4.991228473488361e-05
0.00010093488299026823
0.00019140028438386234
0.00034033869919547103
0.0005674760689163809
0.0008872606676317232
0.0011532822408397458
0.0024767905643077338
0.004125059914860591
0.006660838716865669
0.010683795896300526
0.016883523284863377
0.026475339438137166
0.039628928792992485
0.0568497516495916
0.0777315217571487
0.10098315723178666
0.12449273096639979
0.14567539233098661
0.16202083042641674
0.1716529569651821
0.17369957774708591
0.16835875778698617
0.15668998663996023
0.1402666822044683
0.12084349914767267
0.1001254080843679
0.07963691375561317
0.06064152804509072
0.04407221964548007
0.030474261034895422
0.019989831651395368
0.014637191512839032
0.008746409342401628
0.004929410496309218
0.002616589877020182
0.0013067040894298636
0.0006134241029647348
0.0002705316409319294
0.00011203404437400647
4.3552204023629845e-05
1.5888796180016187e-05
5.438937682946696e-06
1.7467156584299164e-06
5.262278334574549e-07
1.4870950712157421e-07
3.9418050549747966e-08
9.80002698803463e-09
2.285197616131005e-09
4.997772159880174e-10
1.0251313279661416e-10
1.9720992209336706e-11
3.5581256453125995e-12
6.02081105720524e-13
9.554951519760472e-14
1.4221348279256794e-14
1.9851402768745876e-15
5.154807627362512e-16
6.465849771476647e-17
7.60634659443549e-18
8.391968971424067e-19
8.683380791055325e-20
8.426573972890332e-21
7.669206958326093e-22
6.546167738052723e-23
5.240359427414791e-24
3.934343864582146e-25
2.4055360208552253e-06
5.4068145750594055e-06
1.0960881197740684e-05
2.084008287804954e-05
3.716281589933462e-05
6.215534831875611e-05
9.750231689255435e-05
0.0001434577597742264
0.00019797588575520223
0.0002644599495972781
0.00033020447429118755
0.00039298962116170747
0.0004520017157644117
0.0005103043421539313
0.0005786236878200684
0.0006662024200980685
0.0007399773192351257
0.0008783855865825209
0.0010471842456085947
0.0012333774618238729
0.0014153874499773318
0.0015682485580909792
0.001670089065787195
0.0017073770823296621
0.001677098797327548
0.0015856011263526639
0.0014453309757283715
0.0012712943107701653
0.0010785523261317015
0.0008810081565804077
0.0006909140559909218
0.0005184051865358442
0.00037080955453298897
0.0002520001922073969
0.00016223345546655219
9.869926686035869e-05
5.6634843382594014e-05
3.0605812905689244e-05
1.555919184009972e-05
7.434822504954633e-06
3.337245470377688e-06
1.40651815295798e-06
7.633293309339992e-07
2.894511526069171e-07
1.02987441242379e-07
3.4377972609288874e-08
8.369898853444682e-07
5.0274605149757534e-06
1.0450865623259168e-05
2.0381743424578486e-05
3.7276698976685614e-05
6.393180066233936e-05
0.00010281977012104423
0.00015506581519541756
0.00021929824424071182
0.00035204539618194656
0.0004898577436486032
0.000673495985415598
0.0009299926007679535
0.001284586492791394
0.0017969883896792006
0.002471099872255938
0.0033254482980372567
0.004331637070293741
0.00541869985436044
0.006480478761298453
0.0075498297030479194
0.008411037068458856
0.008886179144369281
0.009510773005703629
0.010148912146624355
0.010977555025213751
0.012276210457506369
0.014060563716732132
0.016399809050294693
0.019168037806422056
0.022094333154159877
0.024812432484079588
0.026945200542163986
0.028195693308295536
0.028411203751403692
0.027598457765237536
0.025891594237542555
0.02349569886587315
0.020634749125257115
0.017521827580796713
0.014351012724761369
0.01129773622551492
0.008514504077076249
0.006118415745648018
0.004176799450972631
0.0027004079820942446
0.0016493553557088288
0.0011492764914945136
0.0006358846197422853
0.0003309998807381349
0.00016195376356588107
7.443730667393075e-05
3.212380581415225e-05
1.3012391949875991e-05
4.946285783783196e-06
1.7640903407169292e-06
5.902428136933728e-07
1.8525614421432514e-07
5.4540737349262486e-08
1.5061141546602494e-08
3.9009526451820355e-09
9.476556879708325e-10
2.1591930151358496e-10
4.614122743458299e-11
9.247848885205326e-12
2.5694307090004844e-08
5.332049682008021e-08
1.0376324109479516e-07
1.893487407292602e-07
3.2400294097926926e-07
5.198798196825046e-07
7.82211919082591e-07
1.1036042394883513e-06
1.3395365565849712e-06
1.6978107126773663e-06
2.017861851570439e-06
2.248852913982285e-06
2.350163807810948e-06
2.303046345043311e-06
2.116287575257553e-06
1.8235351872719105e-06
1.473401388494063e-06
1.116337368614576e-06
7.931170964961402e-07
5.283803055945779e-07
3.300831786500091e-07
1.9336043972302185e-07
1.0621340171931308e-07
5.470896171220484e-08
2.6424397151720015e-08
1.1967933422579781e-08
5.0827728579190304e-09
2.024182662635004e-09
7.559031592717943e-10
2.646976473300636e-10
8.691634659974874e-11
2.6762107201849813e-11
7.726923455212209e-12
2.0919937134355687e-12
8.447823040886547e-13
2.054680699906073e-13
4.6860976698600724e-14
1.0021801391676841e-14
2.00977624444581e-15
3.7793497671092827e-16
6.66429058201151e-17
1.1019407033028684e-17
1.7085590229926205e-18
2.4841007641634546e-19
3.386693479661157e-20
4.3296225403621585e-21
5.190290205317901e-22
5.834460554971935e-23
6.150030053274438e-24
6.078847446505258e-25
5.634207334127474e-26
4.8968036604679346e-27
3.9908565231036953e-28
3.0502277681630246e-29
2.1877825385572453e-30
1.4800971704921807e-31
9.812162788262671e-33
8.149859179006727e-34
1.6752244393576008e-34
1.006040633770574e-34
8.092032478789885e-35
8.854096497746589e-35
1.159173089620973e-34
1.6699521355848077e-34
2.5128190276570737e-34
3.814233039952201e-34
5.756271607030541e-34
8.373994359747194e-34
1.1627169396909229e-33
1.5357742407512338e-33
1.924845163765028e-33
2.2887236928967485e-33
2.5859604884786226e-33
2.7846429695659903e-33
2.8692294317832232e-33
2.8416897740456014e-33
2.7171695370442956e-33
2.516980168439342e-33
2.262557589573997e-33
1.972706810937798e-33
1.6640239627116142e-33
1.3525392342290162e-33
1.0544201770694274e-33
7.848136199798072e-34
5.55474158984173e-34
4.2829351817032026e-34
2.7684952863627198e-34
1.6899292809224e-34
9.728233923163799e-35
5.276999281680071e-35
2.6962518679488764e-35
1.2975977721738144e-35
5.883567271516816e-36
2.514716372889109e-36
1.0139355151282953e-36
3.860259167292397e-37
1.3892828485429093e-37
4.732247114253509e-38
1.5275810243899107e-38
4.6789193146455956e-39
1.3613808090597804e-39
3.7661174809767935e-40
9.911393659595936e-41
2.481875066207762e-41
5.91192149622027e-42
1.3387888708561363e-42
2.879528082365711e-43
5.875528649339903e-44
1.1358541266381489e-44
2.0776153590728308e-45
1.1086080237520587e-05
1.8837989173607857e-05
3.908421993290341e-05
7.604065675315943e-05
0.00013872933447910043
0.00023733912372070814
0.00038075843915528286
0.0005728085952759491
0.0008080717875363363
0.0010689846531436412
0.002008866038191129
0.0029680980031272326
0.0044739311592104656
0.006847037770417873
0.010479210441781744
0.015745395610273282
0.02322109215027127
0.03244766336706625
0.043129275243514106
0.054367617176838016
0.06496065763389304
0.0736670455160969
0.07951155330060458
0.08201085794921742
0.08122892450805011
0.07765268886083514
0.0740524451385488
0.06733550329820766
0.05955204276709531
0.051159274015739935
0.042540423837416186
0.034073232874768454
0.026149585889733037
0.019133942950254796
0.0132923148050253
0.008737668337707522
0.005421041070099516
0.003168467491995617
0.0017422553636936638
0.0009004471341728192
0.0004371198800236621
0.00019922289014291653
8.521904602218948e-05
3.420569383098666e-05
1.2881303710821418e-05
4.550685593698995e-06
1.5080628990088735e-06
4.6877816427009605e-07
1.3668059980431753e-07
3.7379093513977045e-08
9.587975638536e-09
2.306732957906383e-09
8.610923364015313e-10
1.861809418315018e-10
1.7277538956491274e-05
3.5775615454345035e-05
6.946412833901369e-05
0.00012647410070127982
0.00021592855443892475
0.00034568936298374776
0.0005189546603998645
0.0007305337380079225
0.0009643142840994291
0.0016688311586555064
0.0024643702973889932
0.0036553603862448545
0.005547637094829548
0.008491022242977292
0.012845702887712907
0.019094290124138675
0.027015345954366648
0.03638917524049263
0.04648532647333625
0.05625674564340025
0.06456095771126953
0.07044338171592042
0.07337031930343181
0.07332013257731292
0.0718200138905868
0.06781993886033497
0.062289427910748214
0.05576653000365908
0.04863785893107481
0.04119195901688419
0.03370657381788095
0.02649851053389071
0.019906736367878267
0.01422619090768624
0.009638213715429788
0.006176161865055727
0.003738803990895182
0.002138196401737782
0.001157161150147114
0.000595279048051709
0.0002939694154572266
0.00014217563813997316
6.983357464059525e-05
3.6683380714172916e-05
2.1516093640950942e-05
1.4068933702330123e-05
9.802342396128899e-06
6.907149978544219e-06
4.747253752634474e-06
3.1197554989160504e-06
2.2883740572337686e-06
1.3688488517041717e-06
7.701633571808898e-07
4.069800255607374e-07
2.0183813287074983e-07
9.390841052316347e-08
4.0981370887967026e-08
1.6772573697747007e-08
6.437490993781971e-09
2.3169771315181815e-09
7.819990583526157e-10
2.474942071990045e-10
7.345058739312962e-11
2.0440676429260553e-11
5.334135500254286e-12
1.3052720996459606e-12
2.995063082700548e-13
6.444342487897461e-14
1.3002260523725593e-14
2.459952166896404e-15
4.364173148808889e-16
7.260136295287527e-17
1.1325439198401538e-17
1.2901041340137967e-07
2.6728285336488376e-07
4.1913176523254016e-07
7.800863469956591e-07
1.3614517000518773e-06
2.228072206787287e-06
3.419194017690542e-06
4.920233229960373e-06
6.639189972728812e-06
8.40063204431599e-06
1.4655621864571406e-05
2.0871975218754686e-05
3.071334790135935e-05
4.6455158700624583e-05
7.086824439613548e-05
0.00010658695981801416
0.0001568511548912762
0.00021926984009707425
0.0002912737501833713
0.00036652446203249496
0.00043670330477029676
0.0004934213909546964
0.0005303818498946488
0.0005449213691519952
0.0005382734242560759
0.0005144921308886884
0.0004786280381367186
0.0004350668333456098
0.00040325717805728324
0.00035275423549650716
0.0003000715224215412
0.00024671574620920814
0.00019478738500832473
0.00014680196027874257
0.0001050942551672855
7.119744752409323e-05
4.5518548744891886e-05
2.7409443231782868e-05
1.55242221210992e-05
8.262552112754956e-06
4.129910989601903e-06
1.937787798229865e-06
8.59988111660859e-07
3.6702868361463015e-07
1.659740532293655e-07
1.0533876002641978e-07
4.484409166163339e-07
8.897025468495602e-07
1.7184092964995895e-06
3.152923211547117e-06
5.467158177316292e-06
8.942368094053444e-06
1.3780306038350078e-05
1.998779135610945e-05
2.4754506147487797e-05
3.240459521421707e-05
3.985606018500183e-05
4.603931316489074e-05
4.992989337494486e-05
5.0824396207124184e-05
4.854801933367048e-05
4.35097522245782e-05
3.6581501952607627e-05
2.8850463182248978e-05
2.1341583590693065e-05
1.4806654644430133e-05
9.63437331424817e-06
5.879096132615639e-06
3.3643883623323396e-06
1.80551376268188e-06
9.086306539518597e-07
4.288054426747352e-07
1.8976460573641203e-07
7.874968607493536e-08
3.0644926224172316e-08
1.1182591994727316e-08
3.826476071636221e-09
1.2277981309792646e-09
3.694243076777595e-10
1.6005690371032614e-10
4.3263566908581225e-11
1.0965772551399533e-11
2.6063023362114223e-12
5.80869709757462e-13
1.213950099291088e-13
2.3789808502774334e-14
4.3716857824191435e-15
7.533117091480469e-16
1.2172175578891348e-16
1.844290600535369e-17
2.6203427824402798e-18
3.491036893869563e-19
4.361323677775932e-20
5.109162660080877e-21
5.612400487409685e-22
5.781161205383364e-23
5.584046141087371e-24
5.057668987481994e-25
4.29555507144614e-26
3.4210209937050764e-27
2.554824594937762e-28
1.789198736171624e-29
1.1761269957159274e-30
7.376808858682014e-32
5.663181435409219e-33
2.0946531054565344e-33
1.4918115014361865e-33
1.392617555386301e-33
1.2973386744825224e-33
1.1880219586936324e-33
1.0672952547705712e-33
9.362086419622654e-34
7.962938586560398e-34
6.518237297714472e-34
5.100180449723657e-34
3.79347698931783e-34
2.6710086645873176e-34
1.7750105342904987e-34
1.584593382537311e-07
3.335499301569215e-07
6.583719679003476e-07
1.2185665979111027e-06
2.1149235290320458e-06
3.441973555026429e-06
5.252763538357369e-06
7.5168456630303745e-06
1.0086741174311034e-05
1.2692102819555656e-05
1.6251245429394778e-05
1.9244985363002697e-05
2.2453455750872317e-05
2.4971198368175766e-05
2.9930214300144826e-05
3.718699512016482e-05
4.761124125177543e-05
6.155293286166074e-05
7.846118001018866e-05
9.670889154419368e-05
0.00013830355853310987
0.00018435867747526003
0.0002526072587836048
0.00036394464399815623
0.0005461530081676966
0.0008321563893088287
0.0012520396641441044
0.001833070339180421
0.0025578675769609245
0.0033808862014323908
0.004227040552071954
0.004998383417288493
0.005600291049150656
0.005967035703650209
0.006078757033701843
0.005962225794804453
0.005675160532245326
0.005281840935437179
0.004831667863304389
0.0045133408160561465
0.004014296376516647
0.0034889199686528862
0.0029404796992091127
0.0023841522690006603
0.0018466820249436356
0.0013588772104935953
0.0009460602550346582
0.0006213779016016207
0.0003842708299707323
0.00022345669061818202
0.00012208461550456364
6.263378430800057e-05
3.0169712747226804e-05
1.365242741780613e-05
5.822609702395942e-06
2.371373350461113e-06
9.682669682150648e-07
4.566405365687365e-07
3.057023058411343e-07
2.874333443837449e-07
3.079279251177152e-07
3.288141915436466e-07
3.34619738735334e-07
3.2062410446614286e-07
3.008728507572942e-07
2.5930160467325894e-07
2.0957451130553357e-07
1.5883639532687323e-07
1.1288383131249184e-07
7.522835961476522e-08
4.701095470640235e-08
2.7547618045080192e-08
1.513688480757919e-08
7.799314312799659e-09
3.7682855185787556e-09
1.7072559743264582e-09
7.253054521207462e-10
2.889420196264047e-10
1.0793639954713536e-10
3.7808775416494344e-11
1.2418946509384999e-11
3.825113822280754e-12
4.9684137689113346e-08
1.0953921784982534e-07
2.2646255654500446e-07
4.390273232346552e-07
7.98094406338387e-07
1.360455870399591e-06
2.1746136700761035e-06
3.2594718138244396e-06
4.119133776752872e-06
5.725966080709274e-06
7.389512018197412e-06
9.071377703388632e-06
1.0681318277411742e-05
1.2202553392696306e-05
1.8601502576646465e-05
2.548980568869625e-05
3.6969898006029886e-05
5.5395045346538096e-05
8.322180292749692e-05
0.0001223565321056053
0.00017325952598610717
0.0002340222354729654
0.00029979488344913165
0.00036338677600857147
0.0004986442754326336
0.0006422860458825182
0.0008574840169624663
0.001217690551307219
0.0018189209141120635
0.002772588301679734
0.004178078568351843
0.006082038123972612
0.008520666765000014
0.011239519762651253
0.013100993116329106
0.015748842182580908
0.01790836448755025
0.019344820132785833
0.019968593972702245
0.01985822708221358
0.019218705518457314
0.018294069311053648
0.01728643765535519
0.01626761088977316
0.01521943030891781
0.014060336976101777
0.012717927879815457
0.011181004642991358
0.009514807693761342
0.007838917620561296
0.006284123302127306
0.00495033942968545
0.003882351956104921
0.0030689663304579685
0.0024604668953372797
0.001993516957179339
0.0016127416215897497
0.0012825221888360875
0.0009880853609038713
0.0008112336658680212
0.0005791459920387416
0.0003915453181672389
0.00024975288570180595
0.0001499606570320256
8.464021550926666e-05
4.486860053205219e-05
2.2328189993618894e-05
1.0427404997054206e-05
4.569093351733122e-06
1.8783051851007928e-06
7.243612943011058e-07
2.620472688912712e-07
8.892602726830694e-08
2.8307198269370397e-08
8.45240257385863e-09
2.3674287023151143e-09
6.219940264572922e-10
1.5328786542081252e-10
3.5435747791874356e-11
3.4780509692157586e-07
7.216757165816771e-07
1.4041823480454198e-06
2.561964765038848e-06
4.383190357002236e-06
7.031937140181261e-06
9.298509412651237e-06
1.340120195840998e-05
1.811096662784648e-05
2.2951283080913434e-05
2.727343063951895e-05
3.0390652966635428e-05
3.175468096626106e-05
3.111307510721085e-05
2.8585486110223267e-05
2.4627236879390025e-05
1.9895426540970044e-05
1.5071562620836554e-05
1.0706087074618043e-05
7.131333078972304e-06
4.454286344955273e-06
2.608873398421301e-06
1.4328322160089547e-06
7.379129498672306e-07
3.5635461484517344e-07
1.6137159952857368e-07
6.852345957931856e-08
2.728468346936528e-08
1.018746241614013e-08
3.566814966343445e-09
1.171015388052373e-09
3.605056577997632e-10
1.58596523445705e-10
4.386204886194841e-11
1.1375005799910677e-11
2.7661886832515168e-12
6.307822076981559e-13
1.348790599465703e-13
2.7044383584573245e-14
5.084837810316167e-15
8.964882128152868e-16
1.4821068813109547e-16
2.297639689649556e-17
3.111152928630905e-08
6.784115899758985e-08
1.3871793634288232e-07
2.659741569256424e-07
4.782045716271162e-07
2.838727249961594e-06
5.6199165773992774e-06
1.0600814935061336e-05
1.900277108204151e-05
3.263334758104151e-05
5.2636236991325e-05
8.023610488081975e-05
0.0001169871081420347
0.0001601270331425137
0.00019135452645499011
0.0002390732179785336
0.00028382162125499636
0.0003967342740598548
0.0005195532470098097
0.0007076957854183212
0.001016314472278719
0.0015067423119341234
0.0022423454910465313
0.0032667030508036665
0.0045786685147214175
0.006163696654960355
0.00782796682404765
0.009409504357643613
0.010707679287921667
0.011561178162611523
0.011895184975151334
0.011741147057901039
0.011218751138940017
0.010486954696026363
0.009685747685991541
0.008894267884786287
0.008121656954949518
0.007330057932901403
0.0064740696679666965
0.005535600104886082
0.004874481438695913
0.0038704571572083495
0.0029149760777109628
0.002074023257748225
0.0013904661280401093
0.0008768924693709113
0.0005196503487571732
0.00028917934981186955
0.00015105516864016326
7.404664648944027e-05
3.4057154098639085e-05
1.4696112949558994e-05
5.949248636814483e-06
2.259288704341017e-06
8.048631298516416e-07
2.6897233122389706e-07
8.431899233229543e-08
2.479555522667914e-08
6.839938031101721e-09
1.7699466385402144e-09
4.296332754656119e-10
9.782853896191716e-11
2.0896010376035978e-11
4.1868899756700035e-12
7.86955633608885e-13
1.3875209831816727e-13
4.210545141654696e-14
6.673370722228938e-15
9.921618618266112e-16
1.3837252414344384e-16
1.810284545340031e-17
2.2216362071545894e-18
2.5575699768081006e-19
2.761911955465882e-20
2.7978149829671118e-21
2.658606313687688e-22
2.3698118365872333e-23
1.9815146989781066e-24
1.5541861887661915e-25
1.143483153066372e-26
7.8918120786541235e-28
5.109206223452377e-29
3.1041141013376597e-30
1.7824577780315392e-31
1.090374087074792e-32
1.8638087150994455e-33
1.3321484206706937e-33
1.2269026514326375e-33
5.512062810853049e-07
1.202946854077074e-06
2.4617626867883444e-06
4.724038080911064e-06
7.038932211145577e-06
1.2134440493873383e-05
1.9615536499103316e-05
2.9733640526356142e-05
4.2263303772877456e-05
5.633084437928826e-05
7.040387126044393e-05
8.251146157638316e-05
9.067748813086454e-05
0.00012338741346928805
0.0001573161520278602
0.00021490798407891533
0.0003174102530872672
0.0004884680758228372
0.0007510741928615685
0.0011198674515913594
0.0015919126124365076
0.002155389405449062
0.002740397700204362
0.003284782476724779
0.0037167805189494553
0.003982145480852043
0.004060502837125657
0.003970849669032584
0.003763068375452119
0.003589486464253004
0.0033174048143587006
0.003060478201517152
0.0028257903951092234
0.0025977362559121463
0.0023525044749796555
0.0020736252337454106
0.0017600834304374736
0.00142801453548103
0.0011030930771034721
0.0008111008819198194
0.000570112680552974
0.00038703242175448636
0.00025852308010979193
0.00017463512011194727
0.0001230124295954942
9.215015077263479e-05
7.313348563730548e-05
7.006029938596775e-05
7.20987484649144e-05
8.52647925696718e-05
0.00011613916401750292
0.0001727189827943642
0.00026316239596689626
0.0003930177488152642
0.0005618559502846649
0.0006949602679529228
0.0009080794945832907
0.001117449586589743
0.0012966728428859178
0.001421900756413269
0.0014794451057432577
0.0014700090164805936
0.0014079220304764409
0.0013155442933995467
0.0012150811557257338
0.001121302228306181
0.0010381285381032366
0.0009601051465008347
0.0008774818464978258
0.0007821742401667986
0.0006719027067819417
0.0005514669831529736
0.0004296643521860239
0.0003169712120863087
0.00022174267304266523
0.00014849251759912907
9.777045013968996e-05
6.715195699461259e-05
5.259375612966181e-05
4.956192237468221e-05
5.4078797418108365e-05
5.913437127704031e-05
6.756004274686088e-05
7.476417130089842e-05
7.908638586972344e-05
7.989104096751252e-05
7.751201968549407e-05
7.297368153151534e-05
6.75407020301506e-05
6.224931253102194e-05
5.759482085640384e-05
5.348150650726165e-05
4.9420646143420735e-05
4.485652481115346e-05
3.94614872715518e-05
3.328088358771084e-05
2.669631593707288e-05
2.0541775770322017e-05
1.5118800991141583e-05
1.1044825625015225e-05
8.662430343647927e-06
8.18568562689418e-06
9.739991917072479e-06
1.3362697047462026e-05
1.894217780352953e-05
2.6117084212238136e-05
3.14589246832327e-05
3.9589485384498426e-05
4.836410267350714e-05
5.516455906874428e-05
6.0370717636213014e-05
8.476741322525062e-05
0.00011320174901267617
0.0001616790404002995
0.0002438162369689486
0.0003730801390402003
0.0005605692506503731
0.0008103594567581544
0.0011146298744818964
0.001457143741926625
0.001826294991527542
0.0021557307486991966
0.0024412455218444998
0.0026712917185478294
0.0028766062578466926
0.003111459969967436
0.0034416337477003725
0.003919053901503637
0.004554796095498877
0.0053253301559097336
0.0061045336781571004
0.0067723477903676174
0.007092942060710251
0.007321502429994754
0.0072254496367889385
0.006849347675306444
0.006295139737937455
0.005684786649093042
0.0051189598106752745
0.004648376400173711
0.004267767718699108
0.003931921396250801
0.003584053140763286
0.0031830727725768973
0.0027190775355268597
0.0022133468669349086
0.0017063009182121149
0.0012409883934666453
0.0008495199262681794
0.000546603237360772
0.00033030178769379145
0.00018736322690769995
9.974097984919223e-05
4.9820766332721944e-05
2.334832590904692e-05
1.0265681880355056e-05
4.234426418952743e-06
1.6385882112017226e-06
8.398053672570772e-07
2.921654263263463e-07
9.535489380283217e-08
2.9195862605819346e-08
8.386181763096794e-09
2.259812712194255e-09
5.712765636017015e-10
1.3548357153327714e-10
3.014348732388993e-11
6.29168821376629e-12
1.2319916910877544e-12
2.2631593218445104e-13
3.900218535360502e-14
6.305633742738183e-15
9.563874582120888e-16
1.3608288346914415e-16
1.8165051310035158e-17
2.2747416260350265e-18
2.6723202308524776e-19
2.9451295239412145e-20
3.044935620391955e-21
2.9533018311561142e-22
2.687148105439644e-23
2.2936509557453077e-24
1.8365924162157516e-25
1.3795761954758252e-26
2.370365737899975e-27
1.6006551587274573e-28
4.228782931781598e-07
8.785150503559156e-07
1.711395872673759e-06
3.1262176851697394e-06
7.155277159160402e-06
1.2376682898274434e-05
2.037917667069358e-05
3.198695339925489e-05
4.7903480376406925e-05
6.847411510456268e-05
9.339854740259323e-05
0.00012146307369338462
0.00015040734437665455
0.00017705394921775283
0.00019777785570785952
0.00020926885147075903
0.00020938666794239323
0.0002449171788500673
0.0002831177102870063
0.00036439344657933023
0.0005281605116025153
0.0008198963366618444
0.0012862089933942135
0.001712182263105935
0.002532689721541547
0.0035464730279917184
0.00469534255246675
0.005843618343572552
0.006840916184531692
0.007551171164310075
0.007885003835534463
0.007832404658692801
0.007466434121813278
0.006918000684802775
0.006330768563056253
0.005814175106435637
0.005413127816698834
0.00510500808191826
0.00482233646916731
0.004488949503303943
0.004053499985208424
0.0035076134427052107
0.0028844695545572154
0.0022423270973457015
0.0016425658530018583
0.0011316697965819827
0.0007325134914431161
0.0004452015157872116
0.0002539809590211094
0.00016866371783644604
8.661824981476343e-05
4.1957790924712285e-05
1.9391588516250413e-05
8.9862067562451e-06
4.84283295477566e-06
3.7980291968903345e-06
4.294670994509883e-06
5.601913764408087e-06
7.3464801105100645e-06
9.266120819540566e-06
1.1105638263618984e-05
1.2600518188253032e-05
1.3551606191354865e-05
1.3758257446886637e-05
1.3212860776218549e-05
1.203033538252981e-05
1.2885115464516159e-05
1.3907070113193228e-05
1.7448045727171818e-05
2.5087055057936677e-05
3.8565393145807156e-05
5.945669754188586e-05
8.863168658664661e-05
0.00012560645320849266
0.00016800041774070348
0.0001971715081058913
0.00023936511040036228
0.00027278778472089143
0.00029292661755887605
0.00029739993826241205
0.0003640641915357635
0.00043984553648759747
0.0005908734015740259
0.0008790614232328649
0.0013737401067610323
0.002144314182505742
0.0032380349100208723
0.004656165029657555
0.006328167847313812
0.008132738559300072
0.009834569900507613
0.011199585044264613
0.012042398551459782
0.012271298901841133
0.011926199655167736
0.011167314993981735
0.010222142323962458
0.009310412394637832
0.008576278005578811
0.008053319694027545
0.007791220718230274
0.007437235145958541
0.007013010378058271
0.006423036975359488
0.005640232821251973
0.004707550577002275
0.003714332827224723
0.0027615449134821713
0.0019310509766851845
0.0012686398142820606
0.0007825641165564766
0.0004530934718614164
0.0002461823168246232
0.00012551026266433623
6.003828583483222e-05
2.6945692550860478e-05
1.1346309724550477e-05
4.482499122759064e-06
1.6614387826202445e-06
5.777586883468723e-07
1.8849799085572034e-07
5.769862272443086e-08
1.6570023363747367e-08
4.464575676209657e-09
1.1285920420003381e-09
2.676662918280815e-10
9.898647900923447e-11
2.1108901218026557e-11
4.223327843545403e-12
7.927619539112995e-13
1.3961395511229802e-13
2.306810138561249e-14
3.575943086527684e-15
5.200721294184777e-16
7.096252970427409e-17
9.084168859094238e-18
1.0910126242203743e-18
1.2293073784264563e-19
1.2994955927992139e-20
1.2887540312864818e-21
1.1990665466545121e-22
1.0466259999118497e-23
8.570606234707258e-25
6.584154680457312e-26
4.745189004466696e-27
3.2082532218546676e-28
2.0349172898741876e-29
1.211176814333692e-30
6.81206957362866e-32
4.237385985855684e-33
1.0373473363353783e-33
1.0269201032613774e-33
1.1129230642943969e-33
1.2307336545181086e-33
1.3221780547164715e-33
1.385861057029816e-33
1.4207364376618226e-33
1.4232289444068143e-33
1.3875815221515737e-33
1.3087617835076974e-33
1.186354218345661e-33
1.0271999230807015e-33
8.452057250647631e-34
6.5829359969246324e-34
