Y :22.0% Calcite, Diffracto n :1424
Y :44.0% Gibbsite, Diffracto n :1399
Y :34.0% Dolomite, Diffracto n :1322
N :Hematite
0.0
0.0
0.0
0.0
0.0
0.0
0.0
0.0
0.0
0.0
0.0
0.0
0.0
0.0
0.0
0.0
0.0
0.0
0.0
0.0
0.0
0.0
0.0
0.0
0.0
0.0
0.0
0.0
0.0
0.0
0.0
0.0
0.0
0.0
0.0
0.0
0.0
0.0
0.0
0.0
0.0
0.0
0.0
0.0
0.0
0.0
0.0
0.0
0.0
0.0
0.0
0.0
0.0
0.0
0.0
0.0
0.0
0.0
0.0
0.0
0.0
0.0
0.0
0.0
0.0
0.0
0.0
0.0
0.0
0.0
0.0
0.0
0.0
0.0
0.0
0.0
0.0
0.0
0.0
0.0
0.0
0.0
0.0
0.0
0.0
0.0
0.0
0.0
0.0
0.0
0.0
0.0
0.0
0.0
0.0
0.0
0.0
0.0
0.0
0.0
0.0
0.0
0.0
0.0
0.0
0.0
0.0
0.0
0.0
0.0
0.0
0.0
0.0
0.0
0.0
0.0
0.0
0.0
0.0
0.0
0.0
0.0
0.0
0.0
0.0
0.0
0.0
0.0
0.0
0.0
0.0
0.0
0.0
0.0
0.0
0.0
0.0
0.0
0.0
4.448735493988643e-36
7.826439706706659e-36
1.3256644750472606e-35
1.844461989671226e-35
2.932976679992168e-35
4.490443387929622e-35
6.619292255603678e-35
9.394541797115021e-35
1.2837526847692003e-34
1.6889968600667391e-34
2.139528298029445e-34
2.609449780519518e-34
3.0642314580221575e-34
3.464462827807575e-34
3.771307635754361e-34
3.952662471833432e-34
3.988680185905041e-34
3.875345404107308e-34
3.6793053502721044e-34
3.3490535444837897e-34
2.958878422616532e-34
2.5533956530548797e-34
2.1756857114080194e-34
1.8624763684743139e-34
1.6411648751340844e-34
1.5287880535673785e-34
1.5605595509952673e-34
1.6918914722772673e-34
1.935145934397181e-34
2.1539335578695803e-34
2.803202776160745e-34
1.5072704631316291e-33
2.645128039861543e-33
4.346431918474461e-33
6.981343043202847e-33
1.090984246272951e-32
1.6521393353597104e-32
2.419978997589748e-32
3.423694026947261e-32
4.674012984607095e-32
6.153575310573274e-32
7.809601230150571e-32
9.551558766365347e-32
1.125597942584592e-31
1.2779148087748053e-31
1.3976356148365675e-31
1.4724339439653404e-31
1.4942141065545795e-31
1.460552313411412e-31
1.3751380401595505e-31
1.2473742104034333e-31
1.0996309610962019e-31
9.388837756379695e-32
7.771577548361378e-32
6.315217571424867e-32
5.484627830523216e-32
4.501807053564319e-32
3.8707251753678167e-32
3.606767083054554e-32
3.7062689627629016e-32
4.1493755105963226e-32
4.993243072642896e-32
6.085598672542346e-32
7.435646023289886e-32
9.006601290177565e-32
1.0747337388031623e-31
1.2596432351978942e-31
1.4482716713379853e-31
1.6330263532559634e-31
1.8055211318096995e-31
1.976738778255565e-31
2.1170723493628568e-31
2.234518388322376e-31
2.3299121507598897e-31
2.4071486415454457e-31
2.4727548787924116e-31
2.5348753530744357e-31
2.601732631856993e-31
2.6797661329611254e-31
2.7717874657364097e-31
2.8400404378271993e-31
2.9476731574757053e-31
3.051208721644806e-31
3.135437218696323e-31
3.1836341078343877e-31
3.1805679994160154e-31
3.11544174378597e-31
2.98408683259807e-31
2.7898966983143682e-31
2.5433014678063554e-31
2.2599570754373387e-31
1.9581285699532238e-31
1.6558997337699318e-31
1.3688059163667315e-31
1.1082971278271577e-31
8.811731948263856e-32
6.898828580402728e-32
5.334124581657009e-32
4.0843433815029874e-32
3.104264130485169e-32
2.3457305394299286e-32
1.7636876284643695e-32
1.3193623291569546e-32
9.812347900888019e-33
7.246148972795491e-33
5.305497068819322e-33
4.286335135744014e-33
3.083901529596164e-33
2.1918971447048768e-33
1.5375073935034857e-33
1.0635644439683833e-33
7.251366942284505e-34
4.870980399757433e-34
3.2228374565006055e-34
2.0999566469683426e-34
1.3473607421197437e-34
8.511951508362871e-35
5.294537346646775e-35
3.2424246935070073e-35
1.9550087521078454e-35
1.1605424740522655e-35
6.782737987029167e-36
3.9028307117792346e-36
2.210978564896651e-36
1.2331594025945471e-36
6.771480386789278e-37
3.6608140291246e-37
1.9485039618505656e-37
7.483158252673269e-11
1.3436552998666814e-10
2.3229107546945213e-10
3.866507842054042e-10
5.317403915551958e-10
8.309129878727572e-10
1.2501241909874225e-09
1.8108917345802055e-09
2.525652108388711e-09
3.3915348755783776e-09
4.384910777213847e-09
5.458420004539998e-09
6.5420649930911675e-09
7.54926158760505e-09
8.387563277452018e-09
8.97240482752167e-09
9.241099078713678e-09
9.163895080624727e-09
8.749400674757331e-09
8.043002761695106e-09
7.11868614485327e-09
6.0662902960790235e-09
4.977236164362583e-09
3.9318326279260175e-09
2.9904979705473585e-09
2.1899475687317055e-09
1.544065209882455e-09
1.0481882180723404e-09
6.851010376096491e-10
5.052287252839689e-10
3.1000800766997906e-10
1.8314687158189105e-10
1.0417603232344055e-10
5.705291468187926e-11
3.008358404618297e-11
3.90146651636923e-08
6.917384030143053e-08
1.1811004189182063e-07
1.9417712691658847e-07
3.0736740664840154e-07
4.6844772992974647e-07
6.873955162661911e-07
9.711674290755372e-07
1.3214226441950608e-06
1.7308416564553149e-06
2.1998131341819817e-06
2.689128821667187e-06
3.1660580409313385e-06
3.601050313479349e-06
3.962823920594416e-06
4.2284244532519336e-06
4.387655257602279e-06
4.444927463679666e-06
4.417821383889229e-06
4.332548297193315e-06
4.257489361025365e-06
4.136093889889256e-06
4.018846225015023e-06
3.91124768664027e-06
3.806909762716238e-06
3.6907546227269815e-06
3.5486252422621348e-06
3.358012140452352e-06
3.113369670740862e-06
2.816118066729305e-06
2.4773917106285594e-06
2.115594652084909e-06
1.7525766914521284e-06
1.409563512592481e-06
1.1038305534857938e-06
8.467231763716834e-07
6.431601919262539e-07
4.923672006631519e-07
3.8936378843319744e-07
3.2669160034923693e-07
2.959747634243218e-07
2.8907691849107136e-07
2.9879054105072896e-07
3.191189307510123e-07
3.452738164434287e-07
3.735200368815032e-07
5.281011476834623e-07
6.650568051884127e-07
6.72586826390293e-06
1.3780584316366592e-05
2.4960508815598085e-05
4.183332074370305e-05
6.776303165808053e-05
0.00010594031872148922
0.00015973207748832608
0.00023216472818017762
0.00032521092319392873
0.00043897065258004556
0.0005709126435456289
0.0007153931863543976
0.000863667886587283
0.0010045387116080983
0.001125638182659502
0.0012151768351637566
0.001263822947479762
0.0012663024873265786
0.0012223401120488538
0.001136709019368785
0.001018377194736154
0.000878961298449991
0.0007308567295061156
0.0005854581539877546
0.0004946204439726829
0.0003723375254599817
0.0002700235972434116
0.00018865412716693352
0.0001269984889392678
8.236573305201595e-05
5.227076156381785e-05
3.217469600906109e-05
2.0237091594603128e-05
1.3282759951355963e-05
9.958577124399752e-06
9.091504270580157e-06
9.944702563127316e-06
1.2100375332013126e-05
1.5355211750124052e-05
1.963674833215474e-05
2.4940826673041753e-05
3.128647475635957e-05
3.868368358853562e-05
4.711032295202432e-05
5.649578941167869e-05
6.671026481968952e-05
7.755938027340197e-05
8.878454386304757e-05
0.00010006923424667881
0.00010744795439830213
0.00011801237102688083
0.00012761933067629246
0.00013588291929347154
0.00014245336268981892
0.00014704150227417396
0.00014943987932830677
0.0001495382875172695
0.00014733216960642
0.000142922967235156
0.00013651038634862454
0.00012837739971664763
0.00011886955519044821
0.00010837069570204408
9.727746037315122e-05
8.59749046568854e-05
7.48152748148401e-05
6.410145958849553e-05
5.4076005956835945e-05
4.491592165749441e-05
3.6732883044807096e-05
2.9577991405301514e-05
2.344991486433233e-05
1.8305127433626634e-05
1.4068995768678613e-05
1.0646632316217592e-05
8.765295634352892e-06
6.463686935865364e-06
4.693023656678604e-06
3.3549326166289834e-06
2.361421037224824e-06
2.495065053385632e-05
4.3223885999270515e-05
7.397118301642598e-05
0.00012308655357037255
0.00019793755114883146
0.00030691345537696576
0.00045845037931072904
0.0006594918785008755
0.0009135005027352021
0.0012183351428217463
0.00156449323846479
0.001934307305431038
0.0023026099092244776
0.0026391107647623768
0.0029123051452748265
0.003094268470130545
0.003165343815675565
0.0031176369183640207
0.0029564593637209273
0.002699355079871388
0.0023729568382176757
0.00213222434252605
0.0017596741275959825
0.0013982129382064052
0.0010696854789789614
0.0007879172338823525
0.0005587876704066159
0.00038155288836924406
0.0002508443894001913
0.00015877998379721603
9.676734608534356e-05
5.6781076623652644e-05
3.207894898531671e-05
1.744931385877782e-05
9.138571060110608e-06
4.60807933495734e-06
2.2371923070226506e-06
1.045751274284215e-06
4.706469006665817e-07
2.039406124379275e-07
8.50851856268647e-08
3.417794114886182e-08
1.3218420397568903e-08
4.9221510583413145e-09
1.7647046543101343e-09
6.091592451320758e-10
8.488240842316926e-09
1.4953473295779445e-08
2.5968408670710184e-08
4.3607098120562494e-08
7.055789777744674e-08
1.0993492526696204e-07
1.6492183532404424e-07
2.3821234351891154e-07
3.312778673200765e-07
4.43570196430347e-07
8.001783887131437e-07
1.0430843171179311e-06
1.3272010080995207e-06
1.6536023446794542e-06
0.00012874556541012488
0.00023052207934881868
0.00039816039213229825
0.007801328062819305
0.016258894841810326
0.02769577760818255
0.04547475736702715
0.07196916145713728
0.10978170412342837
0.16140300116982356
0.22870930090945374
0.3123530790533822
0.3766906992124675
0.4837726068770386
0.5987869610451452
0.714292315619396
0.8212036603297266
0.9099057373104095
0.9716560802924391
1.0
0.9918817277512494
0.9481871249561852
0.8735846023741215
0.7757037622083383
0.6638516732174135
0.5475652662067368
0.43530883821878524
0.3335531729634939
0.246349011585799
0.17537626542830417
0.1203500971393434
0.07961707642113072
0.05077948122413525
0.031227951141517787
0.018519961029999542
0.01059422436707426
0.005847838760854687
0.0031158705065456056
0.002008815685810682
0.0010112166453804554
0.0004933873323768283
0.00023477153487648739
0.00011078233054144148
5.419828825095476e-05
3.0313479281164712e-05
2.194997504729295e-05
2.0933432214835476e-05
2.349786247479584e-05
2.792815977839728e-05
3.3405543834135476e-05
3.946780613365527e-05
4.5821714362963566e-05
5.208607097739838e-05
5.797440045908483e-05
6.57107135084244e-05
7.274914913593799e-05
7.98924307713053e-05
8.771653112993911e-05
9.71884198659676e-05
0.00010928969219432947
0.0001250755601059762
0.00014548369545757626
0.00017109061020444135
0.00019224217656567223
0.0002265629787312226
0.00026429436968114533
0.0003560475874304065
0.00041693597088712705
0.0005118705688841869
0.0005936350667429652
0.000726287861165097
0.0008637824394140113
0.0010418110150674153
0.0032725802760187597
0.005150228374644976
0.009313781671738788
0.014761493122042299
0.022899622846180512
0.0345815624174815
0.050687912679614505
0.07189968496125193
0.09915453502122526
0.13174503377356905
0.16939500806741387
0.21018687795265076
0.2521165512499191
0.2924877622667055
0.32844505233029286
0.357386821557339
0.37178432911334064
0.38515739629439355
0.3884604898737199
0.38237331188363166
0.3683450248793887
0.348246331378597
0.32399763934893727
0.29726957899940726
0.26931962215300126
0.2409790936407989
0.21275721380893836
0.18499925273462825
0.15803208142458108
0.13224950368388097
0.10812096110976852
0.08613726990179171
0.06672576178123078
0.050170646591035005
0.03656826710120053
0.025810428739484886
0.017631389257545906
0.011791733259903861
0.007670337601126547
0.005023849017829499
0.003385564899557459
0.002520253590916724
0.0022667249354555363
0.002258995337116089
0.0026097839938299464
0.0032585255441592805
0.0041729247753523645
0.0053350950256238145
0.006730037901558042
0.008336728217997105
0.01012185443183354
0.012036238912040628
0.014013973606032003
0.01597425363077445
0.017825734209589165
0.01947299079672275
0.020825622651985207
0.021802166935014335
0.022343795207817013
0.022467153987304297
0.022089615532667237
0.021299831584479026
0.020111093103897682
0.018620156781986627
0.016920593686633924
0.015112704259461427
0.01329514839415754
0.011557545714213408
0.010481261895925038
0.00903426021257795
0.007825084006343892
0.0068770597367515994
0.006195059978661971
0.005768070377247896
0.0055723932185241815
0.005575040039267824
0.005736980173482953
0.006016043276712372
0.0063693920814545625
0.006755586800178677
0.0071361895053915075
0.007477189245757412
0.0077507825577917645
0.007933747184920037
0.00801151546473572
0.007975273053301419
0.007823917486167318
0.007562611800300099
0.007202173939329015
0.006757940740047678
0.006248404226401498
0.0056937311273570785
0.005114294180419277
0.0047238338123875906
0.004144855376338733
0.0035871879548576117
0.00306275207151729
0.0025800843912707374
0.0021444961234782086
0.001758456608460208
0.0014221048832368567
0.0011337967011785925
0.0008906154881976998
0.0006888053704244343
0.0005241137268614408
0.00039205239595278254
0.0002880971503967374
0.00020784504686326296
0.00014714257488061518
0.0001021890712074354
6.961362157154663e-05
4.652154773974762e-05
3.050831231941022e-05
1.9642586082308315e-05
1.2424275385826603e-05
7.72597125047278e-06
4.7269329976033184e-06
2.847571558816029e-06
1.6901556048708668e-06
1.1842175380382324e-06
6.864670356073522e-07
3.9247576252372885e-07
2.213303517637277e-07
1.2310325987839792e-07
6.751752010773515e-08
3.650664951068105e-08
1.9454403207505525e-08
1.0215130948891206e-08
1.641359780519589e-06
2.889573001016857e-06
4.905865257624846e-06
8.023078014049455e-06
1.2634749207386671e-05
1.915804919451754e-05
2.7969384333288017e-05
3.9314962842060696e-05
5.3207770537089145e-05
6.933206507623328e-05
8.698311982963553e-05
0.00010506971614980045
0.00012529597919669406
0.00014228789149435452
0.00015677062983899162
0.00016822808901213184
0.00017676822253703456
0.00018119819316971962
0.00018689251335665772
0.00019280316244183387
0.00020048455007407945
0.00021107851154760567
0.00022495942634286395
0.00024151759054237895
0.00025915972371428535
0.0002755435796023908
0.0002880031859108095
0.0002940695697792865
0.00029196461745072306
0.00028802676320731954
0.00027245664496127066
0.00025171000341437364
0.00022866271496774134
0.00020664510589395312
0.00018899532121237453
0.0001786738777683639
0.0001779916123139548
0.00018846306616355235
0.00021076438729727862
0.00024475796227182105
0.0002895468439391591
0.00034353588633698743
0.00038356258596347506
0.0004476506606507319
0.000513805861727133
0.0005785783334626706
0.0006383631825687794
0.0006914487416957287
0.0007325065427626629
0.0007603127841932912
0.0007738085496596295
0.0007726831036203996
0.0007582941912569399
0.0007325069900310509
0.0006983767420328908
0.0006591236915252458
0.0006267888091926197
0.0005904882814491048
0.0005584456447842954
0.0005319895695973904
0.0005115291279532455
0.0004967519369219941
0.0004869539034361445
0.0004814170296379965
0.00047974075433024186
0.00048204671022186285
0.0004890123500548365
0.0005017344880953546
0.0005140356801070437
0.0005390714765678016
0.0005736265446769806
0.0006167149287668437
0.0006683774647847856
0.0007273582213527931
0.0007916825484095053
0.0008587982664431909
0.0009257574922749002
0.000989409239955319
0.0010465826087965575
0.001094252012577818
0.0011296858948389335
0.001150585834495405
0.001155222206862901
0.001142565751469577
0.0011124747636326656
0.0010655463899553494
0.0010034271364840893
0.0009342491017549941
0.0008543776588967191
0.0007714884041975517
0.0006907348594211109
0.0009134246212173014
0.0010827872306736139
0.0015400397666398022
0.0019445654371737914
0.0028429990013941445
0.004192232610599957
0.0061093446003705025
0.008698697936402391
0.012027997033558604
0.01610086638631344
0.020844970737964753
0.02605148298407832
0.0314312446215145
0.03693622036141868
0.04181232584961423
0.04580570062761736
0.04900112566026097
0.050971160371225975
0.05202462724210259
0.05250762970205401
0.05290918635790983
0.053764146980845424
0.05555257711281683
0.058587220236221156
0.06291931351289468
0.06830750072761187
0.0742278907422833
0.07994929121408552
0.0846525898215283
0.08683796871978253
0.08827288723647246
0.08709662681582604
0.08326602302802723
0.07812701098470133
0.0708364137307447
0.06256412988393778
0.05512332689209628
0.04815172770522403
0.04294151369326145
0.04010890401869265
0.0400957001745993
0.04317370920407417
0.04946057481467804
0.05893277139031364
0.07143483252837643
0.08667508812251383
0.10421710542436582
0.12347177839335695
0.14369863397478172
0.16403418345885423
0.18349476854425548
0.20107914477101366
0.21581622064120595
0.2273435667843149
0.23253292311677048
0.23668355553284878
0.23632053563883298
0.23161241686092313
0.22317173677746774
0.21184122362901325
0.19862713116782893
0.18451978559642748
0.17052636645173794
0.1574357073820863
0.14765950066143063
0.13845953293683172
0.13107935016087757
0.12643742898417476
0.1222785677330132
0.11904358979527335
0.11647359918065334
0.11450295631905323
0.11329390306783356
0.11321775711238997
0.11479397368457728
0.1185805491631263
0.12508627583798057
0.13466646107815847
0.1476385674308924
0.16365176589606617
0.17590753230917855
0.19635949281676054
0.21850164194885607
0.2415542012938324
0.2645964397320513
0.2866779290031531
0.30686656963114395
0.3242888986547994
0.3381634606456989
0.3478293969346155
0.3527731208979417
0.35265294490092375
0.34732549456405964
0.3368668408399197
0.3215980989751702
0.30203939927516654
0.2789511221866851
0.25324458272659445
0.22593577985750593
0.19806863611370393
0.1706319973587293
0.1444894912262338
0.12032593134767797
0.09861751595852805
0.07962719778952901
0.06342226594633235
0.05412509993760642
0.04229149354127456
0.032747943831518064
0.025179382277227876
0.019257643056943836
0.014671835440635151
0.01114406884213154
0.008467458079568287
0.0064103922096892686
0.004844017498390475
0.0036753974611648996
0.0027978332728594655
0.002163971617163905
0.0017321941785880233
0.0014693941528530125
0.0013515267095191691
0.0013585158011940421
0.0014730208671064164
0.0016790902097245143
0.001961075573517724
0.002302737042719524
0.002686575672164238
0.003093523716830076
0.0035029188897603993
0.003893194814316806
0.004132076649293041
0.0044432287173924835
0.004683499142936839
0.004836037349170321
0.004893246779623702
0.004851769514115015
0.004714914086213346
0.00449226562636943
0.004198288187834473
0.003851162500537591
0.003470450051501899
0.0030759204533763944
0.002685435440757866
0.0023136970254708043
0.0019736591644931114
0.001668317710807971
0.0014017785131859898
0.001173389962409855
0.0010547771180005826
0.0009404376185190933
0.0008583083884634951
0.0008659449625323172
0.0008910674964813858
0.0009716735320507663
0.0011150591282903556
0.0013298211263328623
0.0015172017927107418
0.0018713623068616417
0.0023206232060277313
0.002871633306434793
0.00352827739581732
0.004290668543402496
0.005154210786716877
0.006108823750981127
0.007138436058934055
0.008220855082652256
0.009328102821606463
0.010427271375059647
0.011481900093280146
0.012453816389825923
0.01330532159427096
0.014001551020375277
0.01451280189539194
0.014816610290517753
0.014899372008161828
0.014757342047097746
0.014397047559868117
0.013834364530543118
0.013093899620285544
0.01220689088658721
0.011209104581123659
0.010147008809133539
0.009415504751584966
0.008315359493000909
0.007246259978124622
0.0062331319057766085
0.005303522777027275
0.004475798384058305
0.0037626110608277785
0.0031698001723644543
0.0027081415372762108
0.0023593532750840504
0.002116435206339978
0.0019739629491343125
0.001906714610368847
0.001902551606492849
0.0019464359153548946
0.002025540678669346
0.002129774832185887
0.002251471244464648
0.0023863421776774084
0.0025247241389029806
0.002659916456444976
0.0027812621358624537
0.00287584428041245
0.003031508519597276
0.003077772686127478
0.003083591334188516
0.003103940235844129
0.0030602102586713056
0.0030023704176927618
0.002954463270388442
0.002945063392656793
0.0030040713840190124
0.003159394416040698
0.003434056485918339
0.0038440858621984603
0.004397290193438737
0.005092844581631657
0.005921419685975464
0.006867005806459724
0.007903817961769307
0.009002202207302985
0.010128946658474143
0.011242394068408537
0.012303157179063388
0.01327101926619231
0.014109656565184958
0.014781602322234678
0.015264611931794807
0.01553344493069952
0.015580506421028092
0.015427016409940562
0.015201520739628887
0.014872204101344955
0.01431448924969697
0.013668921672325944
0.013085681069341297
0.012498561976500441
0.012032510488457356
0.011755167740262971
0.011727661349147198
0.012000068285734971
0.012604951140817148
0.013555506343042183
0.014841577650191656
0.016428847594884187
0.018259584132186372
0.020255207086648415
0.022320477319423826
0.024348991250360198
0.026229611528183414
0.027854241284032515
0.02912248776079766
0.029951807629874157
0.030281831127202338
0.030080047340226675
0.029382689309619736
0.028171002151063426
0.027121631782545123
0.025261613819483032
0.023135210104944914
0.020866918245854637
0.018583377785979426
0.01640257727793279
0.014430831657738044
0.012735694776855464
0.011364408968268574
0.01032579256273931
0.00973350393148651
0.00934293994310981
0.009142303572878816
0.009071413078110302
0.009174074865163874
0.009214033046396848
0.009241516150040504
0.00925610691998031
0.00928436694648039
0.009374204017875564
0.009585984778714628
0.009982153575307972
0.01061735609244738
0.011529692123495293
0.012735954368865633
0.01422878819812112
0.015368773090618
0.01725945310870844
0.019308365102797036
0.021436795880705142
0.023556848474466974
0.025576701230434356
0.02740584753464856
0.02896015757129403
0.03016658892883488
0.030967324584738328
0.03132307433187625
0.031215270930850046
0.030646941035678176
0.029642131421746553
0.02824390713718983
0.026511141281327706
0.02451410139960558
0.022329873679311416
0.020037281460909245
0.017713504322984193
0.01542635471018311
0.013235529114799058
0.0111892398532727
0.009321777274752339
0.007655266975469683
0.006661588653611705
0.005348366938849362
0.00424590335665027
0.0033378005397699936
0.0026081847400594707
0.0020387668177779465
0.0016061901139731692
0.0012898400153892294
0.0010692340808301439
0.0009254970242906128
0.0008417173134712476
0.000803023544610071
0.0007964425863613082
0.0008108643508242327
0.0008360079802284051
0.0008632103425578888
0.0008848513365908877
0.0008995681319024462
0.0008979320982721325
0.0008806697792182043
0.0008481596394387322
0.0008093431832581575
0.0007646008174973944
0.0007245721546657183
0.0006978890748239616
0.0006926358842471962
0.0007036739746553341
0.0007444478079706053
0.0008151154650530314
0.0009095263146412376
0.0010202644866603265
0.0011362316079865605
0.0012449412733514307
0.0013420903994849909
0.0014076293211238767
0.0014405989702685883
0.0014458432396843852
0.0014197518316602564
0.0016982822481779324
0.0018982825557355937
0.002271949963197979
0.0032506109954528327
0.0044533864722242815
0.006237907311674856
0.008852595979146864
0.012646633820923596
0.01742970262819324
0.023411329534598114
0.030671726009580222
0.03948517497164269
0.049325679494315565
0.06018538102532537
0.06787178236866305
0.07985546104810004
0.09209180096233648
0.10422101959291362
0.1158496012277485
0.12654952955467147
0.1358492969680187
0.14325605213597403
0.14828497078451167
0.15051061846490735
0.14972403261979822
0.1457199692569397
0.138660503084557
0.1289723482863608
0.11723716459191987
0.10421320095016118
0.09074130996162015
0.07762130789190692
0.06553381925630537
0.05497595970124486
0.0462282170580723
0.03935353716350326
0.034224142609607426
0.030568178454271035
0.028026919408753286
0.026771481380639423
0.025262022796134466
0.02390944636953123
0.022488453717106636
0.020862760619078748
0.01935006477957058
0.018024378438406617
0.01664712234243846
0.015768264875969006
0.015624220990759283
0.017029994837117205
0.019779106821082006
0.024480065575961708
0.03146673544114679
0.04097170451861092
0.05302607653918034
0.06745547743902505
0.08382223876394845
0.10139979956364355
0.1192191093277346
0.1361520187441805
0.15103374872246247
0.16281102756025198
0.1706837290261496
0.1742089212879361
0.1733528340033235
0.1705102961798728
0.16330542644826815
0.15331267533555423
0.14148981644462877
0.128700187306134
0.11574831093301678
0.10324715557218767
0.09158860162214481
0.08098289803319243
0.07149608096919971
0.06309014144499722
0.0556716072967579
0.04912682199894488
0.04334401687175573
0.038223286633450315
0.033678039894472676
0.02963224555046696
0.026017154573941128
0.022769729367828003
0.019833389632594508
0.01716039101761032
0.014714477250298225
0.012472433057511462
0.010423659569410897
0.008567626953469408
0.006909747316223507
0.0059179359682804585
0.004603654093600089
0.0034970170455878593
0.002590439707853074
0.0018694521570722408
0.00131352842260897
0.0009019278955236036
0.0006048074866200855
0.00040002157398601955
0.00026655659417031423
0.0001866045125102985
0.00014682146457630713
0.00034023073540281385
0.0005124188908115282
0.0008025701771370271
0.0013106759413303922
0.0020486893358585053
0.003075480945280665
0.004479676927278417
0.006322337735118746
0.008638833508820071
0.011422196828487325
0.014608502691353178
0.01806841826596184
0.02160877840480094
0.024990096677460123
0.0270208501506706
0.029542848953770726
0.031231677227030956
0.03193016094883096
0.03157393604135759
0.030357515749624895
0.02819524824586434
0.025409354218536788
0.02231295525499955
0.01914805137597311
0.01615999244136853
0.01358003454513139
0.01156022095907424
0.010258535523317302
0.009789933547446726
0.009988460835758429
0.010926514906651204
0.012554995908748142
0.01501850120679776
0.01811988286629272
0.021922325178197907
0.02641716427721686
0.031576150964475566
0.03731707539365069
0.043495841036231185
0.04775861577873925
0.054164677580864594
0.06028765330749741
0.06575504138767044
0.07018770361030166
0.07324679069769766
0.07467900657300264
0.07435508525133624
0.07228746746771032
0.06863318345202787
0.06367003914094513
0.05775893490865448
0.05129694789444542
0.044670440458212585
0.03821595980064486
0.032194104052969394
0.026780273468552378
0.02206047296118808
0.018052355173425776
0.014724380237345163
0.011996600572596843
0.009785935332732813
0.008003339307619125
0.006567982207250982
0.005554815024501496
0.004724086142747597
0.004272169196614407
0.003754766818281467
0.0034800254405610476
0.0034197807737038058
0.0035192089636824834
0.0038372563087705268
0.004404735756414458
0.005237860056432516
0.0063584687304121855
0.007789505939530256
0.009534131820455458
0.011586973030261363
0.013922232704998046
0.016499096022310047
0.019236757224186482
0.02205289977461729
0.02484473048299902
0.027505158665526545
0.029929292035233836
0.032404639204494975
0.034388018926762146
0.03609514661673032
0.037680131583878416
0.039165745325075274
0.0406836767241234
0.0424638747154414
0.04386842273820835
0.04638146637832073
0.049476058655668405
0.05317109239966342
0.05735339507852152
0.06178880045078556
0.06616485522466933
0.07009172480139483
0.07316267588283235
0.075011708721852
0.07536734644116108
0.07409259449260124
0.07120287514420204
0.06685908315424459
0.061339665180673075
0.05499763999808709
0.04821271664848179
0.04134707077134091
0.03471140794195675
0.028544578085721584
0.0230067659998106
0.01818359472552046
0.014097881196413161
0.01072454128938254
0.008006137371636994
0.006521196108322338
0.004720518470473431
0.003357194290800655
0.0023495572448413056
0.001623389532390347
0.0011154985284697262
0.0007698162388366892
0.0005433790628359699
0.0004019824551456984
0.0003205551292566099
0.00027903359908226804
0.00026424880997297565
0.0002665088594986985
0.00027888090659337233
0.0002962846522183105
0.0003148958899502131
0.0003317409404742407
0.00034466872204692856
0.00035192057982343875
0.0003525353876677092
0.0003460931725266522
0.0003327395927061593
0.0003141476690992902
0.00029014459717842275
0.00026283665749247736
0.00023398354226665486
0.00021479853246631506
0.00018742195716557787
0.00019274964499273818
0.00020200187078443774
0.0002308789812473534
0.00029221534938443156
0.000411816534785217
0.0005810687050171818
0.0008235031842864532
0.001152442553263645
0.001577395350758762
0.002145285286310861
0.002792139391400392
0.0035221266935817497
0.004307203680492242
0.005136873348612065
0.005929823435137741
0.006660884126745564
0.007290993850912276
0.007797186741203017
0.008171929978954077
0.008425150354871675
0.008581899980370964
0.00868595879253639
0.008764801700916248
0.008858287551160715
0.008941748223432707
0.00910963155776922
0.009327685742727947
0.009583260050365191
0.01033036429849342
0.010958111484217865
0.011774376836930136
0.012884764982171813
0.014612402341645956
0.01681328909264027
0.01980506522059346
0.023778595656542268
0.028847644615065293
0.03505971167383457
0.042322956296539635
0.05038523850860438
0.0588579310504565
0.06714703947433648
0.07463114993499975
0.08066664195676453
0.08470796153015286
0.08634915791901943
0.08560234020741944
0.08230467701141499
0.07691335829989152
0.0723884667157404
0.06471858747845803
0.0565054371475495
0.048369342661494404
0.04087886536529746
0.034411223890493996
0.029223612610403845
0.025419900299842094
0.022976976702845382
0.02177971682273214
0.021634880589324456
0.02237034916750951
0.023680114952160325
0.025346954568342864
0.027152585713741677
0.029063986111163228
0.030707754572166113
0.032010506121137795
0.03293338984548539
0.03351547348952128
0.033663986236003834
0.033492522733392815
0.03309783153135539
0.03259157928615496
0.03243958628435492
0.03233906766850026
0.03248010900285015
0.03311266167187779
0.0344707238971075
0.03659449032757989
0.039571866164504595
0.043479287839525343
0.04831742662186718
0.054003257434707866
0.0603601566177199
0.06709687522470978
0.07382716064185396
0.08008415317126799
0.08536417511883104
0.08918307680827393
0.09114722228305856
0.09098137870798594
0.08860500498597519
0.08412559435934003
0.07783444457094506
0.07015202082213604
0.06159296891328973
0.05269485736900651
0.04394659237528019
0.035762331878104466
0.028485753077622498
0.022242907795768763
0.018702172516169083
0.014317554222113725
0.011143277103244729
0.008857359609695806
0.007368317587440048
0.006581129538513467
0.006447307409787316
0.006800362898564943
0.007561308780177037
0.008683372351233652
0.010103695900923427
0.011762358953830153
0.013584396874613174
0.015503114580830642
0.017451414496337404
0.01937065340027643
0.021215803776386856
0.022958422101714678
0.02477536576657701
0.026402894483864642
0.027936800241446687
0.029413592770364975
0.030916008798595677
0.03236341286610293
0.033746268005721364
0.035070348470620384
0.03590932519499227
0.03709496804272266
0.03815713259889959
0.03908569295170508
0.039876154415878426
0.040533488663951844
0.04107953613101884
0.04152191998120127
0.041886806222210825
0.042200372514352144
0.04247469536379423
0.04270417481962912
0.04289056472283965
0.043011694523756284
0.043072108743938964
0.043180212987188306
0.04314103426018392
0.04301588983096144
0.042857068608525
0.04270556271548447
0.04277022584039895
0.04295224415948555
0.04342488822891833
0.04426642368517044
0.04551692663477858
0.046571492640621936
0.04842625403147228
0.05047538440914144
0.052504663170412406
0.05424754547483328
0.055421853993248026
0.05576809793350288
0.05509043922396992
0.05328949814548718
0.05038681969211518
0.046489990374897705
0.04181967037429852
0.03665670511097552
0.03130850707739766
0.026064690497756917
0.02117562411601071
0.016830947203215946
0.013147842753599773
0.0101687557265576
0.00787766098763174
0.006206236407095317
0.005058302184269063
0.004323063925022658
0.00388679584747244
0.003647083184734146
0.0035180675129431304
0.003460395485858
0.0033808296263135177
0.0032820315473819804
0.003148388121962841
0.002976727644418749
0.0027722485265225453
0.0025446698069501966
0.002305109621997589
0.0020638876405185244
0.0018292645867772942
0.0016069895000364505
0.0014004390584993166
0.0012111112939330606
0.0010392204774134542
0.0008842927927577558
0.0007472983915916133
0.0006253726081523676
0.0005190327058685467
0.0004279984902936409
0.00035227718637390943
0.0002919187011498308
0.0002456477039647699
0.0002131820658639438
0.00019351363399647712
0.00018515664276370664
0.00018622659243898128
0.00019110917903018644
0.00020273939602719824
0.00021716840119561132
0.0002329611681006724
0.0002464511523556628
0.00025637763934010816
0.0002620207057450134
0.00026452586580618667
0.0002646120275658472
0.0002632654622345016
0.00026343175607128935
0.0002675499043782064
0.00027855516169690765
0.0002969329998203487
0.0003237489341183328
0.00035854437759893354
0.00039973381136414524
0.00044471389724259924
0.0004902116726098369
0.0005323036694237594
0.0005675908177081143
0.0005923519529403207
0.0006043108395389744
0.0006021465255396644
0.0005858006206618423
0.0005675576654462086
0.0005307057319051875
0.0004849562031527776
0.0004335162351516245
0.00037966684968305424
0.00032639846022683113
0.0002761314874923499
0.00023055456687122572
0.00019058913649493738
0.0001565791467678932
0.00012808443272590837
0.0001046856940718114
8.541950549486502e-05
6.964051208928821e-05
5.676616052139654e-05
4.6342431286808856e-05
3.803602511256361e-05
3.862684049599833e-05
3.990674513149373e-05
4.673076009324491e-05
6.085758465590177e-05
8.458423819916296e-05
0.00012051714169939374
0.00017139732265788243
0.00023957694593206076
0.0007787345205851224
0.0010586252448310661
0.0016548977075855182
0.0025375198371724943
0.0038056257956457906
0.005797760374111083
0.008334460711660252
0.011655409020565197
0.015833914521944936
0.020872285591771362
0.026675723924827404
0.03304336302787306
0.039647174220098204
0.046079164102586695
0.05188040293341701
0.05659819393258306
0.05985150891163461
0.061369252743424016
0.06104484222246524
0.05893658831310032
0.055256595397931194
0.05033618884478543
0.044578072354993156
0.0384044488445109
0.03220959922414836
0.02632331598662929
0.020988648973815013
0.017815978844599206
0.013687384668400625
0.010318325582169795
0.007658214292590946
0.005618216218710377
0.004091706813543436
0.0029707112561962786
0.002157250821881133
0.0015696635817588726
0.001144379207090564
0.0008346171156140504
0.0006074291975651326
0.00044020782839179496
0.0003174676034491943
0.00022831259993636786
0.00016468992936946434
0.0001203359315246568
9.021246259421258e-05
7.021287526901792e-05
5.7977895500144494e-05
5.003873547802736e-05
4.49073539204517e-05
4.16584812105632e-05
3.9712586976116335e-05
4.922320938002725e-05
5.7396731891982204e-05
6.610930420322279e-05
0.00011446181709842733
0.00016000025405540265
0.0002255577615757236
0.0003161263230991228
0.0006646200641344386
0.0010694609329543804
0.001616461636135149
0.00240941478358006
0.0035346410418165457
0.005197892348754787
0.00742792552219953
0.010307900874384861
0.013952176991993004
0.01838691102739384
0.023560001137079466
0.02932093265624162
0.03541689312780106
0.04150427359114016
0.047179169373632916
0.05202283186831755
0.05565627214197159
0.057785655667044904
0.058280445122281734
0.057083003644929166
0.05541428116632852
0.05178186469683019
0.047083911025207835
0.04171094541602189
0.036091401130231134
0.030523024084326937
0.025336462123824715
0.020766223366462236
0.016952499301598537
0.013982267784828285
0.011786457158177353
0.010309054935167313
0.009436531102451339
0.009038944477142466
0.008987441497383378
0.009167093587670809
0.009483777549849099
0.00986702335276082
0.010267614225623339
0.010653278349177439
0.011002355887254773
0.011299618433598228
0.01153319823492911
0.011687702986849043
0.011749356613662136
0.011704196353887739
0.0116086166819763
0.01136101060125828
0.010984525291570292
0.010482836915790578
0.009865056769819828
0.00914933575006151
0.008358985207775635
0.007521045442449155
0.0066638839560956495
0.005814817682557971
0.004998946691139667
0.004271116027239774
0.0035958595427476956
0.0029998017661321294
0.002492856419064719
0.0020772736806739175
0.001772545444034588
0.0015640810892267572
0.0014422726190304364
0.0014134756502054118
0.0014810493174809518
0.0016481190699011675
0.0019189636795763762
0.002317354065046923
0.002822134717847675
0.0034456096410160368
0.003931887320695628
0.004745641656025563
0.005651682037433186
0.006622052373145522
0.00761891447933224
0.008596758075164721
0.009507012321845759
0.01030232331183216
0.011190310441982463
0.011875752064016868
0.01246967112569302
0.013055591075531897
0.013723527634740912
0.014689170470979998
0.01603402027379734
0.01792228847009878
0.02037514026432727
0.02350447441694614
0.02729721315857542
0.03166222078171159
0.036420392824383
0.041235901121031975
0.045805536407566634
0.049792890146460975
0.052893409300000686
0.05435020009883426
0.05551110993542801
0.055403773898493595
0.05408711045145859
0.05171663325024747
0.0485190453690297
0.044760857640102965
0.04071633795865527
0.036640140498843135
0.03274389042623824
0.02918562068126904
0.02605948777312606
0.023402917950175628
0.021202465567115424
0.01940697864975825
0.01794210925847543
0.016742180899026585
0.015703666827899136
0.01481037492187379
0.013968179724507552
0.013165789009789547
0.01241031085950344
0.011704214175652402
0.0110774734499136
0.01059885301193393
0.010252743100114902
0.010121305287916814
0.010083900034218529
0.01023759382843895
0.010560766740799398
0.011010191440666556
0.011520955922880292
0.012017355576227058
0.012420111950038682
0.012672443881791935
0.012701956547963519
0.012484231797298094
0.012019404823950114
0.011367334488679447
0.010531739461710822
0.009592659855431925
0.008629655190844392
0.007710641390951533
0.006919594057571307
0.006282630159910785
0.005866686775149207
0.005659209318898784
0.005671475408885816
0.005884103555636079
0.006269561632946431
0.006802103512262595
0.007439388055137079
0.00790649323639427
0.008641192998270321
0.009390431408463698
0.010120373542486287
0.010797951168854129
0.011390633960238879
0.011867858380179171
0.01219721561338414
0.012355756694307848
0.012326311391126867
0.012102376362587226
0.011688110460997691
0.011098748159965576
0.010363652606840103
0.009508542363520122
0.00857350782106078
0.007606761227854453
0.006633402537526781
0.005693407500780045
0.004813609938239481
0.004017736205768726
0.003321287142247735
0.0027400660147678534
0.0022664600071316604
0.001903869091719502
0.0016455513063509937
0.001527514943035726
0.0014250028896753315
0.0014014547119534054
0.0014457152465688818
0.00154580142645616
0.0016893051348606837
0.0018635343477278554
0.002055525234268149
0.002252242656281144
0.0024465908250923527
0.0026383765599052125
0.0027937429489304543
0.0029194113752448103
0.003010644762763169
0.003070418153967211
0.003106737566963434
0.003120548473927597
0.0031222388252417927
0.003123067546063138
0.003134918792471837
0.0031632291286863195
0.0032137964020334756
0.0032876558708499126
0.0033818387922296043
0.003491997126992461
0.003572645572993582
0.0036899822149316567
0.0037997337203156175
0.003962312003159581
0.004087819599554017
0.004208428872883142
0.0043420070388851305
0.004501568569268411
0.0047074155856832
0.005030735902896337
0.005450682259793621
0.005985919772965427
0.006660541644936641
0.007481168389986177
0.00843903956763779
0.009522679536329234
0.010705965238211634
0.011925040177962015
0.013149492165078797
0.014336247426586459
0.015446104115428126
0.0164481113962677
0.017299838108095305
0.0179778034086533
0.018458389655992925
0.018738517348497987
0.018796225698628766
0.01869653100275381
0.018380952877856873
0.017918915117983804
0.01728498473312939
0.016549708284832647
0.015757247570750296
0.014966772341181067
0.014245505466874274
0.013626707944207972
0.013144382698961267
0.01282338951322036
0.012666490131101176
0.012668906952890167
0.012775230233235658
0.012939098948452046
0.013099851242386211
0.0131936647907315
0.01316336851456645
0.012972699229049972
0.012601613041177332
0.012036542323785517
0.011305656568242837
0.010445757120279873
0.009508015154103558
0.008548606128064625
0.007929529948957676
0.007060136839928808
0.006303667825813626
0.005692886584858981
0.005245406331007857
0.005004188612902936
0.004896408938939153
0.0049298158064583555
0.005082318739378285
0.005326459936910412
0.005619694978427417
0.0059356257701227875
0.006262761752558894
0.006598986737390292
0.006958558892416806
0.007352747328444506
0.0077804956987564825
0.008262443005957238
0.008803822624116456
0.0094002449371054
0.010036074057964993
0.010685150665136223
0.011313181982031338
0.011881654558494334
0.01235253068346428
0.012595562440119496
0.012834592633885304
0.01290841630656748
0.012811583840537173
0.012547858474290038
0.012132363843836804
0.011587173460390284
0.010939133916136573
0.010217537943391374
0.009451979459079041
0.008677861766633068
0.00792803306278491
0.007199219224056694
0.006517617895580229
0.005899384529799437
0.005351507646084531
0.0048859634694241325
0.004510360380243728
0.00421072524293468
0.0040085696558878605
0.0038834790746764473
0.0038381436579653524
0.003866691702710392
0.003960998425063567
0.004111328068689932
0.00431524451999215
0.004469020821459246
0.004723190551200203
0.004995751647413655
0.005275271381959379
0.005549223849227731
0.005804129018038527
0.00602492030779157
0.00619698639378746
0.0063068009040417785
0.00634355773685939
0.006300447361533646
0.00617542234344508
0.005971305934978375
0.00569528546486178
0.005368265601798715
0.004992718642048568
0.004587359416085122
0.0041713827981644256
0.0037598015440853745
0.0033692939170431
0.0030199790551897194
0.002715562734155922
0.0024673165719048076
0.002278982106369915
0.002171532816111269
0.0021114645350489582
0.002136131912544515
0.002180203586266864
0.002265610622858675
0.002388868480863206
0.002559374129368597
0.0027587012576966415
0.0030108404982668517
0.003301849888054915
0.003634044212223287
0.004012473986718765
0.00443887478389014
0.004900188831821563
0.0053879528616933734
0.005889546590935893
0.006393021982356534
0.006884250519747757
0.007366461558429996
0.007811643917128489
0.00821854192778089
0.008581965704747873
0.008897249003059647
0.009172507948443352
0.009393489916745214
0.009561452258162031
0.009677930729959074
0.009729371057619389
0.009770597639523006
0.009778877164507477
0.009752847665502745
0.009700780353299257
0.009627164996275374
0.009532777013469992
0.009416174681498126
0.009273096671375401
0.009096802234095978
0.008879231618785401
0.008612699840071073
0.00829083641634121
0.007911667141027057
0.00748983363964934
0.007024870310391276
0.006523612106698994
0.006008025585249443
0.005499930846335289
0.005022874831360663
0.004602685517184551
0.004271404808398192
0.004030634912171332
0.003900050809203588
0.003882499365087586
0.003969807858014941
0.004077082515616146
0.0042908762391538945
0.004537224727146339
0.004778011801356557
0.00497995662662653
0.005107991033266728
0.005142101659480893
0.005072788059857672
0.004901696456505869
0.004639972429795823
0.004306383342567066
0.003926983396821951
0.003521557002561765
0.0031153116317581358
0.0027284560565157974
0.002376635385823069
0.002070022666904403
0.0018130274674204598
0.0016046490143758602
0.001443194914367995
0.001316331252992471
0.0012162064247899385
0.0011345741570280737
0.0010644478143949213
0.001004801204289965
0.0009507366533563062
0.0009184722637319982
0.0008767803748078262
0.0008464357153057167
0.0008304361905903656
0.000831263680039166
0.0008510218912563286
0.0008871649146146769
0.0009373412383525831
0.0011384286445458756
0.0013371098167448134
0.00160344911690832
0.0019814273682333284
0.00251591657524937
0.003258155934812222
0.00431921447887158
0.005710222512313697
0.0074772069009511844
0.009636494118837383
0.012165546220536663
0.014984424161716758
0.017963037737588495
0.020928823394321856
0.023689448436818812
0.026044995101009483
0.027830469480147155
0.02892701004530659
0.029244155030398702
0.02909559739713755
0.028260891134179386
0.026805263379122445
0.024857261919717866
0.022559054782909326
0.020052217215116706
0.017471510913483135
0.014945606854337382
0.01256795171153194
0.010418616845729147
0.008554740248145114
0.0070059592979805595
0.005888644142936232
0.005063846086054691
0.004557678621888713
0.004362977443812104
0.004465399959118204
0.004855080329409932
0.005565875340189916
0.006558501455120871
0.00781923975577856
0.009332386318756096
0.011048061814110012
0.012889049660858574
0.0141362187388555
0.01594934404425973
0.017582604208131493
0.018918106120243285
0.019859022278025034
0.020343506643970985
0.02034399328706993
0.01987484783285242
0.018982909591243612
0.017737999404908868
0.01622524662527336
0.014533774760722911
0.012751071513736811
0.010958751839288476
0.009228293640376146
0.007618516332152958
0.0061733158795749836
0.0049210419537317985
0.0038798787080785674
0.0030366397767009876
0.002379532383634924
0.0018861406794267242
0.001528475398615605
0.001278795296300107
0.0011116667031140697
0.0010112809996687744
0.0009681603867846043
0.0009335157482088039
0.000927538291379988
0.0009440062265227523
0.0009810488006842227
0.0010371465972636258
0.001108014099271239
0.0011928542743704232
0.0012897390468107751
0.0013960883734276076
0.001508813802553823
0.0016256836603234068
0.0017414005398564678
0.001853536424741284
0.001956659177661322
0.0021500544690828713
0.0023195265815750877
0.0025156760153780973
0.0027694657671956213
0.003111317968892378
0.0035777228263525513
0.0042072777208246575
0.00510997756945609
0.0062282514183490244
0.007588999570014595
0.009179512390625746
0.010342888374030265
0.012190753677946385
0.014054047776749906
0.015814699937217992
0.017359700338775742
0.018570334053461708
0.019377124995495463
0.019746073487453546
0.019789559657743965
0.019404825366493864
0.018731193418972805
0.01787499160395509
0.016927445224088424
0.015995156132318576
0.015206390047474809
0.014616644666340276
0.0142861315856339
0.014260059929298496
0.014534174478828927
0.01506821724466939
0.015787772273560784
0.01659251750584706
0.017363814398503152
0.01798959325661911
0.01837523451567377
0.018465189597287105
0.01832230463322339
0.017841825354493367
0.017046891174556794
0.015981895880525752
0.014705660207682257
0.013283452774927054
0.011780294260996055
0.010257201656993606
0.008768601342991412
0.007360514891467523
0.006069057228037356
0.004929448610158459
0.003942566376567454
0.0031194743541850733
0.002451945898700975
0.0019292169786660066
0.0015350262498220137
0.0012514463846560477
0.0010670941657134286
0.0009571543798000306
0.0009143935385901966
0.000927112849113785
0.0009872396279291843
0.0011150059831786904
0.0012735555892541015
0.0014016802377486896
0.001623909047751955
0.0018828800150253165
0.0021857159230899152
0.00252467937281402
0.0029155130411294794
0.0033630741505164684
0.0038493911418697904
0.0043771194865613525
0.004937397425109421
0.005516789624745418
0.006084841567427544
0.00661570984419573
0.007087805635459557
0.007462830992208467
0.007726256823139061
0.00786688840362811
0.00788276089783416
0.007780357235338489
0.007572826251913047
0.007277789698250974
0.006915241557932127
0.006505873908378142
0.0060698130137130085
0.005625685979514025
0.005190985762226314
0.004912356075130024
0.004519711290270747
0.004163897915188714
0.003848668884779943
0.0035741816041218294
0.003337696769746272
0.003133901331640162
0.0029561486756943187
0.0027975181540280674
0.0026512718977739634
0.002556686356493148
0.002461126839735162
0.002385973190916442
0.00234505931607716
0.002353313076238194
0.002435859173029146
0.002605616507696071
0.002915252768970812
0.0033503925202100944
0.003923307108842061
0.004635065570136275
0.005465221172970993
0.006379903624994372
0.007328351326035412
0.008251038498914056
0.009089385004795206
0.009575115669751647
0.010161674716618519
0.010550719747884648
0.010726316786216201
0.01068719799891156
0.010444105015854957
0.010030064481171127
0.009456701962448353
0.008761444579484292
0.007981931807472396
0.00715645057314472
0.0063244244711483846
0.00552316138891787
0.004792548116004927
0.004148349943846223
0.003610239775783431
0.00318409430540798
0.0028660268006658347
0.0026470843404508082
0.002513030161202139
0.002430522549763695
0.002386925138517623
0.0023663648767976242
0.0023575720521045182
0.002355425479662627
0.0023700704009015448
0.0023902006499665874
0.0024195541167773794
0.0024652017125609983
0.002528627859649375
0.002608672481990015
0.002700594946509341
0.002802695176215442
0.00290205293999724
0.002991769640339431
0.0030676671220497974
0.0031272045903000725
0.00316857049644296
0.0031957484609382338
0.003207909059207305
0.0032083753864191847
0.0032007619117866617
0.003187580637971656
0.0031713282974340884
0.0031534896732567366
0.0031368491206367716
0.003120108068522105
0.0031044450853698513
0.0030947564820857
0.0030833959198489423
0.003098054613799985
0.003104334316344113
0.00311847374597265
0.003146920678693108
0.0031968508507494715
0.00327832274088833
0.0034059415320228867
0.003593010553136743
0.0038410891352674685
0.00415041670505916
0.004515741585630966
0.004919858122384507
0.0053366193241576295
0.005733597628780842
0.006087167518945666
0.0063546131997852424
0.006525459019771773
0.0065819149235929846
0.006530026442216611
0.006384881860387593
0.006169336891598279
0.005911326287707297
0.005645417863550601
0.0053857310580304055
0.005152637803551446
0.0049564369729869955
0.004800491955344794
0.0047170638608587225
0.004615986205514902
0.004532404307750707
0.0044518467359291845
0.004360069256064098
0.004279819946780678
0.0041668741483747275
0.0040367915259890835
0.003902037220609224
0.0037786280821015573
0.00368670404987566
0.003648501883651246
0.00368549330075385
0.003844028438520355
0.004095518327085252
0.004456535765522647
0.0049134625658832955
0.005438258366934666
0.005994604758566049
0.006529768373926253
0.006998118345408373
0.007356677259936518
0.007576791119048906
0.007651228202120163
0.007574361139286301
0.007447660228342117
0.007164471631113911
0.006788416943298597
0.006347781654164865
0.00586521627878479
0.005360820314273415
0.004861176373870907
0.0043672919492242866
0.0038980485487262926
0.003466533391581025
0.0030836783658467998
0.002757595457301851
0.0024927328198343143
0.0022887493881851985
0.0021457589231983496
0.0020499385743647687
0.0019943837387255063
0.0019693361969931734
0.001964005215972178
0.0019820684500619704
0.0020036257032771316
0.0020301995912056898
0.002062687191925157
0.00210279430594484
0.0021538830223368256
0.002219122111629083
0.0022752105217716334
0.002373072951065826
0.0024885119165516854
0.0026187416157833457
0.0027567847365997417
0.002892674025462175
0.003014490062719539
0.00310992791242717
0.0031700698471469053
0.0031842557251479365
0.0031495752494128267
0.003066802573540698
0.0029402935413577213
0.0027770661669870734
0.0025854722213396247
0.0023747503529934467
0.002152022321501464
0.001924368655662073
0.0016982157311907645
0.0014792420999156053
0.0012729589972692436
0.001083636616086122
0.0009153244722505719
0.0007708724053949853
0.0006517373807197513
0.0005578630004116191
0.0005086455489380744
0.0004530602195741483
0.00041666309867909187
0.00039574801543228855
0.00038639470077344017
0.00038505892788628357
0.0003890427127885854
0.00039481273662856953
0.00040034925230063783
0.00040400708265855037
0.00040469143782244767
0.0004018519517207348
0.00039543336211015316
0.0003859184341592021
0.00037605687442033024
0.00036354415617963405
0.0003499591981860391
0.00033630769137164596
0.0003231739712352833
0.00031099011080134664
0.0003001476479818493
0.00029107024478141496
0.00028565897899682425
0.00028246102138878795
0.0002826618426934754
0.0002850282275776915
0.0002920071272558698
0.000310952935530082
0.0003331054745401853
0.0003620995811553238
0.00039952442307286624
0.0004471986367969679
0.0005059274724334136
0.0005773712509340122
0.0006626783323964175
0.0007672022658904287
0.0008825787272916558
0.0010087446161476
0.0011405564083139612
0.001271367925047796
0.0013927380579627216
0.0014963083258430346
0.0015751856572858284
0.0016243592160656193
0.0016454277994757145
0.0016357051954075212
0.001602887497540764
0.0015493615093995624
0.001483545815300422
0.0014130360973556668
0.00134479476259889
0.001303670589861562
0.0012618010863943486
0.0012337503878182168
0.001227268870950349
0.00124346390533819
0.0012815429479545485
0.0013380617856397702
0.0014074427063975198
0.001482524692326692
0.0015595657313131992
0.0016276032471181146
0.0016821883012360093
0.0017221612164439893
0.0017477252989754831
0.0017609210608331692
0.0017647805095354
0.0017626016209520274
0.0017633766054403054
0.0017605039025883247
0.0017582055641030977
0.0017581953920413431
0.0017641947522459567
0.0017737745863629566
0.0017894623182137756
0.0018129887861952246
0.0018488389447398395
0.0018784716230855396
0.0019312663448727491
0.0019998518315844046
0.002079899397654581
0.002171222696828427
0.0022744904970749655
0.0023880824441783527
0.0025060046927434846
0.002627297665097059
0.0027496074958951347
0.0028728417182004255
0.00299399893511577
0.0031108653146787266
0.0032240088990323017
0.003330494390600615
0.0034259296071221233
0.003520652388426648
0.0035922292506703397
0.0036425258461686744
0.003671462072464542
0.003682048030258791
0.0036766789317839578
0.0036654179218495236
0.003660154355380916
0.003683359505304848
0.003735331636937653
0.0037895353097158074
0.0039025233080900853
0.004049962664063879
0.004216779246629658
0.004385405932887751
0.00453615714834472
0.004667264801423436
0.00474324384653955
0.004767107928718912
0.004738115209475314
0.004666476300246655
0.004557945423649262
0.004424878608072233
0.004277661116979738
0.004131517752280316
0.003985660073143155
0.0038475229557279225
0.0037222190201510815
0.003617056220561968
0.0035351360924108003
0.0034784238090342745
0.0034480755440235355
0.00344196043554297
0.00345527539289876
0.003480629102998994
0.003500243700801832
0.0035274871065664433
0.0035451417324741615
0.0035470766469979614
0.003527423109989771
0.003483160667147738
0.003422260578528519
0.0033337942519020406
0.003224081586605101
0.0030984382348731793
0.0029623115876646505
0.0028333091860744996
0.002707299464063862
0.0025966966510747487
0.0025152940181553513
0.002463061609314788
0.002446867499772901
0.002467621414166283
0.0025226007175666782
0.002609865967650812
0.0027164384943943335
0.0028384788301471127
0.0029552206619831763
0.0030583091899093924
0.0031380202692028385
0.0031950776558289573
0.0032120647285246513
0.0032079475218615644
0.0031717356999581463
0.003111860584964073
0.0030343477712810613
0.0029495788236536496
0.0028685279864769774
0.0028027039094993813
0.0027553145543420497
0.0027283273413650157
0.0027206271621000844
0.0027268784806948887
0.0027389784351999217
0.002748388817800805
0.002747363347905639
0.002729013162793176
0.0026897107923756227
0.00262858980347749
0.0025462058350579236
0.002445019999173228
0.0023280205441364287
0.002198235371518585
0.0020577738904587178
0.0019148545447559755
0.0017747355564546646
0.001628459187425075
0.0015407246812639396
0.0014108664674131154
0.0013023605157961066
0.001220443534970925
0.0011891709408158417
0.0012070649386526887
0.001286306715239451
0.0014327619346071537
0.0016523342032899709
0.0019539982706086962
0.0023260649513524804
0.002763585641427197
0.0032580183533633105
0.0037876017650574105
0.0043467242866120975
0.004890944356452888
0.005409974114829237
0.005880865294273133
0.006291453970985864
0.006637761569195947
0.0069226744340461265
0.007157210163680328
0.0073593488473849755
0.007554051543307434
0.007735316838115652
0.007854943289643583
0.008029689478028616
0.008187112580693635
0.00830806699479761
0.008370451062646108
0.00835489013190375
0.008251756940119554
0.00805668886411704
0.007777550538507452
0.007452258672777044
0.007068226326756051
0.0066537608389444485
0.006226080369574072
0.00579359868109381
0.005362017112261515
0.004934842723726777
0.004516364736898316
0.004121110777658565
0.003749165388152926
0.003412540578927312
0.0031251548869516577
0.0028970149127012217
0.002740216021242325
0.0026492253554934032
0.0026276373870593463
0.002669349927538447
0.0027296790328705267
0.002863595360196633
0.0030446204562904248
0.003262236802055279
0.0035083203174193296
0.0037767436693021354
0.0040563849432389675
0.004332206736789567
0.004606534421072406
0.0048506515670078045
0.005061926593565168
0.005231374688438737
0.005355301823832156
0.005436794816462542
0.0054839754157134475
0.005506093713010995
0.005518829106477933
0.005548461886219758
0.0055759055768536
0.005614076634596951
0.0056596779157235015
0.005704700507478421
0.0057489216050319505
0.005777831287557822
0.0057921526163536964
0.005800806123380907
0.0058031579852365215
0.005810916274934108
0.005820264432831007
0.0058381689722640144
0.005856261535530038
0.005873694613198206
0.005868154213106185
0.00583132198910659
0.005756139688432417
0.0056374513759474346
0.005482576598795423
0.005307317315609503
0.005113247628518428
0.004919125628518284
0.004737251295308741
0.004577312499840825
0.004445323656095787
0.004344444548348779
0.004272341167972556
0.004227210796076466
0.00421187911694429
0.004212001536880262
0.004225610030696468
0.004244489370067734
0.004259846743654932
0.00426197898141398
0.004251390331710602
0.004211554762479027
0.004138046949127188
0.004031744334451571
0.0038910778160424083
0.0037288154162403516
0.003545567404271401
0.003351238624831441
0.003156121462152804
0.0029687978972588284
0.0028132959492068363
0.0026764986721763027
0.0025739396147931343
0.002514374324373644
0.0025010850206251237
0.0025385052865324097
0.0026268363539842907
0.0027626263718773074
0.0029383045226483375
0.003152619765943443
0.003377101129296675
0.0036012735086173556
0.0038121965906667285
0.003990585717912106
0.004123912745879146
0.004182761897051622
0.004223066199450386
0.004206156972285768
0.004137437109532451
0.004026720984145496
0.003886289986170346
0.0037284545174006865
0.003567656460354158
0.0034047010961704926
0.0032433603378423086
0.0030819609119274306
0.0029162062477278783
0.0027417243614797104
0.00255557070161931
0.002357939319573449
0.0021521967634410867
0.0019442643739402423
0.0017412251822458203
0.0015497122358331323
0.0013745249071471788
0.0012178467099131112
0.001082031024653566
0.000961380639330795
0.0008539509695901017
0.000758366791676019
0.0006717568738661971
0.0006231166456545264
0.0005570093613542801
0.0005059222826393397
0.00047386618920591697
0.0004642667757422475
0.0004817285975971609
0.0005232983195591867
0.0005888314157681372
0.0006736907775662426
0.0007731342518387878
0.000878025770371836
0.000980147498540008
0.0010720453061652615
0.0011471141404518492
0.0012007607441182388
0.001230608424137453
0.0012366050214275648
0.0012205629038486256
0.001185825407182349
0.0011382969224593236
0.0010791034401716468
0.001012508893025354
0.0009440858100014557
0.0008728611284820783
0.0008015588041939714
0.0007323489491534499
0.000688514172490945
0.0006279132235418537
0.0005763724310149178
0.0005402636645056647
0.0005172044991519698
0.0005123419878519262
0.0005265385333814545
0.0005600111425069859
0.0006141354635969868
0.0006842745393774037
0.0007685225358962381
0.0008663655717357246
0.0009728576211530887
0.0010841576749127237
0.001197473807810139
0.0013102824200960774
0.0014196098074709545
0.0015233425393281009
0.0016175899210356733
0.0016994462533108476
0.0017675446268923835
0.0018185201254934816
0.0018510223942803947
0.001863356667304949
0.0018553878522589993
0.0018390620531324791
0.0017996813865297598
0.001740920536271439
0.0016665432873634945
0.001580542179444336
0.0014876241087048863
0.0013929981743314587
0.0013033061344141525
0.0012211427505306603
0.0011504952772055086
0.0010934632199118251
0.0010490540992466827
0.0010406934388414559
0.0010381267564542206
0.0010523266157764356
0.0010902775232587113
0.0011544460762414749
0.0012511080486919573
0.0013876697280403019
0.0015719258156195722
0.001804609196724348
0.0020934509937229843
0.002421402446746699
0.002773249928590686
0.0031378912845307486
0.003481666858643865
0.0036886569442920736
0.003951354552352075
0.004144223107868713
0.004260668757971306
0.004303827714034561
0.00428456055036042
0.004217901863461784
0.004121179876311982
0.004004506634885326
0.0038743847760608643
0.003731829269367979
0.003572865588929119
0.0033916641819197128
0.003183552833281261
0.0029474203445113267
0.0026868981466437124
0.0024100854286129626
0.002128054927909757
0.0018526778752021326
0.0015944325583357524
0.0013607672272910338
0.0011553508147106551
0.0009782523337505593
0.0008268367628733403
0.000697017542480826
0.0005844860994793142
0.0005172387289544337
0.0004260523627807047
0.00034510319238314027
0.00027373140209905505
0.00021186282369639524
0.00015956804141200462
0.00011672225919678648
8.282810028269e-05
5.699945605989111e-05
3.806128908676739e-05
2.470392321453297e-05
1.5636628729361723e-05
