N :Calcite
N :Gibbsite
Y :55.00000000000001% Dolomite, Diffracto n :1450
Y :45.0% Hematite, Diffracto n :1370
0.0
0.0
0.0
0.0
0.0
0.0
0.0
0.0
0.0
0.0
0.0
0.0
0.0
0.0
0.0
0.0
0.0
0.0
0.0
0.0
0.0
0.0
0.0
0.0
0.0
0.0
0.0
0.0
0.0
0.0
0.0
0.0
0.0
0.0
0.0
0.0
0.0
0.0
0.0
0.0
0.0
0.0
1.5443800094278396e-36
2.2928699454179907e-36
3.347437631812016e-36
1.0928007283624749e-35
1.2772304339607508e-33
1.7513534618089928e-32
9.933366900317782e-32
2.3116297502399847e-31
2.2086085250298107e-31
8.699400360132858e-32
1.4225514666542048e-32
1.0103792419184325e-33
8.571387108421043e-35
7.129337166564622e-35
8.470859933314571e-35
9.94155395702114e-35
1.1473524415974905e-34
1.3021087288532395e-34
1.453133378381193e-34
1.594672589117212e-34
1.7208594537241064e-34
1.9262574799872266e-34
8.045263659961868e-34
9.888754531168621e-34
1.3509425156444718e-33
1.844241442667639e-33
2.5064228450737263e-33
3.380626837498424e-33
4.514222788090306e-33
5.956653773934716e-33
7.75630336700397e-33
9.956402725407e-33
1.259012877148936e-32
1.5675198117768756e-32
1.9208417230344545e-32
2.3160781673925136e-32
2.747379773519602e-32
3.205770175372367e-32
3.6792157303044696e-32
4.1529812440590765e-32
4.6102810297048734e-32
5.033199632683541e-32
5.403820032099415e-32
5.705464589206556e-32
5.923930983191932e-32
6.04859635031849e-32
6.073270351083872e-32
5.996701853388319e-32
5.822681503588847e-32
5.656559094927933e-32
5.341081554023304e-32
4.959355637197175e-32
4.5283518106870253e-32
4.066059415773049e-32
3.590259044773639e-32
3.1174266765887573e-32
2.661858908632407e-32
2.235074912526878e-32
1.845514079158849e-32
1.4985141170085404e-32
1.1965269609989643e-32
9.395119224433462e-33
7.254379058434425e-33
5.508284005301643e-33
4.112922479728856e-33
3.01997143480111e-33
2.180586149794157e-33
1.5483236910413835e-33
1.0811061976139022e-33
7.423232041282314e-34
5.012285379038978e-34
3.328101871320376e-34
2.1730788934059547e-34
1.3953155368753526e-34
1.0288645232948196e-34
6.424192375554262e-35
3.944545037183236e-35
2.381734402015471e-35
1.4141900025565825e-35
8.257340832931507e-36
4.7412261119192594e-36
2.6770662879288395e-36
1.4864338137366087e-36
8.116149039654e-37
4.35785152593157e-37
2.3009798555385755e-37
1.1947338450106146e-37
6.100247734209402e-38
3.0629628194901e-38
1.5123555933095013e-38
7.343177724128334e-39
3.506162852997387e-39
1.6462585464308608e-39
7.601195556952072e-40
3.4513075776150003e-40
1.5410023851784393e-40
6.766137737344264e-41
2.9214349867307686e-41
1.2404220453671766e-41
5.179174871658714e-42
2.866436528705806e-42
1.163848597270933e-42
4.646955002005408e-43
1.8245604555854916e-43
7.04475428012862e-44
2.6747994857750417e-44
9.986984855636657e-45
3.666868360405725e-45
1.3239573752625441e-45
4.7007854714216286e-46
1.6412872401754308e-46
5.635292657875832e-47
1.9026813692215765e-47
6.317326919669717e-48
2.062615712641862e-48
6.622484674494143e-49
2.0909385005800107e-49
6.49201030910018e-50
1.9821420395617513e-50
5.951246802564257e-51
1.7571091985851753e-51
5.101608551067608e-52
1.4565757844091241e-52
4.089560132996085e-53
1.1291136450951901e-53
3.0656053294818394e-54
1.2734722199126385e-54
3.362254447014384e-55
8.729495905558783e-56
2.2287698613689605e-56
5.595755660154709e-57
1.3815598326817385e-57
3.354270448132645e-58
8.008365007989227e-59
1.8802129130935166e-59
4.340977888332559e-60
9.855654480727232e-61
2.200395261065227e-61
4.830957864589134e-62
1.042997091172218e-62
2.2143701843467986e-63
4.623114128104092e-64
9.49153048116241e-65
1.9162629464085376e-65
3.804443693886008e-66
7.427529813019845e-67
1.42598451792845e-67
2.6921692579177454e-68
4.99812408943773e-69
9.124914635282022e-70
1.638202814943924e-70
2.8921684608893673e-71
9.017402246304525e-72
3.1225995941690355e-36
5.636533446674751e-35
4.056460653227801e-34
1.1639165324679348e-33
1.331483522119964e-33
6.072802331946617e-34
1.1042868081408755e-34
8.005971004865011e-36
2.3141181658910245e-37
2.6668368047146445e-39
1.2253121462518392e-41
2.244586915549349e-44
1.6393266728263027e-47
4.7734675357418434e-51
5.541684939599591e-55
2.565010097861708e-59
4.733427362148555e-64
3.482585156235452e-69
0.0
0.0
0.0
0.0
0.0
0.0
0.0
0.0
0.0
0.0
0.0
0.0
0.0
0.0
0.0
0.0
1.2398184716285695e-35
2.53420429538028e-34
3.9131625315046966e-33
2.9580066138578064e-32
1.2715380328853495e-31
2.757091645755358e-31
2.889793671392866e-31
1.4433196891035305e-31
3.302625948598764e-32
3.2851595233795404e-33
1.3639381693680115e-34
2.3087939081474813e-36
1.5749517156245404e-38
4.3062711877501997e-41
4.70805915507054e-44
3.517922996934034e-36
4.565109041295121e-36
6.654594248232297e-36
9.53893363696837e-36
1.3445776769469596e-35
1.8637162343805842e-35
2.5402794917196765e-35
3.4047955456651315e-35
4.4875406580241887e-35
5.816122926003723e-35
7.412531973880886e-35
9.289822257786479e-35
1.1448696747967707e-34
1.3874346021869291e-34
1.6533957357378359e-34
1.937532192754857e-34
2.2326922424432546e-34
2.529977284579849e-34
2.819111171467549e-34
3.0889836211786625e-34
3.3283334577730974e-34
3.5265161587812824e-34
3.6742842218332467e-34
3.7645011985594833e-34
3.792712769838527e-34
3.757511256655368e-34
3.6606520364713584e-34
3.5640682464168722e-34
3.3763739476379127e-34
3.145305916305527e-34
2.881264082347324e-34
2.595440404041702e-34
2.2990418619554395e-34
2.0025829737938377e-34
1.715307481799667e-34
1.444778488195345e-34
1.1966533849778033e-34
9.746379166314345e-35
7.805955197878315e-35
6.147756080692036e-35
4.7611846414120455e-35
3.6259452500117297e-35
5.40643589025903e-35
9.146003076387381e-34
1.7354461465972404e-33
2.5238687758091033e-33
3.617609894327131e-33
5.1049447543777865e-33
7.0882082672345e-33
9.681471751087016e-33
1.3006150910028756e-32
1.7184260276071996e-32
2.0500497551145813e-32
2.634374733141351e-32
3.3292211394951877e-32
4.1376869476622366e-32
5.057332304331061e-32
6.07902196803555e-32
7.186112752181209e-32
8.354150386205516e-32
9.551210466800859e-32
1.0738963219201461e-31
1.1874465635077248e-31
1.2912595666199066e-31
1.3808953582643295e-31
1.4522979221787018e-31
1.5020983962479687e-31
1.5278783028912934e-31
1.5283642008464507e-31
1.503531947477615e-31
1.4546086860689496e-31
1.383972330376299e-31
1.2949600098542175e-31
1.191606958384368e-31
1.0783442682784695e-31
9.596869179675209e-32
8.399423117098098e-32
7.229647040948364e-32
6.48136524118716e-32
5.425591188829747e-32
4.4665830068700434e-32
3.616192396916293e-32
2.8792238502528596e-32
2.2544838128062385e-32
1.7360674849908965e-32
1.314721844552456e-32
9.791493716679146e-33
7.17152991451198e-33
5.165620187880653e-33
3.659155907383367e-33
2.5491015543614508e-33
1.7463895854957722e-33
1.1766380478468662e-33
7.796369040110821e-34
5.080303027123446e-34
3.25562635959314e-34
2.0517629396783213e-34
1.2716496216193827e-34
7.750957989679776e-35
4.646125090468311e-35
2.7388861287308787e-35
1.5878321008221964e-35
9.052794433936382e-36
5.0758429061637415e-36
3.419500088650242e-36
1.8646632254944898e-36
9.999665680659566e-37
5.273728666241923e-37
2.7352513646196274e-37
1.3951592922768771e-37
6.998377502498434e-38
3.4523742811822643e-38
1.6748859341611976e-38
7.990967533960805e-39
3.749386174283178e-39
1.7300854811162764e-39
7.85093586392264e-40
3.503657721645662e-40
1.0886500193662877e-09
2.9098626329722194e-08
3.1009594013829575e-07
1.3175256018303056e-06
2.23183166827843e-06
1.5073121438964358e-06
4.058675692241547e-07
4.357173892292454e-08
1.864939831982469e-09
3.182468742980293e-11
2.16522413198319e-13
5.873283446796897e-16
6.853819920758829e-18
4.015223961434694e-21
9.37834595409277e-25
8.73337510677129e-29
3.2424804668298136e-33
4.799677012442467e-38
4.7002376304446906e-48
1.5102108965409606e-48
4.771979939147498e-49
1.4828685275709107e-49
4.531578573592668e-50
1.3618805139685936e-50
4.025046613436219e-51
1.1698899998576137e-51
3.343960472206597e-52
9.39980872557902e-53
2.598474455052034e-53
7.064138701405547e-54
1.8886047958362174e-54
4.965509686439089e-55
1.2838882418405689e-55
3.264607828082521e-56
8.163473449760935e-57
2.0075153865185914e-57
4.854924376646246e-58
1.8670870522808808e-58
4.3912391668822315e-59
1.0156606994911552e-59
2.310196847984039e-60
5.1675877090258944e-61
1.1367501056356695e-61
2.45912254584498e-62
5.231582816379789e-63
1.0945196026028315e-63
2.251911040565453e-64
4.556337666061487e-65
9.066033023673202e-66
1.7740062744081746e-66
3.4137302615833936e-67
6.460099140108683e-68
2.0871899369695634e-08
3.9826684039134357e-07
3.639656930988836e-06
2.182038937172163e-05
0.00011802333218320511
0.00037877972575580993
0.0005869982987040028
0.00048087655828564626
0.000228141195720446
5.664508977487628e-05
6.32220342805359e-06
9.017903036976511e-07
2.2899488319138243e-08
2.335589111448443e-10
9.533369638189996e-13
1.5557376283263152e-15
1.0147322741411855e-18
2.645253176854056e-22
2.7560150915230205e-26
1.1476125240473183e-30
1.909880317133648e-35
1.2703045677583642e-40
0.0
0.0
0.0
0.0
0.0
0.0
0.0
0.0
0.0
0.0
0.0
2.2936460553976327e-36
3.381274153262621e-36
4.9016488014825994e-36
6.987339094167019e-36
8.768130990679106e-36
1.2154106245976667e-35
1.656711358642185e-35
2.220641713210917e-35
2.926967898606584e-35
3.793719767273215e-35
4.835265856846977e-35
6.060148835470762e-35
7.468855294775828e-35
9.051751494280627e-35
1.0787455612154717e-34
1.2641925983693035e-34
1.4568515054892927e-34
1.6509166713040233e-34
1.839682348799679e-34
2.0158970623774556e-34
2.1722093802166702e-34
2.3016688480556688e-34
2.3982354431410795e-34
2.4572458856473792e-34
2.475786772703186e-34
2.452932979470288e-34
2.389824166687564e-34
2.289570585618392e-34
2.1569990197499174e-34
2.0536637865944025e-34
1.8864910772361922e-34
1.7023589770466473e-34
1.5122527874122432e-34
1.323324904049696e-34
1.1419487198550395e-34
9.734447644036322e-35
8.219207473054972e-35
6.902206903007507e-35
5.799670734774428e-35
4.916727060964988e-35
4.248963050355157e-35
3.784171872147219e-35
3.504091033546595e-35
3.3859973506639896e-35
3.404093240739496e-35
3.530680321315046e-35
3.7371601481092336e-35
3.994923513102444e-35
4.2761889269826e-35
4.5548316893486296e-35
4.807214193318493e-35
5.012994110877175e-35
5.155857957159853e-35
5.224109705049766e-35
5.211041416488555e-35
5.238728695123069e-35
6.712375203394899e-35
1.883251093622273e-34
5.063080171791904e-34
6.455428864492348e-34
3.5298892029464936e-34
9.980368828801084e-35
3.579228496675087e-35
4.003692083591124e-35
4.269095920917451e-35
4.237668907669791e-34
6.857461123174295e-34
1.2425922091633284e-33
1.7811031620738375e-33
2.5159760466246718e-33
3.4994884286248214e-33
4.790416583287147e-33
6.452021689530687e-33
8.548839351418667e-33
1.1142202206907132e-32
1.428456878380472e-32
1.8012913297745293e-32
1.0774347754050159e-06
1.3144011571062459e-05
6.39299355507614e-05
0.00012397096744341744
0.00011566362532529654
4.844082237045376e-05
8.08845556991435e-06
5.384669978164846e-07
1.4291965772910421e-08
1.51239152103669e-10
6.380811135750187e-13
1.0733143514926444e-15
7.198091658391741e-19
1.9246297680561998e-22
2.0517201398739045e-26
9.504196110684008e-31
7.502409550952641e-32
7.058483243595534e-32
6.533206693250418e-32
5.947525903967218e-32
5.325425820743989e-32
4.703476769213575e-32
4.082587238675536e-32
3.4975764682365247e-32
2.9528658297549646e-32
2.4648352344352742e-32
2.0412923787445674e-32
1.6865011556942505e-32
1.4016613561662493e-32
1.2500768977222834e-32
1.0779861216269653e-32
9.684166574621711e-33
9.160883444762931e-33
9.149593640684949e-33
9.584432773549706e-33
1.0395258553630645e-32
1.1508163873427146e-32
1.284575526638704e-32
1.432761229478324e-32
1.5871267266589337e-32
1.7393913713976732e-32
1.8814888942529428e-32
2.0058806820296256e-32
2.1059068100645362e-32
2.1764244803799778e-32
2.219148143471969e-32
2.2714417485416617e-32
2.4128156042690502e-32
2.862397353282796e-32
5.302974632075286e-32
1.0757250061014016e-31
1.3404715126084998e-31
1.1172250787337546e-31
6.994643559563187e-32
2.9745239950173333e-32
1.621400391245034e-32
9.959401551947267e-33
8.127549959555321e-33
6.857479108552903e-33
5.753572636648443e-33
4.8612044490239174e-33
1.5837626044932322e-07
3.3024778947578067e-06
2.7455486540830096e-05
9.100342948466957e-05
0.00012026126390897255
6.33626246273661e-05
1.3310057845902542e-05
1.6824732945591702e-06
1.3138596929411954e-05
0.0001205357694909072
0.0004913914618212513
0.001571605380309178
0.00735447132075239
0.021628977466545435
0.029732754048734447
0.024068863195981907
0.014563237029533495
0.005165254171571588
0.0008274373695859581
6.826433385527864e-05
2.3380165124143047e-05
2.3196832654131926e-05
2.882614241828598e-05
3.533491324644918e-05
4.2592736615688864e-05
5.048645695533436e-05
5.884669343960761e-05
6.744923971478785e-05
7.602210215425136e-05
8.425787705763247e-05
9.183092794107905e-05
9.841816318415326e-05
0.00010372163644734774
0.00010749079802741907
0.0001095420934462197
0.00010977377716118883
0.00010817427711581139
0.00010482315272172747
9.988453585866496e-05
9.359380774457771e-05
8.623901730213868e-05
7.813908187635752e-05
6.962105999357764e-05
6.0998728258685935e-05
5.2554360079181795e-05
4.4525063370869565e-05
3.949576519717041e-05
3.253813799361064e-05
2.6359834743251097e-05
2.0999090828458233e-05
1.645000836323997e-05
1.2671836956169436e-05
9.598886398938687e-06
7.150064337683579e-06
5.237292982484741e-06
3.7723468037562563e-06
2.6719244646590874e-06
1.860992244305757e-06
1.274596648530735e-06
8.584377417876164e-07
5.685290450994649e-07
3.702578991461455e-07
2.3711762182605996e-07
1.4932452803289498e-07
9.247115734779233e-08
5.631048369744352e-08
3.371941603846105e-08
1.9855400609136673e-08
1.1497014666008436e-08
6.546351777216863e-09
3.6654003323975034e-09
2.4669002498259053e-09
1.3431361410970482e-09
7.191116155097634e-10
3.7859981251625535e-10
5.074641818846537e-07
1.1928673215919108e-05
0.00011183531993164605
0.00043456092337787743
0.0010455074722993919
0.004492864549090011
0.01634257610948051
0.027214160706130697
0.024108820965545154
0.01701648834054766
0.008510376708765373
0.00203107886477428
0.0002006840843303828
7.987222324202405e-06
5.1646884813631195e-06
7.434799969873294e-06
1.0788500459270309e-05
0.000203409919128324
0.00029994711370927274
0.0005301022456571091
0.0007614786734053118
0.0010760260602346529
0.0013426695158388568
0.0018460432676411546
0.002496762036166707
0.0033218005635827505
0.004347402074904161
0.00559686410991962
0.007087896754071661
0.008829716215909623
0.010820118883925188
0.013042850684665635
0.015465628957537607
0.018039175394341044
0.020697569102843906
0.023360125621643506
0.025934856669508795
0.02832338190580778
0.030426971485994592
0.03215322514288997
0.033422768634862814
0.03417529540070494
0.03437431400756919
0.03401008112982165
0.033100391839430116
0.031689137997124986
0.02984279741343481
0.02764524484887171
0.02603173741525175
0.023462288531727316
0.020801245153570107
0.018140948430474143
0.015562604096716073
0.013132762126735602
0.010901375235890966
0.008901388230775001
0.007149657636601488
0.005648895793750918
0.004390282014793312
0.0033563828282290554
0.002524064280434192
0.0018671480796321476
0.0013586452549085386
0.0009724825835546491
0.0006847080836879853
0.00047421612347296575
0.0003230678412413123
0.000216499528679934
0.0001427135453423274
9.253746448488356e-05
5.9021908261115734e-05
3.7029784302622834e-05
2.2852324437964556e-05
1.64136653852143e-05
9.854875219193525e-06
5.8201604902110936e-06
3.3810831560255626e-06
1.932024099047633e-06
1.0859346926080101e-06
6.003824618450204e-07
3.26500613928492e-07
1.7465067739649526e-07
9.189361253873238e-08
4.75584428064364e-08
2.421004598220234e-08
1.2122374349742484e-08
5.970383487264439e-09
2.8922615482349783e-09
1.3781357994523385e-09
6.458978946018941e-10
2.9774974269338223e-10
1.3500592857168898e-10
6.020969621504029e-11
2.6411337696123456e-11
1.1395225673338315e-11
4.835732030164857e-12
2.0183964453531618e-12
8.286170190662392e-13
3.3458196937682787e-13
1.8110682413410559e-13
7.113471986986302e-14
2.7480516000471952e-14
1.0441497063376887e-14
3.902055813264058e-15
1.4342181006429727e-15
5.184729984591287e-16
1.8434209894759146e-16
6.446271352200677e-17
2.217055437606994e-17
7.499403099851764e-18
2.494923854963197e-18
8.163316608621434e-19
2.6269575068209304e-19
8.314092491170627e-20
2.587917383601731e-20
7.922424235070553e-21
2.385263225527675e-21
7.062906974812106e-22
2.05682841886897e-22
5.890857539536829e-23
1.6592940385772485e-23
4.596540457667509e-24
1.2522766232121834e-24
3.355285574865e-25
8.841324693272785e-26
3.6004124041408884e-26
9.227161680954584e-27
2.325621655544884e-27
5.7645281371146245e-28
1.4052094219754682e-28
3.3687759880013573e-29
7.943227671718037e-30
1.8432474871774953e-30
2.474297809966663e-05
0.0003523835283369554
0.002000868829541987
0.004529612259119876
0.004088300651397593
0.0014711739105826855
0.00021106906829290481
1.2073260223693567e-05
2.7533658376384835e-07
2.5034715924210386e-09
9.075296141949264e-12
1.3116511173847341e-14
7.558145554934962e-18
1.736407123983413e-21
1.5904764995970913e-25
5.808210451862225e-30
8.456678428999611e-35
7.691086963627678e-40
1.6846356782618548e-40
7.834306290946326e-41
3.5848283162686773e-41
1.6137082410944459e-41
1.0733796127876757e-35
1.5943411354296483e-35
2.328719218002848e-35
3.344728476114212e-35
5.105238313404452e-34
7.5083465797056775e-34
1.086222154350404e-33
1.84741490173838e-33
2.60571501772236e-33
3.615958984307827e-33
4.9368590795840114e-33
6.631403689101772e-33
8.763646173851644e-33
1.1394263069302178e-32
1.457495953746976e-32
1.834197517902906e-32
2.2709136985851888e-32
2.7661092199585684e-32
3.3147499606168586e-32
3.9079029087669147e-32
4.532598637984582e-32
4.958426594916819e-32
5.59667019088362e-32
6.214755775196532e-32
6.789322651176189e-32
7.296867794191999e-32
7.715318713455761e-32
8.02561697544947e-32
8.213155068015554e-32
8.268915984602198e-32
8.190191768146874e-32
7.980801297640663e-32
7.65078295183296e-32
7.215596618449281e-32
6.694923403872127e-32
6.111192771549025e-32
5.48799028635887e-32
4.848502265178092e-32
4.214137299804193e-32
3.6034326107318975e-32
3.031311344652175e-32
2.5087119727426746e-32
2.0425692975372602e-32
1.6360933297233478e-32
1.2892960968612664e-32
9.995405100827296e-33
7.62356782286889e-33
6.306577711706119e-33
4.681113046245762e-33
3.418552774492152e-33
2.456432082361998e-33
1.7369876909235824e-33
1.2090166153993293e-33
8.287549004954598e-34
5.599899440103992e-34
3.736290889430407e-34
2.469296526735003e-34
1.189034589814829e-07
3.061674971749711e-06
3.143135249338453e-05
0.00012864900871884105
0.00020993710744392064
0.00013952845874411088
3.977796027034564e-05
9.985075764123142e-06
9.187520059103216e-06
1.2705942473799085e-05
1.7561230367227573e-05
2.3872335770457107e-05
3.191119823741352e-05
4.194682869657161e-05
5.422043222639362e-05
6.891831335612023e-05
8.011820437402021e-05
9.902600135718681e-05
0.00013660071377884128
0.0005453832703277757
0.004126606928338878
0.015746764244909364
0.025324251440344864
0.03347734539528889
0.17374686759715466
0.6434638474731857
1.0
0.7657888573231674
0.591017941876714
0.47894780823196587
0.19563174601188588
0.03316130597046156
0.0025405941079777276
0.00035999952992331395
0.0002788605191928218
0.00025416542889891036
0.00022833797890485594
0.00020172170168684248
0.0001752406783646976
0.00014970112031872611
0.00012575434442734258
0.00011091843987214534
9.060414570421942e-05
7.277801556119703e-05
5.748574597388504e-05
4.4650667489486577e-05
3.41038619792427e-05
2.5614565343370817e-05
1.891813157209368e-05
1.3739702041004025e-05
9.812602585768944e-06
6.891264633885196e-06
5.860639592940215e-06
1.9067464281470117e-05
9.291815681058963e-05
0.000208809810651771
0.00018985847255609183
6.92103526864583e-05
1.030147111131602e-05
7.966207848249186e-07
1.477281917307598e-07
7.99898780608442e-08
4.66316970594936e-08
2.6772300105635834e-08
1.5114788722127522e-08
8.391243231670296e-09
4.580979635510001e-09
3.0315298726220395e-09
1.6093120893804418e-09
8.400913590115139e-10
4.312415355777518e-10
2.1768197656227258e-10
1.0805184398217814e-10
5.274116463560791e-11
2.531483323791464e-11
1.194835859371781e-11
5.54560902424455e-12
2.5310345268787357e-12
1.1359382239700106e-12
5.013247893316707e-13
1.9971791226245597e-06
2.959562612419235e-06
4.312666679133951e-06
6.179766752538196e-06
8.707752926731897e-06
1.2065572541978975e-05
1.6439840312291674e-05
2.2026986043776993e-05
2.9021535099032245e-05
3.7600490226599114e-05
4.7904295302428656e-05
6.001547209977858e-05
7.393665862547723e-05
8.417949940274847e-05
0.00010084382319410152
0.00011879552688778822
0.00013761275709525287
0.0001567563441497419
0.00017558983829134013
0.0001934111261372657
0.0002094938849593414
0.00022313570524724432
0.00023370855559115764
0.00024070658700397416
0.00024378622419724694
0.00024279412247113028
0.00023777982310482223
0.00023595788495509167
0.0003084422447492351
0.0006820082293574551
0.001192691327660777
0.0011576926501634872
0.002454887865600374
0.013066276838203696
0.035415860309137695
0.04091110809806823
0.02631200543301093
0.023271284933813446
0.022176236176086026
0.012001940887578952
0.003437980618722978
0.0017210439969223658
0.0024851376095552636
0.003464520969907713
0.004774072661594268
0.006479879446739182
0.008659090993314618
0.011389389591871083
0.014743273058567723
0.018781077581662437
0.023542993055371844
0.02904064517398307
0.035249035369761754
0.042099791471827366
0.04947674916792384
0.05721482355351577
0.06510292255494042
0.07289130264968872
0.08030330022090733
0.08705084182167946
0.09285261509454806
0.09745334883496458
0.1006423800905817
0.10226963317835006
0.10244520016075559
0.10133530945604989
0.09863077766046856
0.09445978448948956
0.08901529200594768
0.08254024868517593
0.07530965320120217
0.06761131755163921
0.059727188815701354
0.0519168808843505
0.044404678387927936
0.03737077436859785
0.030946970122543466
0.025216574815476813
0.020217852805223452
0.015950113796027426
0.012381435372262823
0.009457036657097219
0.007107456506497709
0.00525589136198304
0.0038313467545412283
0.002832071381770419
0.002428576712622212
0.0023950233598976026
0.001849850601605108
0.001925603626900669
0.005309674260160722
0.022932797875853683
0.043694330860886206
0.03611436388239567
0.02260201597378619
0.024091091512071307
0.017278381617341874
0.005248830793901701
0.0006512265161471207
3.730024008522657e-05
3.78610302018472e-06
1.7553617046331626e-06
9.555581873125914e-07
5.132023116092395e-07
2.711561510488976e-07
1.4094099989182176e-07
7.206714566901008e-08
3.625053859141948e-08
1.7937581090995764e-08
8.731335903648863e-09
4.180806733754202e-09
1.9692338067317176e-09
9.124047612708405e-10
4.1583994753067967e-10
1.8642694376210445e-10
8.221109607156545e-11
4.719520812304273e-11
6.143085678611934e-08
1.1298294182697973e-05
1.664639988513353e-05
2.4117747642520166e-05
3.436070062565138e-05
4.813888922121927e-05
0.0005552328341424177
0.0008077146208899777
0.0011561885666663107
0.001871098493463107
0.002613724055897883
0.0035934621370029454
0.004862359915882943
0.006475199278668035
0.008486397172057483
0.01094588163629692
0.01389405840841728
0.017356135514582663
0.021336234118435198
0.02581185952437891
0.030729409094329262
0.03600142661425138
0.04150625362514476
0.047090566763353006
0.05076986817564426
0.05607913182287725
0.06096118230553604
0.06526718552118875
0.06899499020976306
0.07189987799214174
0.07318389739468033
0.07294630930456755
0.07184313821963054
0.07017663381457118
0.06826030686430787
0.0649107605323528
0.05943159109149661
0.05662027197942688
0.07270524617653917
0.11531317701046614
0.12353866486711892
0.08210367761473067
0.06847952188922629
0.06874984327750308
0.04285211051965109
0.01959266773803993
0.011572927129095207
0.0086169116298949
0.006565740305785853
0.004932923220202378
0.0040408648024306115
0.0029564927775247115
0.0021293230177661182
0.0015100933379093232
0.0010551668685967438
0.0007272423960522753
0.0004954303828307707
0.00033487891035977166
0.00022611912996577482
0.00015427200756845097
0.00010822460676682186
7.985061821666002e-05
6.33201388540425e-05
5.451985837211334e-05
5.058739407180021e-05
4.955209363120405e-05
5.0068193053588566e-05
5.122355614349336e-05
5.240715170268159e-05
5.321994457089054e-05
5.3416221020863664e-05
5.286500214816887e-05
5.152377695825572e-05
4.9419108800405394e-05
4.663063065651894e-05
4.327650461885715e-05
4.079609993307939e-05
3.682286836300236e-05
3.2684547977379185e-05
2.8528886224240015e-05
2.44872559040487e-05
2.0668358815446433e-05
1.7154622078654223e-05
1.4001189167384941e-05
1.123716953045542e-05
8.868639235655798e-06
6.882797409023211e-06
5.2526791149174315e-06
3.9418910013579e-06
2.9089495711457127e-06
2.110938621448837e-06
1.506339437565336e-06
1.057007119125679e-06
7.293580857357447e-07
4.948932320027042e-07
3.3020986975220697e-07
2.166588370512735e-07
1.397882241894378e-07
8.868957837355562e-08
5.533277040209534e-08
3.394689538584376e-08
2.4282530905741564e-08
1.4486316435018923e-08
8.49825595446898e-09
5.39614821360267e-07
8.267438143843678e-06
5.0930980614812505e-05
0.00012512817774652953
0.00012256784190939864
4.7867336037795545e-05
7.453254914765183e-06
4.6274381511655146e-07
1.1484281457421598e-08
1.292924243680437e-10
8.390344277538062e-12
3.81137326934002e-12
1.7971141026791545e-12
8.334065281589969e-13
3.8005466812881584e-13
1.704288316569629e-13
7.515327045071092e-14
3.2588211374610307e-14
1.3895717836717293e-14
5.82652039986167e-15
2.4024003258381893e-15
9.740680693236642e-16
3.883658714795033e-16
2.0842877814249816e-16
5.613486753058746e-08
8.252166866419307e-08
1.1929194590790367e-07
4.941629845230248e-07
7.134579279055663e-07
1.0134536006397489e-06
1.4163574490630714e-06
1.9474726146318383e-06
1.4036102464766055e-05
2.0335210946631678e-05
3.1735451404829626e-05
8.087749529518169e-05
0.000257658695184023
0.0004999739248279062
0.0004681303551453169
0.00027605090371107967
0.00022307222838525425
0.0002685132120687944
0.00034054322689688454
0.0004265358777818335
0.0005259908292710795
0.0006385679442894968
0.000763358093289563
0.0008994460961139486
0.001044635835765625
0.001142689824173657
0.001285964508716496
0.0014244119225606485
0.001555676570611033
0.0016791604339681738
0.0018912486209591401
0.002822892226368636
0.005073986327836415
0.006040919201710103
0.004103466761736211
0.004168655246281562
0.022548047418170583
0.09404476806616036
0.16781585952810313
0.1260636660668297
0.06271238555366787
0.077895720137742
0.08422063626999822
0.03931583187980487
0.007942118941131098
0.001167500457559407
0.0005276925780524575
0.00041327810175708886
0.0003286745657717629
0.0002573937278133022
0.00019838986490049282
0.00016530725501462601
0.00012407499785045803
9.165425864223334e-05
6.663334965688542e-05
5.050705672261455e-05
3.771321342414009e-05
2.922346691909311e-05
2.4296733519042604e-05
2.237758362894064e-05
0.00010512336235066872
0.00016070648358169665
0.0002268716779058482
0.00031801208246502293
0.000495453263123507
0.0006822092182972117
0.0009254983022252063
0.0012364791473178822
0.0016265185962012973
0.002106418471766261
0.002685446440439033
0.0033702124819878086
0.004163464792298377
0.005062910173542496
0.006060188826552495
0.00714014636553273
0.007895355517624854
0.009060286313238682
0.010233823785728584
0.011377791500301047
0.012450908120604738
0.013411172695760943
0.014218551289027775
0.014837729824685448
0.015240670979150358
0.015408717635777313
0.015334023241194462
0.01502015654746612
0.014481816141534104
0.013743686859292698
0.012838562222279337
0.011804931813377769
0.010684280339579723
0.009518360765499568
0.008346687182783724
0.007204448653768591
0.0061209814676352605
0.005118864429488943
0.004213630486716036
0.0034140271865741507
0.00272271443110231
0.0021372637168121386
0.001802761711241808
0.001378222838750803
0.0010370719026793868
0.0007680701453808205
0.0005598726629140122
0.00040166805089007453
0.0002836140860181516
0.0001970893695671231
0.00013479243863700346
9.072489498556575e-05
6.009487185505238e-05
3.91732376143394e-05
2.512890303181531e-05
1.5862817163761413e-05
1.0552622762625223e-05
2.1476746897746046e-05
0.0001398563013247396
0.00048097038465171965
0.000672231389892835
0.0003755884359581689
0.00015762519231891372
0.0012464726276687392
0.008360735244198223
0.022740792099958256
0.025144295203910517
0.012395868905427964
0.007882617058721713
0.011740912120647477
0.013469330873504288
0.006461878835612885
0.0012575322950682671
9.928328159923246e-05
3.1824044054633973e-06
4.1483455917532874e-08
2.49867129223887e-10
1.427781035803768e-11
6.023318597849239e-12
2.9660585118302687e-07
5.1151405889920465e-06
3.517049080154988e-05
9.641370119654243e-05
0.00010537521544520275
4.5917431453976896e-05
8.19410140789921e-06
8.741439961591011e-07
4.843525963803887e-07
6.730248572953373e-07
9.490611177809078e-07
1.3163544076241516e-06
9.777784089144334e-06
1.552652094106162e-05
1.9796598043780518e-05
2.9518807722569233e-05
7.691534983680242e-05
0.0003997321446211514
0.0014195944991207815
0.002211858411100492
0.0014633666404180042
0.0006048251965863626
0.0021473584323191933
0.01670679143937873
0.05834136187858558
0.08346644342539812
0.05031542853068091
0.023072644470915536
0.03564521847756645
0.04341450513646081
0.022696648156993012
0.005666759256040919
0.0016879840730683493
0.001414844616963581
0.0014833755017378161
0.0015964399647418904
0.001935098614140149
0.002591518792712658
0.002752949915341599
0.00216561468579071
0.001888071445902275
0.00195493737294919
0.002040936675453377
0.0017288423795410927
0.001532848618114037
0.001538973930444647
0.001288157514281363
0.0009362125525926557
0.0007354315998954094
0.0006147366518880433
0.0005133855772739154
0.0004234118294141944
0.00034511854491113005
0.00027867474320772916
0.00022376051654793015
0.0001831982042288865
0.00019047037578188118
0.0003492448911862215
0.0005675022366559136
0.0004670160638123365
0.00020502161164780383
9.623108357438208e-05
8.146871742229254e-05
8.271578404277508e-05
8.584901559414987e-05
8.949560569762439e-05
9.238609604545995e-05
0.00010081402725755862
0.00011830298450169475
0.000127619709071029
0.00011351299706516183
9.8284892655446e-05
9.134870125716928e-05
8.621760015831716e-05
8.031484052349154e-05
7.359489699670968e-05
6.632264086649654e-05
5.877823439399908e-05
5.1227030823319485e-05
4.3903787001706564e-05
3.7001571416281e-05
3.0665554444680934e-05
2.4991489999838876e-05
2.0028252310419135e-05
1.5783483429052504e-05
1.2231258617003557e-05
9.320681542282238e-06
6.984450828407079e-06
5.146652379556127e-06
3.729282857136735e-06
2.657257827140557e-06
2.1026459161212376e-06
1.5184362382478945e-06
1.6366566765913951e-06
3.2870635668075676e-06
4.688455571615107e-06
3.0302811878395944e-06
8.882618158588207e-07
1.8584507081967584e-07
7.268919513627162e-08
4.227943989532323e-08
2.5157093140142198e-08
1.4736287241360067e-08
8.488460534355818e-09
4.808145880537299e-09
2.678145451914324e-09
1.4668932385370288e-09
7.900792857137784e-10
4.184568357694904e-10
2.1794076957534842e-10
1.1161796897288264e-10
5.6213104850196184e-11
2.783869376832593e-11
1.3557136102770789e-11
6.492244701818507e-12
3.057240664091675e-12
1.415703143976137e-12
8.394909771935514e-13
3.7801146510003885e-13
1.673792948617191e-13
7.287965664338096e-14
3.12046074865515e-14
1.3138293290398563e-14
5.4396004774489416e-15
2.214638656010097e-15
8.866384710774234e-16
3.4905839605399473e-16
1.351317585078797e-16
5.1442798976107866e-17
1.9257485274207423e-17
7.088957633186825e-18
2.566096648456979e-18
9.134219848997343e-19
3.1972583733274087e-19
1.1005045152801705e-19
3.724892523903818e-20
1.2397767459743038e-20
4.057710401809003e-21
1.3059496477642162e-21
4.1331354600759453e-22
1.2862952561708685e-22
3.9364933222910666e-23
1.1846394537150875e-23
5.270511496369664e-24
1.5423246843186204e-24
4.438198039720108e-25
1.2558719805106097e-25
3.494555142217807e-26
9.561945797556878e-27
2.5728150593655316e-27
6.807363544103014e-28
1.7711604620423443e-28
4.531551812758374e-29
1.140119743272623e-29
2.8208597729289277e-30
6.864024244379694e-31
1.6430769503990043e-31
3.872249446050328e-32
9.005772775595563e-33
2.0813936365473262e-33
1.4845046687215549e-06
2.5337634028959883e-05
0.00017242091287447288
0.00046779245316524385
0.00050600623937636
0.00021822169399940175
4.684592135788408e-05
0.00025845178739494155
0.0027773402276265245
0.008211039040564364
0.019628841186785317
0.01912512741904923
0.008021667722546713
0.004122776329256542
0.00889351541886106
0.011030221915112746
0.00561087476772872
0.0011624719452068583
9.824703039299741e-05
3.390036277205111e-06
4.7744797045652104e-08
2.7410499714691676e-10
6.401034786640777e-13
6.064304557136787e-16
2.324294852270576e-19
3.59422867246967e-23
2.2370090581076533e-27
5.60652813637344e-32
9.19296671674551e-07
1.3587187067168771e-06
1.9747460056005123e-06
2.8222842720132804e-06
3.966414428847574e-06
5.4815483009763895e-06
6.7378624276858295e-06
9.054691658878078e-06
1.1965559602939274e-05
1.5548918431890487e-05
1.986896196569268e-05
2.4966518968986967e-05
3.0849535649828646e-05
3.7484100293526877e-05
4.478714443283844e-05
5.2622015433423716e-05
6.0798015562302535e-05
6.907472315986204e-05
7.717146130738527e-05
0.00010699473311470014
0.0003469529746977836
0.0012677219198397214
0.0022404359560438177
0.0016626534770815369
0.0005580997172272366
0.000243005822410013
0.001953547868326007
0.016475961828270658
0.058722302819197755
0.08532009488576552
0.05118642086553407
0.016477633890417263
0.016005500110619915
0.03704435005576535
0.04304833179387246
0.020998202346072612
0.005815409619065792
0.003652461355277697
0.003210810160325152
0.0024666812772379696
0.0026506595681125102
0.004659821026214586
0.018005389814950198
0.06108023604200948
0.09797190949444809
0.0695248420632922
0.029459463334373697
0.030469291409507607
0.05606553267511864
0.058569152457296346
0.03517721522981944
0.022295116196120745
0.0213829458551617
0.023130848767775294
0.026093153879694266
0.030360032771260585
0.03178808946550793
0.029317912275508395
0.027935373417351347
0.02780933685747586
0.028663625271373876
0.027554390498964226
0.024593239827503822
0.022098977064356512
0.020130813593393145
0.018179681196834715
0.016176875399196485
0.014176370596643987
0.012234571650643023
0.010398306550711599
0.00870326569143415
0.007173680711681624
0.0058228457538854975
0.004654299048161729
0.0036634535006384826
0.0028396910229158668
0.0021696825058231547
0.001640056504147095
0.001225455792684035
0.0008924967190682551
0.000634113636943768
0.0004459670733220391
0.00031918829826828776
0.0002923380665460419
0.0004671923342385167
0.0008381788556946903
0.000786500119870366
0.0003422715325000136
0.0001412040562554375
0.00027645143605847745
0.0004341937396427
0.0002932450640551326
8.375185592990977e-05
1.266112961847293e-05
1.0636256032730615e-05
4.299326283828203e-05
8.508763686188352e-05
6.845856032734176e-05
2.22398439851813e-05
3.1203114848275492e-06
3.864756586122608e-07
1.8438575951002423e-07
1.9293031818971498e-07
1.8459732682685394e-07
1.9514158995884903e-07
2.2556901903434725e-07
2.7792787321567107e-07
3.5500735649777314e-07
4.6008410370043096e-07
5.474083618705212e-07
8.582900982355863e-07
1.127466693287028e-06
1.4651847751116164e-06
1.8815913409968869e-06
2.386798444947059e-06
2.9903515983132728e-06
3.700604339803217e-06
4.524008202466572e-06
5.4643337783704616e-06
6.5218475612695666e-06
8.53257871013603e-06
2.1228095000428264e-05
8.167580382109047e-05
0.0001772784851735295
0.00016632699873562177
7.116694994387506e-05
2.445531824429971e-05
1.8008748027885833e-05
1.877819803661218e-05
1.9843905932231016e-05
2.072683188155321e-05
2.146030883500419e-05
2.203249067070222e-05
2.2093016167255475e-05
2.158434176272557e-05
2.1118063368782708e-05
2.029917490390502e-05
1.9268592628291786e-05
1.802142325903771e-05
1.6600012518984818e-05
1.5056647938985046e-05
1.3445606578337607e-05
1.1819611675135122e-05
1.0226842026514837e-05
8.708555881377079e-06
7.297484047356257e-06
6.017051126199921e-06
4.881388825275288e-06
3.896026718828097e-06
3.0590922593871894e-06
2.362826813783515e-06
1.79522669270112e-06
1.3416423874861564e-06
9.862080524240094e-07
7.130185648542658e-07
5.070159481723041e-07
3.545850297902398e-07
2.4388664285103215e-07
1.649743806730562e-07
1.0974858454284634e-07
7.180079235753308e-08
5.3610665730648534e-08
3.4110125465053873e-08
2.1342769875604874e-08
1.3132577556185454e-08
7.946534036064997e-09
4.7285868303358865e-09
2.7669955472954353e-09
1.5922342453065986e-09
9.010005925605379e-10
5.013733581223571e-10
2.7435579483049493e-10
1.47632698433279e-10
7.812058646431948e-11
4.0650141774240104e-11
2.0800391022362874e-11
1.0466298882972065e-11
5.178767171392305e-12
2.5198271933985165e-12
1.2056626669138043e-12
5.672717714468403e-13
2.624620452049933e-13
1.194129799503389e-13
5.342518176346528e-14
2.3504429287027254e-14
1.0168630264466831e-14
5.7626247738387775e-15
5.311598843411961e-06
7.77698667767514e-06
1.119709246642466e-05
1.585283708760797e-05
2.20707225240424e-05
3.03056161445886e-05
4.1695971610685204e-05
0.00020804876333353333
0.00032250050185235094
0.0004509356071734076
0.0006230374732194906
0.0008554165775680685
0.0012266626338729044
0.0016783005873056444
0.002227889509279068
0.0029149632961985453
0.0037586716122241094
0.004775839160324926
0.00597911707723264
0.007374971310144621
0.008961671689285805
0.010727488183368501
0.012649325706907431
0.014692027989891976
0.016808549018347267
0.018232429658299118
0.02033930109245505
0.022348606252327163
0.02418739549624252
0.025784315932046477
0.027074186912468143
0.028002409314682102
0.02852879249169015
0.028630425423258384
0.02830330790038859
0.027562582654047384
0.026441353848604462
0.02498822215884665
0.023263792878657177
0.021337059055233146
0.019285572668525798
0.017199036326007906
0.015130583181265863
0.013069059201079527
0.01108539097047239
0.009276275925371308
0.00765793745175407
0.006229300788168787
0.004991371618050999
0.003939383441293734
0.003062287770303892
0.0025671627353232008
0.0019455502115160739
0.001452063314322814
0.0010672346390873957
0.0007723993539475192
0.0005504366007743408
0.0003862171066400061
0.0002668023722278189
0.00018145001002795814
0.00012148110098122852
8.006089107056825e-05
5.193594913233647e-05
3.316104282756541e-05
2.083904733096381e-05
1.2888279337171947e-05
7.844368847353688e-06
4.69836188292554e-06
3.420843116029343e-06
2.6066607392252802e-06
2.360318542926521e-06
2.563267263823733e-06
3.142825190332202e-06
4.110796039634042e-06
6.162858241305069e-06
1.4334795368173189e-05
2.7612033687066258e-05
5.053122740764979e-05
4.65002614836214e-05
3.0251358361448184e-05
2.7252413068125754e-05
3.2492110403569736e-05
4.048098762370232e-05
4.9598725962169314e-05
5.9842309338067654e-05
7.143200005134332e-05
8.439030698755618e-05
9.870858507076585e-05
0.00011434041796825887
0.00013119420386041862
0.00014912529442283123
0.00016792841842000288
0.00018733149518740145
0.00020702443869696942
0.00022729284613206074
0.0002531786097856699
0.0002936690717766091
0.0003268710611474698
0.0003226208827335572
0.0003112386538119308
0.0003123018827081498
0.0003166329271319681
0.0003234029795932001
0.0003833900791027481
0.000577233623380167
0.0007144310483634313
0.0005408312483271563
0.0003302734282880342
0.00025421060450486413
0.00023906452584459623
0.00048611188474924214
0.00287455722083476
0.010569397966599586
0.0165367142861736
0.010802660296065901
0.0031107076060800628
0.0012871534936619085
0.004269833873747699
0.00840225672399046
0.006872415355613435
0.0023451440385373013
0.0003580984937826674
5.591903046110708e-05
3.9582751376250954e-05
4.498513454023254e-05
5.393197609298092e-05
6.700720406587996e-05
8.473570990070585e-05
0.00010413148090692046
0.00013316563780212183
0.00016934017277463615
0.00021346219896508186
0.00029433161651911955
0.0004035859034568701
0.0007009183716566255
0.0012699075646320501
0.0015139915174574364
0.001232606699482452
0.0010976201266049716
0.0012283315389044743
0.001485642191371154
0.0025588506173048406
0.009197849416478401
0.02661047607511413
0.03604405346599228
0.022015840045891393
0.008053982527234299
0.006051892032470198
0.01311898773155864
0.021655430368455478
0.01812195469671801
0.009252573129527885
0.005782431401987267
0.005504682193531062
0.005644314697659547
0.005827445549015635
0.005857992649232058
0.005774615092509441
0.005664895358403741
0.00553254696000218
0.0053381167911083095
0.005054829945570103
0.004717085535968925
0.004355000653205996
0.003971838697121949
0.0035740421019332443
0.0031722360287001422
0.0027768593524086778
0.002397044637647831
0.0020402600563826936
0.0017121304242686023
0.0014163997091681958
0.0011550184827565767
0.0009283315208795275
0.0007353356251118493
0.0005739764146423798
0.0004414548545068442
0.0003345222906913722
0.0002497264104212047
0.0002037958806745713
0.0001483616735713309
0.00010637878706592313
7.512245180432537e-05
5.224682160415219e-05
3.580056904197835e-05
2.4253863723068e-05
1.6390836239542494e-05
1.0945144005354634e-05
7.024643768787961e-06
4.415481428812481e-06
2.8012998160403136e-06
1.8031686458904216e-06
1.1912235056553356e-06
8.271526418659445e-07
6.200185487588496e-07
5.098528172189281e-07
4.576342236531744e-07
4.3827829186186934e-07
4.358245544358121e-07
4.4022154758113973e-07
4.452352207685269e-07
4.4712006348532374e-07
4.437887836893166e-07
4.342941827791235e-07
4.184970391067464e-07
4.0466367115979536e-07
3.7955111728230296e-07
3.501507376461701e-07
3.176870585287481e-07
2.8345133434386354e-07
2.487018600565028e-07
2.1458257006150112e-07
1.8206283702799063e-07
1.9010578815885266e-07
9.882945234268752e-07
7.884606939673085e-06
2.805051992181316e-05
4.013426358398089e-05
2.2936274473707612e-05
5.248367864486483e-06
4.999630480602383e-07
3.661808992913203e-08
6.728186056979583e-06
9.989059554835347e-05
0.0005917907274080944
0.001422537462380987
0.001407199910363392
0.0005861663406490338
0.00011734578017335948
0.00012420608656498123
0.0004807513160783168
0.0007607545545446017
0.0007244596676704802
0.0002850485113916869
4.650194250732268e-05
3.151152985753162e-06
8.862098509519711e-08
1.044881148150897e-09
1.3481608671402169e-11
4.655083198085094e-12
2.476935684594814e-12
1.2986786118779306e-12
6.695727885632328e-13
3.3947025463911015e-13
1.6924407708506812e-13
8.297228567176245e-14
4.000004235629374e-14
1.8962503358218953e-14
8.839724143913628e-15
4.052187909721873e-15
1.8266202277800654e-15
5.3788670799106606e-08
1.9427898045764116e-06
2.4746600832734965e-05
0.00014584973616308124
0.00038283884705479917
0.0004544803083040402
0.00028239083300665
7.146119952530752e-05
7.282217885074492e-06
2.9722301101500093e-07
2.359734292010935e-05
0.0004740421862042333
0.003796487761744954
0.012297377646447106
0.01631305536184356
0.009046565228695467
0.0021860042176950626
0.0006741456202022291
0.0028754173044731697
0.0074899202955224795
0.008030810213942797
0.0035549061210391223
0.0006530861806352764
4.992422976599741e-05
1.5865795648064223e-06
2.0875631777527458e-08
1.1302560121111722e-10
2.501150824486558e-13
2.2480682705883977e-16
8.164484366572777e-20
1.193327664207907e-23
1.9945520208960314e-26
2.0264436295349522e-30
3.582849131890841e-31
9.077751600180447e-32
2.2838221838515375e-32
6.852202231659832e-33
2.5525203589317655e-06
3.7689269707308732e-06
5.472353146771859e-06
7.813370080750012e-06
1.2037753082210695e-05
2.992501532268187e-05
0.00010212972185731958
0.00020693215616562747
0.0001934946927498153
0.0001897107942177905
0.00020974338740501665
0.00028207747175061014
0.000387799915902177
0.0005754991352558765
0.0013365826454236136
0.004289984303221164
0.008345777090785345
0.007905139548762397
0.004490338262363462
0.0031471861236142726
0.0034382391944429496
0.005192971093780922
0.008116782955902463
0.009317523086167446
0.00834206988416698
0.008137797203732536
0.009025288675712869
0.010198357735471224
0.011401104385372446
0.012606294181302205
0.01372741366115405
0.014566398862910357
0.015186241441291286
0.015689754883287624
0.016017802205733626
0.01612345868962494
0.01606815239411999
0.01651426535706376
0.019395150298986818
0.023050059168900964
0.02073161550266568
0.01501329954031891
0.011750244952050633
0.010656535134215162
0.011312177430505879
0.01226710887446414
0.011530948446750174
0.008053245761546323
0.005456598720635569
0.00423393577192437
0.0034312154195240267
0.0027583014021836084
0.00218643916486467
0.0017204200486865531
0.001390922168193952
0.001192199326068385
0.0009472399439847224
0.0006367988558668863
0.00042216500789507344
0.000301082237758769
0.00022224309349950085
0.00018276162850982525
0.0004072954595447897
0.0023273075757744583
0.0068117259845695425
0.0087023397783839
0.004938488155472685
0.0016441925866442204
0.0010102467201557558
0.0020755299414792695
0.004682400721227262
0.006082104392259573
0.005420493954810906
0.0036769352057313357
0.0034159275544468947
0.004023064205979545
0.0048448245709568185
0.005761554666373902
0.006753899709952601
0.007803266183004365
0.008885588765175485
0.009972524524981511
0.011035774172278346
0.012044081539450142
0.012943052776941312
0.01368806258612139
0.014272459223449567
0.01467873237991316
0.014883934533088618
0.014877861037070804
0.01466134285256678
0.01424424151410592
0.013644483282776797
0.012887764706526366
0.01201893194793836
0.011149884212158089
0.010351453092944198
0.009718878997982471
0.00847636206538183
0.007216479043640831
0.006152247735856089
0.00521019031436703
0.004354529783878879
0.0036738731260345654
0.004140666617407437
0.00932567751905668
0.018043147230373775
0.016963388227082234
0.007439682697075352
0.0019976515761919427
0.0011150662737744032
0.003217861005600954
0.008026550577625097
0.009064685329976552
0.004366658768164224
0.0009481931211464869
0.00014609119783402466
5.367895771725528e-05
3.3880679202529364e-05
2.202464757282775e-05
1.412572308916845e-05
8.931426498380839e-06
5.5688425470815365e-06
4.033688575842792e-06
2.4592954295764374e-06
1.4803337625814755e-06
9.017622213842038e-07
5.489511868539705e-07
3.4632853659650134e-07
2.4519775996162335e-07
3.0808602612866365e-07
9.318714680053257e-07
2.088641380663909e-06
2.1315752277357956e-06
1.0523538235020703e-06
1.0743498816072301e-06
1.4182676854052612e-06
1.9543860690146685e-06
2.7141357899828925e-06
4.587977318727447e-06
1.527451126962858e-05
5.213455876493475e-05
9.07484697293832e-05
7.329741936359703e-05
3.994218995290527e-05
4.150226034181719e-05
5.479132410128501e-05
6.119282807215098e-05
7.145154129061321e-05
8.2770181550601e-05
6.997754370730555e-05
5.9360911243709966e-05
6.250639624630567e-05
7.036725461694118e-05
7.91068836264637e-05
8.912802959658861e-05
9.917341602760018e-05
0.0001048997311268883
0.00010774582343487708
0.00011091552016927081
0.00011361734356963575
0.00011490371457380496
0.00011458286431198899
0.00011266711830024572
0.00010924240136635524
0.00010445378100230631
9.849505261584614e-05
9.159754739458194e-05
8.400973794390862e-05
7.599069504423103e-05
6.779135690880587e-05
5.9643646246805504e-05
5.18360999589232e-05
4.440779948477354e-05
3.9765211019886646e-05
3.334075009311035e-05
2.7622991909333418e-05
2.2647121720592574e-05
1.843424603894485e-05
1.528743726351523e-05
1.5513351424085882e-05
2.242149977667132e-05
2.65780375631668e-05
1.7863661181832546e-05
9.0514306416511e-06
6.537162743644207e-06
6.3525875197436645e-06
6.625688331167304e-06
8.055990481375478e-06
2.7290651482256445e-05
0.00016753867196357298
0.0005319573439881783
0.0007155231044363766
0.0004127506470584305
0.00011164439301225038
2.5077421570968574e-05
4.403769031232497e-05
0.00017858287291876978
0.0003665380620498423
0.00032301041735272696
0.0001865549895813215
4.576980787298961e-05
1.1842205644480648e-05
7.993444248111553e-06
7.025274812400546e-06
6.157384994286431e-06
5.308484913467192e-06
4.802363812581151e-06
9.951566340228786e-06
5.386211639263876e-05
0.0001683583381033896
0.00021797786796980413
0.00011368459608323817
2.439096342544339e-05
2.855358618867281e-06
1.5388497241104772e-06
5.537596605527409e-06
2.31253792481587e-05
0.0002288044864079545
0.0018163133025371914
0.0061354211605314755
0.00853489099070932
0.0050182169499490906
0.0013005309038598464
0.00017475182656619508
0.00015531183746010744
0.0010363548398963616
0.0033481885538525994
0.004463566777344054
0.002478541229871591
0.0005781375138615943
5.687907253418348e-05
2.3560415665299815e-06
4.098769721956806e-08
4.058409863579628e-10
6.146258575996837e-11
3.17702050584974e-11
1.6376244901628857e-11
8.301032179048828e-12
4.137702394212444e-12
2.028129330514419e-12
9.77554924056692e-13
1.8199040003266922e-09
8.54901245784592e-08
5.796773004976494e-07
2.3288700956295775e-06
3.9521171154214355e-06
2.7685924403263764e-06
9.225191461628011e-07
3.658863966104476e-07
3.8836867501205565e-07
4.6193187992419044e-07
7.968801005367996e-07
1.0560346699842851e-06
1.3825631121648558e-06
1.7887142093347064e-06
2.2874989804246094e-06
2.8922858572026506e-06
3.6162297238441417e-06
4.471508222821827e-06
5.468351818340211e-06
6.6138737727942785e-06
7.91073536305999e-06
1.837183624198862e-05
2.5414292532423037e-05
3.353888057958756e-05
4.4102061579225645e-05
5.769839954683049e-05
7.49930029503537e-05
9.956524909033352e-05
0.00012899091747408967
0.00016417675972766252
0.00020674328769008593
0.00025735673551401344
0.0003165585102990659
0.00038488138422756307
0.00046222693572893747
0.0005177813859088467
0.0006070331312307528
0.0007170897983805419
0.0008768201361120506
0.0010336097232057026
0.001085317521079663
0.0011061661444609922
0.0011655274563560222
0.001234788179704591
0.0012926826721390491
0.0013337402086524904
0.0013753324033583404
0.0016530456622502723
0.0031946343939115514
0.00607273862475904
0.006345899168805789
0.0035357101337940375
0.0016144737454936518
0.0011091886608995255
0.0011617463588852036
0.0020054424487955243
0.003410457156786871
0.003209689976644119
0.0016033501248439103
0.0006702391576227513
0.0004302651652638652
0.00037091440859834393
0.000304030831068141
0.00024659227767509197
0.00019729074347873954
0.00015671021280654879
0.00012800667710709303
0.00010916769767328252
8.517578835106883e-05
5.756413521797976e-05
3.886342316176804e-05
2.750118819280375e-05
1.9522280189728434e-05
1.3676577553456355e-05
9.442213439625736e-06
6.4258117846292615e-06
4.3127851667231385e-06
2.8569498265107454e-06
1.870124445583403e-06
1.2117117038544982e-06
7.789821783189529e-07
4.98498921710357e-07
3.188830169465525e-07
2.049433991207719e-07
1.5411142810493175e-07
1.1874562567982274e-07
1.0694338194078872e-07
1.0274145963787481e-07
1.1203984622315735e-07
1.3355103850446398e-07
1.6725549767563416e-07
2.698688560416742e-07
4.2716987745155195e-07
8.150394625078369e-07
1.8582127547952453e-06
2.1476131803126546e-06
2.457081653901271e-06
3.1837158113797837e-06
4.267136404594391e-06
5.6771816314243885e-06
8.784677848435342e-06
2.5688020148393644e-05
8.964558187900682e-05
0.00016432945485442298
0.00013362313237980718
8.24195211478305e-05
7.14284643344082e-05
9.054983784737792e-05
0.00012071072169478213
0.00016008583579879364
0.00021418719244167296
0.0003644392467025627
0.0007856528536437569
0.0029243321993214894
0.006045149222597303
0.005751516400955982
0.002902147044631316
0.0014525317159879809
0.0013517015287789643
0.0017520620733548233
0.0029694418587319048
0.004915303817854573
0.005309308660520664
0.004047726704906507
0.0034010551832143678
0.00353476231307436
0.003840464384128594
0.0041363081317921675
0.004397208693259875
0.004614161574998178
0.0047802085094581
0.004890282858742913
0.004941446769489504
0.0049329910983790665
0.004866391065980837
0.0047451312610243
0.0045744238582195425
0.004360850255174474
0.004198353603446228
0.003930399497622731
0.0036407353235516655
0.003337509883988594
0.003028448689213834
0.0027205870291971555
0.0024200710581853777
0.002132028650879224
0.0018605075432354579
0.001608474753063737
0.0013778684889706962
0.0011696917442000862
0.00098413561011824
0.0008207200988393594
0.0006784409414835597
0.0005559123354324376
0.0004514977519550612
0.0003634234039520749
0.00028987149805531523
0.00022905266558619186
0.00017925876614861288
0.00013889847224025033
0.00010659810407624189
8.093126186547862e-05
6.080100402094617e-05
4.99558992120655e-05
3.689595112469246e-05
2.7007684618263618e-05
1.9641070442037234e-05
1.4257117087912834e-05
1.0415128708147741e-05
7.759798980489884e-06
6.008498773819699e-06
4.939084893864222e-06
5.2101899668597765e-06
1.579856908242439e-05
6.913257277003947e-05
0.0001515624894787334
0.00014398998359612124
6.37900837648856e-05
1.784968443325803e-05
7.6285305569896786e-06
6.853656265454006e-06
7.135315833847175e-06
7.381220932250507e-06
2.320104649751947e-05
0.0002715685428136292
0.001786499473217557
0.004872030015144397
0.005525900727572298
0.002715628173432701
0.001096516458246516
0.0001561585209895741
3.441352260911327e-05
0.00025608734079360634
0.0013271159857689851
0.002873390883728313
0.0026057540564147683
0.0010424670612819362
0.00046351955557060565
0.0008641281581430112
0.001008235683211203
0.0005151438540589425
0.00012129980706925564
1.4531784955796599e-05
1.0388360499428475e-05
8.821089395704893e-05
0.0003499505089040089
0.0005882223535232929
0.00042165750556567025
0.0001300321031092454
1.7376957009656778e-05
1.5795904814483724e-06
8.652287182418616e-07
1.1913156690681276e-06
1.6697072906556245e-06
2.430641215285004e-06
3.0006356155291117e-06
4.4078329790023775e-06
5.971163033790773e-06
7.91290954483886e-06
1.0329001371856203e-05
1.3280667887962109e-05
1.681995985634326e-05
3.9128952888174916e-05
5.499926248668592e-05
7.353904393433031e-05
9.745672264773882e-05
0.00012802443435484858
0.00016661868482619382
0.00021470607468433622
0.0002800803151426879
0.0003571266926797228
0.000447606991893592
0.0005545376444104034
0.0006788153153182019
0.000820962396649907
0.0009808143410127887
0.0011557386830689973
0.0013421193746662354
0.0015380233041521296
0.0017397130670303597
0.0018745673526838896
0.00207296064901681
0.0022613730698591906
0.002435064499973924
0.0025908974467285665
0.0027181217219794055
0.0028035013577276625
0.0028520175169409177
0.0028680815197182504
0.0028487084720165683
0.002793525048695282
0.0027053505110250452
0.0025877204452801573
0.002442636845257174
0.0022751428365106172
0.002093559311691327
0.001907782339152616
0.0017380415344939977
0.0015818458603921246
0.0013852452090937113
0.0011651839407872619
0.0009777200272189323
0.0008200895386406144
0.0006805898856990386
0.0005573027956430934
0.00045009689740012267
0.0003873254905808876
0.00031778723781101506
0.0004178136608001026
0.001246160329492084
0.00269289857343194
0.002665528216107969
0.0012058430411374522
0.000289697078795699
6.316253762961196e-05
4.267593935198074e-05
0.0001836183980095862
0.0007770807238569372
0.0014735646871731377
0.0011857668606611322
0.0004092452712487475
6.228026961041844e-05
5.233729662513577e-06
9.784208451856209e-07
5.3170473495367e-07
3.162357919062679e-07
1.8541817158556268e-07
1.0694310874804994e-07
1.0414862021020696e-07
8.298418684519234e-07
5.8288386622926396e-06
1.691931077704622e-05
2.0838169173690393e-05
1.322627558388377e-05
3.5865107211525008e-06
7.954097329166639e-07
6.740012254855528e-07
9.152158404337188e-07
1.2458255227160137e-06
1.668167096892222e-06
2.8502401015500953e-06
1.7951868283923763e-05
0.00014324550886406762
0.0005255317718465666
0.0008101844655727918
0.0005397634095621336
0.00017777236889593163
5.021325061763177e-05
3.807010065728746e-05
5.822545645877309e-05
0.00015171793676087362
0.0003810240764810036
0.0005228948100473495
0.0003782675915776945
0.00022635855740125166
0.0002094641507745796
0.00024800723563742343
0.00029893494644717903
0.00033639228583841975
0.00039711787225564423
0.0004624796638764985
0.0005312436080920889
0.00060193870691363
0.0006725506764918691
0.000741120678528396
0.0008059168938224026
0.0008669109446409009
0.0009229005769800831
0.0009636942348467126
0.000986746375425397
0.0010006035881374965
0.0010033155070742078
0.0009919354400160635
0.0009691307145886384
0.0009361286565075888
0.0008935580688734355
0.0008439500250110563
0.0008014077696676247
0.0008325391892391961
0.0009986823510643723
0.0010429267143182187
0.0007898512068560329
0.0005399414738162792
0.00045118802714542994
0.00037891901782717926
0.000331030338960772
0.00031430357106760406
0.0003780275157922382
0.000463812501542107
0.0004405739929749824
0.00043292232356233196
0.0004372432777376471
0.00032488407441877475
0.00022474500892348998
0.00020135773709361704
0.00021120618944737085
0.000231723790691983
0.00027508709357356267
0.0003615904727079172
0.0004242438030852076
0.0003939228504683527
0.000352161150501773
0.00034850210342036645
0.0003628964703010504
0.0003988579266551625
0.00045589232868523783
0.0004585070969996717
0.0004003880914246355
0.00035954561845975787
0.00034589173964652076
0.00032905641530702807
0.00031032520858883866
0.00028939388324165526
0.0002668365726738344
0.00024332992011769943
0.000245974377708213
0.0005344734010785488
0.0019100908224365264
0.003786481071098201
0.003336970438141188
0.0013831844302269747
0.00034274027975732426
0.00010759786540503086
8.088432727588407e-05
0.00018037068039916687
0.0007687669885155819
0.001825833021321516
0.0019001947725607378
0.0008678374283549981
0.0001933222886948914
4.230967870422559e-05
2.6669400184302578e-05
2.4052016271285205e-05
2.2201016478606494e-05
2.064794732899349e-05
1.9973855430639677e-05
2.009374758000928e-05
2.0421037398099093e-05
1.8553353944457886e-05
1.577839268633956e-05
1.4356780500889006e-05
1.3727444860794916e-05
1.6447770817897958e-05
1.8257291872780222e-05
2.074850817307653e-05
2.440213273388883e-05
2.967482406703449e-05
4.0252298130094654e-05
7.696102092997448e-05
0.00015911633786861037
0.00020721301396771545
0.00017892955985708052
0.00014820944953861058
0.00016140697799415003
0.00019705258904058378
0.00024334040665295584
0.00030540620171201
0.0003981895369646331
0.0004998973429146099
0.0005645504763696692
0.0005977281273203589
0.0006712129388039093
0.000780386989416369
0.0009107639165227259
0.0010276985603846268
0.001127661495008976
0.001238238327689447
0.0013579286009929204
0.0014763325110968663
0.001588625348997576
0.001691616551237699
0.0017823118241412884
0.0018579354242734356
0.0019254418983668858
0.0020776548132512085
0.0026187266736229335
0.003353654949903258
0.0031952340035127026
0.0024097173572621223
0.001939081867885327
0.0017667438560163074
0.001663011846366205
0.0015782634757102168
0.0016214727980533306
0.0018968979036782763
0.001964586170440327
0.0016923845044137778
0.0011783129275433127
0.0008963263299741865
0.0007573256191158129
0.0006493531310816287
0.0005513105199686539
0.0004624059752447677
0.00038300574253130723
0.00031319156058647984
0.00025275837832740603
0.00020126169943969922
0.00015807003370446536
0.0001224189347430205
9.346356399683006e-05
7.032697276107975e-05
5.2141814170971785e-05
3.808392023246851e-05
2.7397000860743628e-05
1.9408527332604488e-05
1.3537550561482552e-05
9.295705722402046e-06
6.2829387390151e-06
4.179564102195403e-06
2.7361631289951547e-06
1.7626092121712275e-06
1.1172181252129387e-06
8.169655201035096e-07
5.039627089950315e-07
3.058343795120061e-07
2.7115534909279565e-07
2.3798173032378623e-07
2.5176329906413826e-07
3.0617708411195035e-07
7.788291808953321e-07
1.0922591729922566e-06
1.52220777444099e-06
2.0958976408700663e-06
2.84458851536047e-06
3.802182263782479e-06
5.003310552185208e-06
6.480836841897192e-06
8.26278859437574e-06
1.0368834924648163e-05
1.2806531662189206e-05
1.5636859590985808e-05
2.0310028020130775e-05
5.021818528246129e-05
0.00010784085906425049
0.00015447350001825428
0.0001323790130084021
0.0001065589457924557
0.00011777053415156077
0.00013612294151831253
0.00017107137829839173
0.00021403231588384495
0.00027097804506883013
0.00033701384982497964
0.0004133169160264567
0.0005123978514414076
0.0007789112324159446
0.0018885277278942716
0.004003044410492684
0.004529249164611652
0.002885460655222712
0.0016823134165686866
0.0014415017696626604
0.001523553962542381
0.001657082211977492
0.0019158827936970812
0.0026962352951146887
0.0037803336654813544
0.0037024819314439897
0.0026991992111471616
0.0021279058068957796
0.001992142006825483
0.0019383745432675265
0.0018729375534584814
0.0018203436388877757
0.001733359955471673
0.0016355346773316724
0.0015240873584865659
0.0014565599437033432
0.0014635594701195628
0.0013546695734493537
0.00109056457469685
0.0008795248847200565
0.0007451835049980771
0.0006348107441948539
0.0005348393953958251
0.00044485453444014167
0.00036517258694178785
0.00029579388649601834
0.00024071721046467931
0.00030324004165714716
0.0014149444386916355
0.005652581807820576
0.009985214871664688
0.00762957380036031
0.0027442361879820754
0.0005303275764835447
7.455019202095421e-05
2.710627431950977e-05
9.755852779490898e-05
0.00041948514072209184
0.0021953615050754063
0.004912965309482554
0.004692491176816816
0.0019712143973286745
0.0004021311855324194
7.4730624476427e-05
3.7607835193328906e-05
5.658421294894314e-05
7.34820177625402e-05
9.421535793217906e-05
0.00012081324292127519
0.0001546299573420594
0.00019775980243347106
0.00025438824384815156
0.00032635237937116943
0.0004052397876305452
0.0005037261890323829
0.0006149044867176979
0.0007479984469810642
0.0009006675883638825
0.0010716931042648102
0.0012589911127375395
0.0014606557257866423
0.0016826921982339052
0.0019368382878374192
0.002107484733499617
0.0023265464930640194
0.002608239327638909
0.003038729318232376
0.003267189055322935
0.0031646997807951464
0.0030738983918160525
0.0030813656083601313
0.0031064581536488804
0.0031043132039018516
0.0030616286990242055
0.003061345117086081
0.003415470460348655
0.004631240306423207
0.005800017549548646
0.004892192934714544
0.0031195867240593764
0.002175476942871254
0.0018169193044162441
0.0016038470505493213
0.0014316871573015397
0.0014673494864509593
0.0022122333294879734
0.0032257877669644047
0.0027681093789931484
0.0018332264638772976
0.0008156233167431199
0.00046976830177770256
0.0003527506502249417
0.0002773973704188793
0.00023263324900783824
0.0002862262918383037
0.0004622867205243469
0.0004911937728157983
0.00027273811663223687
9.505552512650129e-05
3.85431212334538e-05
2.366478305763048e-05
1.6058764767239643e-05
1.0816226689405643e-05
7.169924473437138e-06
4.676161629949716e-06
3.0003401788822227e-06
7.820173362958911e-06
7.135214176478816e-05
0.0003340696529212545
0.0006470650059691918
0.0005347775224810974
0.00020644898457574263
4.1671482167495696e-05
4.484094278055066e-06
6.983304132776709e-07
4.7457306458089185e-07
9.02680665470591e-06
7.384670589442954e-05
0.0002491483753998691
0.0003541477174587974
0.00021797173910633255
5.941282183070206e-05
7.202853008577702e-06
3.8194875669905003e-07
8.653188226077073e-09
9.746824429193893e-11
7.926383975255094e-12
3.4087465662775747e-12
1.499560228297352e-12
6.488160414739527e-13
2.760619844314541e-13
1.155096592336484e-13
4.75287238974434e-14
1.9231790531885688e-14
7.652593190094361e-15
2.9944878622693287e-15
1.1522885364503238e-15
4.360381135276969e-16
1.6226019631818545e-16
5.9377746975184e-17
3.009696238685975e-17
1.0710449890759227e-17
3.966598526311567e-09
8.540318557642093e-08
7.331102384791994e-07
2.5090186480030154e-06
3.4235595259069e-06
1.8624784977286544e-06
4.039652814478917e-07
3.493302586466602e-08
1.2043917146403176e-09
1.655536281565337e-11
