N :Calcite
N :Gibbsite
Y :60.0% Dolomite, Diffracto n :938
Y :40.0% Hematite, Diffracto n :140
0.0
0.0
0.0
0.0
0.0
0.0
0.0
0.0
0.0
0.0
0.0
0.0
0.0
0.0
0.0
0.0
0.0
0.0
0.0
0.0
0.0
0.0
0.0
0.0
0.0
0.0
0.0
0.0
0.0
0.0
0.0
0.0
0.0
0.0
2.922873770346514e-36
5.262524263694711e-34
1.2917882616417588e-33
2.894778905540988e-33
5.921981142749021e-33
9.072294008325746e-33
1.5944700588771435e-32
2.5582635079512456e-32
3.7471809951107385e-32
5.010665297234457e-32
6.11671554600585e-32
6.816699851623143e-32
6.935277854054508e-32
6.441516818838534e-32
5.461950430853709e-32
4.2293076859116425e-32
3.049653133183084e-32
2.0527115243979057e-32
1.3094331665869046e-32
8.49691980727016e-33
6.241718613272e-33
5.688263179758519e-33
6.293208075042571e-33
7.699649105153644e-33
9.722523394512928e-33
1.2293501704711706e-32
1.5406467074614367e-32
1.9078654460814925e-32
2.3327081391960505e-32
2.8155043246649565e-32
3.3544105039748915e-32
3.742741268403904e-32
4.3636501261092536e-32
5.0219171103067e-32
5.704907694758487e-32
6.397159229703987e-32
7.080846095088858e-32
7.736465685703301e-32
8.343715858973944e-32
8.882513195570938e-32
9.334083226793521e-32
9.682041238209691e-32
9.91337735739432e-32
1.0019263499849967e-31
9.995612427217435e-32
9.843339566433867e-32
9.568304210209023e-32
9.180935363661587e-32
8.695575542925892e-32
8.129600076933346e-32
7.502387247742017e-32
6.834224144810573e-32
6.145233718704473e-32
5.454400653952372e-32
4.778758805166919e-32
4.1327832648651663e-32
3.528008252876585e-32
3.152007611638781e-32
2.6331359992533704e-32
2.1712946663811745e-32
1.7673545481539275e-32
1.419999001603012e-32
1.1261904404993956e-32
8.816476900370506e-33
6.812989987760616e-33
5.1968462253997184e-33
3.91292406562842e-33
2.908187554455519e-33
2.133550074413893e-33
1.5450505942892e-33
1.1044396930668901e-33
7.792929424346459e-34
5.427738481423991e-34
3.731612332433676e-34
2.5324073095021217e-34
1.6964068982296849e-34
1.1217237964671795e-34
7.321520248390168e-35
4.717110315524862e-35
2.9999238286056457e-35
1.8832321132755484e-35
1.1669625067147785e-35
8.420902113092337e-36
5.1063516031678206e-36
3.056484777249443e-36
1.8058978609024997e-36
1.0532308066805682e-36
6.063359885564335e-37
3.4455817640504615e-37
1.932730030170176e-37
1.070136675239339e-37
5.848799313000845e-38
3.155394093759772e-38
1.6803506263228493e-38
8.832947116352486e-39
4.583220599402971e-39
2.3474443398091107e-39
1.1868046952148853e-39
5.922739296259134e-40
2.9175975404172048e-40
1.4186901621786252e-40
6.809404506198921e-41
3.2261912754784293e-41
1.508795886126812e-41
6.96514670880616e-42
3.173872251281452e-42
1.427604837421376e-42
6.33849237347967e-43
3.662443564226449e-43
1.5912846952174005e-43
6.824710248496563e-44
2.8892154889644074e-44
1.2073551364858455e-44
4.9802313095603545e-45
2.0277918473232414e-45
8.149981198003253e-46
3.233323913685904e-46
1.2661967445837364e-46
4.894547404799595e-47
1.8675973591708552e-47
7.034177548057905e-48
2.61518707394435e-48
9.597354862588437e-49
3.476639816232888e-49
1.243160485522479e-49
4.387872942980095e-50
1.5287632519974774e-50
5.2575785262079864e-51
1.7848044493040985e-51
5.9807389607188136e-52
1.978237302114467e-52
6.458940068227466e-53
2.081629566990941e-53
6.622240705112422e-54
3.063883586135273e-54
9.53833640754609e-55
2.9311113859399085e-55
8.891014471908277e-56
2.662132181836977e-56
7.868051857422221e-57
2.2954302857482398e-57
6.610286648424482e-58
1.8790388747003773e-58
5.2724263350696095e-59
1.460308303450802e-59
3.9924350792834704e-60
1.0774334154911614e-60
8.167787388378374e-36
2.0122777468475962e-35
4.524085492071491e-35
9.281818259070739e-35
1.7377796069510216e-34
2.9690376910076375e-34
4.629095109254166e-34
6.5862145718336295e-34
8.551356763131276e-34
1.0131962047219402e-33
1.095497678582875e-33
1.0809080405911098e-33
9.732522398429895e-34
8.625250794352936e-34
6.667668922630497e-34
4.70365761191676e-34
3.0280061549556467e-34
1.7788412205949932e-34
9.536236087713583e-35
4.6652635456032084e-35
2.0827385198518555e-35
8.485016567492434e-36
3.154496272429756e-36
1.070204372507313e-36
3.3133155755519697e-37
9.360914136860179e-38
2.413421069528496e-38
5.6781559553607066e-39
1.2191044370746193e-39
2.3885475192099402e-40
4.270573868282469e-41
6.967836786881399e-42
1.0374545479874081e-42
2.106998247436851e-35
5.392791673634487e-35
1.3353104320044589e-33
4.1427641449554546e-33
9.238055643428876e-33
1.500581918809971e-32
2.883926117252064e-32
5.069105829151051e-32
8.149085235805904e-32
1.1979304185346318e-31
1.6103353589363034e-31
1.979461730668942e-31
2.224899086775679e-31
2.2866233481252465e-31
2.148777979559938e-31
1.846277695758565e-31
1.4504939198150019e-31
1.0420126114647393e-31
6.84606818224593e-32
4.1154509645283544e-32
2.2663812370244552e-32
1.1472770861555911e-32
5.391310484328317e-33
2.420134742480265e-33
1.1205310951725971e-33
6.213236557018974e-34
4.654209272823501e-34
4.414865145217913e-34
4.62281458039016e-34
4.9509189100062595e-34
5.283422502361056e-34
5.4853751952908296e-34
5.743447172703965e-34
5.9369854756259395e-34
6.0579709097744375e-34
6.101614780019248e-34
6.066200460584774e-34
5.953094367323678e-34
5.766638973398404e-34
5.513872737086273e-34
5.204088723358888e-34
4.848268068433618e-34
4.458435988328262e-34
4.0469927390265905e-34
3.6260709141393666e-34
3.206964406247908e-34
2.799664334807003e-34
2.717519344551255e-34
2.4824840247046273e-34
1.627994900564201e-33
2.9374027373186458e-33
4.001548731829765e-33
5.4249594056641834e-33
7.295782723981494e-33
9.71398204320665e-33
1.2789563095463097e-32
1.6639427453383094e-32
1.9695065093359986e-32
2.509833616899251e-32
3.1580477599311985e-32
3.9231389736572374e-32
4.8113106494931364e-32
5.824949675588281e-32
6.961628064753318e-32
8.213228088338673e-32
9.565290675431189e-32
1.0996685025464888e-31
1.2479684329383573e-31
1.3980507739644818e-31
1.546035333934199e-31
1.6876903528607036e-31
1.8186237141655568e-31
1.9345036964428245e-31
2.031294280156195e-31
2.1054874147739087e-31
2.154313699497803e-31
2.175913863752219e-31
2.1694562485710786e-31
2.135189939294818e-31
2.0744288163334526e-31
1.9894679467756326e-31
1.8834397330440616e-31
1.8028959806124915e-31
1.6703700918922848e-31
1.5276753553494383e-31
1.379195266774506e-31
1.2291269678951564e-31
1.0812945819668573e-31
9.390043023163993e-32
8.049472093958404e-32
6.81151102122787e-32
5.689783761562914e-32
4.6916356547209057e-32
3.818818333216991e-32
3.068385408035141e-32
2.4336997227190787e-32
1.905461748539904e-32
1.4726841735468048e-32
1.1235570534573181e-32
8.461682987955319e-33
6.290634653288567e-33
4.616451206267631e-33
3.344245044666219e-33
2.3914646844561628e-33
1.6881299270345093e-33
1.1763153482850295e-33
8.091287534545087e-34
5.49398488985545e-34
4.213822109326934e-34
2.800093703880518e-34
1.8367279141645216e-34
1.189304211978093e-34
7.601808617469213e-35
4.79641468843098e-35
2.9873926482454495e-35
1.836722958455699e-35
1.1147326856414361e-35
6.678416814858718e-36
3.9495896844006586e-36
2.305717421099752e-36
1.328727095219028e-36
7.558595016704788e-37
4.244454702569118e-37
2.352763283506674e-37
1.2873897080484284e-37
6.953720994257493e-38
3.7076598202239734e-38
1.9514518952890026e-38
1.0138906746527066e-38
5.1999560580697227e-39
2.6325912992506504e-39
1.2578175810743715e-08
3.070385047772025e-08
6.83954801490174e-08
1.108763668065285e-07
2.1205043991057752e-07
3.700826690157988e-07
5.894102660402727e-07
8.566354106359227e-07
1.1361449129978492e-06
1.3750890139121823e-06
1.5187534411924566e-06
1.530745939743416e-06
1.4079211593871727e-06
1.1817155060861729e-06
9.05121562531369e-07
6.32645271781584e-07
4.0352737345938696e-07
2.348794997193937e-07
1.2476035572530812e-07
6.047382991383226e-08
2.674962649885135e-08
1.079760284424326e-08
3.9773733064885e-09
1.336979470663188e-09
4.101214661653753e-10
1.1480469322740198e-10
2.9326900258391556e-11
6.836472330594762e-12
1.4543111615388028e-12
4.92564073411014e-13
8.996086857710197e-14
1.4993531150369516e-14
2.2804134362048364e-15
3.165065009302143e-16
4.0087692347520574e-17
4.633390003971161e-18
4.887041607820622e-19
4.703840578989686e-20
4.131602491869666e-21
3.3116455357076266e-22
2.42230340163714e-23
1.6168607225114892e-24
9.848635438308025e-26
5.474429797480828e-27
2.7769054868977495e-28
1.2854129914068673e-29
5.429797707259933e-31
2.093071157875399e-32
7.362812064315374e-34
2.3635392339386916e-35
3.868261046029109e-08
9.920373021614471e-08
1.5628617149764332e-06
4.309103208039293e-06
8.658285076711294e-06
1.916267962308196e-05
3.888622449714803e-05
7.233386458798999e-05
0.00012331320856244073
0.00019263604700136858
0.00027572938977708734
0.00036159300207879043
0.00043444564737247154
0.00047821825899485197
0.0004822757475351141
0.00044560487526928836
0.00037722186160297106
0.0002925777186460701
0.00020791405520438418
0.00013536900053626644
8.074848751929808e-05
4.412735927681081e-05
2.2090701131023255e-05
1.012977493183478e-05
4.254328134936148e-06
1.6362413952190984e-06
5.762174669076458e-07
1.8577183217704283e-07
5.482202147148564e-08
1.4805947191498914e-08
5.888433661397683e-09
1.3713600591430843e-09
2.9214707832884053e-10
5.692108385011675e-11
1.0141252021920594e-11
1.6519037629592737e-12
2.4597097718499175e-13
3.3475247714387283e-14
4.163353633961098e-15
4.731351186319977e-16
4.91242986107164e-17
4.659376575577487e-18
4.036774386236801e-19
3.194295751907504e-20
2.3084057823354907e-21
1.5233910516957342e-22
9.179983677807912e-24
5.0509806953008525e-25
2.537392134015774e-26
1.1637373937445827e-27
4.872596352998197e-29
1.86277325567708e-30
6.53285275904664e-32
2.4003826339369224e-33
3.7395436015529663e-34
2.9761407814663485e-34
2.8414976930363294e-34
2.6618485383824238e-34
2.489587096479904e-34
2.326905760841441e-34
2.1759651612920144e-34
2.037722927141009e-34
1.9120304339191726e-34
1.7978301004463218e-34
1.6934021157358004e-34
1.596633299685656e-34
1.5052820304900467e-34
1.4172163609976707e-34
1.3306075436950197e-34
1.2440674686660179e-34
1.1657200613286624e-34
1.0808561944632543e-34
9.962423442452791e-35
9.127852733232458e-35
8.317589446032985e-35
7.546810330743062e-35
6.831834377677616e-35
6.188870940078746e-35
5.632888985245724e-35
6.713589300355584e-35
7.005932319218165e-35
7.386795875295161e-35
7.277525861121791e-34
1.0064929456911457e-33
1.8030356896668678e-33
2.4729819011835093e-33
3.3550164630650094e-33
4.498955511429577e-33
5.9605102946752284e-33
7.800010336349839e-33
1.0080356268011732e-32
1.2864131871752763e-32
1.620986847919917e-32
2.0167538859890327e-32
2.477345729865558e-32
3.004486927507575e-32
3.5974616246743747e-32
4.2526344341068665e-32
4.963077532611995e-32
5.71835604344931e-32
6.504518253189902e-32
7.304735993899467e-32
8.098315229612371e-32
8.876468173675194e-32
9.595349044051538e-32
1.025185112641147e-31
1.0807859949959162e-31
1.1117557930468863e-31
1.1479260536639083e-31
1.1707630743147828e-31
1.179634964369565e-31
1.174477550563926e-31
1.1558016965596828e-31
1.1246622958775604e-31
1.082591111469084e-31
1.0318365473962018e-31
9.74387316265676e-32
9.129260397849299e-32
8.501226214801585e-32
7.885776200317557e-32
7.305560948250936e-32
6.776552167819084e-32
6.305044618682428e-32
5.886614234334288e-32
5.508391055634677e-32
5.154512693490163e-32
4.812809970916355e-32
4.4788048142487307e-32
4.156438722749094e-32
3.854007493103662e-32
3.578945256070563e-32
3.333934382424275e-32
3.115923992192075e-32
2.98210675336011e-32
2.7921671814272414e-32
2.6081741576468266e-32
2.4229624599066213e-32
2.2471788821638236e-32
2.060453947037397e-32
1.8796637140781142e-32
1.696453621438085e-32
1.5223686800402062e-32
1.3626812213342094e-32
1.2220710230613509e-32
1.1043550154339727e-32
1.0124775346560754e-32
9.486133285136203e-33
8.400280282656407e-07
1.9934376798347275e-06
4.316889455929614e-06
8.530973067896545e-06
1.5384578165656844e-05
2.531815142841336e-05
3.802224640586907e-05
5.378810995479609e-05
6.752231074950354e-05
7.763130730442064e-05
8.190697016212566e-05
8.10775153184666e-05
7.490151922814338e-05
6.477553553519668e-05
5.3580352312999194e-05
4.397493224999171e-05
3.768210014191264e-05
3.5306603197643104e-05
3.659443161822731e-05
4.08650720765168e-05
4.737521507635873e-05
5.550925699814275e-05
6.481608358728345e-05
7.49640527617408e-05
8.56779621248153e-05
9.66911682464457e-05
0.00010772069177339355
0.00011846109304292661
0.00012859044948654286
0.0001377831743182668
0.0001457262327084047
0.00015213645292820363
0.000156777168572631
0.0001594726922095865
0.00016011934832678152
0.00015869209013460685
0.00015524610938908096
0.00015188947342489268
0.0001454062537963339
0.00013740181613345194
0.00012816098577416438
0.00011799760263316955
0.00010723696320499546
9.619883408765784e-05
8.518224632958665e-05
7.445302492291352e-05
6.423468287349403e-05
5.470295661914328e-05
4.5983920341625864e-05
3.8155325845319805e-05
3.125059696818535e-05
2.5264775737431398e-05
2.016167249204457e-05
1.5881504515769473e-05
1.2348400526646491e-05
9.4772808626185e-06
7.179773990893523e-06
6.263563000076043e-06
6.08074475650272e-06
7.462297726813596e-06
1.1095297879920359e-05
1.7698592627009365e-05
2.7668089567983283e-05
3.6038028545684726e-05
5.020837481486073e-05
6.424021999583016e-05
7.521107381846783e-05
8.04551513463859e-05
7.858578212491211e-05
7.006892147013905e-05
5.702141839009105e-05
4.566280699922259e-05
3.67703384672081e-05
3.567495066005581e-05
0.00019366933873291042
0.0004274333923232066
0.0009821679953299204
0.0019469696934840072
0.003560819850033913
0.005996217724056883
0.009295464154473899
0.013241141036530402
0.01734094191893836
0.021111966683795568
0.023481682692266317
0.02414627960716371
0.02293317602857032
0.020215794494304804
0.016726433592315355
0.014358080156704289
0.011235783355966259
0.009008454399639857
0.00784304067457853
0.00768907911800073
0.008384239059682061
0.00974590065729697
0.011622781175411124
0.013908326963163449
0.016531198542826593
0.01943834128407108
0.02258001718498596
0.025900076120173653
0.02933125770152681
0.03279420402176176
0.03619896376633784
0.03944816287398333
0.04244130519515344
0.04507978749453671
0.047272229804377695
0.04893970542037137
0.05002044992915167
0.05047365686644694
0.05028203464570081
0.04945290135653986
0.048560567286941046
0.04674990411088578
0.04443329174205608
0.041693371966022956
0.03862391552599216
0.03532452253409437
0.03189532276577057
0.0284320631143539
0.025021906062074665
0.021740173750781154
0.018648169082533483
0.015792100723679196
0.013203044227689151
0.010897795525319711
0.008880421218679144
0.007144284341732429
0.0056743231004605385
0.004449379567617947
0.0034444097060040684
0.002632449101222109
0.001989777440051886
0.0014881377178144392
0.0011070674422985092
0.0009525772896119502
0.0009424659856014905
0.0012671283869934524
0.0017070073461947833
0.00286729914440589
0.0048010007775552595
0.007628605508189011
0.011285231032760459
0.015431630661313334
0.01945234907259249
0.022581965205910406
0.024135549793397906
0.023749952274991853
0.02151933520942925
0.01795593752270852
0.01379838470520224
0.009765077595933433
0.006363357121009258
0.003817181978855891
0.0021070660693592604
0.0010697496358983217
0.0004992433547702962
0.0002140450952214448
8.425376195842936e-05
3.0429609875807346e-05
1.0078031500541954e-05
3.059225783522758e-06
8.508558793333128e-07
2.1682317327198188e-07
8.30436979929377e-08
1.8340140429193324e-08
3.742893316561826e-09
7.189037730131635e-10
1.3676393577461065e-10
2.8951760494743502e-11
7.924575027440954e-12
2.8565195643786623e-12
1.197000377169686e-12
5.257973369382829e-13
2.320023089166744e-13
1.0150454986346336e-13
4.3886177731085935e-14
1.8735802225211675e-14
7.896667569334394e-15
3.2856930678987185e-15
1.34964117381888e-15
5.472889637664214e-16
2.1908938572778906e-16
8.658278463063068e-17
3.3778986986015497e-17
1.3009657087993445e-17
4.946391983584215e-18
1.8565812368378143e-18
6.879255300323241e-19
3.5235687524973785e-19
1.277846617002369e-19
4.574829082619994e-20
1.6168528142500873e-20
5.641113918191739e-21
1.9429307731687684e-21
6.606130737288639e-22
2.2173471499595454e-22
7.347104608488876e-23
2.4032230204770405e-23
7.760086622360017e-24
2.473620261936413e-24
7.783820044559275e-25
2.417938082108281e-25
7.414630870620919e-26
2.2445289489056498e-26
6.707359048648437e-27
1.978645196357003e-27
5.762005767056832e-28
1.656411459690337e-28
4.7005745276478526e-29
1.3168044615209008e-29
3.6414874808382524e-30
9.9408456491154e-31
2.6788917331168545e-31
7.128419179393447e-32
2.929090837721815e-32
7.653609374732115e-33
2.0047307685703408e-33
1.4074634367667604e-33
1.4061882270646526e-33
2.2127683816306526e-33
3.354166077163502e-33
4.9608662398585345e-33
7.569142931251908e-33
1.1702500775261969e-32
1.803300987580434e-32
2.7304008949201225e-32
3.995886081186065e-32
5.587186563606371e-32
7.389587137427843e-32
9.210724612434378e-32
1.081249273580394e-31
1.241643501313367e-31
1.36494286973837e-31
1.5155105986608004e-31
1.7350646283756429e-31
2.100903580023741e-31
2.6714275234194414e-31
3.4624352174650716e-31
4.421698813390037e-31
5.422510605891143e-31
6.0254728896709895e-31
6.695923667509781e-31
6.958387846858376e-31
6.754370764948314e-31
6.133499384719268e-31
5.232283167745147e-31
4.224357571135973e-31
3.2661928721407254e-31
2.460377383769147e-31
1.7022875276807143e-05
4.362831398916098e-05
0.00010203832514763305
0.0002177797984425568
0.00042416149403206476
0.0007538835505415688
0.001222747188747909
0.0018097911380604342
0.0024444413417993647
0.0030129377688999405
0.0033889103607617336
0.0034784789545313603
0.00325820238516186
0.0027850058577390804
0.002172368752457896
0.0015463235142983776
0.0010044459025367798
0.0007160322050623076
0.0003993230489398238
0.00020322427333423727
9.438134429671367e-05
3.999964315066404e-05
1.5469826875500366e-05
5.4597677473851414e-06
5.5944591901326055e-06
5.935656102672894e-06
7.694483470896253e-06
1.0433517889040295e-05
1.413627044948351e-05
1.8948596179472247e-05
2.5080733939000277e-05
3.277053385728188e-05
4.226535582245294e-05
5.38071538818337e-05
6.761601188046942e-05
8.387124079921177e-05
0.0001026905698075877
0.00012410864607997652
0.00014805650407314345
0.00017434396624627563
0.00020264707124207536
0.00023250254961018106
0.00025297792919437486
0.00028402723478345945
0.0003147685377443506
0.00034433139810520166
0.00037180558905470406
0.0003962864110482885
0.00041692354829993056
0.0004329698435452527
0.00044536985568825754
0.0004528223319790749
0.00045681001942664604
0.00045891964350647046
0.0004611487412255009
0.0004652133209635699
0.000471532916803415
0.0004783180568855573
0.0004814003134723239
0.00047526428711019254
0.00045510712703502953
0.0004190161345761949
0.00036909220300942964
0.00031085976031602056
0.00025128772237973605
0.00019649711861268007
0.0001502448465534651
0.00011364590183845506
9.42455474388421e-05
7.138522360717189e-05
5.4335295518523566e-05
4.14688919205558e-05
3.160109310178459e-05
2.394349202882094e-05
1.7979862587888736e-05
1.3354242559594981e-05
9.79950577365687e-06
7.100792775937754e-06
5.0795473256917835e-06
3.586892160882311e-06
2.500185766800497e-06
1.7202126876354209e-06
1.1682788291127994e-06
7.831861001301537e-07
5.182477702235007e-07
3.218468015822645e-06
4.280618850949983e-06
5.79511779452042e-06
7.860945280976049e-06
1.059996792393027e-05
1.415494472724525e-05
1.868611248773363e-05
2.4365938889029427e-05
3.137172278668289e-05
3.6864578996264804e-05
4.64556566902666e-05
5.7788166216233346e-05
7.095793612381409e-05
8.600437988470743e-05
0.00023808544762341695
0.0004531141787488006
0.0008838880519838556
0.0016791044979978778
0.008419037443315465
0.018279595439558795
0.038597185352608254
0.07551408837929405
0.1365841960804537
0.22949497067048574
0.35722183414841974
0.5141960767187447
0.6838270848207761
0.8399990281178983
0.9532827761648932
1.0
0.9702702907741318
0.8712926758310705
0.7244413344777386
0.5578018248756308
0.44898580072714184
0.3039967362428636
0.19038633210077494
0.11018919392415595
0.05887878201207269
0.029024002349430804
0.01319804140824434
0.005546127069964615
0.002189204283703224
0.000837364059120664
0.0003507016638255008
0.0002051060810317536
0.0008506517097383017
0.0012678320977198014
0.001735968827054807
0.0027755387561397065
0.003739274154183211
0.004974480429567026
0.0065420906421421055
0.008512982274806739
0.010964696776242101
0.01397629121367962
0.017622391306860604
0.021967355735202823
0.02705985363541629
0.032927670777450124
0.03727235546944303
0.04442097255670063
0.05227790956794481
0.060752285768589105
0.06971318003624989
0.07899003371164225
0.08837585146746822
0.09763335041766925
0.10650393446102417
0.11472763396406703
0.12203407802108689
0.12818435826679436
0.1329697897167853
0.13650390754567995
0.13852126206576965
0.1392759815797768
0.1392467199500928
0.13872243145245836
0.13826775628505475
0.13821110031192113
0.13849682680348516
0.13855295162412562
0.13735527097362107
0.13372150091741833
0.12674119109235604
0.11615312652483147
0.10732449954540152
0.09224966000694745
0.07627279845398936
0.060844300523369206
0.04708709203408869
0.035620339895605736
0.02656930397275783
0.01970319676737567
0.014614890702165532
0.010871737502432716
0.008104448040233424
0.006036621696078853
0.004476558986142853
0.0032945659281353006
0.002400863512983171
0.0017299823326264192
0.0012316509815477738
0.0008660487131623493
0.0006013580766471515
0.0004123162353499327
0.00027914033286997175
0.00018659711314353923
0.00012316153172907453
8.026596709425242e-05
6.810616200094348e-05
5.8881951485462265e-05
5.281619764173498e-05
5.443476116297908e-05
6.267613854587929e-05
0.0007848876649614533
0.001088364081997984
0.0016970080466933415
0.0024056756000261706
0.003244915579437617
0.004322977942219762
0.005687665300478315
0.007389876212636958
0.009481628295140746
0.01201340520929324
0.015030849189784133
0.018570893076827785
0.02265758977503931
0.027297437141095886
0.0324756136768184
0.03815215630982958
0.04425945898174958
0.050701125821485206
0.057352575245749285
0.06406362484980699
0.07066313672175897
0.07696562245469625
0.0809076336288002
0.08629062651433368
0.09087819600394775
0.09450997701001733
0.09705490545539833
0.0984190645294588
0.09855389463817744
0.09745308961848108
0.09516083807020385
0.09176503365453015
0.08739253771462577
0.08220061095204115
0.07636616608070453
0.07007425841178284
0.06350769103628935
0.05683934176386536
0.05023671432918505
0.043835833547891265
0.03776880034979159
0.032145034433956145
0.02725997130835436
0.023060870486114857
0.019820766999655667
0.01790254631488505
0.01753243135150221
0.01907072925268588
0.021244392954149822
0.026132466350427236
0.032468959986992674
0.039229600906227825
0.045062669003859884
0.048644157044222425
0.049081492836493705
0.046186928592697296
0.04050328821839514
0.03308852744177927
0.025170681128836664
0.017817267073670047
0.011725368182511218
0.007168419081578247
0.004071948138895283
0.002155140445353555
0.0010728469812510304
0.0005151842135767773
0.00025286297178532215
0.00014003382093129372
9.533620161024331e-05
7.851437046545275e-05
7.177134812430251e-05
6.804493284483582e-05
6.48251743259777e-05
6.133909100709726e-05
5.8775510820360775e-05
5.458744557408023e-05
5.0073185080908166e-05
4.535364628448428e-05
4.0555888244951814e-05
3.580118185196416e-05
3.119775527616049e-05
2.683616491490206e-05
2.2786721344447582e-05
1.90986825431975e-05
1.580093149828904e-05
1.2903817091133423e-05
1.04018129826553e-05
8.276651726031227e-06
6.5006202036732936e-06
5.039752198577842e-06
3.85671664314286e-06
2.9132675340107377e-06
2.172186203466144e-06
1.5987028595484826e-06
1.1614284377920513e-06
8.328583666548827e-07
5.895271866163407e-07
4.118987811031597e-07
2.840737848947385e-07
2.2015146554911904e-07
1.4857721005015376e-07
9.897757212106448e-08
6.508417035610478e-08
4.2244281569121845e-08
2.7065400806240545e-08
1.7116500444901263e-08
1.0684875525235554e-08
6.58381982277901e-09
4.004427043940017e-09
2.404123716785973e-09
1.424712446583117e-09
8.333963662370826e-10
4.812048159427195e-10
2.742598955584288e-10
1.542938535798232e-10
6.699782518416064e-08
9.411139170620895e-08
1.3055226062933093e-07
1.7879741883803888e-07
2.417260946804886e-07
3.225908720792856e-07
4.249515096347282e-07
5.525639178507573e-07
7.092190200199796e-07
8.985298059557251e-07
1.0444731630516593e-06
1.2949097690395876e-06
1.5846586677872425e-06
1.9141939584518355e-06
2.282391461176686e-06
2.686261615752627e-06
3.120760626905726e-06
3.5787106718090664e-06
9.287668460242785e-06
1.7272985282719443e-05
3.330580777343722e-05
6.323277072398116e-05
0.00011257070385657299
0.00018618371327080573
0.00028360382245529755
0.0003961859863158256
0.0005225135028863257
0.0006144895114434815
0.0006635230138935016
0.000667445150450599
0.0006190419809157648
0.0005413161270147232
0.00045796312687723396
0.0003905442472257681
0.00035294487584030756
0.000350137517429656
0.000366910207133801
0.0004291840925543269
0.0005214447616681118
0.0006529745867581887
0.0008335726867987334
0.0010758226073808884
0.001875150120968203
0.0029592985739795023
0.004850958095630985
0.008222442857052863
0.013530342434266762
0.021424595361012138
0.03212445670973329
0.04515797671419537
0.05918583626409275
0.07215076834813897
0.08178033519740384
0.08626593047109112
0.08482374848739542
0.07787922574322594
0.0668719730719379
0.05376517504597857
0.04051307138663605
0.02877244962481736
0.019235698010750965
0.014302485792090345
0.008916040773283108
0.0056169936248125375
0.0037392285547303544
0.002829572648949374
0.002509358568554477
0.0025375004630712036
0.0027824952409976856
0.0031836890438127407
0.003718718258263642
0.004382123275260602
0.005173451445440559
0.006091337777839171
0.0071307018143652555
0.008281401268034103
0.009527591959349557
0.010847535592435899
0.012213803385445155
0.013593883355979858
0.014951195152502312
0.016246487577015807
0.017439557210546238
0.018491190276303953
0.019365199721211205
0.02003040988574205
0.020462435254757702
0.020612550808902567
0.02062451838604281
0.020380811827929907
0.01989035597350755
0.01917104175199086
0.01824862559270571
0.017155219213598576
0.015927351336346134
0.014604048035034834
0.013224744912649184
0.011827393254032493
0.010446799758455973
0.009113302336426123
0.007851844599289478
0.0066814825986946744
0.005615322338600095
0.004660842929370857
0.00382051567817371
0.003092601511474587
0.00247201280009436
0.0019511584710586144
0.0015207324858614723
0.0011704321386301077
0.0008895964953948251
0.0006684079952084171
0.0004966561999173351
0.00040553567804626074
0.00029849686241703913
0.00022159883193965404
0.00016972626434588953
0.00013834661190460266
0.0001228469340965179
0.00011804550685339604
0.00011824056903358611
0.00011794771884727306
0.00011306402753060963
0.00010184998464032753
8.513628226506375e-05
6.558730956589028e-05
4.6399622558407144e-05
3.009058922821185e-05
1.7877208129393475e-05
9.733087410956154e-06
4.862491501691942e-06
2.2354495601515723e-06
9.50948213875969e-07
3.7817118725280775e-07
1.4321750703278525e-07
5.3271363811537814e-08
3.768991491318906e-07
5.078807487902762e-07
6.945908914719605e-07
8.536699751938916e-07
1.1533415162103774e-06
1.0999254279799434e-05
1.6948740043468926e-05
2.6238138874913087e-05
3.884144307494985e-05
6.45743456480428e-05
9.688503837193702e-05
0.00014423273813621163
0.00020992800453163642
0.00029471839460218005
0.00039514095644354485
0.0005031891180629392
0.0006081443586326311
0.0007002918847585712
0.0008032995416264453
0.0009026773498990191
0.0010371284433519123
0.0012447684009419386
0.0015645098000786693
0.0026474593742370485
0.0043236795891271424
0.007232284538644872
0.012260176641021523
0.02097204280173292
0.02913694826521063
0.045766175270822246
0.06763284441369248
0.09332368833939025
0.11980206365163905
0.14295345918904512
0.15871270731886264
0.1642981328736337
0.15899074326725052
0.14416550895792898
0.12268929131715348
0.09804647625643978
0.07353207878728409
0.05168254824441053
0.033998493421759916
0.020931205042851866
0.012097635883914064
0.006626971432224387
0.0035140915289000726
0.001874762151606931
0.001062170192820421
0.000669349842175628
0.0004721868632771547
0.0003614218554435017
0.00028937931128903354
0.00023707786719337788
0.00020937866477773777
0.00017609610823412657
0.0001510856452712314
0.0001329775874110913
0.00012058098464419596
0.00011278882306272857
0.00010857104456619996
0.00010698503516590324
0.00010718581743727934
0.00010843284499703386
0.00011009366024934431
0.00011164509033204088
0.00011267242346384043
0.00011286671621517742
0.00011202018115663315
0.00011001952912453602
0.00010683718567796718
0.00010252044025345281
9.717877975915103e-05
9.096986229011591e-05
8.408476071691981e-05
7.673321847148823e-05
6.912969208635309e-05
6.148090233930615e-05
5.3975486979207784e-05
4.677616228096868e-05
4.22130478441116e-05
3.579990998321009e-05
2.9969330234118592e-05
2.4764526461921402e-05
2.019945207004548e-05
1.6263156721993578e-05
1.2924841443673451e-05
1.0139121704394285e-05
7.851089513371148e-06
6.00086468442777e-06
4.527432027237719e-06
3.3716630719914455e-06
2.4785088634699637e-06
1.7984187709797278e-06
1.288087005919882e-06
9.106543756472493e-07
6.355005868018602e-07
4.377562187373922e-07
2.9764780198544664e-07
1.99768504947815e-07
1.3234433049097179e-07
8.654413551460084e-08
2.8345443911404036e-07
5.892141888369604e-07
1.2513198488788954e-06
2.0039096639706138e-06
3.798039016580804e-06
6.594059433063485e-06
1.7155109308186154e-05
3.314562544443085e-05
6.084750658687714e-05
0.00011247081104431627
0.00019983239385989074
0.0003332096197667933
0.0005232338032268135
0.0007687288832764146
0.0010526935808229396
0.001342656049239768
0.0015961256398713398
0.001771211353956241
0.0018378474604360613
0.0017855336158905909
0.0016282855466513363
0.00139337637145072
0.0011231489126228933
0.0008607002220415668
0.0006422008195646922
0.0004909708362754923
0.000524309377027937
0.0006998748873674828
0.0011140208353468354
0.0015874212473092617
0.0027496377067949018
0.004596319790161832
0.007247906792697996
0.010693232606091283
0.014674185234424845
0.018691260980546628
0.02210914128601189
0.02434060665993217
0.025024416167424162
0.02411392315652953
0.021849410320167507
0.0186523055110547
0.015004475706796047
0.011354214951535498
0.008056170794862455
0.005337496602231557
0.0032877021665912963
0.0018751192988289726
0.000986807781371754
0.0004778354587336973
0.00021243027970470495
8.656297451952217e-05
3.229234973715029e-05
1.101888317722357e-05
3.4369451081945514e-06
1.5034733705826126e-06
1.6642388028752343e-05
3.87466306212267e-05
8.395832610179539e-05
0.00017097016319224265
0.00031182366651369555
0.0005203142598380725
0.0013587758972215087
0.0024728120714702087
0.004423011660276959
0.007701369464900929
0.013148625087447376
0.020989855399365157
0.031433428456546335
0.043869449925697995
0.056887554343829756
0.06852901213011621
0.07683388255975633
0.08044071578586731
0.07894966738407289
0.0729102752249518
0.06352067466140585
0.0522458831583842
0.04051515098761584
0.029526613770403005
0.02305233051896456
0.015000850283929437
0.009064823275364302
0.005067107990608593
0.0026128151100497346
0.0012417654499683932
0.0005460522732324748
0.00022629094888130437
9.420324628488606e-05
4.650392367641661e-05
3.322639455404758e-05
3.2891129158363455e-05
3.7235084165047224e-05
4.3375526910968535e-05
5.0356299283387166e-05
6.264046351208194e-05
7.23503024301289e-05
8.282433803407077e-05
9.404048063398071e-05
0.00010599232613200129
0.00011869583786079126
0.0002828555527986598
0.0003835135213295841
0.0004933353578395141
0.0006359594175320542
0.0008197238531265751
0.0010728909111088368
0.001389088026591339
0.0017886852964163764
0.002287308953682014
0.002901213423394045
0.003646574240051474
0.004538497791318933
0.005589979152388602
0.0068106089002695595
0.008205250132766457
0.009772717026926237
0.011504572485322094
0.013384171615876595
0.015386084467952282
0.01747601918286927
0.019611331306712786
0.02174216331670618
0.023813122691372576
0.02576557774573207
0.027540264898721755
0.02908020061895478
0.030333669054563007
0.03125708617239618
0.0318175170266431
0.03199463386233443
0.03178194404670389
0.031426833887510414
0.030588487099540648
0.029410899989160542
0.02793522526835333
0.02621140015402875
0.02429534244600237
0.02224595520483185
0.020122161334703535
0.017980171848096266
0.01587115663878865
0.013839439127760499
0.011921282160593922
0.010144278197845283
0.00852730770175733
0.00708098999323731
0.005808523429145342
0.004706797505750658
0.0037676578126256775
0.0029792137529700883
0.0023270958835075943
0.0017955915117985415
0.0013686107858801695
0.0010304582913793952
0.0007664051356539807
0.000563072376571128
0.0004086478888518188
0.00032778163936408687
0.0002330820762719272
0.0001637808475554019
0.00011368972705393229
7.798979887398431e-05
5.289055874997608e-05
3.548646103589737e-05
2.3589327799254484e-05
1.5579358839787618e-05
1.0277506587761672e-05
6.8395776913208554e-06
4.670800021411279e-06
3.3586294504383516e-06
2.6211216594868386e-06
1.7132461657793185e-05
3.898992779859787e-05
8.546825138606466e-05
0.00017409377461786836
0.0003258085879816764
0.0005594417856850669
0.0008767541431537023
0.002060337518159516
0.0035770072293826514
0.006207183019771404
0.010641709200375299
0.015166278834199545
0.0247004764640011
0.03778838633085364
0.05400082621309166
0.07175511684769034
0.0886258567938723
0.10196397768784202
0.1097745963860679
0.11122666406707116
0.10667759270001874
0.09730191213753298
0.08461120042735686
0.07014592032026284
0.05534825497834802
0.04155481476840563
0.02971238058017819
0.0204387438031347
0.013923661648838927
0.010025599904159098
0.008494106625893177
0.008886791561505715
0.010797517306221778
0.013690241868079878
0.01691324958031543
0.019776842441554966
0.021701879119971255
0.022288173591073712
0.022062558356845806
0.020649368982316594
0.01834433828416279
0.01549214733691492
0.012419628648674996
0.00941279435131535
0.006706403139532894
0.00446524822793492
0.0027640230458756392
0.001584908886276684
0.0008408238443950252
0.00041392546291932293
0.00019126222813393607
8.547020868712354e-05
3.93959546800288e-05
2.0673637702328135e-05
1.3224102873922364e-05
9.982528554938755e-06
2.5279032649356763e-05
4.847439257585703e-05
9.812902213428664e-05
0.00019192063516021155
0.0003499252795173487
0.0005869924999221725
0.0009015094455224114
0.0016357546533891034
0.002830970866133976
0.004826337175850423
0.008243111298450422
0.013832321116653293
0.022707932763466367
0.03481294472287585
0.049854632277215
0.06632075963175078
0.08185554428477114
0.09391891049812263
0.10060484987765486
0.10119249764757052
0.09616638840093823
0.08679359595042055
0.07459587894140178
0.06101352037527569
0.04731548690528769
0.034579417737934395
0.02366060816193188
0.01506518607256392
0.008882967871218839
0.004836125285349356
0.0024319050903407625
0.0013075873956215108
0.0009047177614172597
0.0006365527575773376
0.0006218953967844878
0.0007473626549342621
0.0010389783878881642
0.0013957445772723787
0.0018227793492624506
0.002355188690355139
0.0030079595532117
0.003796444738760242
0.004734905496778755
0.005835242054839715
0.007105712284842087
0.008549627960765594
0.010164097179507546
0.011938915682148683
0.013855723407125611
0.015887542123071037
0.017998796210479423
0.020145891676789228
0.02227838946847547
0.02434076084465358
0.02627465930370781
0.028021590782187238
0.02952581760009663
0.03073729771460689
0.03136135433102632
0.03199786978925855
0.03225575217525463
0.03212601555222391
0.03161361871192666
0.03073718559945044
0.029527850320279284
0.02802735401157459
0.026288583761639433
0.024365982282884918
0.022320798068141946
0.02021555590556577
0.018111437623080567
0.016067074588551195
0.014128205735594514
0.012329678052066112
0.01068854956170252
0.009205252966105302
0.007868983456721827
0.006665714408021137
0.005582986794311825
0.0046150643742243315
0.003759571927238157
0.0030166495980208045
0.0023782895150016407
0.0018398541397541023
0.001532944928839381
0.001145463599786008
0.0008401502614597472
0.0006068502630660187
0.00043638621528449876
0.0003174684166153588
0.00023870043578490518
0.00018986753076374803
0.00016272702763986402
0.00015114987325132444
0.00015080774738005474
0.00015869225643167395
0.0001726704164618075
0.00019114770056367133
0.0002128553875639382
0.00023671259476435079
0.00026174672315695797
0.0002870480163983182
0.000311747473283196
0.0003350117823533165
0.0003560516576611606
0.00037414093142097135
0.0003886432292051252
0.00039908862603428753
0.0004050856632535049
0.0004064892126178769
0.0004048824150454699
0.0003992909649337486
0.0003898389759358847
0.0003775450130655945
0.0003634767473499435
0.00034934099442400897
0.00033544248826149843
0.00032227777811376026
0.0003096480273110061
0.00029631392612128137
0.0002804893927919489
0.0002605520106482078
0.00023584739641014082
0.00020717252838028835
0.0001870913727217051
0.0001617016364935343
0.00014116362754833397
0.0001274457696785798
0.00012147226973089469
0.00012889490136076446
0.00014053641219621398
0.0001600807038075659
0.0001874585448356289
0.000222779641786212
0.00026626597036170767
0.0002999109026221796
0.00035826797757042744
0.00042560692787586325
0.0005027533994201435
0.0005903839750289564
0.0006891785355767061
0.0007994030339256134
0.0009201654838308755
0.001048552121201902
0.0011791227953053306
0.0013043026658357915
0.00141586101990141
0.0015070200068365818
0.001574218166886748
0.001617616767745687
0.0016410783555783977
0.0016468938988534905
0.0016388055512704888
0.0016183253027694225
0.0015856178071294849
0.0015402816160641113
0.0014821532896131158
0.001438648783338525
0.0013725540438074694
0.0012991532402508994
0.001224974657165885
0.001177091080409034
0.0011107491184902997
0.0010739503953377464
0.0010401311101421974
0.0010272204057943408
0.0010393207903745382
0.0010800864436341605
0.0011525809083764791
0.0012591287499716115
0.0014011631992912662
0.001579075143702756
0.0017920723570043063
0.0020380610760365736
0.002313564360252502
0.0026136925584921405
0.0029321802309565446
0.0032615008228037974
0.0035930653182060447
0.003917504372302709
0.004225025648779102
0.004505833959540361
0.004750569275755638
0.004950783845010795
0.005099363274987131
0.005190904097388062
0.005222001818588539
0.005208455984511255
0.005137191499042174
0.005007137880411423
0.0048227908671938675
0.004590413410665399
0.004317673602621575
0.004013219458316206
0.00368622255017711
0.00334592316572371
0.0030012073623118425
0.00266024144900305
0.00233018272762404
0.0020169776014360027
0.0017252502728797518
0.0014582779894518718
0.0012180427877731305
0.0010053453459550254
0.0008199640655421923
0.0006608418270587372
0.0005262837742130858
0.00041415162883993745
0.00032204300217135635
0.00024744752057152743
0.00018787493953491082
0.0001409534692132343
0.00011561316136704511
8.50362831948899e-05
6.180980114703468e-05
4.440095486023136e-05
3.152427186269704e-05
2.2124035537773598e-05
1.5350236875831823e-05
1.0531310953944483e-05
7.1462249987870915e-06
4.997073517454714e-06
3.7007761025965676e-06
3.3009822107873394e-06
3.9442903307114255e-06
6.336166773090556e-06
1.0569761354351155e-05
1.726637055892288e-05
2.6615509997537713e-05
3.829349272673745e-05
5.133688129763216e-05
6.42074560105596e-05
7.50543315883731e-05
8.210396062033181e-05
8.407520857114343e-05
8.106969665062506e-05
7.334548764780728e-05
6.299967608714212e-05
5.594281482389443e-05
4.723088138970231e-05
4.293074250824846e-05
4.442642429141251e-05
5.1468957390802496e-05
6.20628791777796e-05
7.291919753121759e-05
8.043857529664766e-05
8.191954491148831e-05
7.648540349669077e-05
6.528637632256595e-05
5.0890744557458835e-05
3.621076926169168e-05
2.3514985588790406e-05
1.3935747200742971e-05
7.53672665706125e-06
3.719612075463108e-06
1.675224846224432e-06
6.885071048519603e-07
2.5822800596552684e-07
8.8380767478545e-08
2.760398124744802e-08
7.867655359484785e-09
2.046345228178191e-09
4.857057946925185e-10
1.0520363062079498e-10
3.6063049279524464e-11
6.706745103386471e-12
1.1383730038367743e-12
1.764122825557061e-13
2.4991079444991098e-14
3.2520352790927456e-15
3.9645425205287767e-16
4.894635003839324e-17
7.703679091422193e-18
1.9953779942625947e-18
7.412634574275182e-19
3.075485356757641e-19
1.2939793710452223e-19
5.400657503111963e-20
2.2267825734826738e-20
9.063964158487663e-21
3.111883632055952e-09
3.0375622331277225e-06
4.267226619098785e-06
5.920576868463997e-06
8.111874909743668e-06
1.097189813199176e-05
1.4643706992567688e-05
1.9276304037105347e-05
2.5017706997272478e-05
0.00012868194847177918
0.0001717517786097247
0.00023443245287378217
0.0003164590907697037
0.0004224595390542546
0.000557679129689649
0.0007874816949716514
0.0010229706148159599
0.0013140968393877865
0.0016691115288668297
0.002096023198781969
0.0026021178389823963
0.0031933573863617217
0.003873780179202166
0.004644826520796943
0.005504708959556455
0.006447854764284451
0.007464483246648635
0.00854060504414124
0.009657489183475278
0.010793491533329824
0.011922272055849573
0.013016348988806593
0.01404675853730586
0.014984795474609534
0.015802014952128622
0.016266473727138
0.0168247828906867
0.01720173679576646
0.01738031505391204
0.017355706362977
0.017131276870755174
0.01672704708848228
0.016159555832012437
0.015462167110584252
0.014665996310720415
0.013880993615625245
0.013120541133181219
0.012502034231351013
0.012145236566928718
0.012182936772964673
0.012717305429127383
0.013828367121109592
0.015449982840456521
0.017217497157563846
0.018814704827940492
0.019885244304611804
0.020186836918239255
0.019718697921713053
0.018600620008764956
0.017086941527986003
0.01541546735908895
0.014285414128627761
0.012620233603645625
0.011035122559228373
0.009602792949780945
0.008432942049009566
0.00763188809284663
0.007268617631637656
0.0073463739846240045
0.00781140146927147
0.008578430889514918
0.009555217260429813
0.010655333298372942
0.011800043453574502
0.013098878485091
0.014420871543643932
0.015905668759652374
0.017764026395589404
0.020263471009004566
0.023645692575742887
0.02811227578784561
0.03329171010357077
0.03863715980550359
0.0432906192776138
0.046415840794178945
0.047511273242185154
0.0465785901695325
0.04503071792184589
0.041756297663063775
0.037803329794150804
0.03349192431267672
0.028950701012203886
0.024261731611698274
0.01959021766861431
0.015198630040776576
0.01136165734388184
0.008259887627103652
0.005927950134701762
0.004274000926201001
0.0031407870835892674
0.0023666077670037285
0.0018217944499481125
0.0014187247807343891
0.0011055567029728615
0.0008546176992357357
0.0006518852019282938
0.0004896973380234118
0.0003625839823709438
0.0002654029203990306
0.00019290360364856632
0.0001399690492420304
0.00010200083999868949
8.30771551205312e-05
6.194573691550154e-05
4.7341257482339276e-05
3.738753192393193e-05
3.0699048883657266e-05
2.6257978566881867e-05
2.3320798722161883e-05
2.136940574583127e-05
1.9990035534971202e-05
1.8931528446787108e-05
1.8016872998639465e-05
1.7134424292501282e-05
1.62205102599725e-05
1.5245998423545136e-05
1.4205903987610978e-05
1.3111328844912106e-05
1.270332073518694e-05
1.1964616266267591e-05
1.1283600327318852e-05
1.0789512327288918e-05
1.0539614798526157e-05
1.059113181251573e-05
1.143317046383297e-05
1.2427642344739998e-05
1.3940729545619649e-05
1.6030285456562475e-05
1.776936329417731e-05
2.092970036314304e-05
2.47815045004131e-05
2.934361409442013e-05
3.461564334892132e-05
4.057412788481828e-05
4.716913425260468e-05
5.432174480126894e-05
6.19228254178303e-05
6.983343297655101e-05
7.788712156837515e-05
8.589426716614286e-05
9.36483605442739e-05
0.00010093403416318501
0.00010753640977244296
0.00011335685209395009
0.0001180426816347421
0.00012151833556259722
0.00012367273601060648
0.00012444002864788823
0.00012380326872212603
0.00012179531040755344
0.00011849682493667726
0.00011406759633278693
0.0001098932098214831
0.00010557813494430323
0.00010348638142915803
0.00010282133800061904
0.00010819795492341573
0.00012119551257732742
0.00014450538363179166
0.00017899241213107457
0.0002232492198308636
0.00030410721573081545
0.00040801918939656736
0.0005672175429483956
0.0008308239002125167
0.0013058164933532654
0.0020555958482739354
0.0031902837750475152
0.004760011089517847
0.006739474351461761
0.009027224496394684
0.011462823564721593
0.013827449191471565
0.015904052240450557
0.017501508989971572
0.01845921676611798
0.01867616354941819
0.018229317890747804
0.017188589291771975
0.01629978365721201
0.01491922575980419
0.013775175732491433
0.013141394674866021
0.013200359224830475
0.013939794408603401
0.015167137016310004
0.01653490494810814
0.017618134691962477
0.018071373180443686
0.017761480428453515
0.01679822739095291
0.015438485260599235
0.013927799828844524
0.012385557421608828
0.010800494202033594
0.009117383718888948
0.007335419465841337
0.005546682830474818
0.0039004480885597085
0.002532574479107283
0.0015114795109425064
0.0008268523740144048
0.00041392285240675634
0.0001896931240657992
7.984490402446189e-05
4.320833196748869e-05
1.7410726172231573e-05
9.28479534488334e-06
8.977565048730273e-06
1.226880045153367e-05
1.724897096902348e-05
2.2645231265296133e-05
2.724043363836417e-05
3.0235462768710533e-05
3.075947956732287e-05
2.913370652684262e-05
2.63335182521475e-05
2.378066816992843e-05
2.2841819756222976e-05
2.4184857433092457e-05
2.7659982235550888e-05
3.21580985001984e-05
3.6111207806254206e-05
3.803352203012716e-05
3.709224477268399e-05
3.338186829751028e-05
2.7795410012814195e-05
2.158627145326195e-05
1.5867913610383543e-05
1.201639274287445e-05
9.90107463695591e-06
9.73156567723508e-06
1.1774320671349594e-05
1.7231969606765925e-05
2.6871250668570405e-05
4.120036138006011e-05
5.947696849348919e-05
7.961493217419771e-05
9.850699749669583e-05
0.00011305079725698754
0.00012058908258332616
0.0001209710925630172
0.00011576522148959479
0.00010744186038157751
9.808561857364738e-05
8.86051488803797e-05
7.883693923047722e-05
6.829472246086507e-05
6.388489079248298e-05
5.6226550058557364e-05
5.091583644615274e-05
4.953862149397419e-05
5.4247513187587787e-05
6.686619146707694e-05
9.207209529748802e-05
0.0001284106305057548
0.00017696237824717484
0.00021619784238392038
0.00028297071828440224
0.00035421886325704127
0.0004614976735424315
0.0005871007262079191
0.0007738648995890319
0.001084840678148642
0.0016018911295448896
0.002405903621510374
0.0035366658647534247
0.004987142641214919
0.006567951124581408
0.00805793566049513
0.009202786970071533
0.009826812722717314
0.009901926764452408
0.009545878128739204
0.008948375900315905
0.008271163710678875
0.0075837588129601665
0.006868054607980611
0.00607804812151919
0.005196403541852604
0.0042682741574061826
0.0033790668497263796
0.0028512453094817437
0.002200409034980386
0.0017329816820325092
0.0014278293841465102
0.001240030688066657
0.0011196641916230736
0.0011046052294022821
0.001136921999704584
0.0012879915423158854
0.0016598246644914329
0.0023743991418071716
0.0035344136046620406
0.005182747763701198
0.007193116747643571
0.009292721423315466
0.011121866675288668
0.012342932926825327
0.012779736706310484
0.012484457440264834
0.011691940019464584
0.010686452956930248
0.009663562494495239
0.008669247191125213
0.007640490261327332
0.00650271881065013
0.00525085721021786
0.0043907708959725735
0.003155114806586405
0.0020916972383984464
0.0012740605201934949
0.0007114861081609385
0.0003640957108710715
0.00017101129369231815
7.442891345111344e-05
3.087685185352845e-05
1.3623381758080646e-05
8.414734360897432e-06
8.72525985190831e-06
1.1945621944817164e-05
1.7002003089326345e-05
2.3095997645592496e-05
2.9200847120507952e-05
3.786015917672885e-05
4.569113502692818e-05
5.611886963136296e-05
7.291488691176621e-05
0.00010162184317600717
0.00014487325045330535
0.00020353487220955068
0.00027186742116960377
0.0003384327361401245
0.0003885925699745288
0.0005089735164300916
0.0006731743806204252
0.0009773367327681373
0.0015664362822454944
0.002634218220101804
0.004293125686696064
0.006590484394609688
0.009456846837793914
0.012440131777921663
0.015075351174602047
0.016887265991873287
0.017631692982685798
0.017345757230999893
0.016372463818392503
0.015127070190088306
0.013909868511845329
0.012801283705348257
0.011704401357261302
0.010483227346322042
0.009091649663661322
0.007616796263378723
0.006230359987673513
0.005099553197477059
0.004318344725161351
0.0038893442884012715
0.0037687370162771744
0.0037687228924945635
0.0039055960072267586
0.004106128718338768
0.004320024788884732
0.00451630351328171
0.004677060222906914
0.0047922427710427005
0.004856406012619371
0.004867083967924093
0.004823990512024181
0.004728763028744536
0.004584708949365229
0.004396598572063269
0.00417040141151556
0.003912969801953467
0.0036316862049590587
0.003334106464962266
0.0030276374786868906
0.0027192775878625325
0.002415423890628282
0.002121775197099528
0.0018430401992159196
0.0015830664333812004
0.001344623798496687
0.0011294229005572132
0.0009992560846343083
0.0008239303574176005
0.0006718757127869388
0.0005418435044302538
0.00043216632976953774
0.0003409110760422647
0.00026600844509150383
0.00020535921466658362
0.00015691865593849946
0.00011876035165645322
8.912066922463243e-05
6.642563744739922e-05
4.9796766000416284e-05
3.7272455239724164e-05
2.8234686870607285e-05
2.1895193453602014e-05
1.762375040343917e-05
1.4926804837634883e-05
1.3425983417817531e-05
1.3025342098391737e-05
1.34923612996213e-05
1.4716380538257727e-05
3.1792210498300746e-05
4.308385536373925e-05
5.62885800269007e-05
7.339914518363373e-05
8.718608194187947e-05
0.00011166649837350318
0.00014095616817213805
0.0001849428346323205
0.00023614281156480622
0.000299995791926514
0.0003852630934355718
0.0005002683154898389
0.000653148404508972
0.000847404826531796
0.0010808682611666393
0.0013391646179189462
0.0016003692174839026
0.001841278336599053
0.002044957847110952
0.002207559498390542
0.0023380300422495485
0.002451978200987329
0.002562087263323826
0.0026713221962781676
0.0027725816631505415
0.0028539931667627733
0.0029058618024633354
0.002924979566642905
0.0029144993180038226
0.002880628800130503
0.0028478808608099954
0.0027859286839202464
0.00270915593028559
0.0026166776897295426
0.0025074500091316113
0.002381433686975588
0.0022400077345000767
0.002085801134800259
0.0019222609080225626
0.001753199915256327
0.001582435572910958
0.0014135376270722334
0.0012496653128293705
0.001093470033321153
0.000947046511691264
0.0008120485496564277
0.0006893817978133434
0.0005796580298912183
0.0004830347324588873
0.0003993126301811528
0.0003279577581680477
0.00026809828123351877
0.00021852638370942074
0.0001777541827459969
0.00014415881070600263
0.00012497837057201536
0.00010006506129370137
8.005571768562814e-05
6.380275270653927e-05
5.2301615414357644e-05
4.662846142655371e-05
4.801178548317843e-05
5.726432062064728e-05
7.40250921746381e-05
9.607284656327515e-05
0.00011917183428410036
0.00013784172912999822
0.00014699485631334514
0.00019436695712979175
0.00025731255964240375
0.0003886785170429228
0.0006487523645257871
0.0011006477536855159
0.0017889385975838512
0.0027065596008072
0.003791562614065801
0.004860536228685636
0.005725708578856964
0.006222597675271331
0.0063354004186339
0.006110789052704596
0.0058751010448282485
0.005569463125978921
0.0054992952696676575
0.005773056989645876
0.006375989337726221
0.007196178366915425
0.0080340166373712
0.008681021370005036
0.008957088403666089
0.008785996749548256
0.008216724256498737
0.007409581603470235
0.006569260930217041
0.005855144008932726
0.005321124366686335
0.004901993986330458
0.004484588543176377
0.003973972854520875
0.003346357215828725
0.0026525343540806825
0.0019821446604110014
0.0014174416835583698
0.001003393139379403
0.0007423188848205275
0.0006072232903146505
0.000560344755132582
0.0005606437522596658
0.0005883856554929473
0.0006346495792425777
0.0006857960102165893
0.000736722268734254
0.0007843193489353078
0.0008266197459936908
0.0008623010520557485
0.0008904220714969777
0.0009103429675187072
0.000923031131684593
0.0009263264089313229
0.0009214383614585181
0.0009089505255814941
0.0008897219686169536
0.0008648374245578383
0.000835534442103588
0.0008031173905538192
0.0007688719474869464
0.0007339913196718327
0.0006995194622800073
0.0006664095300022669
0.0006351599631608716
0.0006062366405667609
0.0005798438508879057
0.0005636551631583415
0.0005413551908738296
0.0005211560374335535
0.0005026371216624537
0.0004853522357753619
0.0004687216526967411
0.0004522433273843078
0.0004354801604399591
0.0004180649762619329
0.00039973455365393954
0.00038034020944735584
0.0003598690561468735
0.00033838632808372304
0.0003160855559372133
0.00029323629250527244
0.00027016627239001177
0.00024722817199533366
0.00022475994779367692
0.0002030457996072451
0.00018228999706628566
0.0001626153642170494
0.00014418594297931997
0.00012689762689477413
0.00011088927055587675
9.625439548084264e-05
8.308697805390167e-05
7.515532597853256e-05
6.4533404652156e-05
5.539176905748945e-05
4.761943181197317e-05
4.106875280426556e-05
3.5580822966343864e-05
3.101168933618205e-05
3.133578993587508e-05
2.9847487239809694e-05
2.9600643216875048e-05
3.059620691976211e-05
3.3082765963674573e-05
3.735763318136026e-05
4.3776951624189215e-05
5.4101060524431965e-05
6.69014034389221e-05
8.229491943365063e-05
0.00010038382361786727
0.00012058973256562298
0.00014223643131948684
0.00016481612847640673
0.00018819310578357308
0.0002126245456140264
0.00023881341482796518
0.00026678591826011146
0.00029679458862583776
0.0003177849939473812
0.00035026215350125625
0.00038312370852205274
0.00041713083381067094
0.0004501102403583587
0.0004828984693984079
0.0005161455260456024
0.0005507325168572526
0.000586968356183938
0.0006323259110460412
0.0006711920180402465
0.0007028815188457719
0.0007227232435917199
0.0007266281820585622
0.0007529005233870546
0.0007897439909285822
0.0008898063219166752
0.001110361996502046
0.0015216039538378148
0.00218496685299939
0.0031185144561680245
0.004262653828009507
0.00549488045457841
0.006572338885806016
0.007298437912325518
0.007521976404412373
0.00746426096817438
0.007049555052275545
0.006485121703291277
0.005970989117204773
0.005613523590863448
0.005395222228755938
0.0052107470682444725
0.004941028626602293
0.0045202277776776115
0.003962064127632243
0.0033408471227765997
0.0027479571315722276
0.0022520272396024748
0.0018807091505756352
0.0016249863297213586
0.001455567446669948
0.001339467772860579
0.0012501403229701108
0.0011705653927566973
0.001091956501517386
0.0010111762737278793
0.0009278418569196492
0.0008432242280637548
0.000759095418586789
0.000677420589860411
0.0006251501109595841
0.0005511236829497223
0.0004832133380634961
0.0004217925317923863
0.0003665929576932832
0.00031688464602313237
0.0002717858316383012
0.0002360107617245513
0.0002073828586652956
0.00019241286497658755
0.00019984303897885525
0.0002436617843164033
0.00033363938095181046
0.0004784335966657461
0.0006759463647411026
0.0009117991600516634
0.001154609623751985
0.0013684971671209943
0.0015240789704425769
0.0016080369289359268
0.0016230346750676454
0.001585681691864539
0.0015167512431126734
0.0014322669883423227
0.0013399508359320782
0.001240553661100508
0.0011756859557467106
0.0010699562841702656
0.0009644054930859383
0.0008701671588636455
0.0008018763829070416
0.0007743430897360407
0.0007955701481565859
0.0008617891468130722
0.0009571793385943965
0.001046595240046463
0.00109863972322305
0.001092374169413416
0.0010283889104538725
0.0009282452404801238
0.0008237475522066218
0.0007408557489724889
0.0006891441005660324
0.0006701551152891617
0.0006492910325214845
0.0006139215883907674
0.0005575398045378397
0.0004850569385843702
0.0004092452009354906
0.0003437000991000776
0.0002974557294951072
0.00027934584591031403
0.0002764604598099532
0.000287731933755485
0.00031496294716711125
0.0003559832619842718
0.0004095702779567801
0.00047490776107580074
0.0005510967434513508
0.0006373555219051876
0.000731501749647043
0.000832069554365684
0.0009370848212848956
0.001044371970921693
0.0011516504583968196
0.0012563602351971113
0.0013559986133412972
0.0014480789857303127
0.0015309350815888377
0.001602136504499754
0.0016606660796512063
0.0017193016942286387
0.0017566158888290236
0.0017850876477683065
0.0018012632477739953
0.0018069225537060709
0.001801179063210504
0.0017902677852031591
0.0017622485579966113
0.0017201398724216513
0.0016734324873463734
0.001652947633880664
0.0016519849399388546
0.0017173749537787212
0.0018992077218737552
0.0022514824301826586
0.0028170104018923952
0.0036014298891819383
0.004547311150056398
0.005539710253575712
0.0063987858890732375
0.006962258334517618
0.0071480838579182
0.006986694000804013
0.0066119535103501565
0.006200568426015926
0.005893486437392511
0.005739983787444181
0.0056908682531555815
0.005638833754900065
0.005479865764748559
0.005162345402621497
0.004702261777697435
0.004347371122420739
0.0038012776814899956
0.003297527236798356
0.0028736814468031378
0.0025354941303719907
0.0022677648608395743
0.0020482627086707626
0.0018567713790718719
0.001680463909075997
0.0015124621278255533
0.0013510009658442808
0.0011969164655748262
0.0010522829723617134
0.0009194126643714943
0.0008001918817011905
0.0006951849384551547
0.0006035837754595656
0.0005232075944919246
0.0004511149515610504
0.00038464710323723143
0.00032234998399215814
0.00028259282528231836
0.0002593954574111984
0.00027460205365897585
0.00035369522547013264
0.000525530439391592
0.0007041780181894997
0.0010756058437984344
0.0015537925773122842
0.0020811298108634273
0.002577725181145942
0.002928233614665815
0.0030654996459451183
0.002977617473692988
0.0027212544987762306
0.0023981095927031637
0.0021108418431708123
0.0019209593318186705
0.0018293148644430105
0.001786577789558034
0.001725067876342768
0.0015937209315809487
0.0013790535408104512
0.0011048386447309847
0.0008152389111880187
0.0005533318388059248
0.00034614305049226915
0.00020079206355230948
0.00010944811911342565
5.754096838945017e-05
3.0537233128523026e-05
2.0741271140654725e-05
1.2743590206497144e-05
8.844967284100343e-06
6.714441298332393e-06
5.330072648945867e-06
4.289618958025426e-06
3.4465999561362965e-06
2.747241820050287e-06
2.167303049044145e-06
1.6908230844269775e-06
1.3059546940221978e-06
9.967913044656112e-07
7.527032571584101e-07
5.627481797706459e-07
4.171624018411449e-07
3.0743650983181494e-07
2.263175527268093e-07
1.677526998302919e-07
1.2679084234470768e-07
9.945753388398067e-08
8.26165405194949e-08
7.382873607044246e-08
7.121648831172866e-08
1.422235553647525e-07
1.8472453469983234e-07
2.3440796702963035e-07
6.228480298467856e-07
8.428846327789803e-07
1.1332876157490694e-06
1.5113401380450168e-06
1.997017385790168e-06
2.612728091273401e-06
3.4229804260852115e-06
4.427007927385492e-06
5.661966734853098e-06
7.200682690223938e-06
9.117699770457518e-06
1.1496345206052094e-05
1.440802538143535e-05
2.9817598922207106e-05
3.8727340273106204e-05
5.185790250301302e-05
6.596023236504059e-05
8.289239649980435e-05
0.00010314054597959428
0.00012740562336069916
0.00015789442138912298
0.00019520208179932318
0.00024799959879122287
0.0003119365198817446
0.00039098321197865747
0.0004900282339311837
0.0005681043708539736
0.0007026925215948903
0.0008541965030375594
0.0010149439202456222
0.0011742006220932702
0.001322613097898868
0.0014554458493371018
0.0015738952272100245
0.0016839727124180136
0.0017929421683430425
0.0019052192542825732
0.0020197632282980046
0.0021301063176534275
0.0022267812524824184
0.002300800929406539
0.0023465199858246797
0.002362731160080395
0.0023518654430318086
0.002318095979281567
0.002265476206827768
0.0021969188712531833
0.0021142668843933056
0.0020185968747915475
0.0019111531110846834
0.0017936640037678918
0.0016683965897931158
0.0015818599057820907
0.0014495378103699546
0.0013164763591328077
0.0011848846304566476
0.0010565021220587702
0.0009326709197127142
0.0008145203512253256
0.0007031488074751536
0.0005996886738620785
0.0005107368312597615
0.0004345766516401662
0.0003772771721733514
0.00034504726942731267
0.0003442987490457804
0.000379502054314442
0.00044953973171907617
0.0005442853851635441
0.0006438322937219337
0.0007259075947142375
0.0007643300399074374
0.0007496744096533644
0.0006879262613602143
0.0005998721469982469
0.0005122803580093701
0.0004484316566860577
0.0004235839343355113
0.00041123404502152905
0.00041702449592908886
0.00042395190401026817
0.00041840662478675035
0.0003949378712982574
0.00035625416801629003
0.0003094951165229423
0.0002616466654181347
0.0002167624559358466
0.00017588316109210463
0.00013994499117844778
0.00012731086892369488
0.00013042807615151538
0.00018301559454654665
0.0003123977177458201
0.000565514510495916
0.000984821037267633
0.0015944007689986201
0.002372467719241131
0.003233826437390017
0.00404308647285231
0.00463240495066622
0.004878378047574517
0.004752452715341167
0.004335280680206827
0.003972646748062026
0.003436404413634088
0.003036845439902476
0.002838135518834685
0.0028080133763709997
0.002846182621274563
0.002836481108107565
0.0026974436965323595
0.002409723501900036
0.0020123892165135747
0.0015759771141404606
0.0011696546553845281
0.0008384593271194978
0.000597162486533921
0.0004372904467603372
0.00034953512767493816
0.00030858352448123185
0.0003091008602601744
0.00035313639979734707
0.0004494892611222632
0.00060770063504421
0.0008286496247529599
0.0010952668648002927
0.001368566407021729
0.0015982781186284973
0.001729609704067305
0.0017462293988469442
0.0016660216794011243
0.0014910145483143483
0.001279379866512927
0.0010922426692567219
0.0009705020522098134
0.0009218547060986157
0.0009226222798961181
0.0009319519254165706
0.0009109655988620018
0.000838191533934805
0.0007153175211835925
0.0005621576335828123
0.0004056940536920843
0.0002687433566885938
0.00016366161533195778
9.207863741146235e-05
4.836033575163965e-05
2.4364904386249682e-05
1.262580851452128e-05
7.804160953402995e-06
6.702822124355129e-06
7.654177720922947e-06
9.736519457495676e-06
1.2345885137084394e-05
1.4096975552568688e-05
1.633596924009887e-05
1.772826104111696e-05
1.80718858286158e-05
1.7455724586411028e-05
1.618587616581959e-05
1.4659301075981252e-05
1.3141464308835036e-05
1.180355180714922e-05
1.070512244946916e-05
9.875135078447933e-06
9.352495700560942e-06
1.0886809467648864e-05
1.3563503421125977e-05
1.88992962867006e-05
2.835465158790919e-05
4.343479572819975e-05
6.499847337966067e-05
9.252179481251724e-05
0.00012322349191614364
0.0001520790537995219
0.00017368343789548506
0.000182465079800301
0.0001770576793605968
0.00016000093591958783
0.0001371831833624549
0.00012224903037226232
0.00010462870204284503
9.540143065368638e-05
9.407358959774089e-05
9.709595302126812e-05
0.00010007487070606625
9.83533179708347e-05
9.045471343707332e-05
7.716041177806155e-05
6.1033302642182985e-05
4.511696122663242e-05
3.178271819395195e-05
2.236944337528262e-05
1.6781742643354907e-05
1.4760024879977921e-05
1.5549632287595114e-05
1.8892607285512924e-05
2.4730634124344694e-05
3.305738579621147e-05
4.358724731614662e-05
5.5470054658297476e-05
6.723198958728387e-05
7.704428112551454e-05
8.32588441501518e-05
8.689666230127936e-05
8.719798297815078e-05
8.724981575269177e-05
9.006974671304293e-05
0.00010035605370848166
0.00012243634475702693
0.00015867267546007272
0.00020769435765795297
0.0002633000818044517
0.0003150162654314731
0.00035079068503199605
0.0003611060353425474
0.0003426618221516016
0.00029966895438167363
