Y :28.999999999999996% Calcite, Diffracto n :540
N :Gibbsite
Y :20.0% Dolomite, Diffracto n :527
Y :51.0% Hematite, Diffracto n :37
0.0
0.0
0.0
0.0
0.0
0.0
0.0
0.0
0.0
0.0
0.0
0.0
0.0
0.0
0.0
0.0
0.0
0.0
0.0
0.0
0.0
0.0
0.0
0.0
0.0
0.0
0.0
0.0
0.0
0.0
0.0
0.0
0.0
0.0
0.0
0.0
0.0
0.0
0.0
0.0
0.0
0.0
0.0
0.0
0.0
1.1842602688014044e-35
3.868633744898418e-35
1.0876170571619463e-34
2.6314937458025755e-34
5.479445505846682e-34
9.819261362385576e-34
1.5143594274670507e-33
2.0099583076087926e-33
2.295900540220809e-33
2.256976459251997e-33
1.9094527945284056e-33
1.390268749992716e-33
8.711572062754698e-34
4.69788351181058e-34
2.1802981789337947e-34
8.708382132519878e-35
2.993415491596213e-35
8.855324157138162e-36
2.254498044990417e-36
4.716353387849244e-35
2.650944569979488e-33
1.0834179025501216e-32
3.161712934792674e-32
7.951487286036294e-32
1.7233458498072762e-31
3.218815580098139e-31
5.1811051875929615e-31
7.187134828938405e-31
8.59214680688411e-31
8.85250766582603e-31
7.86061218299716e-31
6.015598082970437e-31
3.967715942748074e-31
2.2555285771832464e-31
1.1051171100246337e-31
4.666873197429962e-32
1.6986584865698923e-32
5.329078512342807e-33
1.4410084947356361e-33
3.3585392142751904e-34
6.746886877716846e-35
1.1682175403096289e-35
1.7434436981374028e-36
2.2425962622858855e-37
2.4862609473612254e-38
2.3756732801154113e-39
4.571701130897272e-40
3.409598323391056e-41
2.1915147410545427e-42
1.2139147965600139e-43
5.794558096376444e-45
2.3835560886110046e-46
8.448645386529729e-48
2.580407930771968e-49
6.790652601657472e-51
1.5397077002644253e-52
3.0078076152282285e-54
5.062067796451558e-56
7.339271973092139e-58
9.166553948197088e-60
9.86207643554586e-62
9.139470057677423e-64
7.295340253401151e-66
5.015610730463547e-68
2.969874384669492e-70
1.5144624004910185e-72
5.832610566951815e-75
0.0
0.0
0.0
0.0
0.0
0.0
0.0
0.0
0.0
0.0
0.0
0.0
0.0
0.0
0.0
0.0
0.0
0.0
0.0
0.0
0.0
0.0
0.0
0.0
0.0
0.0
0.0
0.0
0.0
0.0
0.0
0.0
0.0
0.0
0.0
0.0
0.0
0.0
0.0
0.0
0.0
0.0
0.0
0.0
0.0
8.969308681869285e-36
1.2708974584542577e-35
1.7767184557918412e-35
2.4506612174741606e-35
3.335066547789817e-35
4.477981472812756e-35
5.93221171882402e-35
7.75367430578142e-35
9.998964542898424e-35
1.2722107592477663e-34
1.6282176765834769e-34
1.8866519227643727e-34
2.32881617400326e-34
2.8391697687003842e-34
3.419055026678793e-34
4.067424097863648e-34
4.780383943438375e-34
5.550800121803865e-34
6.367995472979044e-34
7.217585240320024e-34
8.081495032052309e-34
8.938210119530674e-34
9.763300829758513e-34
1.0530255956439712e-33
1.1211631817156805e-33
1.1780488585315633e-33
1.221204071202276e-33
1.2485400954529346e-33
1.2585256832432613e-33
1.2503294360037231e-33
1.2239185340088251e-33
1.1800986028490615e-33
1.120485534936864e-33
1.0944696712320462e-33
2.8588903091615777e-33
4.5753418156561976e-33
5.965587094821906e-33
7.161487992745354e-33
9.453552430751201e-33
1.2471654602328395e-32
1.637458282052212e-32
2.1333237386016392e-32
2.752442418575567e-32
3.5140373601658013e-32
4.4730192546222956e-32
5.622405117061236e-32
6.947465389917591e-32
8.482254375523807e-32
1.023221354301857e-31
1.2195896662532779e-31
1.4363638160207558e-31
1.671637867914413e-31
1.922473624001687e-31
2.184842312107791e-31
2.4536123218545687e-31
2.7225958164103483e-31
2.984667503702203e-31
3.2319673598313814e-31
3.4561946071162522e-31
3.6489920916435903e-31
3.8024084981251836e-31
3.9094117646752833e-31
3.952127723418791e-31
3.9702891939450235e-31
3.9316066032435173e-31
3.836402544464632e-31
3.68758564862385e-31
3.490544846413713e-31
3.25283111356031e-31
2.9836520844396166e-31
2.6932303221389352e-31
2.392094276407963e-31
2.090378667979729e-31
1.797206959214542e-31
1.5202138291616633e-31
1.265243318372809e-31
1.0362329177317093e-31
8.356781091551646e-32
6.640871905792828e-32
5.214182642260694e-32
4.0692683828995643e-32
3.192225677435057e-32
2.5559502446926295e-32
2.111459168646734e-32
1.7882151863155268e-32
1.5116905245889434e-32
1.2312892235298175e-32
9.380709777802262e-33
7.472838178053127e-33
4.939748569806761e-33
3.012742707008648e-33
1.730994750682023e-33
9.680820956017092e-34
5.4598606174813644e-34
3.1764524423084315e-34
1.9085394267177468e-34
1.168771885233338e-34
7.189153467064152e-35
4.399278822825883e-35
2.6656851142172885e-35
1.596409964283604e-35
9.442606927543854e-36
5.514862270579042e-36
3.179875064849465e-36
1.809972403854328e-36
1.0169079194946919e-36
5.6390484162902785e-37
3.0861442856914487e-37
1.6668215468518424e-37
8.883924609924708e-38
4.672481121423535e-38
2.424958892720396e-38
1.2418387470335485e-38
6.275121034712728e-39
3.9515354808064854e-39
1.952705306565757e-39
1.9852069524630195e-34
4.828526352689208e-33
1.7701139697146707e-32
5.865983366326393e-32
1.5033052182086229e-31
3.3367533790322314e-31
6.412780226578362e-31
1.0669396508736853e-30
1.536642138786639e-30
1.9157800559555532e-30
2.067673296621898e-30
1.932048350009681e-30
1.5631272650759635e-30
1.095083494793762e-30
6.643571420400074e-31
3.49032046594161e-31
1.5879064284505572e-31
6.255230335506005e-32
2.1333345952280633e-32
6.297771036535561e-33
1.6088689474314376e-33
3.5557901332418025e-34
6.796651284346987e-35
2.080159742629502e-35
3.119102789443388e-36
4.0411179874320216e-37
4.5222890227692076e-38
4.3696842294367324e-39
3.644459226851137e-40
2.6228406244844274e-41
1.628321817084693e-42
8.718100535222027e-44
4.024489478017965e-45
1.6014420455201814e-46
5.492091833943898e-48
1.6230092204764e-49
4.133158870479391e-51
9.095256092315731e-53
1.8086696711467987e-54
5.592887863726824e-56
8.430175897629903e-57
2.2762654757298683e-57
6.3328312249095515e-58
1.741714932978766e-58
2.0809519075071643e-35
2.950147291020462e-35
4.1265006444511844e-35
5.694776668371003e-35
7.754040030689995e-35
9.454732486809558e-35
1.2588138819725402e-34
1.6535996195712098e-34
2.1431657773795476e-34
2.740549998054791e-34
3.457611989651706e-34
4.303990888442104e-34
4.411966583384231e-09
6.932842231615092e-09
1.065265800835169e-08
1.6005609498826106e-08
2.3515488970784377e-08
3.3783401546785566e-08
4.7459187779245084e-08
6.519357429070536e-08
8.757030206448693e-08
1.150208222608255e-07
1.4772828389687187e-07
1.855318189283254e-07
2.2784563691932254e-07
2.7360913648209e-07
3.21283216463635e-07
3.689037306895599e-07
4.1419573261912186e-07
4.547427226663192e-07
4.881951492730352e-07
5.055200122882261e-07
5.228117379386419e-07
5.287128563440841e-07
5.228317787737975e-07
5.055587690210024e-07
4.780230990331505e-07
4.419709075650796e-07
3.9958212105934943e-07
3.5325309637933965e-07
3.0537499392295944e-07
2.5813597266324756e-07
2.1336891730746362e-07
1.7245720433592595e-07
1.3630101638044178e-07
1.0533784073924544e-07
7.960444042648152e-08
5.882443176167467e-08
4.250556095885699e-08
3.0033180635693766e-08
2.075030425281646e-08
1.4018939916914539e-08
9.261331818689614e-09
5.982728288222957e-09
3.7791373718443786e-09
2.334283729847449e-09
1.4098800712377072e-09
9.9493402330422e-10
5.788980487973518e-10
3.293650051239246e-10
1.832400435474896e-10
9.968524569214128e-11
2.3324877578741904e-08
3.656121126834753e-08
9.80918671604993e-07
1.8494917440134898e-06
3.0124329182692133e-06
4.546044600171997e-06
6.7100910957071665e-06
9.687254679046963e-06
1.3678860579744023e-05
1.8891891773476562e-05
2.551977110475605e-05
3.3717349926022284e-05
4.3571750186298024e-05
5.507203382352654e-05
6.808186291172368e-05
8.232005575250191e-05
9.735393964566283e-05
0.0001126094477175956
0.00012739997743310138
0.000140973320007349
0.00014897049777145598
0.00015886294906655092
0.0001656981579816077
0.0001690383922362234
0.0001686652277284994
0.00016460317994648337
0.00015711703830840955
0.00014668330641231573
0.00013394002971827491
0.00011962235139445284
0.000104492825650004
8.927559503295421e-05
7.460211123084709e-05
6.097355304419226e-05
4.874205491655884e-05
3.810991931782158e-05
2.9143653202560423e-05
2.1798248879059658e-05
1.594669734856355e-05
1.1410148096538082e-05
7.985149142805247e-06
5.465700381785696e-06
3.6591435132279544e-06
2.395982663312314e-06
1.5344694796878662e-06
9.611760001942028e-07
6.950498024326436e-07
4.1957542176262226e-07
2.477270181221926e-07
1.4305582900689106e-07
8.079903808074086e-08
4.463492856147094e-08
2.4116321419082884e-08
1.274425241965444e-08
6.586948005185043e-09
3.3298152184887784e-09
1.646347432214876e-09
7.961368157179767e-10
3.765461035104892e-10
1.7418557548978973e-10
7.880778390199856e-11
3.48729134112144e-11
1.509276469274232e-11
6.388664221722044e-12
2.6449120184163078e-12
1.0709556620225979e-12
4.241212290520428e-13
1.6427290291610234e-13
6.222979525192545e-14
2.3056130953862745e-14
8.354667751151623e-15
2.960913294963241e-15
1.46463877672781e-15
5.002047516101185e-16
1.6707683921211245e-16
5.4580163939943684e-17
1.7438235898720242e-17
5.44901940300718e-18
1.665256766971496e-18
4.977256797765875e-19
1.454935729854198e-19
4.15950270725146e-20
1.1630054973612443e-20
3.18026847193654e-21
8.505235814554092e-22
2.2245818417713973e-22
5.690478141403949e-23
1.4235946919615526e-23
3.4830529247146775e-24
8.334293349182354e-25
1.9503446761642051e-25
4.463614870676331e-26
9.990649128037084e-27
2.186911616667391e-27
4.681641964113622e-28
9.801523790772694e-29
2.0068591665902747e-29
6.885884734412024e-30
1.3585437039574438e-30
2.6218199409625554e-31
4.954247020959789e-32
9.22432704104912e-33
1.7593291947261277e-33
4.200427098573748e-34
3.998844780477339e-34
7.748599093236158e-34
6.878082006696331e-33
2.078263343244801e-32
5.480058974830602e-32
1.2532639342826719e-31
2.5109184117061007e-31
4.39582338999198e-31
6.7156507806871785e-31
8.948355214059837e-31
1.0398598504719513e-30
1.0541303952334939e-30
9.325276966433112e-31
7.201761772616214e-31
4.857105021507378e-31
3.12872667464705e-07
4.859879479483161e-07
7.381607322052958e-07
1.0963366741367302e-06
1.4095020207211562e-06
2.016684596048975e-06
2.821485508047518e-06
3.859981573915035e-06
5.163690500242004e-06
6.754648292285868e-06
8.639982090669926e-06
1.0806635630256826e-05
1.321708671804413e-05
1.580696657833332e-05
1.8485401818764307e-05
2.113862917758817e-05
2.363699753266838e-05
2.5844930233066116e-05
2.7632869315262135e-05
2.8889775483260246e-05
2.953451986520263e-05
2.9524545989149177e-05
2.8860516933037535e-05
2.7586242396738284e-05
2.5783896842895047e-05
2.356525407754878e-05
2.1060237425747372e-05
1.8404412727852253e-05
1.5727084841463882e-05
1.3141412871320835e-05
1.1514127609536052e-05
9.268386653894024e-06
7.2953278316356365e-06
5.615042487428352e-06
4.225993703185226e-06
3.11008464514911e-06
2.2381188101834572e-06
1.5749313576223571e-06
2.356712154773769e-06
2.5269836909842837e-06
2.9847969905727083e-06
3.7524984605381924e-06
4.865369854262198e-06
6.370725322389083e-06
8.325876897970609e-06
1.0795006752752033e-05
1.3844984359938025e-05
1.754019625191674e-05
2.1936521227264306e-05
2.7074681565230498e-05
3.297331978990125e-05
3.9622273048184785e-05
4.697662144776671e-05
5.4952149965044714e-05
6.34228654197061e-05
6.926397104159836e-05
7.816826077601663e-05
8.703826877434003e-05
9.585587592746296e-05
0.0001040146341080427
0.00011140981210279392
0.00011780840924316812
0.00012301119003824593
0.0001268660872238847
0.00012927847611592734
0.0001302171049800687
0.0001297148602539484
0.00012898853264930307
0.0001265837969729051
0.0001234669462282661
0.00017081434553283057
0.00019630827637980253
0.00026514059599188
0.00034071326440401027
0.0004498311056358562
0.0006024221638025981
0.0008094392906467107
0.0010821963923304259
0.0014313729334562565
0.0018657028079123565
0.0023904268943132348
0.0027907767983341354
0.003463189960209298
0.004210994397371083
0.005014461522366607
0.005845828962257985
0.006670378369887775
0.007448521550875313
0.008138772069759279
0.00870131790357293
0.009101778371159074
0.009314656110820144
0.009326003052599023
0.009134912929556739
0.008753618325058696
0.00820617783172493
0.007525949182309901
0.006752217174224922
0.005926449452215562
0.005088672875963004
0.004274400734588634
0.003512415385640668
0.002823551668887559
0.0022204664366384467
0.0017082471074752585
0.0012856258178274846
0.0009465319250365834
0.0007623954216013509
0.0005411206573801156
0.0003757187282180684
0.00026842779212897055
0.00020164722536421015
0.0001873505285202472
0.0004756559445549898
0.0007132507471777738
0.0011988568170275312
0.0017059563161859084
0.002260102320236585
0.0027895621285238255
0.003263217292311813
0.0037226362545435673
0.004267720459375049
0.005007796417412059
0.006017415105987522
0.007323745867908431
0.008920682718028617
0.01078837007333247
0.01290365729861055
0.015240605838455332
0.017766675161872535
0.02043922475110271
0.023203993816556377
0.025996982383654912
0.027836692656947392
0.030504187379286105
0.03303818430484936
0.03528229691864872
0.037221554374915256
0.0387530676045901
0.03984679118294877
0.040474126422386104
0.04062704850120649
0.040318657672711235
0.0395820487102488
0.03846753246058539
0.037038426906068574
0.03536580931502682
0.03352276116077026
0.03157871984513215
0.029594557499480503
0.027618928518489405
0.025686268353647894
0.023816605298937612
0.02201709639219083
0.02028495829692773
0.018611275276531745
0.016985062777015357
0.01539696521648186
0.014356742186758933
0.012824205574539324
0.011330275085182773
0.00988611021706621
0.008507068382147041
0.007210478756647071
0.006013223191170524
0.004929537617652061
0.0039693505074300615
0.003137338203181797
0.002432732081670529
0.0018497876573573154
0.0013787400588715004
0.001007031514644377
0.0007206014898783867
0.0005050680134143243
0.0003466848567362941
0.00023301911970026348
0.00015334610324309656
9.879635143368598e-05
6.231129300853536e-05
3.8470534105965885e-05
2.324928319048823e-05
1.3753112734815513e-05
7.963395757570695e-06
4.513388911677922e-06
3.0545429880844587e-06
1.6706331311775533e-06
8.944486426286484e-07
4.688066607271286e-07
3.7378643426286914e-05
0.00011894181930447887
0.00032723027883955
0.001983448766947608
0.005543861127512073
0.014539969934620589
0.03329196386632664
0.06777386302968719
0.12188261629906925
0.19286315676195598
0.2680487612658901
0.3271846328530703
0.3510802007919103
0.331640544410903
0.27614217119395484
0.20281164247552347
0.13135409253399047
0.07492945029335839
0.03756828660483144
0.016512399236622007
0.0063442408443874325
0.0021247822204736814
0.0009482464485991041
0.0002512347921463475
5.767644828563396e-05
1.1454977831793198e-05
1.9657485334133684e-06
2.9119392710716106e-07
3.720821201294465e-08
4.098801458700997e-09
3.890956030706413e-10
3.182019750168992e-11
2.241284397097824e-12
1.3594557149971139e-13
7.099915724679068e-15
3.1924468886071725e-16
1.23585517785699e-17
4.120738784659266e-19
1.1902246904782382e-20
3.2055452172615e-22
1.5379627552606603e-23
2.9939564832772867e-24
8.93772660001609e-25
2.725962097115462e-25
8.219202975720637e-26
2.4456286770425023e-26
1.2193196791807669e-05
1.5448089502897574e-05
2.178417092815896e-05
3.0308459086161395e-05
4.160478094996361e-05
5.634808804599033e-05
7.529596284459277e-05
9.92706258193859e-05
0.00012912977379110537
0.0001657252117578222
0.00020984920918184648
0.00026216979417531034
0.00032315771692149875
0.00039300943011945523
0.0004715719593830018
0.0005582767440996809
0.000652090183977434
0.0007514885197630721
0.0008544636656821072
0.0009585646553454722
0.0010609765492858453
0.0011586352043426332
0.0012593451525678462
0.001344307555617299
0.0014183405683444704
0.0014800578920396207
0.0015288565843931932
0.0015543089442148065
0.001582616034353506
0.0016006443505793674
0.0016107639268870546
0.0016157641671836612
0.0016185203957009805
0.0016216154542234179
0.001626962134106283
0.0016354794873709062
0.001646875715584205
0.001659580909704935
0.0016708545535017302
0.0016770675096299949
0.0016741301258823883
0.00165801228731995
0.0016252830075120482
0.0015735907039369202
0.001502012621966647
0.001411222076907391
0.0013034515814226973
0.0011822627933928272
0.001052164123477501
0.000918138142291488
0.0007851500533421643
0.0006577046566307713
0.0005395043818334045
0.00046721344198209265
0.00036986301437537286
0.0002865438802167589
0.00021722143646400226
0.0001611109704270579
0.00011690100989938295
8.297554720178522e-05
5.760965042719281e-05
3.912311559047005e-05
2.598656285668362e-05
1.6882204861462865e-05
1.0726674651260354e-05
6.665764187313046e-06
4.05115850365789e-06
2.4079674922001898e-06
1.39979269154828e-06
7.958296784436636e-07
4.4251038916861783e-07
2.406465056006633e-07
4.6096638795054175e-07
5.357910703039336e-07
6.862238230797088e-07
9.1170352102138e-07
1.2192877101400137e-06
1.6210777505011693e-06
2.132385965055272e-06
2.542491111865113e-06
3.2744592742511605e-06
4.161544021057247e-06
5.218593577545177e-06
6.4568191781393035e-06
7.88213119229588e-06
9.493500926987667e-06
1.1281480209271435e-05
1.3227033940966607e-05
1.5300846423241347e-05
1.746324797137507e-05
2.0244861128212304e-05
2.2754023981764626e-05
2.5332957904916646e-05
2.7968202448321122e-05
0.00010136587457078952
0.00013346644280013892
0.00017594088053081406
0.0002316269270347124
0.0033498312379666704
0.004695097822497694
0.007838683434791048
0.01078507119315488
0.014650589935864086
0.019646990387752753
0.02372109754779574
0.031130984967890848
0.040326972355829625
0.05156205692653832
0.06507097844676164
0.08105129588809175
0.09964209275878308
0.12090155683650179
0.14478510944080486
0.1711261001054205
0.19962126945374228
0.22982315835337527
0.26114136497741036
0.2929020637864306
0.3242059193736976
0.35417895446641706
0.3818835891463955
0.4082350730059639
0.430088491872335
0.4475057131667317
0.46165390612302054
0.4704852599000043
0.47505896723750074
0.47589655622969607
0.47376077681487994
0.46964484448115884
0.46635497029893563
0.46146043672868137
0.4575603704706908
0.4554657671438772
0.455563342132865
0.4577579902819838
0.46155410557900944
0.4662099974192314
0.4708458377103071
0.47445395938853246
0.47588076227503145
0.4738854567568244
0.4673032944067412
0.45524869036406657
0.4372738906615265
0.41344048596712635
0.38430613722466306
0.35084789685842216
0.3143449001099903
0.27623618781777404
0.23798038685007522
0.20092412393263376
0.16620031639040822
0.13466228990847234
0.10685660770360259
0.08303135593284063
0.06936143654242821
0.052033537671773385
0.03821695589926041
0.02748127527962531
0.019348675998355325
0.01334022848682562
0.009009481287983654
0.005963377748703445
0.003872109834285916
0.002470381513289576
0.0015527955548377036
0.0009658626828458058
0.000598649859054161
0.0003735036089266208
0.00023772898594162745
0.00015664839988424893
0.00010813571929480844
8.001041120632617e-05
6.173235567361107e-05
4.9687102275039106e-05
4.133214245856868e-05
9.287137940566083e-05
0.00011265241670803527
0.00014240924264002396
0.00021785365744384093
0.00026265188926643564
0.0003480179357064346
0.0004592294984395329
0.0006012171669696512
0.0007791780819281889
0.0009983498965046324
0.001263711306058124
0.0015816480509825645
0.0019522246038137145
0.0023787086775091675
0.002860980819153578
0.003398696589698094
0.003983547378955959
0.00460886205976709
0.005263690752186597
0.0059343001743955215
0.006731802299546518
0.0074543213871078725
0.008208018536128087
0.008951330197430432
0.009678354475380815
0.010403532452326739
0.011134533940551802
0.01188292527645215
0.012662676650242939
0.01348784661968826
0.014068928137628996
0.014991697697882818
0.015974298239387286
0.017004553907875936
0.018057272018492932
0.019093935873777352
0.020064219462624634
0.02090938948622457
0.02156735620229073
0.02197883424339257
0.022093838313580208
0.021877619845462108
0.0213164457920359
0.020415663361675128
0.019205440877374854
0.017734769676502296
0.01606764914047539
0.014277058269471135
0.012438350275533087
0.01062293462888235
0.008892990721970721
0.007297730491853475
0.00587144650289587
0.004633303635543639
0.0035886045924705522
0.00273111253467528
0.0023722644297553496
0.0020446512422226397
0.002244995858187062
0.003295872204269087
0.008527893203017499
0.019811926884021676
0.04413207498753454
0.09533612247347341
0.1875947907965446
0.33308207734635337
0.5264080149597749
0.73614285945434
0.9106687067991142
1.0
0.9797825208169957
0.8608172188780597
0.680151871533148
0.4831115449274518
0.30733426105812883
0.17404342227166028
0.08713089306392902
0.03830922608252309
0.014712164841391982
0.004914952714622333
0.0014447607262154192
0.0006171112066295806
0.00024014963919408196
0.000281308010391966
0.0006144561155339251
0.0010840764885515723
0.0016671962040990698
0.002308003199616129
0.002783774179468665
0.0030387847296935583
0.003108945493589828
0.003143038743895468
0.003321415662098117
0.0037714450328993204
0.004535401202572175
0.005591278046411287
0.0068880409354316425
0.008370182137694889
0.009981871024413568
0.011662756674650512
0.013343275097368275
0.014943774045181473
0.0163785201388912
0.017563944334323907
0.01842865647049273
0.018921657399381307
0.019016379812920467
0.018856352767578154
0.018294525080225606
0.01737950449791201
0.01616547226583032
0.014721276566073131
0.013124554683658111
0.011454887293146098
0.009787157994710962
0.008186122489527409
0.00670275730578248
0.00537484068388146
0.004218829511974028
0.0032425847334252187
0.002441018015855472
0.0018006843578316164
0.0013028332663400275
0.0009261646998200046
0.000649069649265994
0.0004611896556866615
0.00032881404132167105
0.00024408341343723204
0.00019517782834687527
0.00045623769100698716
0.0006214684588811649
0.0008179377487346893
0.0012126147042663868
0.001524726274016364
0.0020389979888636705
0.002702516821575475
0.003544681425183696
0.004597360780837363
0.005893576557207934
0.007465763998248852
0.009343607948544724
0.011551500904822118
0.014105728002627884
0.017011544122305752
0.02026036373738909
0.023827326606364687
0.027669523709752238
0.031725160875735244
0.035913897698003495
0.04014097305029799
0.044291863546518345
0.0482479019037206
0.05188509175582003
0.05508198197852295
0.05772636171181965
0.05972179923308694
0.060993493189115296
0.061492939305847864
0.061201004526753325
0.06057697362442464
0.059009604125012625
0.056747917760312426
0.05387664707176963
0.05049983170054865
0.04699543967054813
0.04310976907256769
0.03914863575225552
0.035381017908408724
0.03175260701716021
0.028473851700310866
0.025659595640418014
0.023406256732637513
0.021787861827996472
0.020852078010124925
0.020616362555830825
0.02106457569898823
0.022144613749744732
0.023767762794812283
0.025810486763085713
0.028119209377785108
0.030518322314047143
0.0328211879641097
0.03484338029505297
0.03641692391673258
0.03714701804002782
0.03768659866714482
0.03750617219322761
0.036593360370825286
0.034986963537899665
0.03277138992723018
0.030066842586105747
0.02701661542903015
0.023773176986504514
0.020484764302679544
0.017283982116423756
0.014279467766180009
0.011551137596340164
0.009148982841672633
0.007094924887849146
0.005386933307830078
0.004084554980210964
0.003163770423108485
0.0027448132100667687
0.002989677486491459
0.004048110204523792
0.009589830855622816
0.019430521478510814
0.03976330631789037
0.07969871640496874
0.14626155652751302
0.20704831555671388
0.316386119143542
0.42806236623816873
0.5135203355659413
0.5497197803543966
0.5297103217170657
0.46312937629530193
0.368884093914899
0.26720614239059115
0.17480943652288425
0.10230295233130707
0.05311815942706692
0.024449766927354486
0.010345958487990128
0.004935667802293791
0.004248500374712132
0.0061158906279814565
0.009466757591455367
0.013390964369966337
0.016834630610505136
0.01882913071671573
0.01888498111122898
0.017141427332617983
0.014175152606979104
0.010694911662757768
0.007329937933712259
0.005380999507091791
0.0030888300665460884
0.0015863920770478577
0.0007408103319326074
0.0003370287713107133
0.00017813992207647047
0.00013247570172443183
0.00013094395117571513
0.00015843709791269823
0.00018143249150064946
0.00020696029340523854
0.00023423252431196414
0.0002631010353303532
0.0008420008736870065
0.0011003507818365193
0.0014394308448669175
0.002132496190505782
0.002806744057434606
0.0036739640567237434
0.004775157204573158
0.006154393548959848
0.007857161918509138
0.009928094183622138
0.01240808959178271
0.015330917631276942
0.017537349710582475
0.021242990720549585
0.02541722392715413
0.030036092612075797
0.03505148338007103
0.040390226710643
0.04595398426512215
0.05162084721066113
0.05724877238031119
0.06268082672094615
0.067752036054935
0.0722974605084604
0.07616096700415624
0.0792040592577903
0.0813140743357387
0.08241107220301525
0.08245283271635352
0.08144850690355808
0.07942102263854897
0.07645477721358528
0.07266075230318285
0.06817662259337388
0.06350972394597988
0.058385796430514655
0.05313024156021769
0.047979778486575954
0.044925265480898896
0.04049950854275152
0.03672085893114709
0.03375530563345781
0.031743752607544536
0.030795032963442517
0.03097817007307065
0.03231424633902797
0.03476869118033644
0.03824521498332394
0.0425828804851445
0.04755781108972963
0.052890718285991546
0.05826078202672582
0.06332551011165793
0.06774518009375707
0.07120952433288304
0.07346365916953124
0.07433004787756663
0.07372360766283373
0.07165789961233482
0.06824154511109912
0.06366537869354881
0.05818212613886836
0.05208135856488276
0.04566295892049711
0.04134973684798239
0.03501946763107092
0.029047382151207283
0.023597004713092576
0.018773743711730205
0.014627839858606603
0.01116206259147256
0.008341528899828792
0.006105674738059021
0.004378899261832242
0.0030798449401733038
0.00212813074201087
0.0014486449903697227
0.0009742700795361202
0.000648069342974802
0.00042508997430007147
0.0002728525554859832
0.00016968325507532773
0.00010141159501788773
5.8084288328605954e-05
3.200036422592736e-05
1.710426804228766e-05
8.956600349854892e-06
4.6267875887893066e-06
2.3629934521526023e-06
1.191232123536378e-06
7.479842087020973e-07
3.665500366474576e-07
1.7607526127156044e-07
8.281504493145743e-08
3.8119674034546366e-08
1.7168399676098906e-08
7.565089798883548e-09
3.261236364444233e-09
1.3753713251479141e-09
6.802158474735743e-07
9.673364307321673e-07
1.357846270615578e-06
1.8807595660803867e-06
2.57032203102618e-06
3.465792647688069e-06
4.610790062286518e-06
6.052084823665257e-06
7.8377483363534e-06
1.0014613861649856e-05
3.0015395219462805e-05
6.98035207243667e-05
0.0001641143867232843
0.00035707162196927267
0.0006896663340031137
0.0014887731623461785
0.0023203570632734307
0.004456884955273746
0.008735942422732942
0.016977204231168237
0.03092206689523906
0.05082894638339977
0.07420384777391249
0.09611828696863219
0.11044678589249698
0.11410916698436241
0.10763760948466355
0.09405035489557861
0.07645853168751708
0.057966218748166064
0.0411154135020109
0.02781400592058608
0.019095445361285313
0.014788101221050787
0.013901924602697638
0.015267354384838344
0.017983116927254544
0.021519655868315144
0.025612554230671773
0.030125796417825753
0.034958844291694914
0.04000472878489502
0.04342528017742342
0.048535015018082536
0.053479762178343486
0.0580952124637811
0.06221809146712012
0.06569636319670015
0.0683986577659243
0.07022591622286974
0.07110829910209879
0.07102177634207299
0.06998396941155643
0.06804491874239624
0.06529338217820804
0.06184477618931423
0.05784020493457112
0.0534157160295453
0.0487254497868975
0.04391077155088737
0.039105218988396556
0.03442534201506478
0.030158463059269162
0.02614102510584732
0.022514639012561087
0.019354355434021784
0.016820744210644587
0.01476835137183407
0.013721814989103949
0.012647656602712035
0.012176892372741046
0.012310206272454572
0.013036194560576647
0.014328060780014789
0.016139892927542265
0.01840340045125616
0.021025330453144628
0.023887943406752325
0.02685135955540551
0.029759413380426415
0.032448391538150524
0.03475807680723983
0.03654397449074908
0.03769105422938168
0.03811775447492643
0.037791102713906434
0.03672452838494994
0.03497709256988766
0.032647203163509865
0.029862778891814754
0.026769161067708012
0.023516305226025883
0.020246766961836367
0.01812058412976075
0.015089623431694859
0.012319696250382171
0.009864276535505999
0.007749351910834812
0.005976981653961292
0.004530264977728618
0.0033788951010548366
0.002484584850138268
0.001805832394396322
0.001301706213455838
0.0009345279330502799
0.0006714934967387277
0.0004853839705326625
0.00035457586232235316
0.00026257462471026953
0.00019727615334545556
0.0001501228543801296
0.00011527499511381825
8.88734040594398e-05
6.843166847332339e-05
5.2367333652951e-05
3.9662533657122244e-05
2.9633838032566904e-05
2.1787032239605462e-05
1.57330388489566e-05
1.415247191147514e-05
1.3832049974441151e-05
1.965221207243275e-05
3.564736978517074e-05
6.568798018176492e-05
0.00010984549922417325
0.00022384527794241824
0.00040128024843630674
0.0007557216614045685
0.0014481099934515837
0.0026824663952691253
0.004494243249819231
0.006689809529423539
0.008787810450867357
0.010242403053789853
0.010723456681697812
0.010280857376226273
0.009208577231405739
0.007814517794751794
0.006302909849697442
0.0048076147583969
0.003447902873190798
0.0023211042554389283
0.0014681855831682378
0.0008709661126110608
0.00048035640510293967
0.000308070522412544
0.0001457023522591436
6.182844948047573e-05
2.356880826275807e-05
8.333833704600591e-06
3.0370225112585275e-06
1.3845690012873586e-06
8.679669047718015e-07
6.567523587375845e-07
4.5788680878481445e-06
6.135214865621289e-06
8.283521118642132e-06
1.1176169040941173e-05
1.4990199842890692e-05
1.9924055430851313e-05
0.00017402632811507429
0.00024328178982670632
0.00033588638630798704
0.0004579438887424014
0.0006909907597046748
0.0009250363012210572
0.0012230397857080132
0.0015969921580487574
0.002059360852536332
0.002622516240157074
0.003059702599913861
0.0038156609419391393
0.004698853203020509
0.005713973876388892
0.006861239532772362
0.008135410173762922
0.009524984970735614
0.01101167373946696
0.012570238444422722
0.014168780378085102
0.015769518668687598
0.017330066257738853
0.018805163834442216
0.020148785077226714
0.02131648336120875
0.022267816344231015
0.022968665331713156
0.02340430953060051
0.023541406791848254
0.023383083682270586
0.022936046394643365
0.022217880878527885
0.021255983450261234
0.020430432334717107
0.019293523825945014
0.01805613417814353
0.017227378103029756
0.016026580821806764
0.015169446560433335
0.014346474979691753
0.013839546241026941
0.013647887505405009
0.01385223587450294
0.014513106527290317
0.015697952704937155
0.017423725519090466
0.01971430782314639
0.022586339343378926
0.026044037223124167
0.03004087573277275
0.03453392537387268
0.03944723228349018
0.0446792451610864
0.050103668312162196
0.05592068514559877
0.06147039454159276
0.06674364999365663
0.07162269304492318
0.07594771979697446
0.07985471081382166
0.08282550375873604
0.08498909723051394
0.08597606528205168
0.08679441850374367
0.08710954690428768
0.08673872969570234
0.08592889416943798
0.08489160524304423
0.08391920209745624
0.08312873897939077
0.08270974564961081
0.08285900553608198
0.08370688025159599
0.0853329217590833
0.08775768215045103
0.09093782977088073
0.09476551542657492
0.09907762574069973
0.10365038957820044
0.10823130351795757
0.11254427142526047
0.1163031031423169
0.11921708020524772
0.12101987587009723
0.12141755524552174
0.12023946883941906
0.11740313031632972
0.11298906007317855
0.10924850296333416
0.10262977498728112
0.09504786242691868
0.0867877643546204
0.07838118569695911
0.06979373754696762
0.06140350976578483
0.053495280443261
0.046383160999757936
0.04015122091673432
0.03492237230678315
0.03080506724609861
0.02783355691982533
0.025999349368205284
0.025255299722527776
0.025519149876592408
0.026676399853365618
0.028582864854946058
0.031067616414673486
0.03393714698906732
0.036981496546527715
0.03998274944094468
0.04272581336854439
0.045010832763176835
0.046666088906341115
0.04735315982236092
0.04769052006454892
0.04715982515896544
0.045771189371221814
0.043588229406181005
0.04072079679346245
0.0373138464018805
0.033533807543227684
0.029554089259364518
0.025541354541006433
0.021643959422227754
0.01798353461852287
0.014650177541581417
0.011701214219956556
0.009163063626740813
0.007035444565086252
0.0052970290763615716
0.003911657632303552
0.002834424378667195
0.0020174327646480493
0.0014131009213093982
0.0009790399005367443
0.0006793349780797125
0.0004849735830528464
0.0003717255370268018
0.0003202364566864374
0.0003046455991988871
0.00031960161331759504
0.00036098074496695943
0.0004733357756748132
0.0007289900998663884
0.00120682367135
0.001924603726141674
0.002770324677345931
0.004774115898859395
0.007740178265705846
0.013922084339641606
0.026300031169954337
0.04800539560371284
0.07904076789899293
0.11493027920613588
0.14687011163750077
0.16612438861784776
0.16913330577317548
0.15888989670777687
0.141369995059434
0.12084306921191036
0.09855587759129497
0.07492633215599624
0.05172695969108088
0.031798786364613564
0.01723220615659656
0.010679226608533082
0.004744875488049975
0.0019666578259089794
0.000849083196315266
0.0004497693937669615
0.0003099430109368865
0.00025022008903681313
0.00021320801912187628
0.00018377301733688698
0.00015859582362939424
0.00013696807364378333
0.00011855889598785136
0.00010300453669976527
8.988609510065249e-05
7.876320762684165e-05
6.922053274436875e-05
6.0893341022471046e-05
5.348644550513071e-05
4.678102278232352e-05
4.063186314765517e-05
3.549424859370766e-05
3.056948822987736e-05
2.6233601072538626e-05
2.2556546669899096e-05
1.9622391070764255e-05
1.8218165122815785e-05
1.6751502390604716e-05
1.6253127871257096e-05
1.67769950339762e-05
1.834994011863802e-05
2.096392191243839e-05
2.4568213880923032e-05
2.9062424070115257e-05
3.42917817533168e-05
4.0046405118074255e-05
4.6066121508410236e-05
5.205181079056435e-05
5.768325368340737e-05
6.264226678639125e-05
6.663874490426848e-05
6.943637853505495e-05
7.087449295747921e-05
7.088278222742864e-05
6.948666158655552e-05
6.680236731588915e-05
6.302251919773544e-05
5.8394310743860836e-05
5.319352324332471e-05
4.7697988208507206e-05
4.216390370446074e-05
3.680763771176842e-05
3.34194943790781e-05
2.8736443452500392e-05
2.459689024741872e-05
2.1113721361335363e-05
1.8399295688802058e-05
1.655202700861698e-05
1.5600120194420283e-05
1.528003351724296e-05
1.51440626842431e-05
1.4626642588314285e-05
1.3351465950763731e-05
1.134699896658417e-05
9.005319828490626e-06
6.820606576043646e-06
5.125125108291136e-06
3.998140072944528e-06
3.3421905625240794e-06
3.0077246462973605e-06
2.872075403306118e-06
2.857791028400164e-06
2.9196312770819524e-06
3.0278204637690143e-06
3.8058546379641534e-06
4.202147735406398e-06
4.669884788038785e-06
5.216080337570679e-06
5.630849215085101e-06
6.345369905794306e-06
7.197357918346618e-06
8.223673846857662e-06
9.466786401321358e-06
1.0971744265828005e-05
1.2782289619061918e-05
1.493638662025468e-05
1.746151886140382e-05
2.0494283098718476e-05
2.4077273971022826e-05
2.8521636520300992e-05
3.4318099773316256e-05
4.207587346168178e-05
5.213302047365994e-05
8.992002720423052e-05
0.0001588125218343657
0.00031363053884278893
0.0006313407784891274
0.0011940430188396652
0.0020245591750959148
0.003009903746397001
0.004490698859026286
0.00650077109583731
0.01048046565021568
0.019275761459507955
0.02966754960963801
0.05449966543197015
0.09018652040938922
0.13110425983027668
0.16686267108307207
0.1873371986777842
0.18890604520615847
0.1760935712925322
0.15692996728519648
0.13661318610369075
0.11546904241083404
0.09205097974932257
0.06694669755779777
0.04331699179248123
0.024558669700901255
0.012103772177372091
0.0051706282054478
0.0019200031210669776
0.0006306405096991039
0.0001968661275707043
7.327808107243274e-05
4.406848708767731e-05
3.916224078928435e-05
3.965095199013819e-05
4.12806025627028e-05
4.2578794778687454e-05
4.4752105007983064e-05
4.7199746381406475e-05
4.992914998266025e-05
5.292226629510408e-05
5.612502559327792e-05
5.944352191625209e-05
6.450775808258246e-05
6.837231348032064e-05
7.213562769138934e-05
7.58103863466268e-05
7.911945926756475e-05
8.210424031905534e-05
8.478510668998575e-05
8.725071298756973e-05
0.00016093514052149284
0.00020386504055981962
0.00025150594481352116
0.00031444966469403924
0.0003968598773321308
0.0005438652920959861
0.0006958639962661389
0.0008875215726957054
0.0011253957266198892
0.001416152012016304
0.0017655753313024377
0.002033789815215641
0.002497247440838831
0.0030362303347440407
0.00366255853400878
0.0043895663940063286
0.005228015205049074
0.006172978585599128
0.007188824821372243
0.008206681143811814
0.009451434700905944
0.010882277171485724
0.013042494824147492
0.016631124302692972
0.022244614549361965
0.029929469325649112
0.038370563667413184
0.04548711774676745
0.0493014370160371
0.04940795830332875
0.046586567336961156
0.0426493360466327
0.0386739375249868
0.03462804524410644
0.030169452632714304
0.025124387534836302
0.02019511887105244
0.017372048359192215
0.014213982290518408
0.012401197986751085
0.011681904695090178
0.011715256582554057
0.012239225804501245
0.013107572253532287
0.014251582709220074
0.015632393188133187
0.017219246098247647
0.018974739143589842
0.020852380563683725
0.02279695077430406
0.024746456963029607
0.026634202797371987
0.028437208555235245
0.030032386250345856
0.03138029458875405
0.0324376682442335
0.03316893658681035
0.033570993164117664
0.033619607737494416
0.03332439748311934
0.032715921598672495
0.03183193129449947
0.031112537146854535
0.029877023375106924
0.028502138619906133
0.027040925288589486
0.0255414427495757
0.024043724897146485
0.022577696786826102
0.021162304546335282
0.019805870542732553
0.018507561760727608
0.017259717726790417
0.01605334790178683
0.014871991977235537
0.013706374341116937
0.012549390918031061
0.011402222277249296
0.010268535552011456
0.009163270543956282
0.008105697483057825
0.007203913156125452
0.006362546526912021
0.0056223481457397615
0.0049855734255635645
0.004444201285284929
0.00403795022386661
0.003775445551503233
0.003686868713331987
0.003729024581967169
0.0040079514576681595
0.004532372431837856
0.0052944995872667615
0.006285232812796947
0.007462458714055484
0.008798703442382134
0.010249584102258687
0.011762208775008507
0.013275437575201011
0.014723082997113682
0.016038027914429275
0.017157004555861166
0.018025452878010113
0.018601858940022566
0.01886102940665986
0.01879589377186017
0.018417623608403957
0.01775421061630588
0.016847277999541874
0.01574843258545513
0.014514622063965187
0.01320351688188006
0.011869435810274935
0.010558064429380154
0.009714906836447598
0.008517057066320966
0.007424927155793687
0.006450397809086721
0.005617290711203937
0.004949628970149053
0.004465363746812949
0.004159052010108611
0.003978873872247855
0.0038377249806046745
0.003636754541640111
0.0033355639384712622
0.0029637505395078466
0.00258938017822822
0.002263388761778852
0.00198369258156484
0.0017198410968094575
0.0014526489899389233
0.0011936339363152028
0.0009754392605335818
0.0008187831658263012
0.0007299035995831099
0.0006972455230620776
0.0007036242566274302
0.0007339828257573101
0.0007776229030602148
0.0008103926243978271
0.0008608916220287136
0.0009993100575474572
0.0010920805564556798
0.0011807724542805445
0.001276687941472582
0.0013830622039522546
0.001506926986015508
0.0017173521176703595
0.0019259745662225914
0.0021903900131249716
0.0025241444694832525
0.002936828288656303
0.0034311930431016073
0.0040038504353307235
0.004694795922160711
0.005518150696074029
0.006566673938300358
0.007973711505546068
0.009859209441313469
0.012236342143187395
0.01489048382811637
0.01739638665022541
0.019301847313763117
0.02038900673775071
0.020714880075767977
0.020857658628548336
0.020866960121775677
0.020844643240337916
0.020668637922848336
0.020218037825149682
0.019418528238259593
0.018412135519845853
0.017363195338487923
0.01636528922826093
0.015425816865549375
0.014532534111083762
0.013612615546028745
0.01267340195727066
0.011727036720792831
0.01079895909414513
0.009914378507133635
0.009100070468402398
0.008377789597385218
0.007764027682255678
0.0072693776253279834
0.006898433333212923
0.0066509777576223535
0.006517753574639919
0.006551227206163154
0.006634985985775037
0.006735163219263401
0.006938473714991268
0.007188695281190242
0.007467216649311677
0.007789896037271762
0.008152182034929583
0.00847316328607766
0.008788908936323218
0.009099744023946742
0.009410294416334586
0.009748325069872468
0.010105957608407296
0.01049669389494928
0.010940576476791383
0.01145038942480522
0.012035054514750423
0.012698365723518516
0.01343494719623807
0.014232345689136939
0.015068773055348652
0.015914089181540435
0.01673128210704719
0.017478808748274052
0.018113896650409602
0.0185963567456916
0.01892097886850999
0.019008617319688392
0.018955029997171663
0.018674916092163506
0.018174032273527513
0.017469177810055216
0.0166036094278941
0.015591674806040911
0.014521260000897589
0.013395324692772494
0.012281479530928459
0.011230802307635868
0.01028150210619958
0.009458097856977436
0.00878569041953236
0.008240624381571091
0.007850074101885157
0.007552506266982646
0.007366614168406369
0.007287921363078614
0.007308697219814404
0.007427637684335369
0.007618772355217972
0.007868646412617303
0.00817065544834623
0.008518587853252508
0.008774020089528305
0.009189696811438313
0.009640191808432516
0.01011828308244181
0.010612979933386134
0.011108959304975366
0.011586692985161899
0.012023276115484555
0.012393875070644569
0.01267362504360107
0.012839742677162798
0.012873588570725267
0.012762423179371339
0.012500645114862707
0.012090374460177114
0.011541332380434588
0.010870057418730828
0.010098575065327398
0.00925624702804391
0.008365122567892036
0.0074555201205804495
0.006553626999659141
0.005682612864070978
0.0048616512611889765
0.0041053639849591966
0.0034236714291700156
0.0030135008884748407
0.00257994523242715
0.0021780158087400196
0.0018598925713733448
0.001637307361289887
0.0015095239048922512
0.0014756121428055396
0.0016019032730240673
0.0017806282557268945
0.0020600977399084907
0.002443483449108517
0.002964208806783361
0.0035904596470919957
0.004340427570467222
0.005221233734372018
0.006234054427703876
0.0073761549432663455
0.008657393163158904
0.010041100727276446
0.011521418773511274
0.013076112680402988
0.01467712408505436
0.016290834353038262
0.017878746915126958
0.019398607151600814
0.020805951072679425
0.02165952219458025
0.022780774629408165
0.02367568793331638
0.024310260485468013
0.02466653778779394
0.024731152945652684
0.024520743684243687
0.024074565534422013
0.023448861492791295
0.022690926925332554
0.021802865293142435
0.020724029114233128
0.01936228961681177
0.01795479032367331
0.01670033208084845
0.01649716294250949
0.018766926804075938
0.025152395363468975
0.036601108259455124
0.052163993621315886
0.06811864262427768
0.07926379928979667
0.08189401808751115
0.07629386708374192
0.06659776722177355
0.06036924105462014
0.05355186666084599
0.04932687496409249
0.04506918097954582
0.038487875196155756
0.02948001420037038
0.019830402812996105
0.011616066119922894
0.005922645027766341
0.0026523900710510788
0.001122185957896541
0.000515056954998631
0.00033976824833412855
0.0003434983183960749
0.00042525774874355095
0.0005558288328547667
0.0007514059789814184
0.0009983347411650282
0.0013042883905458975
0.0016825102858301678
0.0021391036373141882
0.0026769655709047236
0.003296356700039704
0.003987253878297485
0.004737635501721906
0.005527800887244365
0.006064251180083327
0.006861464571156692
0.007620708217278302
0.008308304049014866
0.008891981761524288
0.009393246561236147
0.00971789207661228
0.009876890305216473
0.009872536675164651
0.009711962922402454
0.009411549166371084
0.008995573361902277
0.00853274285195771
0.00799577843662855
0.00744788207128476
0.006924380061963781
0.00645750998116111
0.006074666554501713
0.005797097533958731
0.005639081169404081
0.00560757709344771
0.005702311650384803
0.005916257091222001
0.006236325804305793
0.006644447060941883
0.00711865261814765
0.007459412265274669
0.007988279468311618
0.00851502991469201
0.009013977723460832
0.009461255115008978
0.009835403590726155
0.010118732592728615
0.01029849627128852
0.010364452042448473
0.010312994909695245
0.010144777840299688
0.009864991156292769
0.009482890717387138
0.009011142474738908
0.008465026846452775
0.007861555428971614
0.00721855737500262
0.006594737341924718
0.005961338438512927
0.005363190135956321
0.004842641228872431
0.00444566807760045
0.004211922239215232
0.004166303159397543
0.004230205683666593
0.004312609423440915
0.004323807560334429
0.004231664251892308
0.004620188924229572
0.005593336337268246
0.008313883219189792
0.014077201172039158
0.023895032410940438
0.03744485807330284
0.05240192963311572
0.06439884642797171
0.06964716763006953
0.06718407771863429
0.05972710900926294
0.05179291115004174
0.046562222217026654
0.04406293725849362
0.04192306114052748
0.03772803696478228
0.030878040215602913
0.022674497178425283
0.015053175431982967
0.00930672323501849
0.0056607268865193445
0.003639742512044519
0.0026093971712588555
0.0022292546437092686
0.001901725698862823
0.0017282772796761092
0.0016195352187877046
0.0015172085710973733
0.001387190758674293
0.001230472770752571
0.0010753065129907472
0.0009536778404870158
0.0008766221494462362
0.0008281388932426074
0.0007798998910731865
0.0007123628894924438
0.0006252416452856022
0.0005572498478750748
0.0004873543334822505
0.00043576136410560185
0.00040539609706454464
0.00039291943454553577
0.0003949048959886615
0.0004196037420082848
0.00045667935997143914
0.0005082832100228112
0.0005792664432985959
0.0006716336283614977
0.0007870195702771244
0.0008772900074131957
0.0010330944700554748
0.0012131855270706123
0.0014165228299652813
0.0016410827247125052
0.0018838020281122013
0.002140569115615885
0.0024073145249801768
0.0026782866653408594
0.0029491823383991757
0.0032162426856247855
0.0034758352454928665
0.003722056727644263
0.0039436858124942895
0.004123557997539628
0.00424302691214428
0.004290027430467681
0.0043070844721525186
0.0043267203167656875
0.004457104699936288
0.004860642382031121
0.0057032103928007175
0.007044236043513003
0.008705442400419287
0.010219850862655925
0.011021252250466037
0.010980089939986445
0.010105489138099496
0.008846625486537167
0.007871642970108561
0.007921535244435804
0.009493061129633698
0.012828445884677523
0.01779809581353872
0.023603740550509983
0.028794070242213022
0.031455412897853606
0.030665099819178015
0.027071976974911982
0.022625853403973138
0.019323947830422215
0.017832729512995037
0.017412622967836154
0.016657804091110357
0.014631328414022947
0.01143815143419223
0.007897731775958759
0.004888527734699513
0.0028655222205063577
0.0018048617279830242
0.0014306916346834109
0.0014169662286735408
0.0016023514132694834
0.0019219472394898529
0.002322666841533126
0.0027878421641380313
0.0033100639720484654
0.0038832676027592806
0.0044991088790596705
0.005145924299095714
0.005808701983189696
0.006469339668687859
0.00710763129190684
0.007702411685209591
0.00823250701928895
0.008678706647182385
0.009024904308724971
0.009259109365036931
0.009373622018359248
0.009364492364446954
0.009231719540316471
0.008978413078794255
0.008614430952658311
0.008156436106469711
0.007626996348698238
0.0070499138602909935
0.006444976571753113
0.006032972174312934
0.005408480772352909
0.004783378884284497
0.004169212776231862
0.0036234026334494855
0.003160970041760195
0.0028688738243125194
0.0028370063386530062
0.0031297071314248344
0.003714268189820204
0.004413553409968087
0.004931348003804405
0.005008065378980802
0.004612224188235424
0.003917305110960531
0.003255111019308054
0.0028617203134784566
0.002750942101470907
0.002751573637501237
0.002660784825606804
0.002400297379947997
0.0020105011991282673
0.0016361034688973579
0.0013933899399073996
0.001325583062532588
0.001412236243642533
0.0015322884944114802
0.0017712014001692827
0.0020504443782947586
0.002343515643606781
0.0026339590994666827
0.002907670762170044
0.003152065556900731
0.003355920255303963
0.003509867998968997
0.0036070082273771376
0.003643388851301895
0.00361824545356056
0.0035696770935293234
0.003451530575656499
0.0032899168821055543
0.0030991647421939835
0.0028920668897998627
0.002682085184191076
0.002482669536468405
0.0023213459796747517
0.002188629936484692
0.002092431690497734
0.0020432344711820696
0.0020464131940118495
0.0021079226332510683
0.002233118077405536
0.002353549930700803
0.0025894501433716866
0.0028874199837704336
0.003246265830033676
0.0036416483963513696
0.004063764806223518
0.00450108795194591
0.004943451571329217
0.005381699253737838
0.00580589763643918
0.006209056991427652
0.006571541582958426
0.006884694150807885
0.007138477192907871
0.007325789029803799
0.007441092347298311
0.007482685699515993
0.0074511425432432984
0.0073495827259781625
0.007183301771024726
0.006959410326989763
0.006686413425549066
0.006373652935633601
0.006030902115873189
0.005667854908078111
0.005419112674435709
0.005042169391195688
0.004667079800130963
0.004299720845613455
0.003944532078130111
0.0036045694948702847
0.0032821592054084153
0.002978947879440338
0.002695924826038254
0.0024333201876329145
0.0021912474079033048
0.001967775920114884
0.0017620523686117486
0.0015728278914250435
0.0013989760260940433
0.0012395384537613019
0.0010937239366256108
0.0009608842323727104
0.00084047709426349
0.0007320214224334226
0.0006350496204292667
0.000572547651975496
0.0005132304667900445
0.00046839479069729563
0.0004412474067551809
0.0004337680779095404
0.00044073380899297825
0.0004707460992973614
0.0005345331941854059
0.0006255069676626334
0.0007455867617357303
0.0008981163342380377
0.0010830133196169929
0.0012981715714964614
0.0015397272749136984
0.001801598551429883
0.002075598956467967
0.0023518136813894365
0.002619113548015595
0.002865902002946709
0.003080968230786342
0.003254805822562817
0.0033787362806988615
0.0034524163304708645
0.003466528001381094
0.0034248022253527913
0.0033308235035478997
0.0031906135559786677
0.0030120962630195186
0.002804473088105852
0.002579768414124198
0.0023446346780630445
0.002187526442013813
0.0019794685709748844
0.0017720266021069623
0.0015869756160722275
0.0014291478665779658
0.001301626214763515
0.0012059931816977532
0.0011418148913122017
0.0011180255880925462
0.001116086279434335
0.0011405156509340794
0.0011885199877664323
0.001257335519236869
0.0013442706507636678
0.0014465902949667177
0.0015614042554985947
0.0016857577131574244
0.0018169326601766207
0.0019526938457705952
0.0020911791946415337
0.0022304402507276892
0.0023679621963643076
0.0025004875241739625
0.002624188319727635
0.0027350061702464926
0.002799757979005135
0.002880453015664837
0.0029385376414233265
0.002971346405084204
0.002976984143777301
0.0029544356218197273
0.0029036311554669885
0.00282545898502521
0.002721737364677384
0.0025950662638567538
0.0024487586997004682
0.002286651968426739
0.00211288627513315
0.0019317826163561054
0.001747748650901704
0.0015647050800898094
0.0013863905842935763
0.0012158089626384623
0.00105515149499037
0.000905847881029896
0.0007688228977678283
0.0006447812570295714
0.0005342990410535958
0.0004399596355061413
0.00036197786393902783
0.00030378809686380505
0.0002781121570726117
0.00026218356491146795
0.0002731334535126157
0.0003029620845103405
0.00033448139875323364
0.0003469333803342172
0.0003278297655108238
0.00028131663022284796
0.00022578893447033674
0.00018236873349578893
0.00016240643728439983
0.00016257476489690243
0.00016850557234331304
0.00016922907745425635
0.00015425592333667877
0.00012738561340706366
9.911859512788895e-05
7.83039922630281e-05
6.915550654775895e-05
7.154443446720657e-05
8.441460952080667e-05
0.0001042794726448008
0.00012981346121450645
0.0001709017015550637
0.00021432337811631456
0.000290725037690635
0.00033521967846973796
0.00041618528172361505
0.0005071011171458744
0.0006124188480209
0.0007334681945633181
0.0008795029046007929
0.0010406261667510483
0.0012350417844424098
0.0014498413115292897
0.0016868738713653026
0.0019500257058204023
0.00223884053201243
0.0025522924016966398
0.002886872083159078
0.0032384051170035078
0.0036016418674230167
0.00397011363742667
0.004336527988681442
0.0046930542704420085
0.005031626981308419
0.005344245433113054
0.005623275255950592
0.005861646356061405
0.006053178443995621
0.006192750903019889
0.006254973538572279
0.006300093754294499
0.006286244966552259
0.006213659128238172
0.006084199259739348
0.0059012976810494545
0.005669812808258931
0.0053958119235652195
0.00508629595068495
0.004748888132278919
0.004391510660056705
0.004022078255710463
0.0036481922019078327
0.00327692776447747
0.0029146236874982956
0.002567237474052086
0.0022385568677010955
0.0019324220273885704
0.0016513684080018641
0.0013971898096840196
0.0011706593096969292
0.0009722667828656619
0.0008021619260431854
0.0006601582801267782
0.0005451746115726487
0.0004543152347494053
0.00040465790076830136
0.0003580629449565063
0.00031464592194304725
0.0002789220115958836
0.00025363007345207246
0.00024253496252620688
0.00024975029964456174
0.0002778101002123461
0.000332553969464421
0.00040854721828393427
0.0005055885843238852
0.0006244934555034053
0.0007643399606805006
0.000923096585022838
0.0010975741313983978
0.001283157454673637
0.0014741304479911651
0.0016652757762451965
0.0018494811598667074
0.0020233711320582835
0.002185362027780981
0.0023354173596430747
0.002468619561298867
0.0025734265891418457
0.0026302864112838207
0.0026196881240234176
0.0025706366909330506
0.002440366680252818
0.0022681940810504765
0.0021260164989236477
0.0020635660919100514
0.0022193357913810026
0.0027969817515415434
0.004019727190848993
0.005984870590835961
0.008463013094383359
0.010820247093912997
0.012247577059896207
0.012179881234625442
0.010729166193848567
0.008643022975504342
0.006916440244839029
0.006266785911383322
0.00683508144345328
0.008201795067243202
0.009636485766588853
0.010437173683368044
0.010223553642690612
0.009041242978651179
0.007292035332644674
0.005519645587143259
0.004174284709115337
0.003629927426711485
0.003328316617412315
0.0034485939770686302
0.0036761441065490575
0.0037329208957118457
0.003493127800357368
0.003008261916714029
0.002434193149313079
0.0019213405071223024
0.0015445060389542363
0.0013009957672207974
0.0011490040406063043
0.0010447833064650205
0.0009593338675735292
0.000879712771321307
0.0007994529911468675
0.0007191361231343637
0.0006402042326081375
0.0005658242754478079
0.0004982272263881899
0.0004416368463728373
0.0004021765300079273
0.00038624458710444985
0.0003966219167110514
0.00042706651436686
0.000450271990944361
0.0005038688277577484
0.0005126554150467323
0.0004884560421650189
0.0004514545157199462
0.0004311104434442033
0.0004534709607137277
0.0005303092837438539
0.0006534619694224446
0.0008125234571602636
0.0009653091513427139
0.0010980810492610671
0.001220680674725519
0.0013544997662864558
0.0015259015443303328
0.0018180221179019689
0.0022492860018338188
0.002933609410391548
0.004009545687813961
0.005584087511321221
0.007612680468340032
0.00979061508294232
0.011586637048080604
0.012503545666003221
0.012325314185289303
0.011416724480040066
0.010697904500252405
0.010017265967197972
0.010330018192167457
0.011866204478512866
0.014400637613155211
0.017250884344542864
0.019466621523759234
0.020202886539958314
0.019111751367615337
0.01657382122600366
0.013514722257235398
0.010921569831034348
0.009405385622539592
0.008998774181546095
0.009234637952511846
0.009448237585920082
0.009112763913096612
0.008078210442696057
0.006576506465880425
0.0050138341279429635
0.0037196079341775094
0.002821696768084923
0.002275747291459801
0.0020428432133547387
0.0019031948023076708
0.001832195995164602
0.00180597565269154
0.001789476888010041
0.0017975542520910395
0.0018471736951355471
0.0019462538536701157
0.002153979545428016
0.0024750508817592267
0.002941676321955307
0.003554251356361441
0.004252911659983436
0.004933301178861115
0.005500696509646573
0.005919486055679795
0.0062503048664040994
0.006621174671449109
0.007118322071761931
0.007787383074786778
0.008590918076005776
0.009435579404098388
0.010218145916587497
0.010870191783352506
0.011379458668739835
0.01178214499662656
0.012114245856067036
0.012399492537551404
0.01256280356961623
0.012755469408397523
0.012867199512389736
0.012882407593322716
0.012793409322666087
0.012599240012975958
0.012303504570934804
0.011912809517782862
0.011435966869932306
0.010883572620957021
0.010267706298729935
0.00960158361165745
0.008928748677213222
0.008220372431610057
0.007505899975407314
0.006802396208992
0.006123437337848166
0.005481325018521149
0.004886766890470524
0.004348990684302573
0.003875104181022376
0.003486661217358973
0.00316957910995839
0.002928771356714114
0.0027699978785070607
0.002693173793243125
0.002682687390109875
0.002721770181572701
0.002817999597250653
0.0029631903697704613
0.003152628204823674
0.003383431922763361
0.003651225229714613
0.003947696595720665
0.00426140798010565
0.0045748192678357995
0.00487263186077104
0.005141036267945791
0.005369872429647912
0.005553827079477054
0.005688180685285804
0.005770619580904393
0.0057995458635332385
0.005774567652166557
0.005696968876306613
0.005568944723184301
0.00539274802036181
0.0051701791880032965
0.004903798636190055
0.004599018762529451
0.004265186895539583
0.00391431691005265
0.0036768220069715056
0.00337123318618444
0.003075117866862979
0.0028375546492813513
0.0027075526393885033
0.002740094187610365
0.0029716997544278244
0.0033780550578258717
0.0038477273914479396
0.004225225085725643
0.004365468468817479
0.004251800533535833
0.004009769731123216
0.003830875689645626
0.003870677842443001
0.0041808838380243555
0.004698984132577638
0.005285076754196565
0.00578529138176536
0.006097242401622773
0.006205265318525137
0.00616599524514843
0.006057562140149513
0.0059327232404624035
0.005803965276788014
0.005657284232627207
0.005540200391166701
0.005325333942712245
0.005061098546663074
0.004751372955318209
0.004405009874006565
0.004032374701320181
0.003643997942811477
0.003252997774440672
0.0028646420502721607
0.0024889251549201317
0.0021337178572228975
0.0018054658580341542
0.0015092480197244345
0.0012573516979946652
0.0010393753385713597
0.0008644602721822882
0.0007377354670483018
0.0006463873988207944
0.0005934361273820787
0.0005775902968826177
0.0005964714375358412
0.0006475181390103221
0.0007322035064833229
0.0008432773768037713
0.0009779854502055087
0.0010835306996094568
0.00125476386008877
0.0014404523741764037
0.0016368856267917815
0.0018388042031485898
0.0020404622678382566
0.0022361755014762698
0.0024197732937019066
0.0025859515991786854
0.0027300720318367672
0.002848515709989765
0.0029386372397298506
0.0029990969615800228
0.003029614600579883
0.0030308595814395986
0.0030042557011270444
0.0029517791117154055
0.002875781688583835
0.0027788588617830034
0.002663765467962783
0.0025333695009586714
0.0023906378651752176
0.0022385653592625026
0.0020801887035777488
0.0019211797597811404
0.0017608144662317235
0.0016551947493500566
0.001500835647322378
0.0013534064771984439
0.0012148645134955464
0.0010867656748890558
0.0009702571215661037
0.0008660852065486465
0.0007756452295563736
0.0006978494793873652
0.0006329008544743815
0.0005798880425190532
0.0005381393643418329
0.0005065602289973857
0.00048375517905129944
0.0004681788443529636
0.00045817754519980846
0.00045208806211921685
0.0004483277952698531
0.0004456741855128277
0.0004428247578130335
0.00043876526108343805
0.00043296978649163664
0.0004250608600075081
0.00041486570755229745
0.00040239818020548003
0.0003877093590273578
0.00037677864885942813
0.0003588372207847828
0.00033926295922214795
0.0003183290475830645
0.0002963361873535202
0.0002736174104209376
0.00025053826016317157
0.000230132568102636
0.00020904338405588956
0.00019007866828402192
0.00017312525019112427
0.00015934005823341446
0.0001495408617237322
0.0001446067511047141
0.00014517241703332432
0.00015135426391702433
0.00016260179327246194
0.00018009000381812091
0.00019990593035579995
0.0002252792395124963
0.00025693441569235993
0.00029986916406460513
0.0003600135563681146
0.0004424906186108927
0.0005463408131928218
0.0006229494202127872
0.0007300915682607669
0.0008054234679211905
0.0008292300625954824
0.0008009644285082087
0.0007386793194127317
0.0006674656084448361
0.0006060502199961344
0.0006138944604189219
0.0007110221350271133
0.00102908604463074
0.0017821285775427205
0.0032363944382788647
0.005550408343177165
0.008535724519115082
0.01151975888320722
0.013527925508134777
0.013798485619732365
0.012241922083065512
0.009545266835179825
0.006785004800288999
0.004882640421003419
0.004266173396224206
0.004815208147773301
0.005988484447269824
0.00705291441260704
0.007380191571661808
0.0070595084677919666
0.005866132711782839
0.004233471919173079
0.002665816230723614
0.0014835797213706016
0.0007527822589768773
0.0003726975189381842
0.00020056705033040374
0.00012708457450830523
9.217748080419349e-05
7.074970746716029e-05
5.481709695448636e-05
4.235528505663733e-05
3.26533319636841e-05
2.5119437363411283e-05
1.9228141835745856e-05
1.4597366948813304e-05
1.0976351686121698e-05
8.19102258290676e-06
6.101295862238528e-06
4.582165899157042e-06
3.519687127820632e-06
2.8122706059081584e-06
2.3723940894097687e-06
2.1271883905450197e-06
2.0422783132506806e-06
1.9970785484764522e-06
2.016722329895189e-06
2.0717490887590315e-06
2.1402618133525537e-06
2.2063217708155783e-06
2.258654783678752e-06
2.289662226380383e-06
2.294688564071466e-06
2.271479557973294e-06
2.2197650375787798e-06
2.1409108531232518e-06
