Y :100.0% Calcite, Diffracto n :1050
N :Gibbsite
N :Dolomite
N :Hematite
0.0
0.0
0.0
0.0
0.0
0.0
0.0
0.0
0.0
0.0
0.0
0.0
0.0
0.0
0.0
0.0
0.0
0.0
0.0
0.0
0.0
0.0
0.0
0.0
0.0
0.0
0.0
0.0
0.0
0.0
0.0
0.0
0.0
0.0
0.0
0.0
0.0
0.0
0.0
0.0
0.0
0.0
0.0
0.0
0.0
0.0
0.0
0.0
0.0
0.0
0.0
0.0
0.0
0.0
0.0
0.0
0.0
0.0
0.0
0.0
0.0
0.0
0.0
0.0
0.0
0.0
0.0
0.0
0.0
0.0
0.0
0.0
0.0
0.0
0.0
0.0
0.0
0.0
0.0
0.0
0.0
0.0
0.0
0.0
0.0
0.0
0.0
0.0
0.0
0.0
0.0
0.0
0.0
0.0
0.0
0.0
0.0
0.0
0.0
0.0
0.0
0.0
0.0
0.0
0.0
0.0
0.0
0.0
0.0
0.0
0.0
0.0
0.0
0.0
0.0
0.0
0.0
0.0
0.0
0.0
0.0
0.0
0.0
0.0
0.0
0.0
0.0
0.0
0.0
0.0
0.0
0.0
0.0
0.0
0.0
0.0
0.0
0.0
0.0
0.0
0.0
0.0
0.0
0.0
0.0
0.0
0.0
0.0
0.0
0.0
0.0
0.0
2.5724631062526873e-35
3.659055004157667e-35
5.132143778903093e-35
7.098045603960861e-35
9.680300732996171e-35
1.3018142090133154e-34
1.7263118794765896e-34
2.257353655151606e-34
2.9106503889319124e-34
3.7007570600705167e-34
4.63982075036216e-34
5.736168801076777e-34
6.992826241422522e-34
8.406082434527703e-34
9.964250703205833e-34
1.1646776487452771e-33
1.2823203166602596e-33
1.4642248540935062e-33
1.648652476770453e-33
1.8304613281389387e-33
2.004020179914702e-33
2.1634841435499947e-33
2.3031140057050513e-33
2.4176156030735044e-33
2.5024715981659245e-33
2.5542368025480823e-33
2.570770175100629e-33
2.5513817292542e-33
2.4968803024019764e-33
2.40951757883489e-33
2.2928337647184877e-33
2.151419654493498e-33
2.1334299576315506e-33
5.868928546310593e-33
1.0203164034685971e-32
1.3565744380021746e-32
1.8161642422554568e-32
2.4321623764192795e-32
3.2424131256915457e-32
4.2888911068064304e-32
5.616500193160273e-32
7.271222206740161e-32
8.578235762090712e-32
1.0874907045543112e-31
1.360514048492876e-31
1.679235297498911e-31
2.044448715264025e-31
2.4549909399046263e-31
2.907387613132206e-31
3.3956015069285603e-31
3.910925359453483e-31
4.442055677841565e-31
4.975371204591937e-31
5.495422279506087e-31
5.985616503127216e-31
6.429064185849327e-31
6.809526777461719e-31
7.112395630417978e-31
7.325619524733626e-31
7.44049907390111e-31
7.452275046445996e-31
7.360455124086228e-31
7.16884779856866e-31
6.885300126306496e-31
6.521164482348148e-31
6.090544791652603e-31
5.6093919357880835e-31
5.268850671742068e-31
4.740853380528453e-31
4.2065464721982885e-31
3.6806400425531667e-31
3.1757729596331735e-31
2.7021157420666167e-31
2.2671842013509647e-31
1.8758494512117973e-31
1.530514423670978e-31
1.2314168800662043e-31
9.770144011389102e-32
7.644075577896594e-32
5.897624004795017e-32
4.487012189882088e-32
3.366397799009205e-32
2.4905862894297614e-32
1.8170450005069158e-32
1.3072470233981625e-32
9.274221960711696e-33
6.488213201202007e-33
4.476107396421718e-33
3.0451143084007543e-33
2.0428400997755928e-33
1.3514275782653374e-33
8.816145824484054e-34
5.671426310534397e-34
4.193671121164951e-34
2.6356457247412924e-34
1.6334547932526153e-34
9.982850856754368e-35
6.016298525681766e-35
3.57545616813361e-35
2.0953702775353809e-35
1.210925135417496e-35
6.900824079924589e-36
3.87803495260145e-36
2.1490649208971976e-36
1.174395442905176e-36
6.328578004375211e-37
3.362984203573501e-37
1.7622616020003123e-37
9.106316523969274e-38
4.640255219220981e-38
2.3316733402335347e-38
1.1553676660955958e-38
5.645459860044386e-39
2.720226078779716e-39
1.2925197441589963e-39
6.056138942608948e-40
2.7982137151252393e-40
1.2749474507981645e-40
5.728355857360256e-41
3.3343728046331147e-41
1.463621929995782e-41
6.33533840518695e-42
2.7041876811316168e-42
1.1382296369182378e-42
4.724424800930481e-43
1.933721508156395e-43
7.80485419705777e-44
3.1064293709097226e-44
1.219225222984567e-44
4.718805765948759e-45
1.8009676587923028e-45
6.778058577606474e-46
2.5155343609730955e-46
9.206205460302215e-47
3.322434940158129e-47
1.18238159425048e-47
4.149388778545624e-48
1.4359384572366693e-48
4.900187470426925e-49
1.648977280493664e-49
5.471944629835394e-50
1.7905798760565225e-50
5.777908024040751e-51
1.8385371324131332e-51
8.502862352090466e-52
2.643270131825105e-52
8.102940201306598e-53
2.449448651241529e-53
7.301609465585972e-54
2.1463144580086707e-54
6.2214630379151016e-55
1.7783451585068905e-55
5.012609574057957e-56
1.3932720515099336e-56
3.818845849035074e-57
1.032172822079616e-57
2.7510389038673044e-58
5.127888179177612e-35
7.305723065878306e-35
1.0263558422060126e-34
1.421814063349848e-34
1.942216977610287e-34
2.6161508387816575e-34
3.4748647730468815e-34
4.551170754771581e-34
5.87784927680018e-34
7.485552395319838e-34
9.400248994803126e-34
1.1640320922394575e-33
1.4213487247425706e-33
1.6111692198116292e-33
1.921883254947108e-33
2.260595938617707e-33
2.621977598567121e-33
2.9987834438647258e-33
3.381982264334186e-33
3.761037301862224e-33
4.124336099498479e-33
4.459750387652167e-33
4.755291540149034e-33
4.9998138807861684e-33
5.183709096914659e-33
5.299531754724122e-33
5.3424992489706314e-33
5.310819417946248e-33
5.2058145502281855e-33
5.031829826011823e-33
4.795935027638558e-33
4.507448054768176e-33
4.177324986907881e-33
3.817472267451246e-33
3.4400409423978684e-33
3.056760592794761e-33
2.6783623658181305e-33
2.314127779880284e-33
1.9715846643279736e-33
1.758129578531354e-33
1.4632857127552504e-33
1.2009294021348184e-33
9.718873219272249e-34
7.755761576541423e-34
6.102995874213904e-34
4.735564941031209e-34
3.6233527003280985e-34
2.7337545472236355e-34
4.2973689528838725e-34
4.736734100552187e-34
9.795234202978388e-33
1.3938643589716517e-32
2.5863962531828014e-32
3.61186256185787e-32
4.976780094754496e-32
6.764419461893597e-32
9.068169142969113e-32
1.1989109298499382e-31
1.5632128671505832e-31
2.0100463060997736e-31
2.5488668767460247e-31
3.1874220736301117e-31
3.930813081899608e-31
4.780519641792436e-31
5.733468644925733e-31
6.422206397834332e-31
7.525620096048228e-31
8.6966024254804e-31
9.910741995556374e-31
1.113812018329141e-30
1.2344308268108113e-30
1.3491825220960238e-30
1.4541985490592455e-30
1.5457018504765573e-30
1.6202302480634426e-30
1.6748530397150675e-30
1.7073619999996776e-30
1.7164194551240614e-30
1.7016495975857323e-30
1.6636643537101426e-30
1.6040213228697474e-30
1.5251178173609345e-30
1.4300310481527888e-30
1.3223192991716794e-30
1.2058019665132699e-30
1.0843373189465165e-30
9.616157588309326e-31
8.409834959293242e-31
7.253073726169822e-31
6.168867076497895e-31
5.494975810279876e-31
4.5662908341763485e-31
3.742053622464107e-31
3.024162181108098e-31
2.410176027201259e-31
1.8942663197011533e-31
1.4681887075988607e-31
1.1222025794388708e-31
8.458807852144621e-32
6.287753991306514e-32
4.609251191882717e-32
3.3320662786209923e-32
2.3754465892740264e-32
1.670033772732994e-32
1.1578533118374597e-32
7.916443040677526e-33
5.3377085271139636e-33
3.549178021644836e-33
2.3272810054955744e-33
1.5049356284594323e-33
9.596989554135616e-34
6.0353166058392815e-34
3.7429408639973764e-34
2.2891469759721993e-34
1.3806453105684352e-34
8.211797356361974e-35
5.762971960919773e-35
3.3490003514914173e-35
1.9192489809113087e-35
1.0846629226285387e-35
6.045128392836444e-36
3.322488040417456e-36
1.8008120425670463e-36
9.625433671513104e-37
5.073633325533885e-37
2.6373306997485402e-37
1.3519378574418951e-37
6.834321051479132e-38
3.407064919046364e-38
1.6749880001670103e-38
2.559310874315438e-36
3.6555467960013726e-36
5.1558841954582576e-36
7.17412015220545e-36
9.844929547754623e-36
1.3322616310483334e-35
1.777805131414709e-35
2.3393296991155182e-35
3.035356175079183e-35
3.8836337167071363e-35
4.899785353634601e-35
6.095733517199564e-35
6.996410938551952e-35
8.503043434916649e-35
1.0190220472455254e-34
1.2042117417076664e-34
1.4032408806742783e-34
1.6123959303482468e-34
1.8269272424352637e-34
2.0411781189869855e-34
2.2487990550845977e-34
2.4661619893147333e-34
2.649927697655792e-34
2.8104802676221584e-34
2.943028572322735e-34
3.044031802366643e-34
3.111491729142025e-34
3.145139891442861e-34
3.431107810425044e-34
3.523644701657862e-34
3.634610576516072e-34
3.7816289141969884e-34
3.984928335175749e-34
4.266671462218385e-34
4.650063979428205e-34
5.158252067539411e-34
5.813027690947471e-34
6.34051979959259e-34
7.2797076714631365e-34
8.405626024971971e-34
9.722121402196604e-34
1.1224647703016096e-33
1.2899126768379134e-33
1.4721218741041719e-33
1.6656134549835558e-33
1.8659101536393266e-33
2.0676554134735508e-33
2.2648065840910908e-33
2.4508970580958104e-33
2.619354783967075e-33
2.7638575420352184e-33
2.8786996192572523e-33
2.9591409742810118e-33
3.0017093376616677e-33
3.0044282819458442e-33
2.966950026497727e-33
2.8905800664988832e-33
2.7781906998749688e-33
2.6340309757814534e-33
2.463450226085619e-33
2.2725599983245522e-33
2.0678639995408673e-33
1.8703927089630972e-33
1.7320455211366517e-33
1.5290982757133654e-33
1.7053328151558043e-33
1.6853730908434324e-33
1.97310521260095e-33
2.2208578133852964e-33
2.618129740334277e-33
3.196466698848072e-33
3.990152174462381e-33
5.0353608463608675e-33
6.368775115575537e-33
8.025619578119317e-33
1.0037124177715798e-32
1.242749678161802e-32
1.521056456416118e-32
2.5774831315554213e-06
3.6815757106168126e-06
5.1853936810666545e-06
7.2017795933844016e-06
9.86297679570795e-06
1.3319449959843538e-05
1.7736775272593347e-05
2.3290195288538598e-05
3.0156552430901287e-05
3.850351201088536e-05
4.8476258453625744e-05
5.6083052418940396e-05
6.897799187519519e-05
8.365647182768501e-05
0.0001000457480549927
0.00011797984491166966
0.0001371914668967049
0.00015731005114820524
0.00017786722870129538
0.00019831040361631413
0.00021802442616126653
0.00023636049970353085
0.0002526706168236264
0.000266345077898099
0.000276850112209866
0.00028376238526585867
0.0002867972891725235
0.0002858283825260288
0.0002808961295000753
0.00027220509642564267
0.0002601098765197947
0.00024509109234190335
0.00022772373886934176
0.00020864077034846393
0.00018849513392685092
0.0001679233936590404
0.00015426543478642477
0.0001342548065340071
0.00011521291168248024
9.749504752265801e-05
8.135308977164996e-05
6.693844855103814e-05
5.431094087308483e-05
4.3451933311140626e-05
3.4280012835003314e-05
2.6667539135689408e-05
2.0456672861046223e-05
1.5473806180938937e-05
1.1541689834906798e-05
8.488906287180855e-06
6.156645860687235e-06
4.402979876796916e-06
3.1049836798966175e-06
2.1591461329931278e-06
1.4805219325705087e-06
1.001054558980048e-06
6.674377152578952e-07
4.3880728973561085e-07
2.844769068938617e-07
1.8185711389834575e-07
1.146366972860881e-07
7.125693370972792e-08
5.1496710950937514e-08
3.127037668207816e-08
1.8723922174919974e-08
1.1055302631802209e-08
6.436570605807784e-09
3.6952900557023577e-09
2.0919563704874125e-09
1.1677955226883706e-09
1.1552962458004549e-05
1.6584246178432622e-05
2.3475645841484074e-05
0.0004694372064286569
0.0007472047507681338
0.0013221205911331587
0.0018482955846671864
0.002548408300935437
0.0034654787925655914
0.004647865926106531
0.006148080581867793
0.008020854932878576
0.010320399215706858
0.0130968443122949
0.016391956959859136
0.020234318810928225
0.0246342710253132
0.02957902901914483
0.033159609496589894
0.03890823449532374
0.04502628466057512
0.051390517209877584
0.05784848506343767
0.06422335279515083
0.07032112591040164
0.0759399671462425
0.0808810252350224
0.08495999193774471
0.08801846287631515
0.08993413059377371
0.0906288969710564
0.09007415531533515
0.08829274426726258
0.0853573875616487
0.08138576821364327
0.07653270212959738
0.07098013638414694
0.06492587164844019
0.05857197908968844
0.052113846525331776
0.04573065785702269
0.03957790657524461
0.03378229861069196
0.028439144715650667
0.025161104557136712
0.020698641061074073
0.01679363647903898
0.013438115320976288
0.010605290933796621
0.00825462432190568
0.006336689453035105
0.004797531003201891
0.0035823108411874686
0.002638145220225681
0.0019161253206362266
0.0013725833135766904
0.0009697123127179509
0.0006756725509605603
0.00046432126937472247
0.00031469479784722456
0.00021035312321150763
0.00013867446365468169
9.016372624306973e-05
5.781688840442558e-05
3.65649300862942e-05
2.2806655043844956e-05
1.402958685652143e-05
8.511659125822661e-06
5.0929476111119515e-06
3.5886492759071142e-06
2.0982688223234786e-06
1.2099731033848323e-06
6.88136055962793e-07
3.859725641763407e-07
2.1351165094106548e-07
1.1648479177367374e-07
6.267565044657481e-08
3.3259054393516066e-08
1.7406113392675104e-08
8.984088189025917e-09
4.5732600866460235e-09
2.2959207248128685e-09
1.136753636083458e-09
5.550775501896958e-10
2.6731183049127907e-10
1.2695775979189102e-10
5.946702490870504e-11
2.7470615443989264e-11
1.2515122365802361e-11
5.623097988057799e-12
2.4916632221599167e-12
1.0888685686651818e-12
4.692813485001084e-13
1.994628929878958e-13
8.361057138886308e-14
4.6470465493112094e-14
1.9033773223367203e-14
7.688489768181719e-15
3.062842916937757e-15
1.2033035192530663e-15
4.662208302455446e-16
1.7814491261279345e-16
6.713046859336228e-17
2.494765176475132e-17
9.143293145610337e-18
3.304744026801088e-18
1.177970610267585e-18
4.1408716191654406e-19
1.4355191665253399e-19
4.907783322762074e-20
1.654703405007787e-20
5.501898535145255e-21
1.8041052631046434e-21
5.834011715867865e-22
1.8604932449876591e-22
5.851180956062285e-23
1.8147334825246693e-23
5.550541240189574e-24
1.6742112782478267e-24
4.980087745355477e-25
1.4608819174987186e-25
6.39990684215458e-26
1.834311349782453e-26
5.1848438559032136e-27
1.445441412558222e-27
3.5015166046238556e-05
4.965075688882522e-05
6.942336338440894e-05
9.571841994028218e-05
0.00013013541018044972
0.0001744638866635459
0.00023063525535235114
0.00030064635343541473
0.0003864526412042051
0.0004898315028387277
0.0006122196142313061
0.0007545323415807786
0.0009169772768373283
0.0010988777541122037
0.0012985249033229424
0.0015130778658379168
0.0017385307120237658
0.0019697610693610833
0.0022006695083630875
0.002424410722579968
0.0026337082240597406
0.002761586733944597
0.0029306928699503673
0.0030668463723395466
0.0031646364706306076
0.003220073092452034
0.0032308569136833315
0.0031965375697396046
0.0031185448577244136
0.0030000899170096844
0.0028459459058451835
0.0026621290484976244
0.0024555097417388134
0.0022333886885757682
0.0020030742902072377
0.0017714948534850727
0.0015448731561376963
0.0013284825449358382
0.0011264942308626953
0.000941916023439202
0.0007766144943831424
0.0006314062729740816
0.0005062002863223098
0.00040017133342065757
0.0003119461687065539
0.00023978578375242923
0.00018175120565392113
0.0001499212743861853
0.00011101132606701323
8.10552984913057e-05
5.8358701766654254e-05
4.1432384514595585e-05
2.900576530397545e-05
2.0023446071044117e-05
1.3630237082752313e-05
9.149094032621513e-06
6.05567928153514e-06
3.952371280168032e-06
2.543681299804733e-06
1.61427586364085e-06
1.0101896233475114e-06
6.233588743990202e-07
3.793005599970068e-07
2.2758252672191184e-07
1.346494052636585e-07
7.855612596972531e-08
4.519243790520101e-08
2.563666779637178e-08
1.4340605052771602e-08
7.910127222307048e-09
4.302387820585928e-09
2.3075213933097636e-09
1.220371369918645e-09
7.919046846589751e-10
5.497072116263471e-07
7.876649689805464e-07
1.1132585707684008e-06
1.5517023398924452e-06
2.132788797336634e-06
2.8907026005886487e-06
3.863413677896806e-06
5.091548306490164e-06
6.6166610617283905e-06
8.478872377486023e-06
1.0713896242818503e-05
1.3349557793810368e-05
1.640198542228118e-05
1.9871747424197275e-05
2.374027742427213e-05
2.7966982769626024e-05
3.248744324043058e-05
0.00021711426147348901
0.00029691578353091937
0.0004029041463700759
0.005553210805475244
0.008746268567320997
0.012273929138018015
0.020603652109848505
0.02833510902604933
0.03477957025952303
0.04676547575077553
0.062034575547865976
0.08117755989422763
0.10479036708918392
0.13343868243003507
0.16761418622590066
0.2076842040127169
0.2538375814468999
0.3060307493065406
0.36393889816646346
0.4269177724648071
0.49398165759247536
0.5638025514046158
0.6347342339837445
0.7048630197977391
0.7720845398310395
0.8342031986410411
0.889048295113824
0.9345985306972079
0.9691050822045258
0.9912028451614279
1.0
0.995137713817827
0.9768144084374942
0.9574659577405484
0.9186039682780724
0.8693185513555949
0.8114751623885984
0.7471661089486644
0.6785857473908675
0.6079080790814207
0.5371760823026941
0.46821026322796705
0.40254145763012855
0.3413702038324079
0.2855523743015287
0.2356084869765282
0.1917524240541938
0.15393427179571684
0.12189166638861296
0.09520430925018594
0.07334706132230259
0.05573806979511711
0.04177954961937839
0.03088998407496321
0.02252750767142056
0.01620501807218765
0.011498101407904545
0.008047153215714238
0.005555167461992897
0.004306140567237412
0.0029053992451194624
0.0019335699286744835
0.0012692566280438752
0.000821813908536377
0.0005248448916078014
0.00033061366950225013
0.0002054195812868892
0.00012589048029929906
7.609791026123547e-05
4.5371181825571245e-05
2.668171042993857e-05
1.5476477117513933e-05
8.854296108318234e-06
4.996409760361732e-06
2.780882784933332e-06
1.5266042718380909e-06
8.265857514295754e-07
4.414336946655855e-07
2.3251855610178162e-07
1.2079883752044578e-07
6.189838258271109e-08
3.128280206921206e-08
2.7622114670580986e-06
3.945085607290614e-06
9.138461886440793e-06
1.1502144141209274e-05
1.6058636867866272e-05
0.00016060661955255725
0.0002268333436759115
0.00035940798446635724
0.0005163771781411279
0.0007046072622923571
0.0009484787084622164
0.0012595236992457397
0.0016499904834731379
0.0021323136053710834
0.0027184015527062727
0.00341875142373362
0.004241421637238815
0.0051909175639083096
0.006267068671187683
0.007463996100575179
0.008769282967912373
0.010163462709415635
0.011619930880276578
0.013105361701466214
0.014580672925586242
0.016002533902416106
0.01732535670608478
0.018503655033246448
0.01918756130787204
0.020032310110593626
0.02063115525479504
0.020960282943386463
0.02100640158362319
0.0207676321259018
0.020253634774729665
0.019484960193156806
0.018491685961419674
0.017311464403014794
0.015987158312101398
0.014564271111637588
0.013088384922758154
0.011602804434735348
0.010146569706000412
0.008752952671825803
0.0074484969922283305
0.00625260592704956
0.005177634347440278
0.004229403396900083
0.003408032326893604
0.0027089722173619444
0.0021241293951943198
0.0016429797737840801
0.0012535956741174625
0.0009435303919487772
0.0007748096151657114
0.0005700502891530439
0.0004137155028269392
0.0002961827357208765
0.00020916345130654105
0.0001457064230137028
0.00010012374557218865
6.786714203585436e-05
4.537792545975862e-05
2.9928901332065054e-05
1.9471363607037688e-05
1.2495675785704123e-05
7.910049386916246e-06
4.939158086985324e-06
3.0421393982718692e-06
1.8482293525207342e-06
1.1075956815538597e-06
6.547165321507727e-07
3.8174205544630104e-07
2.1954790640012212e-07
1.2454580255527282e-07
6.968948790065153e-08
3.846286973280034e-08
2.0938721182557782e-08
1.1243214263472987e-08
5.954707994437597e-09
3.868320913870702e-09
2.0023358958701154e-09
1.022292204653806e-09
5.147953193291311e-10
2.55689736499082e-10
1.2525899068473387e-10
6.052282187246592e-11
2.884309265379516e-11
1.3557344466857005e-11
6.2851456980528904e-12
2.873834521336349e-12
1.2960198218579246e-12
5.764515558222566e-13
2.528791934655381e-13
1.0941083569645029e-13
4.668769099550531e-14
1.9648851514341424e-14
8.155725057230555e-15
3.3386935403689214e-15
1.3479602426746415e-15
5.367377683370815e-16
2.107801974716927e-16
8.163531978841899e-17
3.118208310272445e-17
1.1746514347604591e-17
6.0799196864032374e-18
2.2379949351981624e-18
8.1244204614685275e-19
5.1951742061126415e-06
7.421793878287613e-06
1.0455089530115437e-05
1.4523012705483312e-05
1.9892793397251366e-05
4.633878981232117e-05
6.358661088180301e-05
8.614193876060109e-05
0.0001152114121191841
0.00015212862496578642
0.0011338750240837388
0.0015817685192184604
0.002442649098414631
0.0034629467232627676
0.0046871690963549905
0.006263945126422548
0.008264518279714991
0.010764228293098794
0.013839200171295453
0.01756192324606282
0.021995784219547666
0.027188749044139145
0.033166533817344114
0.037587454897911654
0.04484849274498334
0.05280413881785902
0.061346467990654956
0.07032351808186711
0.07954089002856733
0.0887666543966336
0.097739630577685
0.10618077735558212
0.1138070923103599
0.12034710445991077
0.1255568022001818
0.12923470401339343
0.13123477786339605
0.13147605549868702
0.12994805998182218
0.1267115402976697
0.12189444274284504
0.11568349311289043
0.10831216340836274
0.10004610529549701
0.09116731639507682
0.08195834862929148
0.07268777330944176
0.06359790585789686
0.05489549788033775
0.049392546246081456
0.04168127143760873
0.03470010382497444
0.028499024701311732
0.023090732904495346
0.018456653835360968
0.014553743355058773
0.011321444632618353
0.008688267510079516
0.0065775998779902915
0.004912508169353713
0.003619422078281524
0.0026307146137872646
0.0018862756415304464
0.00133423320446316
0.0009310042442475355
0.0006408597109101351
0.00043517470272807514
0.0002915087235520695
0.00019263025714078946
0.00012556835180753257
8.074511359371857e-05
5.121889698341514e-05
3.2049376553784286e-05
1.978252630131927e-05
1.2045201419318889e-05
8.58762843153818e-06
5.111124097711625e-06
3.000698868585938e-06
1.73775431096119e-06
9.926849354601527e-07
5.593564855961432e-07
3.108974653028103e-07
1.7044881512128682e-07
9.217563174990089e-08
4.916778097084689e-08
2.5869286753651228e-08
1.3425320847548761e-08
6.872239376218436e-09
3.469782817730092e-09
1.727960252308182e-09
8.487693684822419e-10
4.1121335506131515e-10
1.9650037418524536e-10
9.261372053937975e-11
4.305268195462033e-11
1.9739457132470562e-11
8.926424432101754e-12
3.981295869954809e-12
1.7513512848681942e-12
7.598385262649375e-13
4.321338502087729e-13
1.832142570567712e-13
7.661126062662685e-14
3.159481574216248e-14
3.3796021958214045e-06
4.844427357566322e-06
6.847458471188291e-06
9.543912740214616e-06
1.3116972458042367e-05
1.7776687874916042e-05
2.375626609893164e-05
3.130513702989984e-05
4.067833145619771e-05
5.212196089095211e-05
6.585495465433399e-05
8.204767101312509e-05
0.00010079851969944334
0.00012211025674570866
0.00014586806713319148
0.00017182185596368606
0.00019957524777667031
0.00022858358627911727
0.0002824454958423126
0.00032226228079520943
0.00036477833083253965
0.0004101506896417869
0.00044215154042859294
0.000493192232571487
0.0017931952683898102
0.0023737544606890803
0.0031432476684644835
0.004744498998054303
0.006301525856289318
0.0083101984554715
0.010864641463750862
0.014064804513453197
0.018012127162979234
0.02280374068175455
0.028525291516040694
0.035242641123907216
0.042992884916308705
0.0517753191661192
0.06154314361868821
0.0721967914067823
0.0835798004718035
0.09547806180358068
0.10762308978016766
0.11969966323519703
0.13135780313149753
0.14222861983097737
0.15194312800952003
0.16015274469137866
0.16463560849049066
0.1696825723239968
0.1725459795225316
0.17311143680351837
0.17135607752916812
0.1673500575689602
0.16125186806048797
0.15329790177992875
0.14378723033680857
0.13306295753317204
0.1214917657279026
0.10944334452648015
0.09727128623788245
0.08529677444142439
0.07379602239637023
0.06299198899887777
0.053050465898221454
0.044080239190360186
0.036136720375408715
0.029228236565422443
0.023324075909496228
0.01836339311441279
0.014264172987315625
0.010931601651677962
0.008265377904762554
0.006808630235883095
0.005033503275338041
0.00367127568338252
0.0026417836125306395
0.0018754629766405226
0.001313554244733342
0.0009076384812581935
0.0006187285098455693
0.00041610844567555304
0.00027607610598105324
0.00018070226432636164
0.00011668293450419204
7.43286865218088e-05
4.670971811457216e-05
2.8957157866013353e-05
1.7709189227466815e-05
1.0683943418916225e-05
6.358441578011097e-06
3.7329485547678244e-06
2.1618796575307617e-06
1.2350517936446397e-06
6.95999476627733e-07
3.8689995353932355e-07
2.1215359852752712e-07
1.1475194007309218e-07
6.122426019246838e-08
3.9969357603900825e-08
2.084354451881874e-08
1.0721590965879836e-08
5.439841366818588e-09
2.7223797627862367e-09
1.343825365425388e-09
6.542818196532612e-10
3.1420353000277014e-10
1.4882565932825057e-10
6.952828937635435e-11
3.20375090651865e-11
1.4560154184943256e-11
6.526493042595372e-12
2.885341170971987e-12
1.2580985016256722e-12
5.410397394466103e-13
2.294762163804846e-13
9.599248124860212e-14
3.9602707886588706e-14
1.6113795974835563e-14
6.466263782195106e-15
1.2524176882865115e-06
1.7978596953676875e-06
2.544910387876436e-06
3.5522153469263424e-06
4.889181635600112e-06
6.002665565543476e-06
8.071071401881682e-06
1.0701097594354586e-05
1.3990574680474521e-05
1.8036525368368907e-05
2.2928745486620522e-05
2.8742054193410498e-05
3.552756215917403e-05
4.3303510584753393e-05
5.204642421392838e-05
8.291881948229891e-05
0.00010222252169908948
0.00012524255435433356
0.00015258811553116666
0.00018495153842484338
0.0008661885542514679
0.0012902226258921024
0.0017604732614918293
0.0023817255955305484
0.003625695714900489
0.00484936722296229
0.0064154735408005785
0.008390633432969603
0.010844312503457885
0.013845458287652393
0.0174581432178083
0.020233577477031913
0.02497771726763601
0.030438543466389627
0.03661345230169164
0.04346783265365473
0.05093056927209527
0.05889131730040754
0.06720011382028417
0.07566975848586845
0.08408603248004776
0.09219869626346984
0.09975612753638873
0.10650377382384779
0.1122015965902938
0.1166381972580573
0.11964383598576274
0.12110122756203619
0.12095315770009211
0.11920623035789381
0.11593040382467859
0.11125436035787027
0.10536273037301372
0.09846468971085348
0.09080801851872415
0.08264811693459054
0.07705404889944867
0.06861077108885812
0.06030050042003062
0.052314541431817976
0.044807613350100396
0.03789509861678021
0.03165308505960827
0.02612079404005952
0.021304845632503906
0.01718474557582311
0.013718982531026123
0.010851185654200374
0.008515894577553758
0.0066436178994487
0.0051649846376165395
0.004013911351386227
0.0031298056568788953
0.0024588991621584478
0.0019548482304645085
0.0015787616353330363
0.0012988145780694152
0.0010895943007094224
0.0009312993737555287
0.0008088877634399396
0.0007112419912762507
0.0006303958175395501
0.0005830315730251036
0.0005189053851240143
0.0004608253984294477
0.00040723860387008835
0.0003573509637490489
0.0003108574958515935
0.0002677373879345474
0.00022810407423545255
0.00019210093976688075
0.00015983413850403523
0.00013133481079394033
0.00010654374893626698
8.531231703754047e-05
6.74142172220802e-05
5.256352793739965e-05
4.043531521304729e-05
3.068600527203537e-05
2.2971563675109475e-05
1.6962305884960795e-05
1.2353827258865751e-05
8.874061127888108e-06
6.286842473763431e-06
4.39257834052475e-06
3.026723677682162e-06
2.056759854861528e-06
1.3783026325625648e-06
1.0473402770763774e-06
6.85728949132247e-07
4.427442129657506e-07
2.818935181396435e-07
1.7698878272095278e-07
1.0958018620262855e-07
6.690238227838218e-08
4.027841494264292e-08
2.3912374022386895e-08
1.3998809649287614e-08
8.081209913858022e-09
4.600208313697299e-09
2.58222191542152e-09
1.4293014603931981e-09
7.801312833503054e-10
4.1987942883621395e-10
2.2284048686065388e-10
1.166207455711632e-10
6.018238831836137e-11
3.0624897165251696e-11
1.5367076118235545e-11
7.603595969582625e-12
3.709862727478713e-12
1.7848738469236362e-12
8.467748873571787e-13
5.110836280848361e-13
2.368663992081167e-13
1.0824939242147437e-13
4.878181244028329e-14
2.1677080812608276e-14
9.498477853264553e-15
4.104096329365295e-15
1.748603555113206e-15
7.34641435201388e-16
3.043474797915829e-16
1.243295056603188e-16
5.0082833717941235e-17
1.9893617124915178e-17
7.791997049243261e-18
3.0094972835305176e-18
1.1461706282007843e-18
6.9887545112331515e-06
9.97401327013937e-06
1.4036220804577898e-05
1.9477828384629792e-05
2.665268535188688e-05
3.596263483567565e-05
0.0002939181253889494
0.00045315102503318716
0.000631094020318774
0.0008673803242433889
0.0011620456595350776
0.00161416993028691
0.0021573647912644035
0.0028460393640376597
0.0037058565643009883
0.00476272188857255
0.006041299720826437
0.00756318627132809
0.009344804542583332
0.011395133649560928
0.013713431035558098
0.016287145324952335
0.01909024289953421
0.022082176356254257
0.025207702914454556
0.028397713324549382
0.031571158098173534
0.03463806303929572
0.03750351894477492
0.040072422716277166
0.042254652246389655
0.0439702882550847
0.045154463417723716
0.04576142924038794
0.04576748548038606
0.045172510949647256
0.044452603357041195
0.04291901632000378
0.040894507923858264
0.03845420466782402
0.03568511449841904
0.03268100231766659
0.029537179099738724
0.026345602555765915
0.023212165562842942
0.020176330051733256
0.017313935763200564
0.014671615893708627
0.012281552425622214
0.010162205109582038
0.00902655992048118
0.007870967838019752
0.007019849218495851
0.006566892417050546
0.006925712331273519
0.007496741900635852
0.00859267618473812
0.010281343588906974
0.012580576777394869
0.015559190844025822
0.01926907416055615
0.022170941797179378
0.027191304439481912
0.03302648510609814
0.040636737631744156
0.048453736609090664
0.057105537760864404
0.0665145656322184
0.07704998351234124
0.08780632736022104
0.09895771619317673
0.11032425175821692
0.12171364717941975
0.13293041889552656
0.14378529052426212
0.15410386100784212
0.16373363274952737
0.17254866428077342
0.18045139228891718
0.18737152664721296
0.19326231130480612
0.19809480702083035
0.20185113294998547
0.2045177568790319
0.20607992048597085
0.2065181219967004
0.20580727494166
0.20468090265017844
0.20199170995083288
0.19808311072107454
0.19294534236402872
0.18658981982061573
0.17905633403125543
0.17041837837815377
0.16078576618077706
0.15030404795164673
0.13915063949309364
0.12752797250760267
0.11565432342292237
0.10375322067849718
0.09204245030536536
0.08072366853304115
0.06997350136317876
0.059936792393178985
0.05072238858587061
0.04240156874732766
0.03500895741865392
0.028545555913726886
0.022983379766821434
0.018271123816512847
0.014340278075137904
0.011111888821566673
0.00849958422358278
0.007058013100902739
0.005283512633676951
0.0039043311037043745
0.002848309247477175
0.0020517419216277946
0.0014598703748506902
0.001026768998803237
0.0007147941499272539
0.0004937508411494528
0.0003399108316594476
0.00023498811131478112
0.00016514925687371394
0.00012010972232393001
9.23447154534568e-05
7.642576445852228e-05
6.848144196656878e-05
6.577249642889268e-05
6.636705172389128e-05
6.889968592650767e-05
7.239824374932999e-05
7.616345635002073e-05
7.968828359599822e-05
8.26059689502906e-05
8.6374001525518e-05
8.813782617405613e-05
8.904901605330328e-05
8.92068972978265e-05
8.885743719219601e-05
8.796627082400383e-05
8.676963212428493e-05
8.555043842407221e-05
8.462219806832776e-05
8.431038042136911e-05
8.493199983874095e-05
8.677440210048638e-05
9.007440084438155e-05
9.499900354052688e-05
0.00010162899544447259
0.00010994661186782337
0.00011982841358582403
0.00013104427402651716
0.00014326307972921523
0.0001560653365444891
0.00016896237751411292
0.00018142131719187197
0.00019289434230814379
0.000202850434409492
0.0002108072552634793
0.00021636075253106285
0.00021921010511855767
0.00021917594010398983
0.00021752202813358706
0.00021264100839858533
0.00020503898218126817
0.00019499873589547587
0.00018289633395963256
0.0001691749954949294
0.00015431610832618422
0.00013880986597020287
0.00012312787204748373
0.00010769968232349745
9.289470907741679e-05
7.901027460984737e-05
6.626595373199689e-05
5.4803764439193095e-05
4.4693309460177285e-05
3.594067332025775e-05
2.8499749324853183e-05
2.2284695350467278e-05
1.7182366416672546e-05
1.3063805684444782e-05
9.794151117135947e-06
7.240593498953561e-06
5.278271852509701e-06
3.794193954614248e-06
2.6894127484733285e-06
1.8797735303961737e-06
1.4689972436436168e-06
1.00304231738712e-06
6.753480380556627e-07
4.4837989983030283e-07
2.935450297440206e-07
1.8950183825186352e-07
1.2063191471342872e-07
7.572183188655634e-08
4.6869476071251525e-08
2.860679349200959e-08
1.7217034819797316e-08
1.0217805446630376e-08
5.979529252685516e-09
3.4505351403279418e-09
1.6968225818638924e-07
2.3958643739084396e-07
3.3499665811176957e-07
4.6265878568679044e-07
6.3049388846492e-07
8.474721906565925e-07
1.123376388573081e-06
1.468429317968077e-06
1.892770377834704e-06
2.405778747162654e-06
3.0152590284799265e-06
3.7265254800344483e-06
4.258342240060552e-06
5.141269966196474e-06
6.1208309600640945e-06
7.185557520460428e-06
8.31803329104485e-06
9.494911782890615e-06
1.0687381405337429e-05
1.1862105357293735e-05
1.298261981743617e-05
1.4011124610108677e-05
1.491055281582875e-05
1.5646766048742034e-05
1.619069629352364e-05
1.6520247799962534e-05
1.662178582688069e-05
1.6491072483052592e-05
1.6133560154689478e-05
1.556401420773503e-05
1.566147016234766e-05
1.5116564345676567e-05
1.4584904898999109e-05
1.4143840176447449e-05
1.387853102458782e-05
1.3879680391169348e-05
1.4240888682852351e-05
1.472797378854808e-05
1.5895203165436907e-05
1.7661286456227783e-05
2.0100226920352447e-05
2.327010099880369e-05
2.720769784177948e-05
3.192308138836158e-05
3.7394482559270505e-05
4.35640376388315e-05
5.033495386281088e-05
5.757068319028138e-05
6.509660548542307e-05
7.270455846998459e-05
8.016031216529336e-05
8.721379169991101e-05
9.36115373772715e-05
9.911059534553424e-05
0.00010349279842180071
0.00010657826205286761
0.00010823691122463219
0.00010839698028491314
0.00010704968023953233
0.00010424957992452765
0.00010011065661278383
9.479838751832874e-05
8.851862473923418e-05
8.431335671926057e-05
7.711955160688692e-05
6.966395841885964e-05
6.220067787763954e-05
5.496538243307393e-05
4.816634625519783e-05
4.197819232069267e-05
3.65383603203351e-05
3.194602986503239e-05
2.8263038080317095e-05
2.551622619516378e-05
2.3700638708080017e-05
2.278307021642656e-05
2.2705587415162648e-05
2.3388818872252806e-05
2.4734972691769263e-05
2.6630684222222375e-05
2.8949890885108692e-05
3.1556966167667356e-05
3.493799151503561e-05
3.7956147808982495e-05
4.0928538223207056e-05
4.374762234112948e-05
4.6323214578439995e-05
4.858722036420717e-05
5.4532646444640275e-05
5.6676886455747244e-05
6.0068738550139694e-05
6.384260040231915e-05
6.823729835216337e-05
7.353481014862443e-05
8.004858745742573e-05
0.0001999526742343074
0.0002757042573082837
0.0003618506793363142
0.0004763070121452898
0.0006261865159188415
0.0008721545417488433
0.0011633544834499965
0.0015119436131790956
0.0019456496085856272
0.0024777275663353288
0.003120563676183053
0.0038851545652349626
0.004780097287097413
0.005810488253162509
0.006976804043957414
0.00827385668347607
0.009689929474587581
0.011206203769777342
0.012796579640830157
0.014427973041516742
0.01551919201909795
0.01713739082013993
0.018677594808534242
0.020097915100685704
0.021351879855015535
0.022396555834620805
0.02319504313448314
0.023718704774628712
0.023948943063434668
0.02422553533830485
0.02405859515885
0.02363285234017014
0.023027413121756928
0.022296155169005172
0.02170752888340627
0.021006974502905448
0.020415898721438293
0.020014012241055396
0.019877769815249444
0.020077553294731192
0.020670191076909677
0.02170044485153518
0.023194749952341668
0.025159299238952583
0.027578137564423053
0.02942472662082167
0.032502377171254294
0.035879322376413995
0.039458366993531335
0.043125471711851784
0.04675437533531335
0.050212255077319363
0.053366139890953034
0.056089696402019495
0.058269938149884945
0.059813378274945934
0.060651161146624534
0.06074277163852433
0.06007802742814737
0.05867719944867131
0.05658926341603577
0.053888443582921594
0.050669350818717825
0.047041125435063065
0.04312105994439637
0.03902819297277494
0.03487733382802775
0.030773904389841
0.02680988205979421
0.023061008090278074
0.01958530389323112
0.01744043048830938
0.014500505466636074
0.01190331763744594
0.00964732582811894
0.007719592076796452
0.006098514458964639
0.004756519961372869
0.0036625445551880143
0.0027841792457704126
0.002089412447526789
0.0015479455048731058
0.0011320961482033693
0.0008173324105385463
0.0005824968082978199
0.0004097883493945769
0.00028456988588228586
0.0001950625648930377
0.00013197977484019746
8.81419404888641e-05
5.81023233660321e-05
3.780372657692677e-05
2.4277347509060226e-05
1.5388257340540942e-05
9.627114927154039e-06
5.944553081178313e-06
3.6229085449013186e-06
3.2238805386190863e-06
2.4567341894822543e-06
2.2005316132630285e-06
2.3291783636757494e-06
2.7785241157162787e-06
3.52642289731598e-06
4.578767545822293e-06
5.959427083072565e-06
3.1687618173161934e-05
4.77488535191344e-05
6.591546516052561e-05
8.990680956133628e-05
0.00012114082792599268
0.00017122346828801467
0.00023051334543427784
0.0003013347316356669
0.0003891119559514035
0.0004962921232923558
0.0006251815492910297
0.0007777728030208227
0.0009555476058971603
0.0011592663423017461
0.0013887590101049185
0.0016427357942684867
0.0019186374847729691
0.002112874497728521
0.002415932571196901
0.0027274605655262427
0.0030401189535819617
0.0033456371305341866
0.003635152594517396
0.003899624897252847
0.004130298496765788
0.0043191818942752485
0.00445950659214414
0.004551335435607817
0.004583272888871279
0.004558029273599477
0.004476950067096089
0.004343538385146586
0.0041632466027455356
0.003943151880064716
0.003691542175236907
0.00358369509848976
0.0033921367860324917
0.003207527054328647
0.0030635005537176306
0.0029767824217569613
0.0030307294091365977
0.0031655942173969003
0.003400227677392242
0.003632002287068057
0.0041052482190316745
0.004742652920750828
0.005556758109981385
0.006556286690033998
0.007745000813806148
0.009120541818319882
0.010673355149797269
0.012385821835972616
0.014231724878251568
0.01617617112292145
0.018176065301730118
0.020181193613398225
0.0221359222799773
0.023981456877945197
0.025658547446257188
0.02711046976613757
0.02828607197151702
0.029142653744008627
0.029648446577022817
0.029784488957451557
0.029548021503671043
0.028944563542639724
0.02799845514339537
0.026744567800997484
0.02522775134588796
0.024096020343985305
0.022259215176664723
0.02030683096096931
0.01836302020808852
0.0163865288290743
0.014458745623583947
0.012631200002126211
0.010940896891770776
0.009416733150123379
0.00812737942020679
0.007010288773082516
0.006106475783839018
0.005417877404729695
0.00494171568126701
0.004670586992538013
0.004594140153845568
0.0047016357150064525
0.004972851668940625
0.005391300072564914
0.005936316889695308
0.006584976559834778
0.007312209581194089
0.008091043319949401
0.008893017446053536
0.00977385751344259
0.010583086800912595
0.011090734862064515
0.011796260378657669
0.012417285965875274
0.012938505278626389
0.013402611582079433
0.013722885275908868
0.013939834937448506
0.014063891799906556
0.014111104958674174
0.014102008639541875
0.014060106033214743
0.014010071776316335
0.013977490974513514
0.01398090907874629
0.014038236577088747
0.014160277137787978
0.014350861203530326
0.014606354585386793
0.014915749422215305
0.015261337073430647
0.015619912359874593
0.01603852380026219
0.016382204718876116
0.016658767125733536
0.016852640103906198
0.016926553868042506
0.016944374495539486
0.01688868999517557
0.016688807654413117
0.0163841886911697
0.015990456496938334
0.015529141089022345
0.015026056661655246
0.014509352770425204
0.014007396767335362
0.013546655414315515
0.013149740162832116
0.012833764202318916
0.012609131807149985
0.01247919508473454
0.012438864499917695
0.01247674227699024
0.012575008406130399
0.012711026629671498
0.012859021770262765
0.012991935457247914
0.013083314759933231
0.013109090692083847
0.013049117782566653
0.012888370443179639
0.012623922297915195
0.012382404049813282
0.011928413156126548
0.011371258260128624
0.010723314095710078
0.010001014190332823
0.009223630482176332
0.008411975094608034
0.007587124863284947
0.007017522444821835
0.006329622409202167
0.005719813449671305
0.005210792340254787
0.00482349213200945
0.004655441065022108
0.004633714603847409
0.004777503854534313
0.005126604322873203
0.005695550536333981
0.00649596974216667
0.0075356510505642195
0.008817410825412287
0.010337833942221706
0.012086008145401676
0.01404239737578675
0.016178014822852894
0.01845405386436631
0.020025895392078413
0.022424064986734646
0.02481507442886157
0.02713136270666521
0.029302554320941206
0.03125868381621716
0.03293369000703398
0.03426892572052308
0.03521641060728311
0.035741563774315845
0.035825189590688374
0.03546455049860215
0.034673438512971916
0.03348124365973707
0.03193110327535581
0.030077291584915063
0.027982066541020218
0.025712225248225012
0.02333596464968277
0.020918419017520323
0.018520451244853665
0.016195385773327436
0.013987640184138023
0.011931823776673215
0.010052506433097366
0.008905413362108849
0.0073489505032650025
0.005989660098439399
0.004821743140851666
0.0038339615382319077
0.003011533316671881
0.002337282389530335
0.001792932039102836
0.0013601328834344781
0.001021262978445343
0.0007600013992890493
0.0005616930690241677
0.0004135336827591682
0.0003046095376725802
0.00022582862085505781
0.0001697774068113871
0.0001305335578042371
0.00010345914347046146
8.499299459714777e-05
7.245506608355442e-05
6.387066666094429e-05
5.781836613438146e-05
5.3302385408573686e-05
4.964824942167616e-05
4.6419293805923774e-05
4.3351077862539216e-05
4.132055599961616e-05
3.824484725754003e-05
3.511826560150195e-05
3.195821782966745e-05
2.8803590776900356e-05
2.5702415304842246e-05
2.2703414675830013e-05
1.9850545237769936e-05
1.7179814560796085e-05
1.4717797385023937e-05
1.248137575214275e-05
1.0478316786571891e-05
8.70837666129359e-06
7.1646860238145865e-06
5.835231852958154e-06
4.704303236940814e-06
3.753813271263274e-06
2.9644456834383893e-06
2.3166029094829437e-06
1.7911527565818714e-06
1.3699845295864078e-06
1.0363938714931488e-06
7.753199020100371e-07
5.734597327182136e-07
4.192850600117682e-07
3.02983997910631e-07
2.4237604658479216e-07
1.716851292049416e-07
3.076496650610796e-06
4.2839155462315145e-06
5.94285967728644e-06
8.170946112560254e-06
1.1250422433572224e-05
1.5109738137101911e-05
2.0023299234483093e-05
2.617429513028243e-05
3.374523571534352e-05
0.0001425253016173459
0.0002100049951944233
0.00028603121772213406
0.0003852888118812347
0.0005131679454051538
0.0006756850245242446
0.0009359596222732894
0.0012115721463386124
0.001550336692639279
0.0019607633409270855
0.002450699907871974
0.0030267052692686453
0.0036933492252942297
0.004452480274851598
0.005009328771004851
0.0059171081853039795
0.006903909536832603
0.00795641711235024
0.009056551703192698
0.01018172695185455
0.011305443142576858
0.012398214669568607
0.013428795946243044
0.014365639405438287
0.015178492202842545
0.015840018766321184
0.0163273271820795
0.01662328015082293
0.016717486018399418
0.0166068908239907
0.01629592572351749
0.015796201879987946
0.01512578284323299
0.014308098531635824
0.013370591743484457
0.012343205238928694
0.011256823667662341
0.010141780098022636
0.009026522935813927
0.00793651782632611
0.0072347509336417575
0.00623287088961706
0.005304344946109392
0.004459039323831862
0.003702554979162217
0.00303665342285839
0.0024598210706635285
0.0019679130639998457
0.001554821666182883
0.0012131223303864268
0.0009346609461135805
0.0007110572058868933
0.0005341102547934835
0.0003970432488086585
0.0002913582440015751
0.00021152143573157462
0.00015221898672899308
0.00010899376691745756
7.819895250474854e-05
5.690331741805294e-05
4.2819817578936936e-05
3.419265288053001e-05
2.9702739588472026e-05
6.878995675042318e-05
9.286232785319088e-05
0.00012168325213331891
0.00014649644302694486
0.00019350003299877408
0.00025420040961501535
0.0003456019265423104
0.00045367904036053015
0.0005821524143590446
0.0007387026883620217
0.0009266573717576998
0.0011489359123608514
0.0014077708334931944
0.0017044094080811286
0.00203881575095153
0.002409398060348397
0.0028127887639507513
0.003243956436890281
0.0036952778863441546
0.004157854288731401
0.004620993907696243
0.005072752459389133
0.005500422489557075
0.0058911188866617075
0.0062324233180612995
0.006513042369473839
0.006723430288374019
0.006856328122418884
0.00690717676771764
0.006894575382322668
0.006806608435169804
0.006639003898461804
0.00639792060913493
0.006091899449167563
0.005731362346995415
0.0053280282771461995
0.004894291164643848
0.004442604521300979
0.003984913599854486
0.0035321685933222186
0.0030939437071713094
0.0026781713830248102
0.0022910046591707364
0.0019367888097330944
0.001618136956771024
0.0013360867572546646
0.0010903160856017432
0.0008793943928353472
0.0007010477382618386
0.0005538279078694112
0.00043232353881830966
0.0003342179624396442
0.0002562684089555441
0.00019540620546365216
0.00016292692499796872
0.00012446870556650583
9.634146952894497e-05
7.662957951912342e-05
6.37438670213235e-05
0.00010412434022063272
0.00012880700609174483
0.00016106514282594712
0.00020724401711923808
0.00026979349719876875
0.0003516353317198931
0.0004561323708089697
0.0006202969667286867
0.0007954581680834424
0.0010095570156391756
0.0012673209332251959
0.0015729813772801691
0.0019298873391632415
0.00234008715430922
0.0028039053071609223
0.0033195479928850016
0.0038827759218391326
0.00448668413690329
0.0051216256421108735
0.005775308054303338
0.006433080514296648
0.006865763194989085
0.00749298186268263
0.008077877742627615
0.008602475995647618
0.009049881269929144
0.009405183860042068
0.009656284301702001
0.00979457257267201
0.009815409076257326
0.009718370820917949
0.009507245897791877
0.009189780338746996
0.008777201468824861
0.008283558915060687
0.007724936917650257
0.007118598543721772
0.006482123544080368
0.005832597285490318
0.005185899342228756
0.004556128224251897
0.003955184827425479
0.0033925229902468166
0.0028750623541791763
0.0024072476031832264
0.0019912298136715192
0.0016271404267068899
0.0014125546559208395
0.0011308942701960848
0.0008942706653777758
0.0006984198938203109
0.0005386844892272826
0.00041029074964172115
0.00030857254954242666
0.00022913958841807206
0.0001695694825518848
0.0001238528157272682
9.042677560683016e-05
6.623569013824831e-05
4.9497007196897846e-05
3.860975271856014e-05
3.234444721563198e-05
2.9785583563933518e-05
3.027339678952948e-05
3.334754132535497e-05
3.8694337408714635e-05
0.00013003404561982956
0.00017456008442353997
0.00023327052223293931
0.00030938930518937836
0.0004066349116767464
0.0005291483600589332
0.0006270472548052677
0.0008447674701535015
0.0010747081447281918
0.0013524595110661396
0.001694592516592927
0.0020892396825076694
0.0025452515228507355
0.0030656168528499245
0.0036500958061145275
0.004295900143951404
0.00499790721303352
0.005753714425064362
0.006540629997210027
0.007349167974928388
0.008162416646417195
0.0089615715053719
0.009726686071435373
0.010437549000437196
0.011074629822809743
0.011620026997564694
0.012058349729513954
0.012377469533707166
0.012569088339972155
0.012629085721903079
0.012557626735205416
0.012359031689045246
0.012159875620837368
0.011769091667900258
0.01127979879267165
0.010707334783891619
0.01006837687026036
0.009380170944940033
0.008659811133243624
0.007923606293939886
0.007186559332299886
0.006461974026665897
0.005761193461355236
0.005093464914345038
0.004465918700266957
0.003883672803620867
0.0033498782814328425
0.002866067542188077
0.0024323044713836146
0.0020474572802189556
0.001709449954747604
0.001415500532550136
0.0011626394222459735
0.000946819857384226
0.0007645511918448532
0.0006121277217460599
0.0004859410804028435
0.00038255814988470986
0.00032471279909712826
0.00025235051475881336
0.00019485603263822712
0.00014977681600940765
0.00011495254095989062
8.850535877887424e-05
6.959655546822189e-05
5.56403660405683e-05
4.605133861858638e-05
3.990791670498789e-05
3.64615256739094e-05
3.511116483420061e-05
3.5379484185621184e-05
3.6890877348523144e-05
3.935187283060126e-05
4.253389023785799e-05
6.854176232828381e-05
8.546383091506527e-05
0.00010452731215088734
0.00012891584278188053
0.00015992436132543055
0.000199063461318566
0.0002480309271676424
0.00031869156871934784
0.0004013269203740677
0.0004986191339103449
0.000574325863932577
0.0007057120003532951
0.0008600616257239433
0.00103864600483787
0.0012420108744339502
0.0014697884902404063
0.0017205345175625574
0.0019916079828369735
0.002279111666694941
0.0025779074183325135
0.0028817159441306413
0.0031833039954101768
0.0034747541509697008
0.0037478043748891674
0.003994237157490057
0.004206292230056502
0.004377073343941597
0.004500918916349492
0.004573708617244392
0.004593082983419267
0.0045585603388495315
0.0044715438641882805
0.0043352206474926635
0.004154363015529364
0.0039350495631073484
0.0037709279613311266
0.003503496185530083
0.0032175524214107113
0.0029209200354386204
0.002621071927747394
0.0023248463894259544
0.0020382250637601866
0.0017661796905612155
0.0015125888205849084
0.001280220787792172
0.0010707752353663637
0.0008849726015594069
0.0007226792606609242
0.0005830554532165107
0.0004647136090967955
0.00036587597996162464
0.0002845224227103755
0.00021852146225059666
0.00016574016533770815
0.00012413065933125666
9.179315636996172e-05
6.708644609182995e-05
4.840106669630576e-05
3.4504208107161116e-05
2.432533274169749e-05
1.698905013249367e-05
1.3324764761164133e-05
9.26161937951886e-06
6.484977150899656e-06
4.6560688810877554e-06
3.513431210981398e-06
2.865807598997439e-06
2.5755585220592945e-06
2.544874961160119e-06
2.7046368991015157e-06
3.0056473625727875e-06
3.411924255621786e-06
3.895727777779379e-06
5.066325115148709e-06
5.994814529910505e-06
6.9853901886781715e-06
8.108580776291016e-06
9.380727768544545e-06
1.0823591419895783e-05
1.2464127759043556e-05
1.459109649658271e-05
1.6939567289521377e-05
1.9567786397656914e-05
2.259655755269689e-05
2.60714649913604e-05
3.00305258803312e-05
3.449921262142273e-05
3.77661947268055e-05
4.4264642609866254e-05
5.056946206436903e-05
5.747364085381205e-05
6.4937835882138e-05
7.290186879714443e-05
8.12867945201247e-05
8.999830989524101e-05
9.89311331196799e-05
0.00010797383515793778
0.00011701351972580127
0.00012593974916787621
0.00017420276258983827
0.0002049773803691141
0.00023847374540413293
0.00028026394561625565
0.00033256741400232854
0.00039793434821382265
0.00047919439807933166
0.0005793660871669293
0.0007300601204103918
0.0008891036399904192
0.0010798815785993162
0.00130551613223973
0.0015684118046035492
0.0017651101567584693
0.0020925380145539966
0.0024578368854790687
0.002858288084073822
0.003289255622640948
0.0037441476552486745
0.0042144676789589355
0.0046900145317916005
0.005159213566672789
0.005609569953051317
0.006028220024842492
0.006402546008889063
0.006720811824709758
0.006972773962258651
0.007150353140503832
0.0072476149943208725
0.00726163467678565
0.00719232238622325
0.007042425565098875
0.006817347524557661
0.006524815095343387
0.006174485574483718
0.005777272772829538
0.00534496042704548
0.004889596241858939
0.004422943385228413
0.0041113330027101064
0.003649959422570046
0.0032041364080921063
0.00278135526084463
0.0023874607917155244
0.0020266294310160855
0.0017014313278072121
0.001412961610764761
0.0011610236316642055
0.0009443461391701778
0.0007608168135378286
0.0006077162289070212
0.0004938332829621831
0.00039872597926307943
0.00032521401081122127
0.0002717562351047752
0.0002360102443756807
0.00021599770748858537
0.00021012585183412393
0.00022151351747433856
0.0002442092852152727
0.00027797878549485635
0.00032380471337325746
0.0003815684220056666
0.00045113880498369034
0.0005322562916256217
0.0005925163447035173
0.0006916086646983683
0.0008001345867157414
0.000916548377843501
0.0010388367316199697
0.0011645330154748204
0.0012907703868595894
0.0014143722268227408
0.0015319750695554043
0.0016401761484957057
0.0017356952034921483
0.0018155386179809654
0.0018771534955997033
0.0019185600181093128
0.0019384522740978677
0.001936260493248416
0.0019121709408336997
0.001867103243258396
0.0018026482506969504
0.001720972372578509
0.0016246964120326195
0.0015167581530023564
0.0014002683056475531
0.0012783689731616368
0.0011541027146136837
0.0010713524361199293
0.0009492806710522661
0.0008316736308549233
0.0007204091781219965
0.0006169366931978401
0.0005222755517941426
0.00043703423489188425
0.0003614462849909915
0.0002954188011950601
0.00023858898708855477
0.00019038440315657663
0.00015008298503112926
0.00011686951028457043
8.988595901451934e-05
7.007003720380414e-05
5.3753832033716364e-05
4.1480140923300084e-05
3.262777245703218e-05
2.667004906309344e-05
2.3176188263663244e-05
2.1806542071010597e-05
2.230287451036633e-05
2.4474844984856567e-05
2.8183823664596537e-05
3.332512328149925e-05
8.686369447531593e-05
0.00010475584057400098
0.000146411974871959
0.00019341896911674445
0.0002538284987810355
0.0003305626034886907
0.000426893437726655
0.0005463608509223629
0.0007125434701562173
0.0009058586686679685
0.001131607777976018
0.0013992159592159678
0.0017119331504558963
0.00207194785333674
0.0024800166378750607
0.0029353959692709902
0.0034345325179004718
0.003972229630771129
0.004543288022176279
0.005133576664778041
0.005732757837407875
0.006327016943657879
0.006901365338650942
0.00744029266360549
0.007928497723631998
0.0083516466603986
0.008697102753986826
0.008879048246142612
0.009073539961741622
0.009169428611959093
0.00916473319178455
0.009176029917362105
0.009041159642557275
0.00882748978681681
0.008560658992186465
0.008258453823455221
0.00794066675291919
0.007628303084010668
0.0073427088215618965
0.007171743415571852
0.00702865688584296
0.006979002020437038
0.007039138062279558
0.007220628060030373
0.007531066130919744
0.007972647935575101
0.008541748626316648
0.009228749717079494
0.010018093095528759
0.010888645118399189
0.011814381455089668
0.012765379164053561
0.01370922647931675
0.014317682375610586
0.015174446014513624
0.015935642905301174
0.01657210697902736
0.017059071525398026
0.017377299962271768
0.017513907002681448
0.017464106537203143
0.01722662490764777
0.016809742453793478
0.01622678343837814
0.01549611905491414
0.014646299223931996
0.013693404933005903
0.012667276961081924
0.011595675600091525
0.010505050761860594
0.009420144405976862
0.008363202566234426
0.007353380921262337
0.006469535663803225
0.005631484648811344
0.004881186098601718
0.004231540513548308
0.0036871452997016742
0.003383799110258146
0.0030183086155112274
0.0027588809113648885
0.0026252092153329497
0.0025860341182681623
0.0026380661134660483
0.0027819995853795034
0.00301138625708905
0.003318802791225989
0.003695747224920677
0.004132526091662051
0.004618156852932375
0.0051403505250317925
0.0056855692697093336
0.006239205686143872
0.006785882893030218
0.0073098713315779525
0.007795602386308418
0.008228246371996602
0.008594313236075369
0.00888222964312234
0.009082846511924703
0.009189836454591236
0.009200045376880288
0.009113261290086308
0.008932567133999111
0.00876275281742057
0.008439983783373909
0.008044498694685738
0.007587894538058189
0.007082919609928217
0.006542934187948163
0.005981247706464453
0.0054107330831852
0.004843354632947557
0.004289799474317486
0.0037592272180056495
0.00325910466445637
0.0027951321549345553
0.0023712545609862155
0.001989746485052785
0.0016513586883072722
0.0013555110721029692
0.0011005167357291494
0.0008838217238240351
0.0007022460344474736
0.000552213199010402
0.0004299581172265622
0.0003317056236623922
0.0002538152287305865
0.00019289036007368298
0.00014585299962342375
0.00012085306532601196
9.111139213326283e-05
6.884974002928631e-05
5.2336351708534016e-05
4.016724384653901e-05
3.12710562905356e-05
2.47152951338671e-05
1.987285092846178e-05
1.625568036262142e-05
1.3509110799510387e-05
1.1381371623132366e-05
9.6980720092792e-06
8.34146107548185e-06
7.234038684662011e-06
6.325941351924509e-06
5.585479268565208e-06
5.127412658825089e-06
4.724777442007773e-06
4.46475809256424e-06
4.3427067531866126e-06
4.354309721745656e-06
4.529827021666086e-06
5.190894487082635e-06
5.751636268209514e-06
6.484288509373638e-06
7.0721199321493085e-06
8.109793810677154e-06
9.343738789516853e-06
1.0784805928130012e-05
1.244352652220843e-05
1.4328762295277578e-05
1.644599877046443e-05
1.8795365693095636e-05
2.1369521577262688e-05
2.4151587840933672e-05
3.963101611782305e-05
4.963839546373963e-05
6.0696815048353613e-05
7.443087303101364e-05
9.143833347847197e-05
0.00011239782714038102
0.00013805535711361542
0.00016919974312175579
0.00021127170102336362
0.000259551351754471
0.00031520018367322487
0.00038020831096262673
0.000455102824215879
0.0005403865221750645
0.0006355115353392705
0.0007401061976961225
0.0008146063030357362
0.0009324347997234718
0.001055857350618061
0.0011825332059771116
0.0013097179625611642
0.0014343628505523692
0.0015532419554362483
0.0016630992481870264
0.001760805082948569
0.001843510651954366
0.0019087889264251142
0.001954751854485183
0.0019801358590501267
0.001984350667833447
0.0019674898170036997
0.0019303043846920424
0.001874144264523807
0.001800873319081661
0.0017127659282910423
0.0016124372650056567
0.001502566455873601
0.0013859997785423562
0.0012655114303749266
0.0011437409700562628
0.001023114920312652
0.0009057850014906883
0.0008303152169174103
0.0007223803478851547
0.0006218517678864881
0.0005296209285246862
0.000446236539904343
0.00037193015805149157
0.00030665148860315014
0.00025011075928618937
0.00020182536834442423
0.00016116802980630673
0.00012741382188655897
9.978389207222572e-05
7.763433652632124e-05
5.995065547460702e-05
4.610724766504291e-05
3.5435773342694457e-05
2.7341034814562696e-05
2.130661262532241e-05
1.6895468490107497e-05
1.374658066690274e-05
1.1568685490415807e-05
1.0132127269219395e-05
9.259695002022522e-06
8.817174186408722e-06
8.704186426499094e-06
8.845743259939626e-06
9.05282153220167e-06
9.497885300019563e-06
1.0068960303627197e-05
1.0729952086535809e-05
1.1446234856521295e-05
1.21831058247988e-05
1.2905316650876417e-05
1.357749991296959e-05
1.4165271834532193e-05
1.4636768092926815e-05
1.496436066547833e-05
1.5126312738381289e-05
1.5108156443046904e-05
1.4903623123542771e-05
1.4515014216740745e-05
1.3952966938065122e-05
1.3235635887714308e-05
1.2387372258504397e-05
1.143703016673848e-05
1.0416060085059166e-05
9.356560121233339e-06
8.289447240852737e-06
7.242885176214184e-06
6.241068280724544e-06
5.303416651555593e-06
4.721220725628636e-06
3.919654225308114e-06
3.2090083530810854e-06
2.5907115271862744e-06
2.062476041073528e-06
1.6191151642331584e-06
1.2533820990668573e-06
9.590011974734462e-07
7.233827295223378e-07
5.390757713936009e-07
3.9754789335402477e-07
2.910267572786556e-07
2.1267714188378785e-07
1.8793265293458394e-07
1.6248095150416536e-07
1.5521618856696245e-07
1.6662118705603804e-07
1.9205849823348457e-07
2.3299767363125822e-07
2.8986335840603216e-07
3.6346657486359945e-07
5.463201800347874e-07
7.068414344903155e-07
8.942535330925411e-07
1.1211173169663402e-06
1.3921518044401872e-06
1.5996608285794678e-06
1.954338098497905e-06
2.3644338586366863e-06
2.8328528637852214e-06
3.479381015510277e-06
4.142224661067097e-06
4.867136395352134e-06
5.672632224938603e-06
6.5587918209986935e-06
7.5238388983903925e-06
8.5638866802513e-06
9.768120783945105e-06
1.0977103380346211e-05
1.2294190179161655e-05
1.36378955275851e-05
1.5029014049417713e-05
1.6455418374638903e-05
1.7903559813516216e-05
1.9358632144750977e-05
2.0804735383431043e-05
2.2225029266802287e-05
2.3601872485448858e-05
2.491695194758086e-05
2.6151415263942713e-05
2.7286027503668145e-05
2.8301378358641735e-05
2.890247582463851e-05
2.9676390905480764e-05
3.0280913162951235e-05
3.069921995493279e-05
3.091655029285094e-05
3.092095220273616e-05
3.0704055057754155e-05
3.0261806472878645e-05
2.9595105522211273e-05
2.871026342952435e-05
2.7619230200441345e-05
2.659348312354856e-05
2.535969441776776e-05
2.3964188997366666e-05
2.25247469175042e-05
2.109099374030559e-05
1.9715865660332587e-05
1.845383160861095e-05
1.735886312068211e-05
1.6482210181201174e-05
1.587005352232692e-05
1.5561117881398303e-05
1.5584346952801218e-05
1.5956758463793027e-05
1.6681614778806108e-05
1.7355448496145095e-05
1.8633530993988982e-05
2.0197133192645562e-05
2.199251438771892e-05
2.3952053012860585e-05
2.5996694502613225e-05
2.803929509012334e-05
2.998872395213654e-05
3.175450002812055e-05
3.3251665075557375e-05
3.440554253494115e-05
3.515601217134981e-05
3.546094917792852e-05
3.529853442335219e-05
3.466823521224884e-05
3.359037355466805e-05
3.213259023710933e-05
3.03061300023645e-05
2.819908175062206e-05
2.588803111446377e-05
2.3452804643291675e-05
2.0971984321746984e-05
2.0183289228024146e-05
1.8540750020380782e-05
1.7307090576195194e-05
1.6599151687917135e-05
1.6477239904230797e-05
1.6906691407383163e-05
1.817538351372156e-05
2.0399098766068324e-05
2.368888694324245e-05
2.814641301834639e-05
3.385749878528701e-05
4.0883986191675735e-05
4.9254332985296034e-05
5.8953638430149156e-05
6.991405180172297e-05
8.200669953168674e-05
9.503634083617764e-05
0.00010873989715850412
0.00012278978265547482
0.00013680259523315963
0.0001503532361307048
0.00016299395802149658
0.00017427726158886903
0.00018378104265394726
0.00019113400952157656
0.00019603920437981799
0.00019829351168426022
0.00019780132842253808
0.0001945810804349604
0.00018876393882193165
0.00018355531154087823
0.00017397634558442024
0.0001626120814962489
0.00014988302298848057
0.00013623446641331877
0.00012211092804055793
0.0001079327600340975
9.407660127134783e-05
8.086080118306897e-05
6.85363800110461e-05
5.7283521421143737e-05
4.721309802104901e-05
