Y :74.0% Calcite, Diffracto n :868
Y :6.0% Gibbsite, Diffracto n :866
Y :20.0% Dolomite, Diffracto n :61
N :Hematite
0.0
0.0
0.0
0.0
0.0
0.0
0.0
0.0
0.0
0.0
0.0
0.0
0.0
0.0
0.0
0.0
0.0
0.0
0.0
0.0
0.0
0.0
0.0
0.0
0.0
0.0
0.0
0.0
0.0
0.0
0.0
0.0
0.0
0.0
0.0
0.0
0.0
0.0
0.0
0.0
0.0
0.0
0.0
0.0
0.0
0.0
0.0
0.0
0.0
0.0
0.0
0.0
0.0
0.0
0.0
0.0
0.0
0.0
0.0
0.0
0.0
0.0
0.0
0.0
0.0
0.0
0.0
0.0
0.0
0.0
0.0
0.0
0.0
0.0
0.0
0.0
0.0
0.0
0.0
0.0
0.0
0.0
0.0
0.0
0.0
0.0
0.0
0.0
0.0
0.0
0.0
0.0
0.0
0.0
0.0
0.0
0.0
0.0
0.0
0.0
0.0
0.0
0.0
0.0
0.0
0.0
0.0
0.0
0.0
0.0
0.0
0.0
0.0
0.0
0.0
0.0
0.0
0.0
0.0
0.0
0.0
0.0
0.0
0.0
0.0
0.0
0.0
0.0
0.0
0.0
2.9220940820348542e-37
5.368800568052376e-37
9.475122519859855e-37
1.6062638398220653e-36
2.6156125739949253e-36
4.091235092945058e-36
6.146953685461915e-36
8.871354448936001e-36
1.2298280882355907e-35
1.6376585975154282e-35
2.094724040206364e-35
2.5736811986283854e-35
2.887119452057062e-35
3.317163121345754e-35
3.660946562560557e-35
3.8810070935966134e-35
3.952027600254149e-35
3.865627364756491e-35
3.6319887162751587e-35
3.2778832408342875e-35
2.8416262410536507e-35
2.3662733634965152e-35
1.89272431351049e-35
1.4542339945211024e-35
1.0732618932700975e-35
7.608544982516945e-36
5.1811003134355155e-36
3.3889633711471075e-36
2.1292969619265985e-36
2.988847986961848e-36
6.674002185247704e-35
1.5953298172782418e-34
2.8203210232091973e-34
4.7966496368449985e-34
7.842417697515862e-34
1.2319632746546787e-33
1.859525361105406e-33
2.6968221295201038e-33
3.3794254788137287e-33
4.5852562572392584e-33
5.9775886805839216e-33
7.4977701177712e-33
9.038242854375045e-33
1.0484671913851483e-32
1.1717447086816896e-32
1.263605339556926e-32
1.3175142252548855e-32
1.3309679407527947e-32
1.3047789061887334e-32
1.2416980710430107e-32
1.1453934776722877e-32
1.0205402803025698e-32
8.738474215130879e-33
7.150626083414702e-33
5.560303289872455e-33
4.0916420839572325e-33
2.8425446619188776e-33
1.8645285012429367e-33
1.158832250505953e-33
6.886958054554459e-34
3.991448037640156e-34
2.3473248298262962e-34
1.500137805562731e-34
1.1263458613397448e-34
1.033490050050784e-34
1.0277883537951138e-34
1.1076769734614632e-34
1.2416527115224898e-34
1.6344027785742247e-34
2.1092454073356455e-34
2.687031378672887e-34
3.535046801817693e-34
4.779368835506021e-34
6.5678027587716405e-34
9.89085772037944e-34
4.6340989090338126e-33
1.191345225334543e-32
2.621683048477737e-32
5.419084142698318e-32
1.037328589661323e-31
1.825704969316182e-31
2.9435663921828207e-31
4.339232934957709e-31
5.842539613066513e-31
7.1811778194227895e-31
8.054899125581525e-31
8.243694682182677e-31
7.697477265241362e-31
6.55731044140515e-31
5.602376987827585e-31
4.099954611180044e-31
2.740950778027669e-31
1.6783713409334512e-31
9.481912579296471e-32
5.050999360005596e-32
2.69972067465575e-32
1.6625638368920718e-32
1.3713668885647336e-32
1.4738031080640394e-32
1.7781635655616575e-32
2.186556798835761e-32
2.645176239895514e-32
3.1160988446920355e-32
3.565046554716e-32
3.9584255467677415e-32
4.264894280597552e-32
4.458638924054818e-32
4.5227063513190737e-32
4.451376725111851e-32
4.2509823005606494e-32
3.938971289715072e-32
3.541397507047629e-32
3.089333029136466e-32
2.614886492631133e-32
2.147528349121629e-32
1.8520411978679354e-32
1.446437619735702e-32
1.0960905209360623e-32
8.059176401375377e-33
5.749529410465319e-33
3.979891194305139e-33
2.6730508033185803e-33
1.7419680436096944e-33
1.1014630720973256e-33
6.757659478288492e-34
6.785690980163662e-12
1.2276688974898689e-11
2.1335013115540653e-11
3.561468115670959e-11
5.7107045590927293e-11
8.79578915649383e-11
1.301320926168441e-10
1.8493474059103864e-10
2.5245098926989323e-10
3.3102449898543826e-10
4.169343554661293e-10
5.044286134919247e-10
5.862140600699403e-10
6.54390872282887e-10
7.016858536027228e-10
7.227243622895303e-10
7.208043371942246e-10
6.942589824656404e-10
6.423180246389835e-10
5.708252778633671e-10
4.872824496518499e-10
3.995607580452698e-10
3.1470915191729457e-10
2.3810055210237445e-10
1.7303578114403884e-10
1.2079137329513857e-10
8.099540949491694e-11
5.2168623486604905e-11
3.227623251564925e-11
1.918142105908676e-11
1.094972489126612e-11
6.004130489987238e-12
3.1624343784113316e-12
2.57571095323292e-09
4.711584785760288e-09
8.281460236321723e-09
1.3983309788012128e-08
2.2680247575912714e-08
3.533562807668395e-08
5.288141274871815e-08
7.601826630469039e-08
9.46860459649175e-08
1.273240923442815e-07
1.654686186431102e-07
2.0640918070433643e-07
2.474290415233284e-07
2.8575548943184215e-07
3.184019029103381e-07
3.429858128168217e-07
3.5820670741645237e-07
3.641055552668315e-07
3.6201381542681934e-07
3.541867033657684e-07
3.432121509467685e-07
3.313591780955918e-07
3.2005037455513575e-07
3.096042026133704e-07
2.9930719874110576e-07
2.8777399224934693e-07
2.73469490738717e-07
2.5522941180849043e-07
2.326316772941454e-07
2.0613146054884263e-07
1.7695228442616857e-07
1.4679626035966494e-07
1.1747704263462097e-07
9.058161896182306e-08
7.457760564213535e-08
5.395534324186787e-08
3.7548153643062363e-08
2.512729586445281e-08
1.6166740236100447e-08
9.99914747233756e-09
5.944701125233491e-09
3.397023671604708e-09
1.8657422276350042e-09
9.848669061428696e-10
4.99652483995578e-10
1.1827258739015066e-08
2.1505254160006606e-08
5.561479195605293e-07
1.2543988269268465e-06
2.222749577628865e-06
3.7859274835180325e-06
6.198313685115618e-06
9.754164520388762e-06
1.4754302625271911e-05
2.145145523951393e-05
2.9977960538905746e-05
4.0267327257151065e-05
5.1988511544213006e-05
6.451557414157973e-05
7.695260900713466e-05
8.466569418717461e-05
9.453673536628968e-05
0.00010145971296401608
0.00010466131836489038
0.00010377330274456929
9.88968264352305e-05
9.059049311733945e-05
7.976091698020226e-05
6.750126163766398e-05
5.491122352996232e-05
4.294010099809838e-05
3.228242457985192e-05
2.3338020930782687e-05
1.623076638866343e-05
1.0867960190088832e-05
7.017648354019798e-06
4.383706267071173e-06
2.665318741221928e-06
1.595410670845982e-06
9.590369869483395e-07
5.965229318343426e-07
3.9728582259807706e-07
2.8955511172740586e-07
2.2962609860279235e-07
1.9262897513857982e-07
1.6551539014848402e-07
1.4973751608343532e-07
1.2751076913936677e-07
1.0636206094987064e-07
8.64707110009925e-08
6.83471868995296e-08
5.245986414997793e-08
3.907924933812965e-08
2.8246530504954808e-08
1.9807609071645384e-08
1.3474835798963886e-08
8.892600360927405e-09
5.6930264814179304e-09
3.5356126376345295e-09
2.130062182958009e-09
1.2448746444407188e-09
7.057721643314899e-10
3.881583411628856e-10
2.070898355393934e-10
1.0718008403506762e-10
5.3811468996033366e-11
2.6208432402281415e-11
1.2382623967002022e-11
5.675312304653588e-12
2.5233197506207236e-12
1.0883291214344925e-12
6.108790740925065e-13
2.5046801864501593e-13
9.962188459961046e-14
3.8438166836372824e-14
1.4387191451990477e-14
9.403657043704873e-09
1.5751000220556586e-08
3.8229064489347e-07
7.917861295561189e-07
1.2973778082731766e-06
2.06326871262758e-06
3.1847349254367994e-06
4.771079446938518e-06
6.937193552582486e-06
1.2563503441719788e-05
1.8388309607076776e-05
2.641189471492526e-05
3.7221753136359e-05
5.143041350183341e-05
6.959045785846152e-05
9.206720706283522e-05
0.00011887797924664258
0.00014952394709964219
0.00018285751800446647
0.0002170373478332516
0.00024961703827034636
0.0002690652925096554
0.0002927278125546904
0.0003075604394759625
0.0003117872106317013
0.0003047313928657578
0.0002869697206861662
0.0002602519162850826
0.00022720176115120184
0.0001908732482986613
0.00015426897260539566
0.00011992803102239152
8.966021940648532e-05
6.445566206921092e-05
4.4551688124394665e-05
2.9606111190535973e-05
1.8914568053364667e-05
1.1617263700856943e-05
6.859755323433897e-06
3.894273757463406e-06
2.1256145535708026e-06
1.1156357183716003e-06
5.631111449840787e-07
2.7338220201289277e-07
1.2768533460760414e-07
5.738789463329226e-08
2.482848704447531e-08
1.3907904020408535e-08
5.652252389018292e-09
2.2141039574664176e-09
8.365570594844029e-10
3.0512861804718985e-10
1.0754792383759881e-10
7.289735490788638e-10
1.2893363184435614e-09
2.2672887099431667e-09
3.8540704231291175e-09
6.3001975337949795e-09
9.894725331932284e-09
1.492775515640907e-08
2.163280683811991e-08
3.011315927817787e-08
4.026469101720796e-08
5.171504757565027e-08
6.380195354261019e-08
7.560935113243378e-08
8.606796435563593e-08
1.3963139142981749e-05
2.5046085105664324e-05
0.0004904306093402092
0.0008886781737970445
0.0018559624857014169
0.002647303747786282
0.004365326342478027
0.00692231321429383
0.010555933696311743
0.015479049227568762
0.021826651145176564
0.029595492128168803
0.03858737612511416
0.0483779343765494
0.05832160467928506
0.06760677322534484
0.07535791019347127
0.08076912463661731
0.08324160684047506
0.08249267470012535
0.07860897538262987
0.07202999909721955
0.06346624053157282
0.05377307441719538
0.04381125757176545
0.034325209515508354
0.025861733922841273
0.01873840953864401
0.013057398338800175
0.00875091977601494
0.005641003058691293
0.004119645499304727
0.0024894793986914433
0.0014474815679806805
0.0008099653680642707
0.00043630660120801227
0.00022633445154836244
0.00011312376338043018
5.4509672962896376e-05
2.5342966188229086e-05
1.145250135673479e-05
5.065604607341633e-06
2.283925976694762e-06
1.1790675592407683e-06
8.533735878138075e-07
9.131588788144767e-07
1.1998785977534704e-06
1.6585637194006636e-06
2.2749463586959666e-06
3.0494935991155755e-06
3.968197964781434e-06
5.1231300678418746e-06
6.374171502935007e-06
7.800002111963558e-06
9.290961030788809e-06
1.087928131433554e-05
1.2570399367614501e-05
1.3765662715272358e-05
1.5686510391682208e-05
1.7796064195716502e-05
2.012245507491982e-05
2.2660194839136913e-05
2.534850494541934e-05
2.8057746898072323e-05
3.059070263917901e-05
3.270229354739659e-05
3.413621442178713e-05
3.4671430923861536e-05
3.92751748187559e-05
4.1733882417065174e-05
0.0001858666867108972
0.00030965177272506794
0.0006043258310443303
0.0010064777257384402
0.0016286331770005659
0.0025476010896081816
0.0038444648177183354
0.005584833669650178
0.007853501330619742
0.010596972121532267
0.013789481842041625
0.017260150215566955
0.019640518330015344
0.023131770960639075
0.026296546021503112
0.028892357718933413
0.03072729161414592
0.03169732759907595
0.031795808992223715
0.031106384191001583
0.029776626049683105
0.0279811734716617
0.025885430011389963
0.023620091775786063
0.021272370657384725
0.018893324101465048
0.01651487190194475
0.014167451432298013
0.011890847780739426
0.009735282162094646
0.00775464573703984
0.0059964736417894675
0.004493286339799149
0.0032576254854129513
0.0022822516510378576
0.001543492931830472
0.0010068952680565302
0.000633287094211605
0.00045554287957991267
0.0002701445691891305
0.00015514320846124393
8.721348754046324e-05
6.688673094052628e-05
5.94609163569663e-05
7.994304450077927e-05
0.00011342785398475843
0.00016802415635100255
0.0002480783055188386
0.00035913560231450986
0.0005069722888464997
0.0006964682048606814
0.0009303372165558867
0.001207828636524819
0.001523601860654862
0.0018670309390406983
0.0022221908907944636
0.002568701067718662
0.0028834505541559543
0.0031430541594547217
0.003326687310495202
0.0034188373563952567
0.003411462884326994
0.003305148010465722
0.003109021257135259
0.0029362254450007474
0.0026293694317701404
0.0022860643006955253
0.0019297392061519345
0.0015815448711895997
0.0012584532493400656
0.0009722229234767574
0.0007292375214451755
0.000531065987800885
0.0003754976524680193
0.00025778009517752275
0.00017182275067022067
0.00011120101665937697
6.988034945032972e-05
4.264145247558589e-05
2.5268951087390524e-05
1.4621757182995072e-05
8.291884199391068e-06
4.710209000957551e-06
2.826022257897014e-06
1.9935232208626505e-06
1.8288503705644633e-06
2.117723848782011e-06
1.0025517767488406e-05
2.2516073382204284e-05
4.930818256643978e-05
8.05680484574764e-05
0.0007416358496681692
0.0017007961573110902
0.003923171446520028
0.007781175642522404
0.014205510854825527
0.02384181972504321
0.03675688796409151
0.05202810221783306
0.067596847902134
0.08060701286846163
0.08822684649967671
0.0886473940514034
0.08177779324593691
0.06927371196579322
0.053889182404182216
0.038497828322359276
0.025254058586050298
0.015209483379127302
0.008407265940759471
0.004264172224729286
0.002004834040203681
0.0008824611842345356
0.00040133717746906867
0.0002311772314659282
0.00020796050546505494
0.00024581177556154285
0.00033938889759243065
0.000476947814875337
0.0006572361417019608
0.0008810849871400908
0.0011473671627449358
0.0014509591674655249
0.001781776734201406
0.002124786171941188
0.0024603880743083416
0.002766525513592513
0.0030207230696162983
0.003202850214240526
0.0032977547299067717
0.0032973519846753985
0.003201769575425022
0.003019321406681168
0.0027653167965668982
0.0024599404335633825
0.002125763733080749
0.001784574890522028
0.0014557088576982826
0.0011541085948920955
0.0008896651372688182
0.0006672746574538472
0.0005428091148086813
0.00039012216584114346
0.00027431461761890356
0.0001897622976017145
0.0001303928313373496
9.036892096104688e-05
6.45104815643377e-05
4.849763704254773e-05
3.891571857234416e-05
3.3202569442516434e-05
2.954524182603212e-05
2.675633116633338e-05
2.4146096271471276e-05
2.1398042466893253e-05
1.8452515751634284e-05
1.540285682786295e-05
1.2409191746985073e-05
9.634209097964339e-06
7.202857605780098e-06
5.184511971810028e-06
3.593026472168893e-06
2.398259546281496e-06
1.5425147814064106e-06
9.566371182239287e-07
5.7254322150039e-07
3.310097674680446e-07
2.2546982950180295e-07
1.2336775570808787e-07
6.542215658069797e-08
2.1190274562166158e-07
3.4000635935036826e-07
5.704800864838645e-07
9.621188474850226e-07
1.5437341270832e-06
2.4062095148259583e-06
3.580666261878784e-06
5.133049255346026e-06
7.065262356044876e-06
9.352723409391246e-06
1.1909612950826411e-05
1.4592223595558398e-05
1.720865294441965e-05
1.954055495728576e-05
2.137390815795746e-05
2.2532716451521025e-05
2.2908037037875918e-05
2.2475446129946293e-05
2.1296914841765e-05
1.9507155880093655e-05
1.7288430475676692e-05
1.4840870805842838e-05
1.3255413114116958e-05
1.0894197802415863e-05
8.771296154749022e-06
6.9881612423479265e-06
5.60740212264194e-06
4.658990608739323e-06
4.146670242785034e-06
4.052139340008768e-06
4.3362193246688124e-06
4.937894355809348e-06
5.7733340976229205e-06
6.737432256580113e-06
7.709851162626543e-06
8.570447066258031e-06
9.200812054303178e-06
9.517423514338173e-06
9.474753964266262e-06
4.6434814439055045e-05
9.767619228714762e-05
0.00020215998816518156
0.0004136700665302558
0.0007433446203611528
0.001232960068676238
0.001868655335604727
0.0025913779972821984
0.0033006099492091222
0.0037063313101804115
0.00413984215347099
0.00432430279251756
0.004288150265171446
0.004124507015014907
0.003945111541311615
0.003837760117564138
0.003864757086947259
0.0039754475283103295
0.004126890933920406
0.004293733368015344
0.004404795523600705
0.004466585607656547
0.004498687951388604
0.004540211883356017
0.004636557100366685
0.004827536315671664
0.005134613405842012
0.005553341393793999
0.006050870310673789
0.006569548362040551
0.007036274763957494
0.007375577008006128
0.007523625632522105
0.007443857755380279
0.007121405323120032
0.006782495115372436
0.00612134526454861
0.005332025747890277
0.004484148977161377
0.00364496755222209
0.0028702091591874235
0.002198554220526315
0.0016500843699910866
0.0012280678554584957
0.0009228761699679831
0.0007167076529948641
0.0005880353693709511
0.0005151213141387825
0.0004783693123229581
0.00046160558175571014
0.00045253736938993144
0.00044372519773302934
0.0004287919248100889
0.0004062189898262245
0.0004046123502166784
0.00039270643480604825
0.0003939835634345187
0.00044328979722982396
0.0005253687285740135
0.0006702003747151107
0.0008980221834055527
0.0011026925833921984
0.001498553416279681
0.002004265081245261
0.002612620306882979
0.003300556145947774
0.004030123391780477
0.004749719456111171
0.005399543745775789
0.0059193105769696445
0.006257047728223989
0.0063772170202870265
0.006266485065607623
0.00593597307880824
0.005419504458157904
0.004768548512091515
0.00404292257431251
0.0033031777199620848
0.0026015742120294974
0.001993832613340553
0.001481228765432313
0.0010903924728537279
0.000812657152930363
0.0006458763679149739
0.0005815735045857396
0.0006108338875542009
0.0006780072383697458
0.000843484322263219
0.0010768811834529128
0.0013638505006173599
0.0016850821628350673
0.002015944335883469
0.002327836317112316
0.0026870995048825057
0.0030252535560713837
0.0034444366298572995
0.0040737682610946365
0.009769896102390024
0.018420816496990608
0.03694165426633
0.07156891004340486
0.1301560037885181
0.22097146083836755
0.34774092675574825
0.5054687887564407
0.6775320813465268
0.8369449826511066
0.9527978153233939
1.0
0.9680983244011634
0.8649271891012839
0.7134098983017144
0.6002516532184506
0.4334312710575942
0.28884908986911423
0.17754397071124084
0.10056597997283144
0.05244239270763141
0.02515274817162654
0.011087796344948872
0.004491764526754441
0.0016746837447356381
0.0005779492629615988
0.00018818917171695295
6.156817107063139e-05
2.4119280265374182e-05
1.4480915170365143e-05
1.3006548472433483e-05
1.3864437096768959e-05
1.5331537045498956e-05
1.68237022521485e-05
3.611105570467397e-05
4.952646313650684e-05
6.936341554481464e-05
9.87123999984939e-05
0.00087065615836006
0.0014311626130668522
0.0022950278946823116
0.0034921446114024152
0.005412813314171424
0.00816168351726996
0.011966734957004132
0.017056722567798062
0.023630157904368166
0.03181567919938295
0.041628168996943264
0.05292769649772435
0.06539026585730759
0.07849958435836799
0.09156702547982061
0.10378258702703862
0.11429357647679429
0.12230129982973692
0.1271608593166976
0.1284668373352753
0.12610908523550368
0.12028797805773735
0.11148622103275348
0.10040272321665321
0.0878611056289018
0.07470942083170234
0.061727854851312304
0.04955784746376952
0.042130974375531385
0.03224291378219744
0.023980273996885258
0.017333076327016663
0.012182424350683974
0.008336821978701456
0.005716727487526502
0.00401341818868128
0.003203992588211504
0.0032565427270801733
0.004198021118559731
0.006076121725280883
0.008836140075060004
0.012235364447811873
0.01580402852575844
0.01890710350506911
0.020906853779365804
0.02136256864259966
0.02017985034401805
0.017633602175245774
0.014259475945238612
0.010673298142851681
0.0073950602544815
0.004743896304959332
0.0028215621292420425
0.0015651366035769473
0.0010233855283512448
0.0005298448034110849
0.00028742352050933076
0.00018420849399300663
0.00015062333045859737
0.00014819106108433195
0.00015814754807169418
0.00017748162738189107
0.00019987779724347645
0.0002294665013324399
0.00027015482023488266
0.000325914651654467
0.0003983616860935852
0.00048398407910562376
0.000572358328238073
0.0006470931850760061
0.0006902139583850603
0.0006886412193192146
0.0006396442026089078
0.0005522313830156354
0.000443639995983887
0.0003329061940362976
0.00023489703168692077
0.00015734094276513043
0.00010125705620839773
6.342544108937756e-05
4.6005911464971726e-05
2.819506402547286e-05
1.7159101952528044e-05
1.0533180091834373e-05
6.490201357152915e-06
4.237240767050646e-06
3.5771701296440713e-06
4.237126310442643e-06
5.5777239865289665e-06
8.219277913261686e-06
1.2021414996747115e-05
1.7354603628473263e-05
6.008959008008018e-05
9.42495280522106e-05
0.00014376780369839716
0.00023462225760980274
0.0003472030366028207
0.0005017733880663639
0.000708542944471303
0.0009766939591047566
0.0013131690284034754
0.0017208095189639966
0.00219645279333337
0.002729399584516119
0.003300439139506312
0.0036891335518266666
0.004259784869440172
0.004782853892616666
0.005220946154849494
0.005540142641245999
0.005714343348241965
0.005728797208867998
0.0055821544540433175
0.005286710233347568
0.00486648231291955
0.004354186680990767
0.0037868727774284182
0.003201593248611583
0.0026349708004688925
0.002109267916120098
0.001645316804602412
0.0012560928228570935
0.0009425287153949229
0.000703938045567803
0.0005345064485729852
0.0004260136719712836
0.00036903516592046295
0.00035364554914900343
0.0003698580804240491
0.0004077359432659278
0.00045754557025323456
0.0004927574358706242
0.0005421767910093521
0.0005808777173937205
0.0006030761206268821
0.0006052954067961703
0.0005866371661089383
0.0005487107150584647
0.0004952041891786472
0.00043117285668968405
0.00036218920304618806
0.00029353806673220606
0.00022953191568807216
0.00017403683180180473
0.00012755152451854158
9.101482238097848e-05
6.394942553702908e-05
4.53029169783554e-05
7.594160117696467e-05
9.82390546694618e-05
0.0001403020146305563
0.00022911135732516446
0.0003414018672396589
0.0004993725512012324
0.000712867964657295
0.0009909293574715972
0.0013401010550396235
0.001613674191657878
0.0020830138445112685
0.002614308010485791
0.0031899127304174427
0.003783903655756837
0.004363441816853497
0.0048914776855394386
0.0053307101419392345
0.005651536762639732
0.005826677823486375
0.005847437246854479
0.00571861097991515
0.00545971766071428
0.0051008494235736685
0.004676245904541118
0.00421543942353962
0.0037389955501476698
0.0032570857279080045
0.0027738067849178423
0.0023187031316271034
0.0018897767867682134
0.0015306503476142678
0.0012828994939297518
0.0016366742177359752
0.0025151671043870797
0.004419407701713173
0.006600901616133734
0.012303406312212254
0.021284959317591085
0.03449730002755046
0.05197259538084583
0.07251283969253014
0.09355174640179639
0.11159518501268842
0.12318356664641157
0.1259930543652797
0.1195787736714684
0.10544064126462196
0.08644189229418707
0.06589108608194601
0.046669631805518585
0.030678125881442746
0.018689510789778593
0.0105420909979264
0.005509148273923518
0.002680026162012434
0.0012328369900226992
0.0005605032942099119
0.00029408309810945757
0.00020468113314840077
0.00019867723661504252
0.00022295392847075098
0.0003571229478428909
0.0005241025466824408
0.0007652745951315781
0.0011287130340639944
0.0016640243434411987
0.0023398057809838734
0.003210536951913744
0.004314733072353345
0.005635733730900327
0.007180574779693798
0.008929654234124439
0.010845622992267859
0.012872598393132246
0.014936436483935259
0.016946402321097485
0.018799075506557288
0.020383536630627676
0.02159149377060722
0.022327841165607622
0.022523014565485805
0.022154887075174923
0.021221815909999473
0.019788315730529867
0.01795936209889775
0.015859138000133464
0.014381290043904413
0.012154961712141582
0.010032752949944478
0.008119332240283413
0.006484370053830169
0.0051601308236907525
0.004144302253369644
0.0034067576941368915
0.0028985740461221687
0.002561639881927777
0.0023390456651902437
0.002177095913739465
0.0020364022543590083
0.0018903392602216433
0.001725740059746487
0.0015918147867952023
0.0014456677646070642
0.0013239813288891465
0.001279302959401503
0.001330954886191883
0.0015127567278492438
0.0018609745447449042
0.002404272044305041
0.003160659722577176
0.0041255884819492
0.005275363887934716
0.006120553775107634
0.007451067682640015
0.00877288561850052
0.009978867601612236
0.010960577694789213
0.011623816750148872
0.011903173645695948
0.011772146646121261
0.011247247123105278
0.010384350272500535
0.009268848728338311
0.008004058994556683
0.006689509444605269
0.005416032324315746
0.004253364187828384
0.003248414187324075
0.0024196433722449466
0.001772851908356396
0.0012927573269439269
0.000961497977515102
0.000757377141748886
0.0006590957866690764
0.0006461254015574895
0.000697041657112348
0.0007873427558738493
0.000855628723308155
0.0009484243092049256
0.0010063671370839893
0.0010119488262724282
0.000961235955233908
0.0008638187267710981
0.000738026046798117
0.0006219804764856815
0.0005233465956080896
0.0004740512012217593
0.0005020354869084035
0.000637315492886566
0.0014644064546807485
0.0028793380602147906
0.005514236060312554
0.01027762587388638
0.018848476339468376
0.031965970849974004
0.050701509236092325
0.07475771951196308
0.10215133137782366
0.12917845119951069
0.15127400339443858
0.16431283776152314
0.16590209156594599
0.15606442980333213
0.14420107332831342
0.12105267240935313
0.09503785992302845
0.06981315475254606
0.04803605434146007
0.03108056962747344
0.019122014021300288
0.011480741466591705
0.00706547725855166
0.004759367442599851
0.0036570405266950568
0.003141357160480132
0.002852345001345767
0.0026123689161853575
0.0023528908291246373
0.0020616554345630317
0.0017514091184862126
0.0014410870450296469
0.0011496331212024937
0.0008909189411532824
0.0006729331461266376
0.0005182298032662581
0.00040370723062784435
0.00033556571395812446
0.00031490436782521334
0.0003560206202584638
0.0005134506011919154
0.0007356090090738551
0.0010584931506570172
0.0015199182756971616
0.0022241666927516226
0.0030922524511485757
0.004195660232645018
0.005551809826934747
0.007164320925999423
0.009019117456339005
0.011081410646619074
0.013294126454031822
0.015578263819221044
0.017835493506074815
0.019953303861858316
0.02181269830552818
0.023298078756061425
0.024308444525441498
0.024768540095985777
0.024638262467913886
0.023918643973136373
0.022653301896278396
0.020923966591081266
0.018842442899511976
0.01653805411811404
0.014143930296456504
0.012559939085801873
0.010282269731733537
0.0081978820450947
0.006364626982381871
0.004812916404920274
0.0035446973198767916
0.002544427339750378
0.001784722213354406
0.0012267001788767906
0.0008328714982882543
0.0005676857475379554
0.000401611870175359
0.0003076785725531049
0.00026725686325810893
0.00026570331155990624
0.0002921758804886662
0.0003382247943174533
0.0003973348332111862
0.0004623215822067039
0.0005272653869468179
0.0005862633404513478
0.0006339596336833751
0.0006660710927836653
0.0007104444868683604
0.0007301949467378075
0.00074180501763994
0.0007647270503091781
0.0008214753008500058
0.0009078028785121803
0.0010530304535140414
0.0012723515281718432
0.001577757222340099
0.0019750698991976966
0.002461098800766799
0.003018011529616473
0.0036150983326629143
0.004214764422052861
0.004772807587155259
0.005245257288258895
0.005593743022625587
0.005789994541024191
0.005818634666047902
0.00567832879871674
0.005381631533204227
0.0049536833113524295
0.004429538578157819
0.003849912406417673
0.003255743099108293
0.0026827715938203714
0.002157631768708202
0.0017004637074416983
0.0014354664639260623
0.0011014623231412396
0.0008436515026485341
0.0006737072886056832
0.0005830603887205241
0.0005813389511638669
0.0006743948732906286
0.000864339763645886
0.001144866604054838
0.0021849186539241176
0.003599780667235542
0.006103681919288896
0.010420466823437837
0.017859736973185675
0.02882404828896639
0.04376607278437451
0.061949450248828954
0.08138375384080283
0.09913713900418347
0.11213292023751134
0.11810154337654377
0.11623555020763182
0.10727986839049233
0.09312353107983236
0.07617671881408676
0.05879908856702474
0.04794652749465869
0.03376577645158902
0.02270907699923743
0.014832413409913543
0.009694951777676899
0.006606593100899915
0.0048696385886908816
0.0039191477001816605
0.0033697286389556586
0.0029888977099537164
0.002658154680120568
0.0023282650685498593
0.001991834948342288
0.001664288548422334
0.0013692064370195672
0.0011271150489845548
0.00094698698954338
0.000828407402793987
0.000756539864894741
0.0007164165009410428
0.0006923405062394418
0.0006720747747671104
0.0006950359541758824
0.0007050961322270677
0.0007246929389199407
0.0007524030055910536
0.0008247506224385206
0.000992160828318638
0.001217415828057368
0.0015464903236124732
0.001999190357612707
0.0026285986781534347
0.003403333236732748
0.004338025978627993
0.005431297277736971
0.006683455439964755
0.00803467702970597
0.00945555434822924
0.010896003720457752
0.012296015073103088
0.013594888983846507
0.01472915065971292
0.015640863140290763
0.01627619089892113
0.016594485333914565
0.016569004434351886
0.016193170919426396
0.015480004997012426
0.014466345703376203
0.013207712651493328
0.011775810673805454
0.010767065448114977
0.00922680029184548
0.007724809757327603
0.006325798509280118
0.00507904516424635
0.004011433135043098
0.00313389708572123
0.002440683428399024
0.0019145845905255067
0.0015301236423636202
0.001259594169218529
0.001076154181888014
0.0009540327638670796
0.0008725300430560249
0.0008152347047514275
0.0007703759923754015
0.0007295699991275152
0.0006887302929791729
0.0006453138945111028
0.0005999505333016743
0.0005542850262695736
0.0005107187609791693
0.00047131172345791903
0.0004593928041189287
0.0004548017693962466
0.00046867237814538827
0.0004923102609509697
0.0005547809775116287
0.0006758625058607895
0.0008431426147803778
0.0010777919941968848
0.0013902416083175636
0.001785792219183818
0.0022620041870921453
0.002805039805056133
0.0033896151693752403
0.00397911814775309
0.00452901519477281
0.0049922110669936215
0.005326491272305632
0.005498243022731202
0.0054910313502741625
0.005306071663433527
0.004962676640981393
0.0044932709005472285
0.0039403546194907105
0.0033490396347826126
0.002761534829412193
0.0022134057894543633
0.0017327661803531005
0.0013285719612795208
0.0011055215333650916
0.000839073516002245
0.0006500096142954799
0.0005265678240822969
0.0004580185282572409
0.0004343646130011405
0.00044640376448971676
0.00048611881978182934
0.0005462300633526307
0.000625990576974269
0.0007147065078730534
0.0008120563863159928
0.0009177499899604047
0.0010334281490921905
0.0011603146380080446
0.0014718760949249418
0.001913423671498949
0.0026674691841217413
0.00399698604651663
0.006300531542086574
0.009912312247384703
0.015026744595227457
0.021530570415365203
0.028816640772300093
0.035856519597066545
0.041467282465991066
0.04391793159970242
0.04524585975434596
0.043771088078844486
0.03991717106033825
0.03444483559442987
0.028189369989939518
0.02192804746218665
0.016293483775134183
0.012487990953062614
0.01027745377465276
0.010495270499033192
0.013812832943554816
0.02135983800873306
0.033609958137731696
0.05087591666587608
0.07220472445090288
0.09520422319836884
0.11640591194584765
0.13221391697515356
0.14004880554969573
0.13905868971003327
0.13010222857465223
0.11517355772199811
0.09669634106717363
0.07702150726339196
0.05816810528103257
0.04683790143023732
0.03246790501349708
0.02161819580476457
0.014125197986519558
0.00937377392455199
0.006566968168351144
0.004985839232298049
0.004061639312261655
0.0034780371015670835
0.003086012726120039
0.0028441569718149077
0.0027577540107014942
0.0033894805526398296
0.004570021861319209
0.006877445289057285
0.011141398779581512
0.01862191990321498
0.03036557216174363
0.04701247036597905
0.06817808431453498
0.09190335103423049
0.1148542777649794
0.13323843793234996
0.14399006442920437
0.1456999323877613
0.138807405317704
0.13028471740717365
0.11335292215436416
0.0936144282402052
0.07330911937964463
0.05431771145114251
0.03804084900324502
0.025265381050838007
0.016107658138819928
0.010120516591508552
0.006538847108546056
0.004550371291285513
0.003484144040048339
0.002882104318283787
0.0024800072461131214
0.0021500641085754764
0.0018434628968122216
0.001549604514105225
0.0012726634523155742
0.001020150911897498
0.0007981914872655316
0.000610070407867127
0.00045615600510830325
0.00033442779756213617
0.0002412370690969403
0.0001722509153479006
0.00013720283613456876
9.778472756322764e-05
7.055843305866241e-05
5.2349617347123545e-05
4.032123545078014e-05
3.2681551803503756e-05
2.8181981087326773e-05
2.6060737307887112e-05
2.5772861745487133e-05
2.8457801601196718e-05
3.192490986490799e-05
3.6936576850171336e-05
4.342455639608443e-05
5.1339796675066314e-05
6.0628219994589226e-05
7.130560502423785e-05
0.0001434595049980413
0.0002081579411565117
0.0002940024388659177
0.0004174732967988797
0.0006123517976791983
0.0008777787397788282
0.0012276317914250144
0.0016869761052574915
0.0022711477736916392
0.0029894614246784076
0.003543325529107203
0.004479151151733636
0.005520601422132433
0.00672395663489353
0.007914789483815887
0.009096997910190604
0.010216959985993968
0.011262815607040372
0.012146216619435662
0.012868864193344468
0.013429405018091931
0.013844857898880925
0.014142218302138262
0.014356176099099607
0.014518503280862106
0.014651747163622227
0.014764651718749487
0.014872828201770561
0.014936700280248419
0.014932194084840214
0.014833133109336889
0.01461432038448721
0.014277911095248032
0.013806311706242098
0.01322514886955584
0.012571195100934754
0.012116529323994384
0.011440293542599981
0.010806236328990491
0.010242546763627186
0.009758492321070452
0.009344802258182386
0.00897815049203793
0.008626475131148014
0.008256300117273454
0.007840243398653454
0.00736128007619361
0.006813644441362747
0.0062016952871817585
0.0055375976021934704
0.0048394414359674
0.004130006179499502
0.003435360001074829
0.0027830347428783727
0.0021956453542679418
0.0016902569022824788
0.0012740031510276298
0.0009449161873925186
0.000693604733158934
0.0005071960241043761
0.00037227063517318316
0.00030483219198041366
0.00022988611874404409
0.00017896575976391867
0.00014577733027033334
0.0001255602944819659
0.00011468380259431527
0.00011029081194680528
0.00011006089743261509
0.00011225469720486459
0.00011521148572601199
0.00011790433403157409
0.00011964008208184597
0.00012012689721599591
0.00011928577785141294
0.00011717772829872762
0.00011376431365761666
0.00010982279407122744
0.00010380638259211581
9.620541328763257e-05
8.733401302450037e-05
7.805935607743194e-05
6.962781632935291e-05
6.334536139976252e-05
9.591182033254154e-05
0.00012516074408143536
0.0001761535655488371
0.00022600667049833337
0.0003310834362586386
0.000499281174144783
0.0007179233575290508
0.0010063423794478025
0.0013705454045768348
0.0018095953933726498
0.0023134176270101854
0.0028612082222061494
0.0034221835436546665
0.003957956844787593
0.004426906668646496
0.004789674723656142
0.005014751096547836
0.005086040198559113
0.00499561821504247
0.004756431646641898
0.004392895968446488
0.003938707529258833
0.0034339959789494202
0.0029145715425699056
0.0024154688145015465
0.0019634555024321695
0.0015763147989464393
0.001262504595455705
0.0010219500131030998
0.0008990807898731207
0.0007628763083578608
0.0006723839072965882
0.0006135010441470361
0.0005732006554859082
0.0005408132992138631
0.0005087159125378148
0.00047241560821443136
0.00043020205845561266
0.0003824979309095451
0.00033114948644467847
0.0002788287450090591
0.00022801750024885385
0.0001810623783742292
0.0001396795231106615
0.00010486896589679095
7.703934909876906e-05
5.583609753964227e-05
4.0657739505060846e-05
3.0608521704226554e-05
2.4688090616571848e-05
2.1899289624742786e-05
2.1317910845516726e-05
2.2130446371654066e-05
2.3720111938271125e-05
2.6616368402354843e-05
2.8638772138234514e-05
3.262352713067799e-05
3.8633381826582295e-05
4.8002686768717476e-05
6.199002727319821e-05
8.100688264703345e-05
0.00010692718481576431
0.00013265588031572084
0.00015562442077497222
0.00017179773236749527
0.00017921315772947955
0.00018091352201276913
0.00017904247139397084
0.00018105496086398272
0.00019263771972918357
0.00021642712769620863
0.00025346832295204317
0.00030190010464840785
0.00035800255482711167
0.0004168667049138545
0.0004726837499010454
0.000539318195239639
0.000591967881835602
0.0006375858842195694
0.0006831274271837862
0.0007184121892962396
0.0007875366539052882
0.0009094964139372238
0.0010745666117583303
0.0013071416716407332
0.0016155118148883374
0.0019996625844768984
0.0024502621560711026
0.0029435386317983453
0.0034484844967999154
0.003926726576498294
0.004339013121544999
0.004650642836717849
0.004836266625550969
0.004882622976641098
0.004789200216251512
0.004567044344424927
0.004236453392126204
0.0038240655583280294
0.0033597039271085357
0.0028733486882580785
0.0023922838492151863
0.0019391256092192704
0.0015306066236119237
0.0011766121665893108
0.0008812854581522526
0.0007166598565783221
0.0005149608285426468
0.0003629258884657662
0.00025153343667887396
0.0001734008911700583
0.00012823522727772887
0.00010188982682824957
9.487078242613306e-05
0.0001041932018172942
0.00012931937877021967
0.00017353733818087046
0.0002327222943000108
0.00030881598285607603
0.00040076487289768703
0.000506026726482084
0.0006250642140117218
0.0007486338988463767
0.0008742199903748991
0.000998006168719152
0.0011185335323338846
0.0012306478288161774
0.0013294706802084832
0.001494920437731447
0.0016923231710352107
0.002016822887604642
0.002609831358520681
0.0032455073014302023
0.004705572462021152
0.006973649918260288
0.00996220675499756
0.013462530960027497
0.016992304925793924
0.01996177695500568
0.021872723215503157
0.022494295148972
0.021903928612390475
0.020384413065849587
0.018260878339005332
0.015787157838475983
0.013136856757472105
0.01045753944142241
0.007915276499853446
0.005683037911475472
0.0039011466827800576
0.002609159190396132
0.0017754983349436784
0.0013114109304605422
0.0011154528314695497
0.001100096168435677
0.0011971188073505487
0.001349357249556406
0.0017649111315941814
0.002408450121261184
0.0035148890509066376
0.005493248945756334
0.008841899584722583
0.014119203627496822
0.0214381759792107
0.030367489010689818
0.03986871922692888
0.04842972773705402
0.054585498495982245
0.05744737583920946
0.056961804207081475
0.0537582177572346
0.048719976015141754
0.04259746467451951
0.03587883082644538
0.02891145701780362
0.022072175754291316
0.015813635856632355
0.010556028514526578
0.006543083384602875
0.00377357558482708
0.002045805935113813
0.0010685126152679318
0.0005777163116202168
0.0004019196479011475
0.00027161234194378314
0.00023208415702368848
0.00024495345986973204
0.00029953868568006537
0.0003852098305150825
0.0005179665581100819
0.0006896933998164002
0.0009203108539408157
0.0012398110309252669
0.0016862675762603777
0.002296875557228934
0.003112131650019156
0.004074237724891436
0.005107325832387989
0.006076464817011952
0.006838419047514527
0.007293583329833751
0.007411002807791876
0.007239362747204826
0.006851290419331357
0.006324802410260675
0.00571226808068844
0.005046081254066605
0.004361558704662281
0.003697711510761459
0.003289781238936255
0.002758401937759568
0.0023397483077727214
0.0020324349720157687
0.001840404087083624
0.0017126396607200268
0.0016357795952015905
0.0015980175982860092
0.0015882562175678408
0.0016032101567982245
0.001663880436895203
0.0017454025270767501
0.0018673199004868052
0.002038107593612953
0.0022661942390177843
0.0025558207422319594
0.0029075926078332703
0.003307412535317918
0.003738994944486112
0.004177831801400007
0.0045952708228079
0.004961515409323311
0.005248660403284566
0.005433652883013781
0.005500755357573157
0.005443022895047131
0.005336067505464183
0.005081391429226136
0.004727646305289314
0.004297851688075474
0.003818091383408216
0.0033152864410630426
0.002814784944831911
0.0023391266249880734
0.0019044850987225462
0.0015229771334838006
0.0012008487567477617
0.0009393031524115139
0.0007352654852355603
0.0005828035020056898
0.00047451626263872546
0.0004000652520686301
0.0003511893014922182
0.00032030357004292066
0.0003014916989991504
0.0002904237327234511
0.00028555357155850866
0.00028453063488931236
0.0002877217658730264
0.00029531913735324504
0.00031076651144668614
0.0003240760370840688
0.0003511047272255214
0.0003890787091970229
0.0004417235712817371
0.0005128080273869507
0.000603677849732053
0.0007098474420411218
0.0008184878818039791
0.001068667403278342
0.0013846163078213999
0.0019223861708574637
0.0029009585660969834
0.004586510018527339
0.007255656131159471
0.010971567569250136
0.015508223488845004
0.020309682405242998
0.024590830643783472
0.02760797107791328
0.028941599015309346
0.028627234542769484
0.027056978916622856
0.024722566580091896
0.022031470516686805
0.01913362431056662
0.016141703228037776
0.014175303127481916
0.011476982145635865
0.009400624375368604
0.008284483409363474
0.008248060451818048
0.009144663511008412
0.010589386822843898
0.01207348992204038
0.013146424610371028
0.01355912030295659
0.01330478346914432
0.01254469986051564
0.011575745270464146
0.0104933970470782
0.009449793993283145
0.00859282660280157
0.008116620961354609
0.008260465044816425
0.009151163131048608
0.010718329419786371
0.012658726881778588
0.01449788778633317
0.01577566300082078
0.016227049906628717
0.015855577045774935
0.014871319881165362
0.014006278116093788
0.012545962839495106
0.010970780528362482
0.009302620591122485
0.007565164628279858
0.0058393299807753644
0.004254064875826672
0.002933632285327483
0.0019455543225750092
0.001283529428684254
0.0008886610569909109
0.0006805068689493202
0.0005852586889489924
0.0005494770246508116
0.0005396005896927244
0.0005376017923357667
0.0005352888566010183
0.0005293077245169706
0.000518456061972487
0.0005026873865293213
0.0004825413011425055
0.00045884005979941105
0.0004325606763526739
0.0004164573113404227
0.0003979587283084405
0.0003877802644405181
0.00037895310000544
0.0003807954518291443
0.000398493886235629
0.0004403296511383335
0.0005074517292551683
0.0006055535196962345
0.0007415043815407809
0.000918755248378755
0.0011365362388694586
0.0013876355926033049
0.0016573323714712093
0.0019935030323727783
0.0023489911087346315
0.0027771994906320148
0.0033579288199853913
0.004193352763096807
0.005370234570560901
0.0069470542891126525
0.008778920258402307
0.010644663568065038
0.012222548361277882
0.013222425306218036
0.013498027434770032
0.013101562688253056
0.0122307680065145
0.01150150641552591
0.010311982086019938
0.009073067444086612
0.007788578084644943
0.006453207180537913
0.00510689568159243
0.0038368273768470155
0.002740633122737215
0.0018816556052795338
0.00126951514443144
0.0008684026312681095
0.0006213428045205373
0.0004723851749822052
0.00037940544200206915
0.0003162606064800856
0.0002691835594645468
0.0002371483218227776
0.0002116854097920434
0.00019427593818402962
0.0001857519893589053
0.00018601867018208323
0.00019542231202597401
0.00021735992550595267
0.00024817853109115504
0.00029027000598829067
0.0003447751966073008
0.0003875666489638978
0.0004612034572898999
0.0005449457657511392
0.000644153292693136
0.0007504467192513271
0.0008675919655872272
0.000997334453512377
0.0011419008244367467
0.0013165322613531033
0.0014976949587354243
0.0016769214008724223
0.0018344402717569944
0.0022296147047492242
0.0026875179968877307
0.003530385037204054
0.005040778655968665
0.0075615746289467625
0.01132559006508893
0.016422956115891348
0.022265245142140594
0.028077853042786028
0.03285825563613906
0.035804910153199684
0.03662957437846526
0.03562303210140552
0.0342495815540181
0.03162934084424305
0.028718246383407593
0.02564106263493807
0.022324681841773265
0.01872905080495622
0.014990995376848523
0.011402715645952232
0.008276923868477837
0.005812714371751818
0.004042222168252088
0.0028725170681059117
0.0021380269262333486
0.0016803208258211182
0.0013889042872699423
0.0011967306106485088
0.001070688242176558
0.0010027024501482274
0.0009875277292251588
0.0010258396586555994
0.0011178654972715935
0.0012624486676566728
0.001455395151613969
0.0016849484870308294
0.001938496220022309
0.0022005687981189203
0.0023721350930446623
0.002613422944639844
0.0028226618137144077
0.002986037602129486
0.0030889441314903856
0.0031172960004177386
0.00316593783983148
0.0031945865944208755
0.0033267701644524982
0.0037284543705221737
0.00459525534563299
0.006095936261963723
0.00831630272823851
0.011081794530459578
0.013997524675554455
0.01654003936818106
0.018215806670071034
0.018771058690044674
0.018283545868462148
0.017086542145287674
0.015570638738421735
0.013992272067913297
0.012405400842754166
0.010736245595708729
0.008934931101091982
0.007029012253450372
0.005774388448535478
0.004054466227897391
0.0026617390509187716
0.001665064251116611
0.0010449134537839028
0.000735455056012615
0.0006340339633781968
0.0006705491879970278
0.0007923770763425624
0.0009671664698143147
0.0011751373047432065
0.0014113291582470338
0.0016538629114490231
0.001894818691662398
0.00212446249684206
0.00233363257875504
0.002515437424546953
0.0026693566928760043
0.002791929639858581
0.0028850076574694554
0.0029524774075947945
0.002997601225142107
0.003022857897805232
0.0030271366638425193
0.003008483693864506
0.0029636122976765393
0.002917493112689357
0.0028223960592991286
0.0026960217673210438
0.0025492721875150725
0.00237741635970892
0.0021913404990614818
0.002001793503422309
0.0018173491923239211
0.0016475454358412754
0.0015037613573898108
0.0013905379192719865
0.0013126468511549668
0.001273454624975178
0.0012715091418025084
0.0013017828832661456
0.001355783622850636
0.0014227528489935118
0.0014896728029202579
0.0015448859731102794
0.0015785599821592008
0.0015842260427349818
0.0015590607294241638
0.0015036767248669577
0.0014210511087466213
0.001315854973024692
0.0012358835221035584
0.0011054989185442328
0.0009679712852557587
0.0008293170344287309
0.0006952415073608429
0.0005706961943304151
0.0004594076133520267
0.0003635960502748089
0.00028425679450968746
0.00022039132845515737
0.00017060130527024858
0.0001328785200148773
0.0001050589230008201
8.507166099984897e-05
7.11645144202466e-05
6.210287616761845e-05
5.658551526508807e-05
5.3891013183419914e-05
5.729619287643535e-05
6.151657958308808e-05
6.876895620950419e-05
7.936608129717416e-05
9.45267450413547e-05
0.00011407042360933249
0.00014050944897703194
0.00017260581760197426
0.00019780796042522637
0.00024149917105167627
0.00029126977032237645
0.0003461699820024265
0.000404165655985765
0.00046233154330076155
0.0005185815526822886
0.0005708628864212546
0.0006181469345425254
0.0006582626667183501
0.0006897924147017213
0.0007104094027901853
0.000716905841087291
0.0007058511049755544
0.0007074142848306882
0.0007119247897104872
0.0007613973282177461
0.000913366563222725
0.0012380079682692538
0.0017994788375929592
0.002622849804939138
0.0036848798206969733
0.00482404292189166
0.005852000306824169
0.006570311433477428
0.006860755601909619
0.006816841550165277
0.00647815797073847
0.005966708239512633
0.005424904588525662
0.004922385352216857
0.004441644415040502
0.003925822802861445
0.0033394200200450234
0.0027002662270761
0.0020751381734983336
0.0015346356725073208
0.0011330444747490813
0.0008839661714889911
0.0007681778078321995
0.0007493051480290211
0.0007883736819080128
0.0008531243489029984
0.0009214469391316854
0.0009814365514981176
0.0010243566276106747
0.0010489673870216452
0.0010618847399142684
0.0010615447944564548
0.001053630794287136
0.001042777611773286
0.0010347389070557793
0.0010207253528503617
0.0010015986917647351
0.0010221094564524856
0.0010680666526018635
0.001199535132978979
0.0015011694122198807
0.002077147020654724
0.0030251511806584776
0.004386480705149579
0.0061237297448949604
0.008000830865872551
0.009721979562419374
0.01096855737200239
0.011537210162367053
0.01142524251348597
0.01081962619443519
0.009990130145941259
0.009152299090019836
0.008381206732413177
0.007621298512895891
0.006770686714156559
0.005774415358012277
0.004668233927343288
0.003557928155554122
0.0025623993347598487
0.002004721314511525
0.0013507485678325034
0.0009011576573145334
0.0006121859687933387
0.0004327888454385837
0.00032058179011336033
0.00024680456669923625
0.00019472032963970283
0.0001555441523540157
0.0001249505447205934
0.00010076228259112033
8.172673929252391e-05
6.757546923392474e-05
5.6972840817713316e-05
5.291329659429145e-05
5.100886328210619e-05
5.325529842618091e-05
6.01869459223939e-05
7.249085924559521e-05
9.131825310237488e-05
0.00011804192407683154
0.00015251031170337447
0.0001947528046816749
0.00024410216951603367
0.00029853651786755327
0.0003552612475813654
0.0003926135892881989
0.00044608555919417977
0.0004920242620707053
0.0005285105510790686
0.0005529367023078222
0.0005650202550870386
0.0005656054909099472
0.000556658861174282
0.000545839112962458
0.0005306302451507553
0.0005165911856088996
0.0005066383732530838
0.0005032495648367792
0.0005077711600941038
0.0005207305735901879
0.0005444654104778086
0.0005748045552257184
0.0006121781988828619
0.0006586365277479989
0.0007091131167721521
0.0007632934308455468
0.000820281185288152
0.0008789882353912303
0.0009385077691517316
0.0009980725558743008
0.0010584378186049312
0.001099226240902567
0.0011576259673386979
0.0012135367320911404
0.001265795729556165
0.001313615951449031
0.0013570623761287482
0.001394750097199323
0.0014241456979128169
0.0014396591801162039
0.001433165955388485
0.0013964688793116384
0.0013935161198971725
0.001402236868800282
0.0015075859251481153
0.0018183961251201503
0.002459211636240418
0.003534133520655692
0.00506509800522882
0.006968193825120244
0.008937464975346483
0.01061790726103594
0.011669059270776074
0.011921649260921494
0.011453243555958423
0.0105439810615163
0.009861456004035507
0.008916348123445217
0.008146153681363
0.007478858354713152
0.00675869567738648
0.005866279193492333
0.004795841096616303
0.0036480426608762203
0.002567354942465541
0.0016719525048425558
0.0010336218953962849
0.0006338014165116419
0.00044183990216214314
0.0004202116518553663
0.0005411894882732645
0.0007850016327051775
0.0011254202049950617
0.0015256443635135977
0.0019102344866217024
0.0022087602692353113
0.002365009123064679
0.0023639855386835868
0.0022379490322872696
0.0020492921002586025
0.0018591465264944148
0.0017000113583265216
0.00161549226171775
0.0014903991598952315
0.001346384568213028
0.0011685399043985614
0.0009651513686575077
0.0007623572916868166
0.0005898049252330185
0.0004698472978221471
0.00040608285387500244
0.0003910691620267649
0.00041124264229244696
0.0004521013694169326
0.000502584712124667
0.0005559106798726493
0.0006085750659968638
0.0006585024622111714
0.0007035016207624707
0.0007409208980820338
0.0007678640273519501
0.0007818557840678296
0.0007814138224717366
0.0007662957843228766
0.0007374329355673016
0.0006966059644941556
0.0006461732226457787
0.0005886857161212851
0.0005477339832734504
0.0004842193031203488
0.00042024995853490995
0.00035789585478347794
0.00029891598972172376
0.0002450140038834163
0.00019706253187068174
0.00015603319319562074
0.00012250019497775673
9.740436149138185e-05
7.997576999948958e-05
6.994406973177945e-05
6.620923683998586e-05
6.696577038872366e-05
7.003789686066846e-05
7.339709991698098e-05
7.603515245639005e-05
7.757514650854442e-05
7.880553806837122e-05
8.097286191708357e-05
8.497917976493203e-05
9.100527555138068e-05
9.844860898701405e-05
0.00010619572692002458
0.0001130214043744458
0.00011654098084911205
0.00012020069232764539
0.00012120153418277242
0.0001201592533273621
0.00011710502231885596
0.00011285200863987436
0.00010917422916056965
0.00010628180123034877
0.00010592580204441371
0.0001095998038280058
0.00011888616774648646
0.00013454757724905232
0.00015618627200722292
0.0001815988103396238
0.0002067826153315165
0.00022687785409215312
0.00023772917096660033
0.00026689048626214165
0.0003038757707467767
0.00038936588929909045
0.0005595904116691607
0.0008647484024591122
0.0013435196113199984
0.001999981177852149
0.0027899395579712195
0.0035969452396446997
0.004072294536309687
0.004586652082891861
0.0047906314964830336
0.004694399651399844
0.00439797002746147
0.004045606208583863
0.0037547926611903545
0.0035672981199494688
0.0034455189617484737
0.003309281657050657
0.0030905868373461215
0.002768051802496271
0.0023730092552719764
0.0019643091156941496
0.0015990022602782176
0.00131057921151979
0.001104309402596699
0.0009659935917405424
0.0008742790075423508
0.0008094567969528736
0.0007577151315209769
0.0007136852305713909
0.0006717413135009607
0.0006326285583986711
0.0005980544808981877
0.0005709481464798583
0.0005582775966138085
0.0005491926127269041
0.0005525909898021483
0.0005674315346162615
0.0005874688545509565
0.000605630453777659
0.0006154430662645198
0.000651629076227444
0.0007021693786051652
0.00081773439825597
0.0010649558752951122
0.0015243055947118565
0.0022700897451164745
0.0033305466847915488
0.004644268391203464
0.006067081389007273
0.007314571332132934
0.008140942454749838
0.00838958894435243
0.008078526132368712
0.0073946436534048365
0.006605208289152143
0.005933170806923332
0.0054654330571090185
0.005141211616053379
0.004934329863461933
0.004533036811325413
0.003957788653272784
0.00322708402274553
0.002434141628446928
0.0016923341253804527
0.0010857558234797808
0.0006471761750135536
0.0003641298852322684
0.0002006362535617443
0.00011440881647304926
7.27892209592892e-05
5.42385451008915e-05
4.739683120219169e-05
4.777896667081643e-05
5.2502282016030754e-05
6.269005895579486e-05
7.93442494780264e-05
0.0001035180027176188
0.00013548867438861346
0.00017391518440447332
0.00021896386085738884
0.0002623506864191812
0.0003009385122021917
0.0003321443037249005
0.0003555461631230899
0.00036771514984611095
0.00038385084750360303
0.0003992192883042131
0.00041729008098631825
0.00043623082609029303
0.00045556964006478797
0.00047375705426192373
0.0004899047913507857
0.0005040688784167266
0.0005172981389157674
0.0005294425874753866
0.000540477903681774
0.0005493239945996449
0.0005543406964308979
0.0005539124062186263
0.000546885102525229
0.0005327100624407841
0.0005116174411754125
0.0004844430933731483
0.0004523044596564707
0.000416556455281649
0.00037851605731090555
0.00033939734715268704
0.0003005741788580853
0.0002624832677467183
0.00022624974831729572
0.0002034219526479694
0.00017283350072114099
0.00014597803297242853
0.0001239742443197708
0.00010879141015660701
0.00010013167530152769
9.903480185627702e-05
0.00010567228593337814
0.00012043207922297279
0.0001437808354194102
0.00017439659813925343
0.00021156845784225554
0.0002550622109560881
0.0003017090066616529
0.0003514102871883459
0.0003997121626271941
0.0004458660872838652
0.00048778781193212185
0.0005246162151064078
0.0005563238962567942
0.0005840780514153838
0.0006087618403659915
0.00063380294605224
0.0006592466679030567
0.0006860746196729168
0.0007144716347217936
0.0007336669149908934
0.0007612068689879064
0.0007846533257127653
0.0008009151780554328
0.0008074736456315448
0.0008023925601455231
0.0007854048218102237
0.0007581701196041522
0.0007226980448720689
0.0006820893151175999
0.0006389557950248427
0.0005952418124251028
0.0005519286370306493
0.0005091247424856282
0.00046627658500305056
0.0004225781174779598
0.000377349153250187
0.0003304715688867247
0.00028271292381556426
0.0002467566181088787
0.00022196434586063614
0.00022209262199275622
0.00026534438902811196
0.0003719471736195365
0.0005592268155023191
0.0007316761027808874
0.0010512722611067395
0.001409989127401593
0.0017447528731380194
0.0019863684814471695
0.0020882950305815638
0.002043315251342156
0.0018919330701467401
0.001703191775251923
0.0015443368718949491
0.0014507763127077715
0.0014193120452839028
0.0014158288869073241
0.0014006319328991978
0.0013459233795723358
0.0012513820162543222
0.0011357151275802817
0.00102299333790238
0.0009303378700240208
0.0008605807863904525
0.0008072876852056871
0.0007612537038964541
0.0007919834156439118
0.0008661371786779236
0.0010648000553527062
0.001479451813300969
0.0019242760072223646
0.0029036708516203317
0.004270193930574524
0.005930005072931135
0.007669646294981473
0.009151638294537724
0.010056662932547688
0.010212529444260435
0.009667386614369016
0.008683707086201626
0.007622189745250956
0.006787659387758733
0.006300139627287401
0.00608384848188229
0.005934164544543735
0.005640258007873915
0.005087128528617399
0.004294088870973319
0.0033822857467792145
0.0025048871218667987
0.0017784261023083463
0.0012549430816114308
0.000926222194312135
0.0007532712472555017
0.0006829894428279434
0.0006775911343152501
0.0006981944073061459
0.0007588946817819857
0.0008557371650613658
0.0009913485544994177
0.0011635478966823972
0.001354537102494102
0.0015369417043837325
0.0016718970677944908
0.0017285791514882957
0.0016972360018842384
0.0015948909509283377
0.0014588179836271524
0.001330780667318526
0.0012404671528897524
0.0011920912409136303
0.0011697575006353322
0.0011467761224643878
0.0010992930101907232
0.0010172745589504839
0.000906447077844418
0.0007826475913689882
0.0006633656037805616
0.0005611947934663759
0.00048156270341801247
0.0004230609010020414
0.00039622170393799545
0.00036706443603815817
0.0003515536539710955
0.00035002168427526715
0.0003645927552239341
0.0003975348523554237
0.0004486135384789616
0.0005125218664002504
0.0005789008806296034
0.0006305489410245178
0.000652160887574155
0.000634689505519739
0.0005793993953948377
0.0005885596961077126
0.000649957737164151
0.0008902424990639608
0.0014617947433933913
0.0025411251631239393
0.004286904573844585
0.006752258518323636
0.009787448247532509
0.012986414772367028
0.01582331629744239
0.017617373540585984
0.018033145793298976
0.017112642801641115
0.015967335559840257
0.013943620371351656
0.01213600134530512
0.010966044212507431
0.010475883262388182
0.010373120211710248
0.01021842079141833
0.009649313263211334
0.008530547949084642
0.006974013807283488
0.005246356577995319
0.0036298609672528637
0.0023197070821512427
0.001385796457499671
0.0007961609810653752
0.0004681152556720518
0.00031231376154489896
0.0002565348798780685
0.0002506956002984652
0.0002628629129314792
0.0002726945083557985
0.00026942755965511336
0.0002501094870348392
0.00021774878943084706
0.0002660165915734533
0.0003599639397150792
0.0004918246282918807
0.0008587295646313029
0.001507609075632376
0.002505108058972189
0.0038488190217327075
0.005421511877584442
0.006996028217617404
0.008253933496652929
0.00891986941290986
0.008875608792344203
0.00821574430286455
0.00721766153959645
0.0062256377357919465
0.005508322852363368
0.005160341250091594
0.005090194413422738
0.005089693124630424
0.004945259141162306
0.004532508334891908
0.003855183706756596
0.003020560140704391
0.0021758094214665005
0.0014443500578410903
0.000890738170838756
0.0005198910961806394
0.00029981278337912903
0.00021268797417392746
0.00014088190086354021
0.00011087517688604907
0.00010285392033579404
0.00010591869124986903
0.00011560263979713759
0.00013059127153899067
0.00015052451625865954
0.00017592881090234676
0.00020940824019399115
0.0002454109314550092
0.00028505851637248566
0.00032627540135084536
0.0003675633038914706
0.00040747068560703084
0.000444986082430938
0.0004796307212842703
0.0005127303014764924
0.000544183000822884
0.0005752986493026224
0.0006072368827926711
0.0006397976054376531
0.000672092263213407
0.0007023692084311665
0.0007279598342077154
0.0007413267367406815
0.0007544468326364759
0.0007581287086019829
0.0007516660197003147
0.0007348166838948512
0.0007077624347492568
0.0006712596153365787
0.000626842619738776
0.0005768254188321054
0.0005336410746468326
0.00049689366926138
0.0004808395937886044
0.0005100108647152854
0.000596688427911292
0.0007650641313767604
0.0010265300654370227
0.0013693310401132535
0.0017511380875962624
0.0021081412650601787
0.002364581836525873
0.002470478599233279
0.002427207216363103
0.0022795057546347386
0.002107146434943914
0.0019888836588312373
0.0019697770881694854
0.0020122368377429607
0.0021293208999706363
0.002255222318822911
0.002329602671745337
0.002315684144721148
0.0022102695932074827
0.0020379807342140537
0.0018356495898778802
0.00163600933222586
0.0014581721687610238
0.001306914827991477
0.0011777333376781919
0.0010631201486883412
0.0009567185052096376
0.0008547831854471283
0.000755889857199691
0.0006600202445047089
0.0005678187556310369
0.00048035268993357357
0.00040024783001627306
0.0003273527653980038
0.00026367494824083935
0.0002103633588587391
0.00016821618451898842
0.0001375717051696233
0.00011832290835515923
0.00011219617254596763
0.000111045055306902
0.00011911924589956005
0.00013590699074566455
0.0001581382717832065
0.0001841944300635715
0.00021173949626619495
0.00023937423674469502
0.0002641398478495625
0.0002879746408235312
0.0003072507365063585
0.0003229489724693954
0.00033654197982981666
0.00034950828096566106
0.00036337796897072935
0.0003794748099761475
0.0003990396837340659
0.00042209268996039903
0.00044945871688860443
0.00047954165980917463
0.0005109220157646726
0.0005428314322548425
0.0005728636785410473
0.0005994732884342229
0.0006211039205530593
0.0006321214470259909
0.0006429252715787055
0.0006465205222293068
0.0006430719194837243
0.0006331306855559849
0.0006175991594439252
0.0005979886614845229
0.0005746629290571098
0.0005488315854092797
0.0005210638522653553
0.0004918320230365068
0.00046141463721946843
0.00043002435820347804
0.0003978829275168986
0.00036547079049499743
0.0003335724308288848
0.00030221202179370535
0.00027311071518756745
0.00024615702892954457
0.0002223743793559092
0.00020242339118543647
0.0001868131562908627
0.00017579870238481945
0.0001695867160731649
0.0001680796027951893
0.00017159412154429322
0.0001761186048707048
0.00018607877731969193
0.00019851374033618988
0.00021218472668941115
0.00022558613192707775
0.00023719464526313527
0.0002457952928342918
0.00025063911093441995
0.0002516623389096395
0.0002492197992518903
0.0002439860167270534
0.00023670639390432555
0.00022800960410044457
0.00021826792041099158
0.00020759603723428523
0.0001962256346907811
0.00018388921118268108
0.00017084098144724
0.00015744523198195319
0.000144247053706931
0.00013180124804919785
0.00012046708885119769
0.00011021320772685737
0.00010058131910925115
9.087202002717055e-05
8.048186530446609e-05
7.306033635147552e-05
6.137802602467781e-05
4.962861544972984e-05
3.863931876744338e-05
2.911290693002835e-05
2.1419836744811517e-05
1.556830159209606e-05
1.1309718197464197e-05
8.28736842568239e-06
6.153731753539668e-06
4.6296145288798486e-06
3.5156489284150676e-06
