N :Calcite
Y :100.0% Gibbsite, Diffracto n :62
N :Dolomite
N :Hematite
0.0
0.0
0.0
0.0
0.0
0.0
0.0
0.0
0.0
0.0
0.0
0.0
0.0
0.0
0.0
0.0
0.0
0.0
0.0
0.0
0.0
0.0
0.0
0.0
0.0
0.0
0.0
0.0
0.0
0.0
0.0
0.0
0.0
0.0
0.0
0.0
0.0
0.0
0.0
0.0
0.0
0.0
0.0
0.0
0.0
0.0
0.0
0.0
0.0
0.0
0.0
0.0
0.0
0.0
0.0
0.0
0.0
0.0
0.0
0.0
0.0
0.0
0.0
0.0
0.0
0.0
0.0
0.0
0.0
0.0
0.0
0.0
0.0
0.0
0.0
0.0
0.0
0.0
0.0
0.0
0.0
0.0
0.0
0.0
0.0
0.0
0.0
0.0
0.0
0.0
0.0
0.0
0.0
0.0
0.0
0.0
0.0
0.0
0.0
0.0
0.0
0.0
0.0
0.0
0.0
0.0
0.0
0.0
0.0
0.0
0.0
0.0
0.0
0.0
0.0
0.0
0.0
0.0
0.0
0.0
0.0
0.0
0.0
1.6184243656543227e-36
6.0127828684536436e-36
1.8791886156041143e-35
4.940568935472362e-35
1.0926857838885653e-34
2.0329437452276387e-34
3.18175817344039e-34
4.1890998725750244e-34
4.6396583272413235e-34
4.322778904083342e-34
3.3880654090216603e-34
2.2338411542356447e-34
1.2389806626954071e-34
5.780807498645539e-35
2.2689463439969653e-35
7.491550008830655e-36
2.08080258604889e-36
4.861852889885498e-37
9.55618365358305e-38
2.9346562397341295e-38
4.3240709168563056e-39
5.359695523226993e-40
5.588550353963198e-41
4.901962187304697e-42
3.617033109878525e-43
2.2451571791086953e-44
1.1723377659157894e-45
5.149564470062384e-47
2.0841444128318502e-35
9.748736985987339e-34
3.410070222209821e-33
9.711991471579437e-33
2.3373126559668613e-32
4.752949524907288e-32
8.165403439892863e-32
1.1851263521310628e-31
1.4532266299968003e-31
1.5056255479902992e-31
1.3182052078042312e-31
9.75560920170433e-32
6.105903233630168e-32
3.234877861142617e-32
1.452995721252927e-32
5.548384191474222e-33
1.8096869857394247e-33
7.884374206476236e-34
2.0152532486592106e-34
4.530809680580321e-35
9.115123947545371e-36
1.666025424528036e-36
2.7845882986524744e-37
4.2314877670886613e-38
5.7585130452045496e-39
6.893935479296412e-40
7.149447698292599e-41
6.351480324034954e-42
4.798472192885577e-43
3.0690524210989145e-44
1.657362915077375e-45
7.545098783243596e-47
2.893039001359494e-48
9.338135038444832e-50
2.5366057191732936e-51
5.7676857638360967e-36
2.530372880809836e-34
1.2689961318787325e-33
4.014603654332338e-33
1.072826983682372e-32
2.4213605345786357e-32
4.615316368949784e-32
7.42936557967694e-32
9.290091212643114e-32
1.1284912618427682e-31
1.1578876903267565e-31
1.0036363168552688e-31
7.349942443205422e-32
4.5482568526740357e-32
2.378543706186481e-32
1.0512987032961789e-32
3.927557774130793e-33
1.2402790949107803e-33
3.3107014136199244e-34
7.469835830077815e-35
1.4244995148623587e-35
2.295762946818343e-36
3.126390678787149e-37
3.596957769572178e-38
3.495556553885017e-39
2.8687338572381626e-40
1.9877175778516617e-41
1.1625272824282801e-42
5.737564244027186e-44
2.38902202176711e-45
8.390258063176732e-47
2.4847976254607735e-48
6.203973237860388e-50
4.819734525403298e-51
9.049810128893355e-53
1.4318170868841875e-54
1.9084994410657933e-56
2.1428116863437895e-58
2.0262857607553473e-60
1.6135605960658071e-62
1.0818986208520025e-64
6.107431484113453e-67
2.902420250516467e-69
1.1610606046347554e-71
3.839356341040347e-74
0.0
0.0
0.0
0.0
0.0
0.0
0.0
0.0
0.0
0.0
3.881124521309652e-11
1.3942001134717472e-10
4.2131254374929136e-10
1.0710146324152426e-09
1.8122038420050705e-09
3.4534324032972557e-09
5.536134227551359e-09
7.46575960969246e-09
8.46940949408634e-09
8.082468110310879e-09
6.488534333135542e-09
4.381884773082573e-09
2.489356166454897e-09
1.1896654851216724e-09
4.782714145629031e-10
1.6174681076284097e-10
4.6015989653766156e-11
1.1012693341812159e-11
2.217124414342684e-12
3.7548995331440116e-13
5.3495631353384837e-14
6.411358360287699e-15
6.463883582853163e-16
5.482122536078563e-17
3.911251026476763e-18
2.3474393507571225e-19
1.185181352571517e-20
5.033695932985997e-22
1.7984604218472556e-23
5.405383738235071e-25
4.7467307087809414e-26
1.0694811590681859e-27
2.2457057776462178e-08
7.895755373621259e-08
2.3353192093251702e-07
5.810460559881013e-07
1.216148483230015e-06
2.1412845637129258e-06
3.1715671347305658e-06
3.951710949543893e-06
4.1423129789503375e-06
3.658546120318278e-06
2.7363657431162867e-06
1.7782128407686186e-06
1.1207975535171226e-06
9.186879384280509e-07
1.1546262553681817e-06
1.6854446832189836e-06
2.273317060024829e-06
2.6481845701852826e-06
2.626413027142019e-06
2.2116449975217174e-06
1.580511835245605e-06
9.584531280974111e-07
4.931728366815621e-07
2.8903451226200354e-07
1.130567935415034e-07
3.749930459914629e-08
1.0542727901552666e-08
2.5111810369767067e-09
5.064856840541497e-10
8.645206544608663e-11
1.248108707419711e-11
1.5231783360654982e-12
1.5704780484722739e-13
1.367322556549002e-14
1.004755062400008e-15
6.228885616331031e-17
3.2565036916232592e-18
1.4352683040628547e-19
5.3311683037777145e-21
1.6684144558875658e-22
4.398227902620868e-24
9.764672159953356e-26
1.8254503804906356e-27
2.151438001943017e-07
3.966805175942563e-06
1.5019144367298062e-05
4.694323886760238e-05
0.00012231096913675087
0.00027119190959532403
0.00042139995530630865
0.0007127779426520737
0.0010243678627891368
0.0012506983678152667
0.001297355522488862
0.001143455119054459
0.000856399142017477
0.0005450646983032318
0.0002947868857054084
0.00013544855870036877
5.2857287242079506e-05
1.751059138716067e-05
4.921696233338128e-06
1.172904763156482e-06
2.3683040219508716e-07
4.048760282796901e-08
5.856013108350576e-09
7.161018727902122e-10
7.398724251615475e-11
6.4548803503146985e-12
4.752639589340682e-13
2.9518171961435756e-14
1.5458607382064809e-15
6.823707177394078e-17
2.5380756098120947e-18
7.952577616436707e-20
7.184830547055585e-21
1.6907388241956914e-22
3.3498790529684685e-24
5.587444980915709e-26
7.844729443760259e-28
9.270023999793964e-30
9.219061677741775e-32
7.715540873337693e-34
5.433700252905814e-36
3.2199910406567244e-38
1.6055611671388278e-40
6.735946976666372e-43
2.3713778056343286e-45
2.5995396440850678e-48
0.0
0.0
0.0
0.0
0.0
1.0931380962720884e-36
3.7205593393862976e-36
1.0652540156288593e-35
2.565723567255394e-35
5.198502840835397e-35
8.860504424241597e-35
1.2704288477780605e-34
1.4674475229178234e-34
1.5772748469691967e-34
1.4261457584858737e-34
1.0847563235467822e-34
6.940842750457188e-35
3.735974978601383e-35
1.691638074399864e-35
6.443512610762276e-36
2.0646652727375306e-36
5.565297207687998e-37
1.2619403015002873e-37
2.407138045957336e-38
3.862557191640449e-39
5.2138746713427704e-40
5.920494624326298e-41
5.6554495624468464e-42
4.544519955628055e-43
2.784120563745183e-05
9.235492709456154e-05
0.00025771745883920694
0.0006049776769657438
0.0011946662596881634
0.0019845661778486426
0.002773296552062671
0.0032601589648919333
0.003298765061274751
0.002907011496117487
0.0021550326345957153
0.001343917756686239
0.0007050229783810806
0.00031113265183414177
0.00011550469777211035
3.607160316198825e-05
9.476391177933123e-06
2.0942679858305546e-06
3.893438032725926e-07
6.089000627873862e-08
8.01070077225173e-09
8.865571552617204e-10
8.25381457018411e-11
6.464194497766993e-12
4.2587864293057983e-13
2.360310001604902e-14
1.1004339250958232e-15
4.315892647787239e-17
1.42393129640478e-18
3.9520203853323896e-20
9.227011367412449e-22
1.8122356690457394e-23
2.994194674845945e-25
4.16157336752717e-27
2.18544761008635e-28
2.2914723400711756e-30
4.4990353507789294e-32
3.6932239817256485e-32
4.6027834137509816e-32
4.9053101230289253e-32
4.455437244681194e-32
3.451349231819118e-32
6.958505693923712e-09
2.4419686402356878e-08
7.209014794636995e-08
1.790290429567548e-07
3.740096451629984e-07
6.572851995783787e-07
9.717099348913554e-07
1.208456916747271e-06
1.2642630331285935e-06
1.1126419904195225e-06
8.237305844761407e-07
5.130109978590748e-07
2.687694475888474e-07
0.00014731374301770614
0.00048668257622066005
0.0057252848843649135
0.019444564143762562
0.05437533151187478
0.09927393221539056
0.21550397370231975
0.40043328174998283
0.6359753318464649
0.8628378732511061
1.0
0.990380706462895
0.838553466477895
0.6072126049587819
0.37610103216085833
0.19927682283232745
0.09037648735292757
0.03519049101550729
0.011895854109857195
0.003609552175103339
0.0010638007712598368
0.00034145609903390767
0.00012427539988919635
4.680353941039639e-05
1.6334626938675968e-05
4.974338550482528e-06
1.2905749304646375e-06
2.828788935751916e-07
5.2233747172287625e-08
8.117482677844797e-09
2.1317106220153922e-09
2.483928194719479e-10
2.4348534323626552e-11
2.0078077757977333e-12
1.3927861867900868e-13
8.127536659680086e-15
3.989746535745005e-16
1.647568435339753e-17
5.723390456005885e-19
1.6725342937388827e-20
4.1115770044101434e-22
8.502635565865705e-24
1.4791439473919378e-25
2.1646069842272384e-27
2.664768067403626e-29
2.759648096383313e-31
2.2218626983294117e-08
8.280302009499531e-08
2.5958935264226023e-07
2.6609995668626644e-06
8.645614342122876e-06
2.3436458255080333e-05
5.484772734729919e-05
0.0001103542009559439
0.00019037462439341983
0.00028120403628510097
0.0003345231123066385
0.0003813353060354608
0.000372345491960772
0.0003116191024040733
0.00022362844276924452
0.00013761089551913132
7.257106914728509e-05
3.2763251784345934e-05
4.7478796295620075e-05
0.0001248594822348753
0.0010132786284810856
0.003593497505518683
0.0110647886013818
0.028371734140203934
0.06280254364153691
0.11952020244400774
0.19509619709808776
0.2728368796589948
0.32732119057450043
0.33735243821034605
0.3011007558347834
0.2374234096288572
0.17521962611016437
0.13666319241432623
0.12716116218343726
0.136027742438825
0.14326099728594133
0.14452375619924565
0.12857693212579369
0.09905970226068807
0.06571548129867241
0.03745713269231762
0.0183157206480104
0.007669752804813467
0.002744915946928374
0.0008377623209813662
0.00021757696760119172
4.7986849661867906e-05
8.971453725604249e-06
1.4195864640366792e-06
1.898717877907852e-07
2.1443960013474075e-08
2.0433080375602544e-09
1.6415819463551204e-10
1.1113984191121383e-11
6.338471188351094e-13
3.044217007977298e-14
1.2309568079247761e-15
4.1899597833748134e-17
1.200380204951157e-18
2.894182248994233e-20
2.19466550398628e-21
3.9688921425951904e-23
6.039444890320861e-25
7.732784695957353e-27
8.330562468579538e-29
7.552030214898725e-31
6.109526741572088e-33
1.0779355589978833e-33
2.595715235913175e-33
5.652051922309355e-33
1.723668223404869e-10
6.088155044499083e-10
1.8089621143326523e-09
1.5012562758089213e-08
4.4592484672136005e-08
1.230268756211391e-07
2.827320430803441e-07
5.615358638927535e-07
9.598889800811523e-07
1.409363361025786e-06
1.7766588520703496e-06
1.924148458630594e-06
1.7922549024513558e-06
1.437221668681764e-06
9.927002962937155e-07
5.903949837893808e-07
3.84022058752291e-07
1.7745145601447085e-07
7.027124639883217e-08
2.3785513181594178e-08
6.863249214916001e-09
1.6840215664262161e-09
1.512096731754846e-08
5.075844595073553e-08
1.4638814704712074e-07
1.1548711564185e-06
3.4715676592910664e-06
9.093187733324774e-06
2.057242363238781e-05
4.0276244133679817e-05
6.793121703196947e-05
9.849739090496693e-05
0.00012273660268854095
0.00013154399360845585
0.00012141542502491609
9.662220206889235e-05
6.632990506170255e-05
3.926903887608563e-05
2.003516375047615e-05
8.816110782235033e-06
3.377578972933458e-06
1.175700240348922e-06
5.857924168052252e-07
2.439563568957999e-07
1.33985518043169e-07
8.167654101852465e-08
4.6258531615433305e-08
2.2661267520120054e-08
9.406490524699023e-09
3.2906671354134322e-09
9.688488066708242e-10
2.3998925374821476e-10
5.000950934765023e-11
8.76654615750725e-12
1.2927574853544738e-12
1.6036794338822382e-13
1.6735159433135538e-14
1.4691086036021605e-15
1.0848999587964259e-16
6.7396481309392896e-18
3.5220579121981653e-19
1.5483441627362548e-20
5.7259855608781965e-22
1.781331446750305e-23
4.661771258181462e-25
1.0262872273822473e-26
6.99091593618827e-07
2.5258984577802694e-06
5.4028311155533705e-06
1.4633765734800202e-05
3.334283652842468e-05
6.390880940908481e-05
0.00010304588406097377
0.00013976946764262605
0.00015947981066066774
0.00015307732014494042
0.0001236026348466743
8.484326195843322e-05
5.132437381769815e-05
3.371918702482829e-05
3.784622179308881e-05
6.737016783963657e-05
0.00012246498392903127
0.00019384839241201382
0.00025951658524954625
0.00029254859357396494
0.00027757000632418677
0.00022179041295264607
0.00014952210717400187
8.546616258582513e-05
4.194967408696126e-05
1.823086859576816e-05
7.463595433648009e-06
4.1529339815311845e-06
1.8207304917657478e-06
8.290525004662281e-07
3.611358176866788e-07
1.4054467831859735e-07
4.715643161771087e-08
1.3436406717206191e-08
3.2320548330350762e-09
6.548773867679949e-10
1.1167757651293293e-10
1.6023693700402604e-11
1.9341950378994102e-12
1.9640858300917464e-13
1.677785393824652e-14
1.205662019696684e-15
7.288313412213583e-17
3.706298912846934e-18
1.978098583725417e-06
6.562730837685801e-06
1.8386058893011744e-05
4.325978876996748e-05
8.583948994769578e-05
0.00014367911758917786
0.00020339560580142895
0.00024454500629052055
0.0002516272474202972
0.00023677906888812733
0.000194986139838676
0.00014643037940629424
0.00010492406966062494
7.457096550373839e-05
5.293784170719037e-05
3.652056192931865e-05
2.3542885758551645e-05
1.3731838643112877e-05
7.091232701365626e-06
3.1965368838286776e-06
1.2499321590165355e-06
1.461422003525665e-06
3.5477333230738983e-06
9.495582043930234e-06
2.1995710664631464e-05
4.297454402098092e-05
7.065384775979067e-05
9.772798953271287e-05
0.0001137232535958109
0.00011133272346892008
9.169309919831677e-05
6.353134875150005e-05
3.703178911809615e-05
1.8187479807079315e-05
7.597021935580551e-06
4.002700979424793e-06
1.8142282740696877e-06
8.091533112433059e-06
2.4109224596895575e-05
6.440555375443753e-05
0.0003264498056482172
0.0009160548196143562
0.0024081497603536403
0.0055480880681680195
0.01124424109249681
0.019827361839142965
0.03024335600720233
0.03983903276100264
0.04537245715288494
0.04480038311988584
0.03846109227513855
0.028795799600231427
0.019156042493882443
0.011970066778522056
0.008959198690050938
0.011164955886064682
0.019377612212945507
0.03372202874405591
0.05225155887861186
0.07029730159706195
0.07905775356809505
0.08369287831941727
0.07700121827456449
0.06175389265495079
0.043269507735958224
0.026548471782313315
0.014338153364927305
0.006917818708528325
0.003090158393215123
0.0013629813461565642
0.0006350183037687299
0.0003150159771910607
0.0001565508016993204
7.273624538283862e-05
3.0352644542309045e-05
1.124685268604047e-05
3.7415322260491574e-06
1.1510137395061823e-06
3.396851621362042e-07
9.799446070884381e-08
2.7161919885350606e-08
6.946799976669731e-09
1.5772154051233485e-09
3.098144396506439e-10
5.190661086658891e-11
1.2164898213789824e-05
2.7094577135924943e-05
7.797762359646959e-05
0.00034831811373806245
0.0010255268433458085
0.0026513163274857828
0.006419351170849395
0.013471801751301282
0.024763400998755458
0.03959152137986989
0.054905770980878295
0.06620697396795383
0.06975419588663848
0.06459951959076246
0.05289404545380436
0.03847790839532993
0.024968529180753544
0.01451082146727527
0.007587298552682735
0.003584920330424104
0.0015336527422595754
0.0005924216336643027
0.000205048021060583
6.791083221924787e-05
3.367340430576555e-05
5.036196959017023e-05
0.00019526375089604837
0.00039945740994474306
0.001039173562207047
0.0025390624301079626
0.005460082418860986
0.010337476987727525
0.017037145929763846
0.024320910693076746
0.030066315479244193
0.03227797197293273
0.030211225334157814
0.02473540710837446
0.017738895245138664
0.011127432520713436
0.006083756720622805
0.0029015072098558855
0.0012373233183410853
0.0005696937443516477
0.00047370575639986824
0.0007125097230484644
0.0011581452081726867
0.0016871551005126037
0.002137903299513531
0.002353617946249111
0.002259436246135192
0.0018985459499790073
0.0013989678202940635
0.0010605853911699874
0.0006255538224829232
0.00032080778659084725
0.00014216344362899907
5.4119052978931756e-05
1.7644226594005436e-05
4.990318525095893e-06
1.368872971235587e-06
5.682815566298423e-07
5.041521637282892e-07
5.955193465925399e-07
8.316061260688105e-07
1.4293093927141794e-06
2.6894813414644335e-06
4.7602200499689514e-06
7.350741531910047e-06
9.652375030621656e-06
1.0695342090306425e-05
9.978145658407473e-06
7.852633606868998e-06
5.246300393326875e-06
3.103527953564274e-06
1.9480608527557176e-06
2.9986931751709263e-06
6.693816184537175e-06
1.2025414453721721e-05
2.8320353231100494e-05
5.932713375843733e-05
0.00010965637875511536
0.00017657364769015074
0.0002466065083672765
0.0002988966544698711
0.0003159876262471281
0.00029357425407285683
0.00024206338049854594
0.0001795765906697599
0.00012245174875663548
7.921605178326468e-05
5.026724856948831e-05
3.165508793963121e-05
1.9302143144925884e-05
1.0897040941074069e-05
5.470676075658668e-06
2.378876018040383e-06
8.830160793589441e-07
2.777106626396327e-07
7.373027479394361e-08
1.649498521875882e-08
3.1069565125540762e-09
4.925086792649338e-10
6.569009526899935e-11
1.557897745007059e-11
1.5579469330146041e-12
1.310694097014372e-13
9.276369638402675e-15
5.523050295513872e-16
2.7663173570894873e-17
1.1655895552229594e-18
4.1315112015981373e-20
1.2319443449382746e-21
3.090234697493923e-23
6.520929533224937e-25
1.1575633809408932e-26
1.728615883561647e-28
1.0629211025922735e-07
3.8284028139511765e-07
1.1599678785784052e-06
2.95655551573558e-06
1.1096013317974231e-05
2.8325536473958953e-05
6.77975244480766e-05
0.00015334050377379267
0.000306411367476749
0.0005392954096833336
0.0008260537204512456
0.0010987065464576513
0.0012782181142908223
0.0013187763103433142
0.0012663387039594303
0.0011452026386928737
0.001068854706064102
0.001145084172991655
0.0014179649383702672
0.0018226465322839927
0.0022022520253045155
0.002389005785824565
0.002296028566046029
0.001952669694488503
0.0014701867023237509
0.0009777605478562049
0.0005712162824032128
0.0002910865973186363
0.00012882235727817832
4.9962366396295344e-05
1.797433678697737e-05
7.123670116357618e-06
3.8130753715836757e-06
2.527392573448021e-06
1.6509757551770722e-06
9.48672144630901e-07
4.636850084886812e-07
1.911617722794209e-07
1.0457183528028848e-07
6.056049583369043e-08
8.247210330730241e-07
2.9146295850160247e-06
9.099616737452861e-06
2.3751973776717203e-05
5.2615954339813735e-05
9.949847569655203e-05
0.00016076310329815062
0.00022684056477081062
0.0002803400548119574
0.0003159414485096257
0.0003422897270430589
0.0003981732360632003
0.0004939120877116604
0.0006638908247276911
0.0009335936607488144
0.0013299390774043553
0.001841236400252188
0.002378254034602336
0.0027845949758763273
0.0029139701656319805
0.0027154973110547326
0.0022545950553149187
0.0016688410542729305
0.001101391639073592
0.0007852844030578785
0.00043936613144886905
0.00023999224865366134
0.00014448731594461352
0.00010224625028260407
7.790529865339374e-05
5.6745717843131786e-05
3.9038893762197906e-05
3.016422413106615e-05
3.468301006453861e-05
9.578241217900547e-05
0.00022064074525545745
0.0005001354396016558
0.0010498560314351128
0.0019651273397559557
0.0032302514032880986
0.0046273236335474775
0.0057842415501330865
0.0063532158875518226
0.006187211772930331
0.005381312602174699
0.0041887287527852665
0.002906626025929044
0.0017844594665451807
0.0009626599460963535
0.00045635007680651694
0.00026002443865449427
0.00010459386006119574
4.164422306962586e-05
1.7962265899043034e-05
8.541440785350096e-06
4.142468972339419e-06
2.0711963305345945e-06
1.3993943257969233e-06
2.0615081668680388e-06
4.290884483517236e-06
8.312250729728115e-06
1.3733032658928183e-05
1.912019637764641e-05
2.2398977023352502e-05
2.2074373037028282e-05
1.8300456988037887e-05
1.2762843406439437e-05
7.487635808006054e-06
3.695334245715992e-06
1.5341735122620683e-06
5.358052600470795e-07
1.5741684510673087e-07
5.981140642554657e-08
8.47992579239679e-08
2.3819559031627812e-07
4.5639519426544246e-07
1.0551742851249372e-06
3.299868178155737e-06
7.706316155070885e-06
1.739708224968163e-05
3.7685863455736573e-05
7.349028097370595e-05
0.00012681608599298107
0.00019088885219655508
0.00025271789775850524
0.00029527204102008985
0.00031485746869962364
0.00032357359035806627
0.00034033524966996145
0.0003791928608225514
0.0004348480546479476
0.0004829304642242201
0.0004950070001469179
0.00045748255149194103
0.0003786656905603799
0.00028088134120368913
0.00018719203169851464
0.00011289670913651771
6.824661683602853e-05
5.206185836327983e-05
6.828182495895258e-05
0.00010205343032073744
0.0001913202081076787
0.0003292693274505883
0.0004970964010240739
0.0006526305271165655
0.0007478464268158349
0.0007553285808444799
0.0006797293898885787
0.0005515705246631814
0.0004103071343643236
0.00029111631884573634
0.00022274280706766455
0.00020857793270018365
0.00024929874356021254
0.0003445380889183208
0.0006363455031811015
0.0012459039249642458
0.0025900207307823033
0.005513545820969561
0.010960412529701988
0.01957442626837862
0.0306582356261616
0.04207156128667476
0.050797602362088044
0.05531672811295733
0.05691910394077539
0.05790137852023241
0.06183831377515794
0.06999738715259685
0.08054054456663388
0.08892206486678068
0.09071000947839598
0.08419753490179997
0.07083885035842903
0.05387112226537753
0.03677598452160034
0.022306427856745723
0.011972240328989709
0.005843429780507278
0.0030886940182990137
0.002759362703347207
0.004276578308244093
0.007357333499990394
0.011556117838100783
0.015895211209392208
0.01907859983832976
0.020133730057905443
0.018890402975353125
0.01590787895693289
0.012061157771496273
0.00819120317244935
0.004928399243127629
0.0032790848898874283
0.0016189216889920437
0.000815000292029662
0.0006475478272669872
0.0009242470537291855
0.0023940970390619954
0.005081830960603452
0.010706159069914586
0.02185980911088611
0.040234729025022564
0.06535529921906306
0.09250150949776624
0.11411782978383916
0.12377702544194355
0.11962216861308542
0.10437599575828443
0.08291128883369692
0.06008597522712694
0.03974477230791679
0.02418941117418651
0.013883784512253873
0.007831333864437762
0.004512451456510755
0.002677541625287347
0.0015975533120412017
0.0011342263083916194
0.0007010261308920071
0.000549326969456005
0.0007000616713252586
0.0012120650664004693
0.0021183644124454456
0.003326599774900692
0.004559837805729537
0.0054500517621823156
0.005733055693686055
0.005376937185950515
0.0045456090529330025
0.0034760348508456455
0.0023901216028567214
0.0014590122156731074
0.0007792054838429628
0.00035947062833507323
0.00014189830427449558
4.762302962169706e-05
1.3533745028573966e-05
3.2486110686498403e-06
6.576677749909437e-07
1.12191449133381e-07
1.782277080074617e-07
5.534219175575009e-07
1.578361522694013e-06
2.889754333963644e-06
8.813704992322014e-06
2.0513365489281403e-05
4.496788450236814e-05
9.232802280734979e-05
0.00017329828037159829
0.0004050818864261481
0.000826789944305195
0.001726858065326936
0.0035986361742236434
0.006951841014731248
0.011981884388177313
0.01802832763424734
0.023564369932883744
0.026915796387611966
0.027204066198490053
0.02468113860083576
0.020303480174325334
0.015152194971853453
0.010162144335879636
0.006034925083243563
0.003132955869862591
0.0014244320359509302
0.0006055378747212874
0.0003138821370036379
0.00027027774032832406
0.00029141108303650486
0.00032961860795096274
0.00033575737007054664
0.00031622484552604923
0.0003101439780304689
0.0003619694559972728
0.0006780093303717582
0.0013090806709324194
0.002694100644490191
0.005557730527031132
0.010613981952576526
0.018045309918558617
0.02678276585511162
0.03464870054410107
0.039444932886187875
0.040184973115898644
0.037322342217605546
0.03201222916551355
0.02542814749980223
0.018629713300503004
0.012567333391118905
0.007869463338764149
0.004652246740341714
0.002633079908016985
0.0014223868837956407
0.0009102169010026029
0.00043326466931245544
0.00018637550964088902
7.298779273459228e-05
2.7228991485141348e-05
1.1693510034639204e-05
8.68268001555315e-06
1.4738726600414806e-05
3.307624560816733e-05
6.825479043992424e-05
0.00012072100925342838
0.00018147754039217834
0.00023207600196794675
0.00026276016994908823
0.0002747818356147658
0.00030171915736614
0.00041223322792996307
0.0006706508401713063
0.0011307725500656078
0.001809888545928115
0.0026955806552964976
0.003716208932067608
0.004754707798549419
0.005611511694993926
0.006056784374293916
0.005953613561111739
0.005599895156477294
0.004766136701953383
0.003772212117515285
0.002816292352852831
0.002046153818096809
0.0016787223784387791
0.001834283412842906
0.002863734088654808
0.005456200406725031
0.010682442820415795
0.019062596297463517
0.029953393761434622
0.040935495450260775
0.04887646600745067
0.05180799365356075
0.04992436547856548
0.04481947050093938
0.0381642474364733
0.031046172643147397
0.024183279219962966
0.018168189622863457
0.013361903254930555
0.009743934795772954
0.007012615676489914
0.004854094714539956
0.003122118845615816
0.0022004407846401733
0.001179862126226883
0.0005567753313641314
0.00023040239593094829
8.374702075654236e-05
2.6898714537901496e-05
7.880068959166557e-06
2.677915947342909e-06
2.3009425399716253e-06
5.185207584023736e-06
1.1154281441827946e-05
2.305405839245979e-05
4.428265466773323e-05
7.816823051116604e-05
0.00012153211220044585
0.0001667111792119263
0.00020369166966601528
0.0002264969928580849
0.0002368954347287886
0.00023952466395177357
0.0002358852412217179
0.00022396117562445723
0.00020243567781554338
0.00017297406461609045
0.0001388782913154751
0.0001034031775338107
8.081898158562245e-05
5.155707192465606e-05
3.06120590871462e-05
1.986509491901405e-05
1.7435904782568036e-05
2.2378320208466735e-05
3.4642943153928313e-05
5.459254976590743e-05
0.00010622558281815411
0.00019506254219385654
0.00038358641286822355
0.0007701795549428116
0.0014814159349564623
0.002527250649992395
0.003756262783447424
0.004841279725002582
0.005456695116599377
0.005471811917684381
0.004987583603261345
0.00419887603592971
0.0032819784178090275
0.0023771192678675194
0.0016130431963712758
0.0010815056191985119
0.0007901650195296983
0.0006945101908533197
0.0006245135281391954
0.0005740132904773831
0.0005236394917963621
0.0004741575844255421
0.00046661819365408167
0.0005491270689111623
0.0007572921007500359
0.0013466463627780532
0.00244111385528359
0.004723298761410606
0.009495745578857436
0.018469973298706217
0.03214667712656238
0.048897340872963165
0.06455987466288492
0.0745469879311506
0.07657169244214142
0.07147232233040317
0.061688071182206324
0.04944399507732516
0.03648120524509418
0.024496651449817722
0.015030126523888075
0.008810052112150846
0.005481732932709439
0.0043737674284011745
0.0036104548889019632
0.0032651296521919557
0.0030380554777347654
0.002926147459767375
0.003036495485151281
0.0033919362881107773
0.003897467990600027
0.004337099270947994
0.00450038565313084
0.004312055450550397
0.0038427382383050585
0.0032241882601577072
0.0025467955128811964
0.0019099022019415707
0.0014342029065636975
0.0012244595552328551
0.0012979239474159151
0.0015492602339450105
0.001820845619716587
0.0020019660816910467
0.002085575932255293
0.0021213514571516174
0.0024094099847974675
0.003028389703990376
0.0046602563850072325
0.006815218051181188
0.012604115905770593
0.02181403727639694
0.03339899802857166
0.0444363093077953
0.05157185952818626
0.05309125755791973
0.04966009396512955
0.043146933188438076
0.035092662628564475
0.02642125777503531
0.01802793959223028
0.010954507551455888
0.005920014194141082
0.002944012798807302
0.001519842455477897
0.0010334300463864042
0.0010223636707933365
0.0011944643818689313
0.0013683601189974693
0.0014531292051109
0.0014709607333557447
0.0014762684621587045
0.001623684614525318
0.0021083804425936713
0.0027231654576415354
0.004090936216959116
0.005800067522068841
0.0073634344058141465
0.008270502286058632
0.008308221987832508
0.007629528952086174
0.006532450915306671
0.005236177824970806
0.003869625077172397
0.002570501204983696
0.001498553243475465
0.0007536246737229615
0.00032346763747821336
0.00011777433543206498
3.625474114157935e-05
9.418805382008948e-06
3.7087814296190547e-06
5.8843821151450616e-06
1.5546092659883316e-05
3.667756171851045e-05
7.306236037504416e-05
0.00012250011791609537
0.00017294735174112758
0.0002056313604379429
0.0002063374970424881
0.00018878217733257386
0.00014554884200446174
0.00010068637046270183
7.624023596583368e-05
8.966240921993635e-05
0.00015580841152250312
0.0003126774926654761
0.0005941557776979064
0.0010485463627996905
0.001883424096067567
0.0031352857958638057
0.005332314971749065
0.009186262410273427
0.015303803672564448
0.023193205527604087
0.031171022864577815
0.03685937704295608
0.03867803431375602
0.036761249492953375
0.03243241172399488
0.02696121260112582
0.021002092000907475
0.014986218348104124
0.00954208361287767
0.005325903951505195
0.0026127313026505445
0.0015456606339817132
0.0007349077438657141
0.0005047714639229501
0.0005981502834844851
0.0009141210634285584
0.001377917900268425
0.0018745325523209808
0.0022470791123381084
0.0023846161008771135
0.0022926148145836493
0.0020603972124588993
0.0017806402418984355
0.0014983302200046746
0.0012311705233560546
0.0009957427084758353
0.000808201692324128
0.0006686201735139
0.0005629311017817194
0.00047570990952119213
0.00039700725677014676
0.00032131221344438736
0.0002467441050287498
0.0001759610802367247
0.00011473005221382561
6.786238594237734e-05
4.523904855688441e-05
2.264285283026678e-05
1.0230855550872967e-05
4.773696262580355e-06
3.843266861089307e-06
7.784446523745493e-06
1.9325016566136807e-05
4.282465792292854e-05
8.061497615546139e-05
0.0001284877251489165
0.00017396545738354336
0.0002014393865461973
0.0002019487150413122
0.0001791749369111882
0.00014550175086477997
0.00011277864290121125
8.745589716812585e-05
7.03953708619766e-05
6.222101187696983e-05
6.583303796309635e-05
8.75603994114076e-05
0.0001309405716267757
0.0001942938663647289
0.000267420428699449
0.00033685755217612224
0.00039226642740791483
0.00041909117089901604
0.0004412685031243956
0.0004367923065109637
0.0004026016796202212
0.00034460214176290085
0.0002763725499481962
0.00021080959413683444
0.00015392281797850307
0.00010796847310550632
7.469220851637446e-05
5.51889243841105e-05
4.74574489416947e-05
4.602758608688329e-05
4.459295761042907e-05
3.930804195208465e-05
3.0173483718782674e-05
1.9816743171300003e-05
1.1053425384629025e-05
5.307127438657093e-06
2.3819764864799965e-06
1.5568689729706648e-06
2.2461232231701757e-06
4.180565356154228e-06
7.047689020321147e-06
1.0149685995893107e-05
1.2512867562573349e-05
2.1005303569247366e-05
3.9707119647213243e-05
8.826409541035557e-05
0.00019473842862337593
0.0003833306810104755
0.0006472219469873441
0.0010781817219125815
0.001714834430256487
0.0029939255913941564
0.005833523327904878
0.011406263074807764
0.02050360245277824
0.03194618161633847
0.04285191994359433
0.04978355037754839
0.05107300584910955
0.04772833022594389
0.04203949743227794
0.0355224413546677
0.028476549266388006
0.02103528209213795
0.013987216633582055
0.00838930901963809
0.004757316716728815
0.0028187123790381066
0.001915640667419309
0.001598684774846146
0.001299284032843174
0.0010824796359423922
0.0008885670697600254
0.0006903942266814487
0.00048724917305446066
0.00030252549923794547
0.0001621395281582248
7.48253995534468e-05
3.110674082018637e-05
1.4825820522670097e-05
1.2745781596437967e-05
1.6674650369721013e-05
2.1971719048803172e-05
2.5808703610111653e-05
2.6885137199911298e-05
2.5385053995749063e-05
2.2298428387589666e-05
1.8491811956836337e-05
1.438045141821374e-05
1.0254545558002962e-05
6.5640102212797046e-06
3.815700366237405e-06
2.548326207085696e-06
2.778906784987539e-06
3.912356222540031e-06
1.0997461752071283e-05
2.6695963999464602e-05
6.287407214970893e-05
0.00013889297442251067
0.00027669299832781716
0.0004839312080748412
0.0007301844131520867
0.0011457575358712335
0.0018032640476199463
0.0032300612271237024
0.00638412874128775
0.012303029109086308
0.02116887955819486
0.031452785600898626
0.04019152484150798
0.04463514529546339
0.04413499784855258
0.04028236739067481
0.035159415779727796
0.02969256948719432
0.023748506157109477
0.017332756773225304
0.011187444651775867
0.006307594757703295
0.0031561557297667847
0.0019609880326762175
0.0012086310942090496
0.001327122739927026
0.0020051814961044535
0.002928060862398289
0.003758666205712381
0.0042042913684705585
0.004178763496398988
0.0038237385350363287
0.003345250161639044
0.0028420672051839343
0.0022989968555717825
0.0017032409748399338
0.0011162718465126255
0.0006333062552338951
0.0003080759658465431
0.0001287938645363107
4.768573095560027e-05
1.7857804746227615e-05
1.028534997343418e-05
1.1527952651038154e-05
1.8452304977401015e-05
3.327410218065588e-05
6.019408270528242e-05
0.00010184834870943678
0.00015338033454388418
0.00018724309196371637
0.000225434629317232
0.0002387890661358397
0.00022796022384820444
0.00020369225979600424
0.0001764135535691857
0.00014948964668723636
0.00012090453019394768
9.190616667289707e-05
6.885608093938142e-05
5.898299464468921e-05
6.423889753994725e-05
7.87734259230987e-05
0.00011543396007722824
0.0001748020243487742
0.00031630535659670097
0.0006313837673615023
0.001211050716498845
0.002053240963357968
0.0029922409218681428
0.00374535045658301
0.004078258551271531
0.003980581108373304
0.0036505362923061175
0.0033079022532151296
0.0031166442942435653
0.002848118038755994
0.0025199395591642467
0.0023577915895028534
0.0024946689692023527
0.0036508680325659957
0.006750160370160644
0.01258502340013787
0.02095857091721969
0.030056973085556472
0.0371077891737086
0.040061040489476736
0.039060762073827845
0.03599088900153356
0.03253520718555182
0.02888854696680287
0.02436307960273974
0.018813439902809637
0.013106699043250354
0.00836404696321551
0.005097917791830732
0.0031015424338920804
0.0018958149484651938
0.0011209059866536017
0.0006125023130059494
0.0003033265043325551
0.00018137434849743126
8.398688723007191e-05
4.751661718051169e-05
4.330890141020793e-05
5.9054253437019676e-05
9.00987322656613e-05
0.00013977251307455176
0.00020451094525312594
0.0003135214531826802
0.0005125830145010693
0.0009096154932918552
0.001656437199543519
0.0028685644987379295
0.004540675461212881
0.006424737474100799
0.00805750183874463
0.008972226641572005
0.008976531158044735
0.008273254451813095
0.0072654599957935806
0.006229379796715924
0.005185481215464303
0.00406234058643427
0.002895519663567792
0.0018716461240346359
0.0011975426802328638
0.0009997368986491856
0.0010774526634734544
0.0014954535920737799
0.0020528591475908633
0.0025245759572378114
0.002780772316584772
0.002863959365568614
0.0029242890690797775
0.0030890933342496824
0.0033631125261691644
0.003685919061240869
0.004019410475502994
0.004360621184815903
0.004664260576631803
0.004813183558568939
0.004709259614168688
0.004376383279005461
0.003941996808971254
0.0035149589314180133
0.0031007987060561173
0.0026478361307090102
0.0021373446376357543
0.0016202043643242351
0.0011737622105672482
0.0008418190984995547
0.0006144209741149601
0.0005017402070923431
0.0003645406416280603
0.00025112976282720234
0.0001608181418582962
9.625122273067316e-05
5.48837320838411e-05
3.0180342364649677e-05
1.5868228291938804e-05
7.937118585505704e-06
5.44619308228177e-06
7.299287476004948e-06
1.5098467811261712e-05
3.104366621280559e-05
5.6324000294814315e-05
8.814760377014604e-05
0.00011837696031079561
0.00013623109553062327
0.0001344880502285027
0.00011996942399708907
0.00010325799178934017
0.00010900906469928881
0.00016284196889472866
0.0002835812190828116
0.00046975067567435686
0.000680447198120506
0.0008039742082855638
0.0009207087654704612
0.0009380183618666225
0.0008832157930162101
0.0008023759896777554
0.0007250238465865747
0.000651511760725155
0.0005737019648383269
0.000494124238170689
0.00043260857834982
0.00044301019028837824
0.0005687145042360774
0.0009003394614180353
0.001546893560365893
0.0025829445813344704
0.003967272352151424
0.005428355348049774
0.006598887322849364
0.007137305471899678
0.0071125613442037635
0.0069500673086433234
0.007104016775173362
0.007670119372149716
0.008238326543184286
0.008283846793579757
0.007586326136152844
0.006820050708998865
0.005578312020108464
0.004569211569939731
0.0038666734618693
0.0032969288715270937
0.0026795568281924474
0.0020361021752144846
0.0015597728644043969
0.0014160287367710974
0.0017098573625527976
0.0024474129170749055
0.003581517273202425
0.005003362844825105
0.006448901013292435
0.007536937771028844
0.007921731030977873
0.007545291300928694
0.006696283336132282
0.005766878230369399
0.004945392945911428
0.004159270685304133
0.0032802002767676835
0.002322025663167986
0.001450802207194668
0.0008157389791284628
0.0004911330285482924
0.00044330838370175305
0.0005884485576455961
0.0009287078568141656
0.0013439241270983963
0.0016850337389370477
0.00183307179123955
0.001774412628854166
0.0015985103789804272
0.001415088244893803
0.0012732445350427386
0.001156172424142407
0.0010679605419955964
0.0010787995518778085
0.0012926848358773837
0.0017501407319925719
0.002349326042803385
0.002869242508892836
0.0031045184657717347
0.0030052812825918174
0.0026988053807797015
0.0023628897753110007
0.002078594049482534
0.0018038918847292963
0.0014691771687902833
0.0010724997412518077
0.0008066728669125854
0.00046563437041521004
0.0002339408524698765
0.00010871515969302099
6.105916573756855e-05
6.266313629927907e-05
9.575381755295973e-05
0.00014839880501564778
0.00021050527347151143
0.0002680434133601893
0.000325161787033494
0.00041046722274008806
0.0005670792228730216
0.0008132895579596827
0.0011084147531604327
0.0013578028892151676
0.0014832699131858847
0.0014743896052574214
0.0014143382395942908
0.0014136454356379721
0.0015316259267964714
0.0017440465946113302
0.001953319099337667
0.0020488219147740765
0.001967503083956654
0.0017374719537484008
0.0015500088287385295
0.0012947177071965998
0.001108683958542139
0.0009635797125975552
0.0008040832147762574
0.0006100970417454893
0.0004093246165669322
0.0002431518091899584
0.00013190222389475643
7.862324858299162e-05
6.886389982417815e-05
0.00010942829057269542
0.00022117945798715228
0.000423146506321233
0.0007044737544339332
0.0009970527061334597
0.001203574754289466
0.0012556067919011163
0.001189049559193659
0.001090837729045454
0.0010870722138358443
0.0012513276442797816
0.0015848352087215174
0.002024215808956486
0.0024307816496248916
0.002661583151267491
0.0026805092129204215
0.0025497329417862504
0.0023717238952335237
0.0022869163170619565
0.00229401386268948
0.002268543755147241
0.0020993451530742185
0.0017985976750180916
0.0014792543561044102
0.0012383395996694738
0.0010889928658488798
0.0009827980555446561
0.0008836106808947771
0.000787650185528279
0.0007232239414988412
0.000724119218257961
0.000819085771987565
0.0010165233090362418
0.0012729822273700305
0.0014889114614286987
0.0015627225025031234
0.0014674674723229011
0.001274626208304546
0.0010910824609763562
0.0009709740165110334
0.0008887904076359065
0.0008260196027318522
0.0006935283959738688
0.0005256167126709318
0.000377475795169001
0.00030235156823276056
0.00037247601415182696
0.000667541676594017
0.0012460243205739254
0.002076644690903968
0.0029739592127091302
0.0036407488222645807
0.003852162701957503
0.003616969058019508
0.0031691965643336813
0.0027677402581309726
0.0024973675562537595
0.002256374297820767
0.0019161750597163256
0.0014567987514011703
0.0009853302906521883
0.000633668170294903
0.0004697607757680973
0.0004750424959822382
0.0005703237954314455
0.000662141089512496
0.0006885108034222519
0.0006644781072737884
0.0005925671473740575
0.0005190489255659787
0.0004668933476237694
0.0004264705873505438
0.0003748716428349549
0.0003110131683927868
0.0002610681395746363
0.0002590263142143993
0.0003232253743688394
0.00043359355293901887
0.0005508762998258458
0.0006423799356015816
0.0007076222006664824
0.0007707706321895614
0.0008424129565119494
0.0008929746379732319
0.000949541560087041
0.0010540286664821891
0.0014972930347574853
0.0027954695059601185
0.005533859595612943
0.00994135263124673
0.01542861701016973
0.02034109076267178
0.02239395632776604
0.022910287986602842
0.02086025675556068
0.017933339665470158
0.015668611024594888
0.014331093541614841
0.013082992523526944
0.011070511058029099
0.008246135330004411
0.005270135847707589
0.00285884096553393
0.0013135472054326659
0.0005162776520134038
0.00018970527883743258
0.00010116123298906347
0.00012079173522146055
0.000188016918872614
0.00026545115312809933
0.0003185495544660719
0.0003609862127465353
0.00042638458665993556
0.000677246902044781
0.0013978109474820225
0.002927259604803585
0.005437959613606262
0.008649710677698859
0.010745256683269436
0.01299728131847925
0.013511269121005608
0.012411652558371322
0.010654594964697206
0.00923686104974701
0.008446104055196902
0.007833437085580573
0.006818642858658646
0.005260265846657052
0.003497327883342857
0.001992477291840299
0.0009973242319948651
0.0004928790555666815
0.0003184806037627519
0.0003072688190886597
0.0003414810817017598
0.0003623778848721479
0.0003580880053877763
0.0003443434953194875
0.00033779145577485605
0.00033777382247902714
0.0003291526927265196
0.00029955006198298845
0.0002515385260543771
0.0002165291033099116
0.00017117571054300575
0.0001416638030134802
0.00012725150687368223
0.00012146210107465903
0.00011631812981682495
0.00010713479615693826
9.563728422301843e-05
9.026081091821297e-05
0.00010825805353373656
0.00016893296687268478
0.0002836670639828636
0.0004428371613660785
0.0006070618678827681
0.0007192585520179008
0.000736253277778315
0.0007529498227306235
0.0008650619582803255
0.0013605474023862922
0.0026093306876985487
0.004899512796364757
0.008127272338258894
0.011602203393309274
0.014097971489828585
0.014714550122474156
0.013515278473792212
0.012201652508699798
0.010386723264301187
0.00937379664741391
0.008979654771655157
0.008491570106792946
0.007408875450826041
0.005847343309072928
0.0042708826615165596
0.003189873525183619
0.0029592822567653253
0.003780818433634764
0.0056531904209595665
0.008192975802568059
0.010560082899164006
0.011843527580332684
0.011672358650148918
0.01046289810412298
0.009063586084861628
0.008075364610229764
0.007484957632760263
0.006874324725739559
0.005903109603434949
0.004593418639680683
0.003236162674990723
0.002117798942584807
0.001346705995445009
0.0010027432695671346
0.0006623580916851397
0.0004524765122388
0.00032456230440002247
0.00025796052543993354
0.00023286764854112487
0.00022176558231859584
0.0002004143199117676
0.00016251650818728723
0.00011797532217683374
8.683669101593786e-05
8.791186500774263e-05
0.000133497314861708
0.0002240919417821201
0.0003420824874115286
0.000450147342019898
0.000507496586763901
0.0005150297376294712
0.0005033564266588714
0.0005658337352622093
0.0008170047638387943
0.0013462022991292675
0.0021400387821532657
0.0030441659111937556
0.0037761908625769556
0.004047459783689904
0.00408214998014504
0.0038157097746890868
0.0035071713894995653
0.003311345957222591
0.0031799978729906437
0.0029601599604866385
0.002565203811898876
0.002046448084066659
0.0015261307128343136
0.0010919534867880414
0.0007587689791526492
0.0005032853841880293
0.0003072858360280483
0.00016675461273645264
7.85303786644956e-05
3.242698008808673e-05
1.3589422230934352e-05
1.1361463554865458e-05
2.1579154788538464e-05
4.465752497357136e-05
8.037740937177032e-05
0.00012240017885831872
0.00015772145586747
0.00017326924807140604
0.0001837559847118568
0.00019587075899750962
0.00028444990089206704
0.0005588144604727037
0.0011817690524747336
0.002286136817456033
0.0038236371384970094
0.005471338796249791
0.006686816333786789
0.007092958504392758
0.006764980071096446
0.00618837343991999
0.005849474697829376
0.005831116824933639
0.005815874049785297
0.005431396365444982
0.004593756432621833
0.0035386744753340567
0.0025812876775061187
0.001883628390052801
0.0014144599768206676
0.001081092693140626
0.000845217769949159
0.0007387175787386465
0.0008002922387658408
0.0010053570556685645
0.0012536498580640717
0.0013727492433303298
0.001413299501626861
0.0012905848073329015
0.0010947585708854367
0.0009411697332435734
0.0008829118818573846
0.0009033967709456866
0.0009614430998333458
0.0010439383835910202
0.001164762367853015
0.0013157577961865436
0.0014333930245972407
0.0014370601408325665
0.0013034097877458006
0.0010960128865450934
0.0009162704194892307
0.0008228662631599083
0.0007940645160841902
0.0007604068426090356
0.0006690282309106968
0.0005202996280686572
0.0003559960734670839
0.00022135363725285254
0.00013862428509794014
0.00010709092898369731
0.00011321356337211666
0.00012990916038409117
0.0001604403822757155
0.00018422290459168403
0.00019156628074615536
0.00018368210639026724
0.00016854391649562646
0.00018800481513170736
0.0002770818533958843
0.0005173791884780671
0.001001736007289794
0.001773682877299488
0.0027441863156776295
0.003657640002736657
0.004186529620313543
0.004154285056094855
0.0036707825629534075
0.0030646335819943626
0.0026423898541877173
0.002489376955007177
0.002455218265726216
0.0023505159233789506
0.002112644041934276
0.0018705774359586071
0.0018126038423585612
0.002014790580413842
0.002246971508274276
0.002563590347432819
0.0026575974862514526
0.0024678683542165456
0.002121671025777725
0.0018184476999167072
0.0016710327834845043
0.0016366777578352386
0.00158033066486792
0.0014227084437993703
0.0011809927329612536
0.0010135020608001931
0.0011353677379012737
0.001723734194183899
0.002798784784119428
0.004125336753857732
0.005233536434106578
0.005663715489641535
0.005289177301651352
0.004426173063684217
0.00360693205609043
0.0031899587911181863
0.0031504713582799692
0.0031852129903994397
0.003006602681308975
0.0025538979400517906
0.002168997310453121
0.0016124716968212477
0.001181424103405861
0.0008840902566581323
0.0006742264139749522
0.00052182518734681
0.00042513402842387564
0.00038379583899971257
0.0003772983386998662
0.00037245244828448056
0.0003450022072723773
0.00029314257199782517
0.0002317915202568081
0.00017751861807628686
0.0001377464846757511
0.00011125738257335252
9.372961566320698e-05
9.129887460017687e-05
0.00010813768092141752
0.00016618949520271108
0.0002966164573222123
0.0005243082193787066
0.0008370643606116026
0.0011624570970769166
0.0013850415615725576
0.0014164095556105684
0.0013303990286795888
0.0011106619859603411
0.0008999805682964838
0.0007887309313022057
0.000773346044625308
0.0007782558771110232
0.0007256398520929361
0.000592335385221677
0.0004139466529118863
0.00024639301080353545
0.0001261176173243316
5.7928989624464466e-05
2.6975465399369242e-05
1.5385932198610756e-05
1.1137286939228896e-05
9.156688543709143e-06
8.391815508431883e-06
9.783701006102724e-06
1.4627297901167687e-05
2.3825048870590053e-05
3.704143095591951e-05
5.170742882159223e-05
6.326523280833081e-05
6.692714283068611e-05
6.145689225201186e-05
5.4515641945070935e-05
4.3551545011146155e-05
3.733009616893038e-05
3.858123180419474e-05
4.590743813833415e-05
5.5364172487230506e-05
6.261458907123399e-05
6.455734130458956e-05
5.999414242696269e-05
5.0441751389576034e-05
3.987286103023579e-05
3.291180692507406e-05
3.227598360524061e-05
3.717231406581643e-05
4.369551632189342e-05
4.7127931779067604e-05
4.467609139729349e-05
3.6868357384126186e-05
2.9687109975092677e-05
2.9015195082918372e-05
4.7348071007613026e-05
0.00010325214707174708
0.00021778318808312423
0.00039935644158901857
0.0006219314570243651
0.0008208395905084059
0.0009011566930729341
0.0009082047097635723
0.0007972830990811867
0.000643957485124901
0.0005325889917867885
0.0004994580847212185
0.0005168812937139638
0.0005244925857411154
0.00048222122498313766
0.0003917337388490502
0.0002973692659531752
0.0002536302444105263
0.0002971127755309758
0.00043085903919495535
0.0006203309404757962
0.0008007890601715372
0.0009042394445859589
0.0008949825693742801
0.0007922817663914872
0.000658408732741815
0.0005573085988689221
0.0005152574635689021
0.0005113489520713537
0.0005012311395337182
0.0004519579117743939
0.0003616131496223506
0.0002897440047662672
0.00018657759776563172
0.00010741918852935375
5.779626372725891e-05
3.161428540243389e-05
1.9701166497046198e-05
1.729900405040903e-05
2.2423627875345058e-05
3.878202475223602e-05
7.354987832701624e-05
0.00013439871144460335
0.00022180953063000657
0.0003226149536839779
0.0004075604467963244
0.00045361124273617234
0.0004661494851262098
0.0004904950142738817
0.0005790115160458072
0.0007579762984524906
0.0010015833655664897
0.0012404889005057527
0.0014035325958515368
0.0014491952105348696
0.001381554417326231
0.0012371601638987728
0.0010963958324120965
0.001027760333579756
0.0010202825569517893
0.0011824134529686964
0.0015479664451285356
0.002083290636614783
0.002649184121962731
0.0030444805841365087
0.0030951104496081093
0.002808824998465093
0.0023701556716817975
0.002020889628595232
0.0019027112527006131
0.0019778805617060627
0.0020772231743794055
0.0020331543352287334
0.0017893288833520425
0.0014227103231202718
0.0010673404376814624
0.0008220015629083788
0.0007055354724501967
0.0006697628326457621
0.0006449950016730208
0.0005819017188144986
0.00047674641087240436
0.00036054287613131246
0.0002963521629801259
0.00023729277220600192
0.00022091117394155608
0.00022518485311367334
0.00022375706527725473
0.0002024392169366134
0.00016457033338656063
0.00012365189990236482
9.132364974732859e-05
7.764416554956397e-05
8.168695711188491e-05
0.00011466418766073003
0.00019715376074809122
0.00035317344965318375
0.000579350245820998
0.0008393907887161078
0.0010798715860843517
0.0012659426147537695
0.0014136683281760635
0.00155603128164987
0.001689588737717797
0.0017572486274931895
0.0016994751791683024
0.0015155196396029879
0.0012723818155945781
0.001062229611929929
0.0009690373377598675
0.0009029656767548701
0.0008919067013522418
0.0008960963272103299
0.0009053070109388639
0.0009286823330072413
0.0009560969734798044
0.0009477924695821947
0.0008612609375855005
0.0007050693502971936
0.000537514733982117
0.0004254822063315178
0.00039710641146748247
0.0004266897658631905
0.00045825881343835575
0.00044539037501346797
0.00037832631572252696
0.00028198125112987264
0.00019153365412697128
0.00012892537049621533
9.917011963958195e-05
9.462506460280596e-05
0.00011170638376944757
0.00016162358261657796
0.00026005219690316726
0.0004298696251610403
0.0005890237563697502
0.000907900545338082
0.0012949112997460612
0.0017259001367118006
0.0021758775848385796
0.0026220205165557787
0.003019792233276169
0.0033013664483982474
0.0033861937196847727
0.0032299039662607586
0.0028884191026002227
0.002530154564144256
0.002354340314772293
0.00250705376100476
0.0030106122078437615
0.0037263448567910105
0.004375102934814477
0.004656585334927753
0.004407977977974644
0.003740461882373112
0.0029726036831915115
0.0024409226475762213
0.0023021942526840044
0.0024590154380359926
0.002647938947908672
0.0026607257394255426
0.002424714762591375
0.0019444351710980797
0.001398766566127262
0.0009557675420284581
0.0006811685976973539
0.0005419537416640278
0.0004656871970790211
0.0003981359428332371
0.0003232371679104208
0.00024946260257869884
0.00018733107637835774
0.0001396842446982561
0.00010838127483171018
9.592172211041354e-05
0.00011657391513900004
0.00019226822820370406
0.00034402193525331096
0.0005725535467590048
0.0008363037458835325
0.001050838891433612
0.0011346670116243681
0.0010554886567284258
0.0008832071872351435
0.0007342402436530351
0.0007319250940660863
0.0008459857676218982
0.0011886604325829666
0.0016682545871546776
0.002148301715851864
0.002466438219465249
0.00252717623847284
0.0023216547233440975
0.001999577684312642
0.0017793236181980982
0.0018413288247783105
0.0022076072487645605
0.002716400849497733
0.0031090652164589305
0.003189762829650738
0.0029490967471532143
0.0025437976190661373
0.00216015744206455
0.0019032045928631975
0.0017688376582847701
0.0017017606368253551
0.001652106098084169
0.001601365551752138
0.0015536324063142677
0.0014974682045134887
0.0014150058590146667
0.0013115463471659364
0.0012554353964654144
0.0012443761544099934
0.0013510899603078519
0.001524177575569946
0.0016432488226280927
0.0016000578289535594
0.0013868574866131962
0.0010964657652919342
0.0008531686499033685
0.0007321310569602169
0.0007233448527859871
0.0007526992267362341
0.0007409380227689671
0.0006559985527410513
0.0005278960035885401
0.00043149775461263077
0.0004392393185019386
0.0005828704760812471
0.0008490947021876866
0.001150762372047731
0.0014114497696079535
0.001607191969681894
0.0017871138976089588
0.0020137814972998385
0.002273614857086767
0.0024152715790602204
0.0024800069066308935
0.0023128564797028762
0.001967742652699858
0.0015918127874576576
0.0013240374694866266
0.0012334550556985574
0.0012918317295182503
0.0014071459160535814
0.001482869516862614
0.001460861813085698
0.0013285557348565137
0.001106156479885595
0.0008377053593631146
0.0005858990299748625
0.0004099166535662969
0.0003387953398958754
0.00035675159628866866
0.0004120943872429645
0.0004450754667814488
0.00041968480390903946
0.00033911340350973966
0.0002349056484455204
0.00014109069322171096
7.75828037023575e-05
4.542385527011753e-05
4.037585410828178e-05
5.691200237414339e-05
0.00010869703143619427
0.0001992219365690237
0.00032436211612220454
0.0004658130676572634
0.0005980743060687292
0.0006981313942893036
0.0007522048326926034
0.0007543478625237001
0.0007084186972086264
0.0006292974805562155
0.0005445158675531982
0.0004790390474258748
0.00044247700929899933
0.0004269228380033993
0.0004144797597057481
0.0003870618067101971
0.0003354356516494954
0.0002643466861269665
0.00018942728257883323
0.000128547765098095
9.002206134346256e-05
7.589159864384556e-05
8.661499217472098e-05
0.00012371259110570694
0.00016238544760697267
0.00023524043800544293
0.00030594002333978414
0.0003555404044116138
0.00038125331987256194
0.00040421449097803705
0.0004519213110737118
0.0005330877034383794
0.0006272231269751804
0.0006986935118877283
0.0007267576063362742
0.0007222284135538945
0.0007142817411964632
0.0007261060067522009
0.0007553144612640715
0.0007744010733642661
0.0007508545077249412
0.0006705588740207504
0.0005532222788146779
0.0004388479689231394
0.0003611929122352502
0.00032906822105672654
0.0003307716536871942
0.00034741918781744277
0.0003669224905490833
0.00038673605917378625
0.00039988253449143186
0.00041609420084867384
0.00041791745489809653
0.0003968466467880853
0.00036917665445677656
0.00035957469202509346
0.0004204786104917755
0.000610367605555585
0.0009687142601446998
0.0014802427626399751
0.0020379067089841035
0.002459143108002243
0.002588730566881174
0.002391327097449399
0.001994795329036924
0.001597688569154684
0.001362635770580285
0.0013491322984813332
0.001507730217993185
0.001715889664144127
0.001839296435226039
0.0017923044694712613
0.00157119839103069
0.0012404455823762373
0.0008926062380177776
0.0006914735535785462
0.00047114238804371345
0.00035672065645403077
0.0003262208510713459
0.00033668808576463696
0.0003422121593927033
0.00031341141988675106
0.00024867307026666606
0.00016831023936309284
9.65967171180795e-05
4.691656631311255e-05
1.9294620111812026e-05
6.78864366695017e-06
2.2027438302228544e-06
1.038563391644654e-06
1.2772402733803776e-06
2.2381582415011496e-06
3.6477363482145483e-06
5.157610809199565e-06
6.260104966296162e-06
6.500739182867911e-06
5.7865748770364385e-06
4.474544578888919e-06
3.465489462965343e-06
3.3145988950826e-06
4.812323222783072e-06
7.070806380443556e-06
1.2676735103387479e-05
2.0625896599767263e-05
2.9221414768144564e-05
3.55702212153651e-05
3.750901660632899e-05
3.462334220149122e-05
2.985181072614485e-05
2.7631044346655986e-05
3.139652275017407e-05
4.1364868262894903e-05
5.3734170044730844e-05
6.273670496355906e-05
6.395276942223206e-05
5.804577844146411e-05
5.0157219190102464e-05
4.651239430004894e-05
5.7753496663391086e-05
8.751979711409332e-05
0.0001544287311168431
0.0002913024402290864
0.00053644890836221
0.0009002729385354347
0.0013274752690711068
0.0016861205804040691
0.0018434309732909885
0.0018098719038061478
0.0016060525427960132
0.0013614789491006138
0.0012262748162871098
0.0012555332389965338
0.0013933993368016925
0.0015426076625827765
0.0016273088061616058
0.0016367954445811435
0.001605937268946223
0.0015670093511190575
0.0015110273582932955
0.001398656833408227
0.0012017480942608518
0.0009445683275367488
0.0006945529143687616
0.0005211550336231027
0.00045518124104600675
0.00047353573929301247
0.0005155440114579494
0.0005201269616378567
0.00046022597141234464
0.0003512942455861164
0.00023150974056875844
0.00013343504789942645
8.742025365532274e-05
4.737517435336686e-05
3.4222446143397195e-05
4.027115961011625e-05
6.12211137759296e-05
9.47376219638189e-05
0.0001372079677409425
0.00018066168836150122
0.00021440406772052856
0.00022772617141548037
0.00022059983022906785
0.0002084527349380943
0.00021338910509828034
0.00026147938029484976
0.0003693976694372998
0.0005341883275071296
0.0007254092254565126
0.0008863037055755123
0.0009547845343792865
0.0009033707047507296
0.0007612905892177052
0.0006048362583227241
0.0005108845758357941
0.000513425923686639
0.0005901492608801149
0.0006799654889244463
0.0007146126159341753
0.0006975893776520367
0.0005983156487086879
0.0004545488487657231
0.00031947240020291134
0.00023061605011928175
0.0001943634540584341
0.00019117380003354272
0.0001929208249829569
0.0001798520171802145
0.0001484362712992069
0.00010791724417625305
7.06538136225008e-05
4.407489945093246e-05
2.900005586774675e-05
2.22778886753269e-05
2.0617477518789233e-05
2.2502066073115812e-05
2.7575641236582712e-05
3.6930061360388843e-05
5.209441281328952e-05
7.346287643227517e-05
9.979251804159542e-05
0.00012752052748592248
0.0001505767685502076
0.00016300373965540154
0.00016406355401396086
0.0001561161150101635
0.0001422840212289683
0.00012945449585026984
0.00012176650432058387
0.0001197563219438897
0.00012279710209096755
0.00013549344496860408
0.00016647057821964967
0.00023046483953437265
0.0003435413183749295
0.0005127889448219193
0.0007247219353874674
0.0009406665037866553
0.0011024517136121405
0.0011579475562168268
0.001092958033642969
0.0009413706150438154
0.0007693575987108536
0.0006384018774875088
0.0005775002486585976
0.0005791484190967574
0.0006113110727892962
0.0006332684467764833
0.0006126976126263099
0.0005401544088473232
0.00047004315228725676
0.00035310486768475914
0.00024511294052684154
0.00016066815874508602
0.00010137063352233577
6.441046243073276e-05
4.695684847999253e-05
4.6660092734231905e-05
5.931910660986436e-05
7.720130813888387e-05
9.050112903184643e-05
9.159992752968872e-05
7.956730543457259e-05
5.997052448341211e-05
4.1007265706500614e-05
2.8519949626908876e-05
3.533533484773249e-05
6.587840592736967e-05
0.00014827670525293374
0.0003270262050779156
0.0006475053050349945
0.0011111790091748491
0.0016287162850824905
0.002028141349363416
0.0021416733148757407
0.0020335888344302144
0.0016635725752492635
0.0012251935156829623
0.0009191649182860433
0.0008503492482746757
0.0009977499898715186
0.0012436165727640841
0.0014344945223536607
0.001454571270174104
0.0012822940474149405
0.000992745071389525
0.00070154414438114
0.0004935097319657655
0.0003865614006873988
0.0003467202099638205
0.0003246538422723117
0.00029351902649982084
0.0002577701298974965
0.00023905866960943208
0.0002527456454850995
0.00029213030469050583
0.00033128508414425337
0.00034245413870118054
0.0003149475591649899
0.00025891137981335233
0.00019758749748468023
0.00016602485382161825
0.00014583608996103498
0.00016515110779768757
0.0002192455370378827
0.00028882390017225245
0.0003451585398249871
0.0003623067569084732
0.00033204161389376806
0.000267691900714045
0.00019562398730492138
0.0001400990649651324
0.00011292882991290515
0.00011219954162632163
0.00012694826450834285
0.00014308285387397714
0.00014833349869841978
0.00013704487060607883
0.00011211334779351158
8.258076265636819e-05
5.763306554664865e-05
4.15281096622633e-05
3.301670410687702e-05
2.843968505261341e-05
2.5166335161719737e-05
2.337260350737241e-05
2.4824378234309424e-05
2.8585480132515162e-05
3.898777471641806e-05
5.3754782567679516e-05
6.871889113537743e-05
7.802624826883929e-05
7.719894658674231e-05
6.625806070721631e-05
4.9631710176640544e-05
3.3661293130199443e-05
2.6049510173961535e-05
2.9736573544833837e-05
4.9794858287861496e-05
9.15037683339103e-05
0.00015704921327926158
0.00024109819915909094
0.00032612485206639976
0.00038792388023592704
0.00040838835191832953
0.00038746006034798947
0.0003392769405668026
0.00028389977754720663
0.00023760596072061846
0.00021102687977769615
0.00020889403949687191
0.00022720137924934594
0.00024491018035944514
0.00027071927761015334
0.00028857299103920026
0.00030124789077315715
0.0003155093221373921
0.0003336327263988358
0.000350134841547592
0.0003561297999391041
0.0003444166951983653
0.00031381735706878484
0.0002701276127495742
0.00022527475357897843
0.00019419525181665835
0.00018954694267362516
0.0002158273047104719
0.00026514640143505557
0.0003174617739262797
0.00034780994393423376
0.000338692532230703
0.0002904445984083253
0.0002197481830661565
0.00015003401918487253
9.969716038447911e-05
7.635323883585605e-05
7.728007867831382e-05
9.235214198250462e-05
0.00010354957012653208
0.00011278257972844332
0.00010690650797177892
8.714056762230869e-05
6.110882054446587e-05
3.74849507735461e-05
2.155272659120936e-05
1.4307041189889136e-05
1.3917708791033601e-05
1.7492612388924985e-05
2.2010546702385705e-05
2.4975743585175693e-05
2.514475801191092e-05
2.300554135381693e-05
2.0028532250856618e-05
1.777248137487702e-05
1.7001362484607565e-05
1.7529416913328223e-05
1.8579357380776136e-05
1.9226777361345208e-05
1.8837301117357712e-05
1.731266339239692e-05
1.5048721982435089e-05
1.263074784956826e-05
1.0744066988399964e-05
9.788014245379893e-06
1.01592445737073e-05
1.3176995161035723e-05
2.0791387875226066e-05
3.427959941806664e-05
5.264286033388425e-05
7.129048150850388e-05
8.321412660693706e-05
8.29401026957311e-05
7.03388694033636e-05
5.07263031912967e-05
3.115131354228934e-05
1.6342765418778476e-05
