N :Calcite
Y :54.0% Gibbsite, Diffracto n :429
Y :4.0% Dolomite, Diffracto n :850
Y :42.0% Hematite, Diffracto n :951
0.0
0.0
0.0
0.0
0.0
0.0
0.0
0.0
0.0
0.0
0.0
0.0
0.0
0.0
0.0
0.0
0.0
0.0
0.0
0.0
0.0
0.0
0.0
0.0
0.0
0.0
0.0
0.0
0.0
0.0
0.0
0.0
0.0
0.0
0.0
0.0
0.0
0.0
0.0
0.0
0.0
0.0
0.0
0.0
0.0
0.0
0.0
0.0
2.6156531837706343e-35
1.5184141218743127e-33
2.179099987737966e-33
3.082360011996818e-33
4.29743024388796e-33
5.9054578136836324e-33
7.99866594641374e-33
1.0678267377765162e-32
1.4050871363700548e-32
1.8223212974921255e-32
2.3295168790226506e-32
2.935120810436893e-32
3.6450652133988886e-32
4.461735451861002e-32
5.382964481777382e-32
6.40115566286866e-32
7.502645574860392e-32
8.27362382030699e-32
9.466375822974901e-32
1.0675564794043133e-31
1.1866349031581476e-31
1.3000573387253221e-31
1.4038704077126004e-31
1.4942065915557959e-31
1.567521060487634e-31
1.6208216227723982e-31
1.651871089164164e-31
1.6593430031973112e-31
1.642915635604938e-31
1.6032949624672656e-31
1.5421643404881848e-31
1.4620658777594106e-31
1.3662251480743259e-31
1.2583360830848432e-31
1.142325994805656e-31
1.0221214355205243e-31
9.014340372970313e-32
7.835819468644651e-32
6.713575791332662e-32
5.669468791722534e-32
4.718998432375836e-32
3.871473413599119e-32
3.130557653064132e-32
2.6954370616861655e-32
2.1276796165396272e-32
1.6553972462992884e-32
1.2694546030753947e-32
9.595134452302295e-33
7.148318444320062e-33
5.248988815023192e-33
3.798974039005122e-33
2.7100413618026713e-33
1.9054801147635605e-33
1.3205407983810744e-33
9.020240552128755e-34
6.073000292463188e-34
4.030021506712453e-34
2.6359082996442807e-34
1.6993079765311956e-34
1.079773716501343e-34
6.762577538550891e-35
4.1745590274129137e-35
2.5399653389347425e-35
1.5232240984681613e-35
9.003650619300973e-36
5.245565076932843e-36
3.012206420255445e-36
1.704888487896453e-36
1.1572146329542928e-36
6.39376217208607e-37
4.2676696122647224e-36
5.892123198243372e-36
8.274553694300707e-36
1.1585569825448051e-35
1.6045775812981356e-35
2.191681656930837e-35
2.9490663259576464e-35
3.9075348938956444e-35
5.097604718580317e-35
6.547113398256244e-35
8.278371001868045e-35
1.0304996469909875e-34
1.2628666471188496e-34
1.5236083975656275e-34
1.8096528293911635e-34
2.11603649793333e-34
2.43588621519872e-34
2.76055743663177e-34
3.079941874230027e-34
3.382939219464853e-34
3.6580683071554136e-34
3.894174133371142e-34
4.081171691781051e-34
4.210758213704699e-34
4.262222524182844e-34
4.284381417514895e-34
4.239806878731447e-34
4.130569788478656e-34
4.133567463350421e-34
3.99268511866127e-34
1.950792696852713e-33
2.6433599923394964e-33
3.606930684334758e-33
4.9220631404252125e-33
6.68468514917015e-33
8.997377086457874e-33
1.1976132657427702e-32
1.5739326364535795e-32
2.0402000466378772e-32
2.60667230032181e-32
3.281272044672543e-32
4.0683909759214475e-32
4.967677019409467e-32
5.972926788355995e-32
7.071222237763204e-32
8.24245328149623e-32
9.459352426216045e-32
1.0688131681955061e-31
1.1889757669169817e-31
1.3021832835465197e-31
1.371644789620395e-31
1.4636939758929372e-31
1.5377417928393143e-31
1.5905253257317105e-31
1.6196513579718607e-31
1.6237760990856735e-31
1.6027078519958611e-31
1.5574216827370492e-31
1.4899845188139804e-31
1.4033986814125506e-31
1.3013803411297031e-31
1.1880956483237089e-31
1.0678805635939496e-31
9.449704138855586e-32
8.232621372932335e-32
7.061266997846741e-32
5.9652404551505e-32
5.053468987938083e-32
4.2432445345854334e-32
3.535701870284892e-32
2.9691333793909204e-32
2.546883247051423e-32
2.2698254285159138e-32
2.1373575544452666e-32
2.1480945304140897e-32
2.300209620491321e-32
2.479051772841406e-32
2.8612461096354446e-32
3.3763273379735795e-32
4.0179179957648565e-32
4.776479673593364e-32
5.638389714004385e-32
6.585217105717593e-32
7.593345640597081e-32
8.634064376002299e-32
9.674200177719576e-32
1.0677308125065945e-31
1.16053688034607e-31
1.2420874934830702e-31
1.3089132360647091e-31
1.3580560722492075e-31
1.3872764084244577e-31
1.3952154852571445e-31
1.381495528241425e-31
1.3467464964555578e-31
1.292556167632552e-31
1.221348612722689e-31
1.1362037081962629e-31
1.0406361942635097e-31
9.383561827010358e-32
8.331192704615272e-32
7.629418141744986e-32
6.599892198357122e-32
5.621276083483706e-32
4.7143035324484996e-32
3.8931109744115494e-32
3.17186910063611e-32
2.5488160899756144e-32
2.0201102207773377e-32
1.583740715409281e-32
1.2325062969247368e-32
9.577364954139665e-33
7.501350236297924e-33
6.00444893198106e-33
4.999188066090088e-33
4.406007344722391e-33
4.15441501687453e-33
4.1828225598537826e-33
4.437452213149612e-33
4.870719397961671e-33
5.439462571569727e-33
6.103335847282166e-33
6.823603605635733e-33
8.141862196227363e-11
1.1831355259358844e-10
1.6925877119946679e-10
2.383821942959919e-10
2.969256771296059e-10
4.0742432369701973e-10
5.503666278545096e-10
7.319192537050866e-10
9.582530107305718e-10
1.235102935954056e-09
1.5672275472864764e-09
1.957793581000156e-09
2.407729449760473e-09
2.9151063958084004e-09
3.4746180929816367e-09
4.0772344420238e-09
4.710101137670834e-09
5.356741905054415e-09
5.997595228540455e-09
6.6108838005096605e-09
7.173776398582309e-09
7.663763411459198e-09
8.060134395734612e-09
8.345424231624047e-09
8.506687807820307e-09
8.536473800458789e-09
8.433395538180606e-09
8.202238038518667e-09
7.85358970834267e-09
7.40303819102007e-09
7.055536342920538e-09
6.47960277136497e-09
5.858314363797346e-09
3.932683104357199e-08
5.4329267764321807e-08
7.540038925337027e-08
1.0437404908645764e-07
1.4341049822665558e-07
1.9497337722487772e-07
2.61769697886223e-07
3.4664484411968547e-07
4.52799577233524e-07
5.822664622769479e-07
7.544095776120749e-07
9.529376178336724e-07
1.1771766177911998e-06
1.4331462034568319e-06
1.7197354708321666e-06
2.034326489020905e-06
2.3727195615429183e-06
2.7291685294976252e-06
3.096535837101382e-06
3.466564356835761e-06
3.830249300500973e-06
4.178280968354054e-06
4.397071131332582e-06
4.698998945989917e-06
4.962516194893018e-06
5.1810453121337525e-06
5.349532684319909e-06
5.4645828742796815e-06
5.5244773520906065e-06
5.52909344610451e-06
5.479749259942939e-06
5.379005117447217e-06
5.2304512452838875e-06
5.038505561108266e-06
4.808236232015927e-06
4.545213297475388e-06
4.255384379037642e-06
3.944963176679506e-06
3.620317145380473e-06
3.287842565795705e-06
2.953820375209948e-06
2.624253157737926e-06
2.304690868871485e-06
2.0000585665642882e-06
1.7145024670151731e-06
1.6749032160044563e-06
8.136751794836277e-06
1.1117819945642498e-05
1.7944681447948782e-05
2.512732374991825e-05
3.496195082306352e-05
4.814948300837834e-05
6.548582469901635e-05
8.784075284619462e-05
0.00011612216062725237
0.0001512242070687
0.00019395942386103286
0.0002449768322956699
0.0003046704752316576
0.00037308521131113845
0.00044982879816695076
0.0005340008015731264
0.0006241493102246288
0.000718265497420707
0.0008138235995154329
0.0009078699486490118
0.0009971596301928277
0.001078333699664812
0.001148124432213547
0.0012035716021617055
0.0012422300475632758
0.0012623483099546693
0.0012630001825194794
0.001244155403942196
0.0012211539879304722
0.0011721592071077818
0.0011077703000247805
0.001030765215291855
0.0009443145798427256
0.0008517664340486782
0.000756434304644779
0.0006614069600411207
0.0005693943295161011
0.0004826189040975871
0.0004027562755901984
0.00033092309646406834
0.0002677067377101281
0.00021322501790289387
0.00016721076956456514
0.00012910348792504242
9.814318217725589e-05
7.34568322026984e-05
5.413235084362907e-05
3.927708637795433e-05
2.8060062711862086e-05
1.9738863403574222e-05
1.3673233553279436e-05
9.328107561282995e-06
6.268944931662363e-06
4.152083100094659e-06
3.130592978748113e-06
2.0279372689215953e-06
1.2995793324436623e-06
8.269820921813002e-07
5.259021448382285e-07
3.376831411743578e-07
2.222888134531519e-07
1.5291717236229995e-07
1.1196495374200114e-07
8.808938079210997e-08
7.412516743289331e-08
6.564400979575175e-08
5.99809102167119e-08
5.558941795059964e-08
5.162207354169191e-08
4.766103463798046e-08
4.3546547585960125e-08
3.926800123726813e-08
3.489458461502958e-08
3.053103741165577e-08
2.6289566405135207e-08
2.2272513567338797e-08
1.856245961642984e-08
2.950780892507624e-05
4.2890581827399686e-05
5.4562827118803174e-05
7.727886860130162e-05
0.00010775743737751264
0.00014792751038196492
0.00019992251853321157
0.0002660009970695637
0.00034842742371538423
0.0004493121952068294
0.0005704144317598038
0.0007129170638190817
0.0008771898586055762
0.0010625618425043016
0.0012671289556251432
0.0014876246975833785
0.0017193801119789022
0.0019563969003163944
0.0021915307328174314
0.002416920701405518
0.002624080234799027
0.0028047832259665696
0.0029514125127398454
0.003057541213550039
0.003118376707574883
0.0031311326331922
0.0030952427679770563
0.0030124050397412404
0.0029329098293226713
0.0027812657181624126
0.0025967802071453073
0.002387215521231222
0.002160884671849211
0.001926111944833437
0.0016907396294650419
0.0014617200759450095
0.001244819550689306
0.00104444603406652
0.0008635991157352822
0.0007039282360203825
0.0005658769167458142
0.0004488858989046468
0.0003516272038519401
0.0002722434882890123
0.0002085822412564533
0.0001583518042053383
0.00011932562666137718
8.942339694072434e-05
6.678959456707773e-05
4.982970635974335e-05
3.7218156207650705e-05
2.7885567454678974e-05
2.0992648025564963e-05
1.5897003522417208e-05
1.3255361055762642e-05
1.015115630750573e-05
7.830992368456245e-06
6.09013631084683e-06
0.00017363002877482454
0.0002482166989881002
0.006337105648040692
0.011131511539740038
0.01691572814539492
0.02394850652239248
0.033385089667500915
0.04582563450556857
0.06193608407567461
0.08242460109834265
0.10800973496134277
0.1393578249599158
0.17704186531198318
0.2214605864770911
0.27276744035736833
0.33079888340770514
0.39501247705125814
0.464443344697406
0.5376872434858748
0.6129170654360527
0.6879369590153596
0.7366204600224365
0.8057164926865418
0.8677521045460428
0.920203932280679
0.9608321922877637
0.987838949940056
1.0
0.996756889811595
0.9782594496723926
0.9453543182332999
0.8995206866431833
0.8427600541180073
0.7774514380192178
0.7061866127714223
0.631601208648736
0.5562168210691781
0.4823068877646838
0.4117954402844946
0.34619352259402875
0.2865737203734255
0.23357941828608061
0.18746251035894365
0.14814155218114913
0.11527178934718196
0.08831898382614246
0.06663023166381202
0.054746164036734275
0.04025179852988482
0.029141207960056956
0.020774138977759645
0.01458490998350005
0.0100830350099199
0.0068668169181583015
0.004607041969712656
0.003047197258060752
0.0019895247557536696
0.0012856562215150715
0.000826766720063534
0.0005347596270438875
0.00035476080892592556
0.00024898696527591067
0.00019191261454270446
0.0001665803718336688
0.00016186548645049972
0.00017050359315570548
0.00023031821427577852
0.000272642136028638
0.00032573335817425065
0.0023959384834544083
0.003386686706961716
0.005920011220235394
0.008275024665886359
0.010274811031475678
0.014063706940088374
0.019014572620798424
0.025325867873140707
0.03387790340447211
0.04405991349930047
0.056762946043855914
0.07163415225492856
0.0891036048936777
0.10924000367710171
0.13200317959517527
0.15722418327470838
0.18459172172604904
0.213647176030154
0.2437900304369381
0.2742946518827982
0.3043382571608201
0.3330386999106342
0.35949956015680584
0.38285909006561947
0.4023390031331043
0.4172889836235074
0.42722316500498875
0.4318456330588584
0.43106313784726236
0.4275844553269578
0.41812964846491535
0.40397127337434624
0.38566007460241986
0.3638622148891241
0.3393120245927678
0.3127754616641833
0.2850141279078523
0.2567537660683485
0.22865849568699254
0.2013114157333488
0.17520166490334602
0.1507176164773985
0.12814559651556973
0.10767333566237698
0.08939727080405979
0.07333277825920083
0.059426426117255765
0.04756936895835256
0.037611069676867975
0.02937262047607563
0.02265904838389193
0.017270127136025746
0.013009370120415377
0.00969103797780058
0.007145144005494327
0.005801560947556615
0.004217303533884754
0.003047800571135129
0.0021958462808656294
0.001582594179888991
0.0011455764722946105
0.0008363969070699516
0.0006183969779192911
0.00046442482691388606
0.00035481634610329
0.00027564655339283123
0.0002172718206310122
0.00017315608228012655
0.0001389561613891615
0.00011183139444559341
8.993901601845025e-05
7.207744479172649e-05
5.744306029786451e-05
4.547095740879513e-05
3.5735545134567975e-05
2.7925929901290326e-05
2.171660465961896e-05
1.6835123636792692e-05
1.306467711299895e-05
1.113177500101485e-05
9.668992579004633e-06
9.11662773722507e-06
8.760134228665166e-06
9.087380375534951e-06
1.0244408283315177e-05
1.200933044400401e-05
1.4534485068290563e-05
2.4357965871568002e-05
3.16018745116219e-05
4.447060312126252e-05
5.796715225548049e-05
7.502260062563092e-05
9.625089176989538e-05
0.00012227978167488981
0.00015371434886081296
0.00019109030516808225
0.00023481794725409156
0.0002851190767500659
0.00034196090857130704
0.00040499267576414783
0.0004734920487333422
0.0005463293019811813
0.0006219570814967474
0.0006984324272316925
0.0007734753066931632
0.0008598080391274828
0.0009308706020882432
0.000974581589206466
0.001572445704759219
0.001857719422710593
0.002504837499743955
0.0030936140154164135
0.003860546012000653
0.0048539203414718094
0.006128416426719468
0.00774353623820709
0.009761120361282646
0.01224189898339668
0.015241114393783268
0.018803361664397607
0.022956918414571672
0.027707960096721215
0.03303641697817643
0.03888713378624853
0.04517302067436025
0.051770700386766316
0.05852321949052523
0.06524473126610562
0.07172797615130956
0.07775425215474939
0.0831052738848449
0.08757606182849546
0.08997782986632108
0.09260254870098274
0.09396189285752478
0.09399406650092575
0.09269914277886561
0.09013177898276173
0.08639904274900903
0.08165297370383569
0.07608031658577921
0.06989027770380471
0.06330167114101917
0.0565302280576662
0.04977729653782585
0.04322062587161943
0.037007758005922695
0.03125223679087957
0.026032561124212997
0.021393568843789065
0.01734976585496831
0.013890019371139215
0.010983013789079494
0.008583041486472827
0.006634946609574421
0.005079535231899121
0.00386146417409677
0.0029180272686205534
0.002416625604709975
0.0018248254660621704
0.0013837038933400862
0.0010610018405334022
0.0008288740656092481
0.0006654124433964185
0.0005538660007874134
0.0004817776234882604
0.0004401154478355445
0.00042245346405394565
0.00042650754418605897
0.00044544463250780907
0.000478296544808355
0.0005231307792104228
0.0005774673316783389
0.0006394872615851973
0.0007062739591116127
0.000775445000896448
0.0008439062885977121
0.0009088253719523426
0.0009673768837051305
0.0010170016389331308
0.0010555643500544764
0.0010814848349415074
0.0010938274482925419
0.00109233882806207
0.0010838400262924114
0.0010605120958441813
0.001025719564063331
0.0009811977778910698
0.0009289222362614334
0.0008709630024333192
0.0008104735439544874
0.0007475104484195306
0.0006845040451273875
0.0006228173949164089
0.0005635208029144711
0.000507407689785573
0.0004550291316232705
0.00040673800655013074
0.00036273437475482664
0.00032310549513398326
0.0002878562914674296
0.0002569286468731234
0.00023021020973370564
0.00020760968890913065
0.00018878861360290808
0.0001735152649176146
0.00016816449761174925
0.00016196794837492457
0.0001592966518379746
0.00015940368687995617
0.00046023452282145227
0.0006012389118349604
0.0009393828717915635
0.0012698914082459817
0.0017130452210184473
0.002296544950515525
0.0030512245826750965
0.004009965241762932
0.00520604084375668
0.006683222550047341
0.008449262353003393
0.010531985033365856
0.012939743296840079
0.016275451761684958
0.019569138399494337
0.023504804876333028
0.027602130498761895
0.032018827288401525
0.03670658494609586
0.041612394304101685
0.046670456509179066
0.05182031041339308
0.057005632817748675
0.06216775320670061
0.06726002338336676
0.07059465491995495
0.0754766856242424
0.0801798075173041
0.08466156749933937
0.08887212938192346
0.09275044366358637
0.09622192159491823
0.09919829782942616
0.10158014432569529
0.10326210789887513
0.10414051771073245
0.10412260870283141
0.1031363008266863
0.10113931616213512
0.09812643653340962
0.09413390282605827
0.08924030359291772
0.08356374008463456
0.07725551877528991
0.07049104036633409
0.0634588663590163
0.05635793265663034
0.0493552363800763
0.04261844526478107
0.03628281082627516
0.030865558839982092
0.02741425747439274
0.022802128936093426
0.019171355248648658
0.016123252047531057
0.013843089701823347
0.01235486822808338
0.011617652134360758
0.011636655329772948
0.012400918605473649
0.013897626694968293
0.016109940422352212
0.019013361105034897
0.022571123813948855
0.02672926920315608
0.03141213612705026
0.03651903498491084
0.04192279503586228
0.04747075960933985
0.05298834795809476
0.05828567482064065
0.06317193333850307
0.06744575162102859
0.07093450416147244
0.07364860758535433
0.07525765532260223
0.07576771291298011
0.07560259146684414
0.07436736878658547
0.07216790386494636
0.06913397281175607
0.06543661734911628
0.061273438933659365
0.05686396982676504
0.05240922468982705
0.04811512323685541
0.044158895672631274
0.04068331729774278
0.03779189309907217
0.03555471243105027
0.033971674631602645
0.033019693501639864
0.032642712080646195
0.032732618139653155
0.033176175375695324
0.03384138223436128
0.03459217358461113
0.03529751428545977
0.03583956759693696
0.036120432761419616
0.036067054967311774
0.03563405205797549
0.035124922343712416
0.03403470520635104
0.03257759642751812
0.03080027111577525
0.028764675266005464
0.0265420948955508
0.024207234145398514
0.021832792626139668
0.019484948424652742
0.01722001725668851
0.015082498039874033
0.013103986449317831
0.011303958582599069
0.009690753890088173
0.008263483117392379
0.0070141862095132144
0.005930033922547776
0.004995358831047707
0.004193367614455994
0.0035074555268476575
0.0029221064345625845
0.002423468582670669
0.0019993533359046163
0.0016394813665778875
0.00133658583384913
0.0010813133642649003
0.0009347802669668719
0.0007472207420295959
0.000593171869290931
0.0004682525055624049
0.00036879731205721375
0.00029131934771285824
0.0002328984220349836
0.0001904086698856148
0.00016153915370382513
0.00014414368413985583
0.00013636131059640547
0.0001365800867399797
0.000143392441046689
0.00015554603201958187
0.00017189508232023855
0.00019135738036612457
0.00021288153602781626
0.00023542785246446948
0.0002579645320189508
0.00027947908990672026
0.0002990030291654861
0.0003156462484239496
0.0003286364975073908
0.00033735860403624957
0.0003413882396112345
0.00034051566985833926
0.00033720882196675066
0.00032830924728745423
0.00031507974066121585
0.0002979936644142199
0.00027777902018785917
0.0002552212444102445
0.00023114647619464377
0.0002116241748608386
0.00018924682528603952
0.00016848618085020327
0.00015016112079936007
0.00013500913256616915
0.00012368086767066002
0.00011673947863200985
0.00011466162880143635
0.00011801015460057083
0.0001268172049986431
0.00014140253618963788
0.0001618513315255266
0.00018810733689624828
0.00022974215863195562
0.00027109834054686973
0.0003225373713598639
0.00037758137825243473
0.00043886201106767373
0.00048258580798808887
0.0005522998971392584
0.0006323197323888916
0.0007128637820800225
0.000815644008345418
0.0009119515377773629
0.0012455915734170214
0.001505982498618051
0.0017926969163237236
0.002281048962085024
0.0027878332576028787
0.004855683542660588
0.006526068476788215
0.008482631498010745
0.011920293234832118
0.015515858673090802
0.020063150248232662
0.025733648069334945
0.03270216966466223
0.04113767953071622
0.05119181911694058
0.06298552364585101
0.07659435212374585
0.09203344371567573
0.1092432712782274
0.12807755306018434
0.14142100970548535
0.16237721141178169
0.18409546140986743
0.2060803587866093
0.2277606108050703
0.2485105510057709
0.26767949284556547
0.28461912915548604
0.2987256570750248
0.30947169507511824
0.3164364634752171
0.3193374172608546
0.3180458142420074
0.3126010597625785
0.3031966166770662
0.2901850610009884
0.27404612073830537
0.25537748138323435
0.23479707563362615
0.21299144147372687
0.19063713327185458
0.16834419044080953
0.14667662018846334
0.12610268333299032
0.10698916951817741
0.08959679024629942
0.07903973215601234
0.06481852414487332
0.052532653298112554
0.04211672700670172
0.03344965925633489
0.026371682670590518
0.020699832851122427
0.016241451146467217
0.012805199982781217
0.010209412062537232
0.008287872787930377
0.006894293688061956
0.005900231220235922
0.005200163642963481
0.004707473785595061
0.004386234335086336
0.004138812882695947
0.003941304015898734
0.0037920142215064085
0.0036490912255474966
0.0035125198960907606
0.0033851026012491816
0.003271358180967951
0.003179112966483794
0.0031175854149816926
0.003098589730506423
0.0031101700188091
0.0031767915653279064
0.0033044488137213665
0.003495494469433036
0.003749069737666405
0.004060243346123861
0.004420108250023632
0.00481602816026459
0.005232164112267178
0.00565047784622642
0.006050976787039628
0.006413905367728141
0.0067205242144232165
0.006953864795315504
0.007111202439581894
0.007167046718881018
0.007158951483707641
0.007039337634709893
0.006830476222670991
0.006548220972616011
0.0072284874430951235
0.00746822039921415
0.007757419474853241
0.008891369432064566
0.010012545346901536
0.01103801442127191
0.013083571500311503
0.01585213827962573
0.019474539476113495
0.024079182087241625
0.029784326351640987
0.03668894800760574
0.044862683897709116
0.05433475657306603
0.06508322820296657
0.07702759814290096
0.09001382411237267
0.10382121019690557
0.11815771381370926
0.13266388256695905
0.1469299112261746
0.16050950892090407
0.172946809706291
0.18378586922026632
0.19261807572666012
0.19909668441965173
0.2029561612721601
0.2040382263775334
0.2022975509179056
0.19780606777329257
0.19074802602327687
0.18475348668286426
0.1740900028524543
0.16178530303448757
0.14828517582131398
0.13404860026230028
0.11952406818355842
0.10512847003958009
0.09121184075421178
0.07807464817420307
0.06594483541846631
0.05496854768948764
0.045231456178685694
0.03675539871418133
0.029510859792079687
0.023428315246151965
0.01841106105364255
0.01434173977558624
0.011097864305281337
0.008556024662223626
0.006598729848444386
0.0051263868796367065
0.004030865324707447
0.003235842810596592
0.002672843567048673
0.0022851360033018446
0.002386488541165103
0.002371026693210173
0.0024559530089452416
0.0028488358956990333
0.00327154263743768
0.003863303985929275
0.004654145969324941
0.006119829145250464
0.0076822799943814316
0.009584198092030559
0.012126976284848223
0.015169410778023907
0.01876733331802254
0.0230392349104752
0.02803129791810789
0.03377102795288392
0.04026173595969038
0.04747755963621962
0.05536293350780183
0.06381741636434887
0.07271174680617251
0.08187866912788168
0.09111817740448583
0.10033328019593261
0.10907986313310299
0.1171968104152375
0.12217929652100476
0.12875036894219685
0.13407869359580982
0.13800556899509656
0.14040590585729945
0.14120946363129483
0.14040579713873116
0.13804559229623847
0.13423812179934555
0.12914487665546764
0.12296977417250556
0.11594666891327111
0.10834660836178045
0.10038711781680212
0.09232121513560287
0.08436229346353992
0.07668925000681036
0.07023331991478737
0.06386623514580764
0.058210921446623015
0.05361300428215079
0.0497931928406334
0.046800627512137746
0.044703545310520704
0.04355186539400382
0.043408261780915655
0.0438605154613938
0.0454415502515557
0.04808370996948922
0.05182030616713701
0.05667102412385606
0.06257844421193968
0.06947738727643786
0.07724156427645422
0.08569026122953664
0.09458592350934719
0.10364406885476123
0.11254121907786724
0.12093112682634799
0.128504345084602
0.13486611353250572
0.13975246389876392
0.142949387511924
0.14427000610615903
0.14365525347176913
0.14112302442311309
0.13677848377202936
0.13080530644302366
0.12345151082042083
0.11501134401815938
0.10580554639412433
0.0961587716084528
0.08963782049825487
0.07993507136066565
0.07054977110489247
0.06170517068090747
0.053531377556291095
0.04613589651728503
0.03957777974384463
0.03385661461082767
0.028942975798688982
0.02478295293981975
0.021302586747199665
0.01841845519177187
0.016043956520826793
0.014096033807372593
0.012498480489340665
0.011189614539132753
0.01010522542173031
0.009203005196775605
0.008446648097946959
0.00780785080215324
0.007456211714925535
0.0070786351705215906
0.00679869564007028
0.006680065103663707
0.006652585386417335
0.006684109650504101
0.006833881692892963
0.007117362361120565
0.007548484393150819
0.008142399331326248
0.008921029218818089
0.009887137531302928
0.011055284326114632
0.01242934144535856
0.014007282352006715
0.015994872880264945
0.018053625860073565
0.020248600667042572
0.022564758136046685
0.02511428083357415
0.027588261540748588
0.030044905418287356
0.0324402450893321
0.034718111517462784
0.03684811770987559
0.03880714487149146
0.040586541614566936
0.042420656732885434
0.04400881116696768
0.04548281564686333
0.046911440670861074
0.04801795204529601
0.04955351281292329
0.05117270901817665
0.05291372696350015
0.05480475713251651
0.05684290283175494
0.059007485713133336
0.06127550960201668
0.06360493309838129
0.06594309739959398
0.06822982690532475
0.07040059660769826
0.07238907538538121
0.0741298386309378
0.0755600420268049
0.07662098879601123
0.0772594456559584
0.07742894910697093
0.07709125678575977
0.07621801429365174
0.07479259613283623
0.07281363835832712
0.07029075907489882
0.06725371174511341
0.06374802564615464
0.05983449321588212
0.05703576953770329
0.052616114970360436
0.048013768078187725
0.043324159272544446
0.038656363339843784
0.03408538288037584
0.029699587702941822
0.02557140377220652
0.021802327619526562
0.018364003940067382
0.015311428051310907
0.012671815176599648
0.0104193024806505
0.008552361949812329
0.007048793867781705
0.0058819129596972336
0.005020744764598787
0.0044324600282564615
0.004094507198874592
0.003957070439012444
0.003996263180690367
0.004181783761850787
0.004484821594562304
0.005229180577241497
0.005846738332433027
0.006562531462930261
0.007094957623038299
0.008152925116265235
0.009199460960625327
0.010412557177633034
0.011778263116743085
0.013315229273679296
0.015066933783940131
0.017095384497107825
0.019401074815604845
0.02201658394413982
0.024968923995213818
0.028262702285096017
0.031886456767953514
0.03580636903059113
0.03996457997733464
0.04427932233974497
0.048643808957586646
0.05293333950795713
0.057008853356897114
0.060724850501675365
0.06393801169431393
0.06654944568990857
0.06839501782959471
0.06941458276152057
0.069572259064784
0.06917919987280158
0.06786410309112383
0.06572781726552143
0.06285560071184824
0.05935761830174469
0.055366758633183605
0.05107134271560176
0.046550714746215874
0.04197703784422885
0.03750053458510338
0.033209111244258585
0.02920976564563591
0.02557275565141095
0.022346455587452095
0.019556165747813662
0.017206646274685856
0.015284982526150296
0.013763837745970009
0.012604874438945032
0.011762182114573555
0.011184973687000707
0.010820781908216302
0.01061744576300005
0.01052751000661418
0.010502191341488887
0.010500213811676167
0.010494648413891014
0.010457730323135074
0.010365412214197523
0.010200278154528631
0.009997443062319204
0.009682067414393177
0.009289119566718159
0.008841787864454739
0.008339765490655241
0.007800961989204901
0.007250757616317079
0.006711367569308007
0.0062047264999944484
0.0057511833104561755
0.005372491489345583
0.005076036359006696
0.004874140874928849
0.0047713305237798275
0.004769293076023007
0.004858576485232137
0.005030280891348311
0.00526971172138842
0.005558791268802214
0.005877053503245095
0.006216573695244246
0.006534182409010527
0.006728935995917807
0.006982734534681485
0.00717576095549379
0.007296726898407696
0.007799199441854118
0.008043442806932704
0.008246977585234407
0.008520914056897387
0.009148298504861171
0.009758462312167544
0.01060994054809009
0.011790331270349945
0.013350130763982674
0.015371860209002577
0.01792045798685785
0.0210655748499093
0.02481589210169631
0.029188493503981457
0.03416324467201109
0.03969610214612674
0.04567857020754334
0.05198968012786978
0.05846710042411869
0.06494466127623341
0.07117705441953752
0.07509281480266544
0.0804487662010703
0.08500072878925209
0.08858620906043538
0.09103095582708273
0.09225059463595685
0.09220197820200225
0.09089804797767106
0.08840666310824459
0.0848452416117458
0.08038396415444825
0.07519390387461113
0.06948501288009458
0.06346723810930546
0.05734784808392092
0.05129700890226189
0.04548418243497581
0.04001640497077128
0.03498951822486643
0.030458511002340663
0.026450142446680112
0.022959081112748754
0.02035714823708542
0.017997504947449762
0.01612211666964688
0.014687891234956094
0.01414798475029895
0.013483337728734234
0.013233192096663005
0.01339292756234218
0.013971483997891823
0.014983205005544658
0.01643950578007756
0.01835279364901477
0.02072927160547268
0.023562651755547764
0.026830191801350888
0.030497130624157244
0.0344859981395518
0.038710726203248315
0.04306022312227989
0.04740813776505917
0.05159897293805409
0.055483455018978584
0.058909424079224525
0.061735097197486606
0.06383816216402736
0.06518354468464728
0.06562540507192824
0.06517371589209571
0.06385400374996376
0.06175908148337562
0.05994613298731689
0.05671338397243323
0.05298888125028373
0.048924450595627736
0.044676144288093515
0.04039549313354991
0.036219650455412734
0.03226712452454167
0.0286317285355698
0.025380341490112666
0.02255256979564467
0.0201773332044511
0.018222512069540706
0.016665622464895988
0.015464229925800366
0.014570989642817203
0.013918302846545732
0.013447201499919762
0.013098923879850293
0.012822426304758862
0.01257358436714069
0.01231758463318189
0.012029548406118393
0.01169432061109654
0.011309193141060912
0.011021625542087528
0.010551190224385923
0.010043088231504392
0.00951026348874595
0.008970354772070348
0.008435071346784026
0.007909738881557877
0.007406166457861038
0.0069365727541977696
0.0064955739109230975
0.0061302177839907485
0.006038404633417788
0.005843237700830689
0.0057302409548357245
0.005733414916683199
0.005971234395698975
0.006275844419237911
0.006763426769386359
0.007464543337874705
0.008410195563693977
0.009629504395554824
0.011146919544145525
0.012979591161212709
0.015133883955427477
0.017600076867119216
0.02035472922004952
0.022331318356635304
0.025474928976189994
0.02874734080359243
0.03208743506210379
0.03536277877195928
0.03847747955966494
0.04131978377545236
0.04379130245376317
0.04630235884394332
0.0479605882173635
0.049087335756638505
0.049677197674785914
0.0500032570957333
0.04972933881240244
0.04912380219819959
0.048309651661745466
0.047426220529219604
0.04662426029892831
0.04605447808790709
0.04585766169777668
0.04615361693878086
0.04703315486927198
0.048550218256931885
0.050716815622661574
0.053500422465961164
0.056824201052644206
0.059283387714527166
0.06322732847386732
0.06732204017589294
0.07137454856609458
0.07518260880095728
0.0785466494560768
0.08128173884563233
0.0832303764466639
0.08426571890088913
0.08430700921529483
0.08331865676688877
0.08131278927628456
0.07834629678592378
0.07451667355400246
0.06995473554335778
0.06481523132989976
0.05926658606530092
0.05348148261195095
0.04762696741330895
0.0418562148591912
0.0363023645433636
0.031076489892350748
0.026256518803109755
0.0218989758877741
0.018034514886821874
0.014668673289046343
0.012695431817544636
0.010123558761218681
0.007985189881063419
0.006238150091057375
0.004833689195045572
0.0037241726937688293
0.0028628196939425262
0.002206140321260912
0.001715162994073792
0.0013557408425721932
0.0010993241731508258
0.0009215392410339799
0.0008031147957397429
0.0007285035580736509
0.0006854477761342099
0.0006643758666884687
0.0006578574537486939
0.0006606521330916233
0.000667515669254456
0.0006753967877929447
0.0006817152874083934
0.0006845693632604061
0.0006826372685773378
0.000675203498150123
0.00066176357559004
0.0006495123463495964
0.0006266254620444892
0.0005985713416099654
0.0005663299788251867
0.0005308638681105029
0.0004933337081131988
0.00045476401059468775
0.0004268152632557376
0.00039427155035422863
0.00036518590370066543
0.00034086069009706566
0.0003223688382561371
0.0003106407391829308
0.0003065262137716645
0.0007634858176048301
0.0009793836972739952
0.001280587884755995
0.0016892207230782242
0.0024284339978479616
0.0032222846002435642
0.004241771871061845
0.005528326859831492
0.007123250053542671
0.009065416013034676
0.01139620503672152
0.014128046940547088
0.016179905106810045
0.019602099999914507
0.023417877617406088
0.027588250847816267
0.032041942014144294
0.036687398009630966
0.041411601812760344
0.04608147043871086
0.05055633822279472
0.05467532096220768
0.05829292411616847
0.06127162171599263
0.06349630492692639
0.06487636529479028
0.06535756759002692
0.06492447287462921
0.06359967887186893
0.06144325669881854
0.05854802511952379
0.05503310855312609
0.05103573476012677
0.0467026478188222
0.042181269375766134
0.03761162151042447
0.03311960663434394
0.02881198403897496
0.02608536979562494
0.022261257406606436
0.018794922089097527
0.015710161914064314
0.013011652333596975
0.010688313449926955
0.00871717933605866
0.007067408785368229
0.005702605920071548
0.004585358225221463
0.0036876000140130933
0.0029612259097330333
0.0023807217376863375
0.0019199059103125829
0.0015558195628924982
0.0012702483021857427
0.0010484992538524974
0.00119336969442107
0.0012926867508910682
0.0014384221385163644
0.0017006614901999989
0.002098401907995863
0.0028686220274265774
0.0037085128609278843
0.004795301745793126
0.0061586863398532124
0.008028795191559197
0.010281572476682033
0.01302141913586934
0.01629666494756291
0.020461617777892155
0.025046688949838386
0.03028706313717604
0.03618055478300349
0.04273176590228635
0.0498464575556449
0.05746026719892727
0.06547195529330391
0.0737520224389015
0.08216842925089154
0.09052196288529223
0.09866412119356906
0.10638357545785429
0.11350491595461758
0.11985489503760902
0.1252740480971569
0.12963425160345396
0.1328067227922816
0.13471851548920133
0.13532345863343884
0.13461130136144134
0.1334162900515325
0.13058476416061357
0.12658328626455098
0.12152586857168267
0.11555177845237566
0.10882018090879138
0.10150515080071605
0.09378189010979883
0.0858289514465043
0.07781591530597176
0.06989878926974899
0.06221628842548655
0.05488240470581749
0.047989655566263854
0.04160519372246445
0.03577224451097949
0.030511917832145196
0.025825878547386282
0.02169957596428596
0.018106673325094927
0.01500918408542704
0.012365253059606887
0.010129236857571455
0.008254704075160336
0.0066962745015358574
0.005410998308070248
0.004711905782910782
0.0038111827342358195
0.0030884585368497006
0.0025185760352630818
0.0020777621160234117
0.0017621004598023108
0.0015306368199835075
0.0013814878917208773
0.0013120843929854452
0.0013039513987583924
0.0013565605303178202
0.0014658518492418466
0.0016302800217496767
0.0018444830023288507
0.0021051694819805493
0.0024084335947197207
0.003104006402636897
0.0036334534742039734
0.0042436913725320624
0.004941767789425153
0.00583856966144189
0.006860624953976931
0.007985123825708583
0.00927441392919859
0.01075572928348646
0.012459478590451885
0.013739335258288195
0.01585558247512547
0.018242599515558823
0.020904541809737387
0.023838961658313236
0.02701965438315845
0.030410159673776496
0.03395305073916685
0.037572964714984995
0.041177974590750066
0.044663071190700156
0.04791508040263079
0.0508187132301191
0.05326372040336624
0.05515059611062353
0.05639897996177487
0.056953847404340965
0.05678314393170589
0.055888802474692946
0.05430117142922876
0.052078239485830034
0.049320108188293764
0.046097883265301565
0.04259207667591548
0.03884313046532782
0.036281021995483574
0.032442464004172715
0.028687717833558904
0.025136070370056742
0.021840536289647425
0.018860690775358846
0.01632798614607101
0.01414899909039935
0.01237458290759099
0.01101394996080228
0.010054515040193265
0.009526086979414088
0.009326575042151362
0.00947654906132267
0.009916955667169118
0.010640463533137934
0.011581204960157932
0.012708321971938507
0.013999163707162636
0.015391899047981083
0.016874478086309222
0.01838361469411244
0.01989094369879807
0.021384317649493244
0.022801789009321942
0.0241305165113881
0.02495140054910425
0.026077023468533102
0.027053417055347244
0.027883158450530503
0.028537252483297384
0.029015057583437368
0.029317809194213482
0.0294442218584414
0.029399957250391438
0.029194070527200234
0.028833562001908102
0.028330088420381417
0.027696821850623478
0.026947423630139387
0.026096259510979703
0.02515708666133376
0.024143805544737062
0.023069550485172594
0.021946583014842824
0.020786218346218955
0.01959883090605579
0.018393943744644304
0.01718037636227745
0.01596642046322937
0.01476001699024139
0.013568875041369995
0.012787008751674612
0.011639048916395302
0.010525747927461021
0.009455029075353923
0.008433359846221915
0.007466947648294957
0.006561118035074887
0.005720111307729442
0.004947076457803069
0.004243874763382391
0.003611071151772238
0.0030538243374677574
0.0025619508274362223
0.002135290805223929
0.0017721399720239059
0.0014662863269456177
0.0012164343751626069
0.0010150357649581626
0.0008573250252607269
0.0007398170110441141
0.0006571674745078611
0.0006069174541851759
0.0005832293889368318
0.000583456823331966
0.0006044582147526715
0.0006297409531622141
0.0006797676238843056
0.0007485223042019085
0.0008252810380217368
0.0009510006106334904
0.0010669958319752537
0.0011916916617650403
0.0013306195857403916
0.0014805937982024153
0.0016616167792413545
0.0018573809704298064
0.00210982729360462
0.0023743194458539516
0.002674114601277554
0.003019960072001771
0.0034185812577159527
0.0038915487267685367
0.004426824383990082
0.0050270671585947654
0.005698124943779277
0.0064391343285832734
0.007242215884355265
0.008098564528299075
0.008994520495224841
0.009912995335040514
0.01084943325062138
0.011456924054907579
0.012336531954241217
0.013156553644839395
0.01395833729952749
0.014623981371494895
0.015175114409237937
0.015599853871601106
0.015892977571531394
0.01608359534485459
0.01612955418487131
0.016062624075780126
0.015899397698713163
0.01565942599609251
0.015365667038069335
0.015041756788968194
0.014710630338614859
0.014392898696548572
0.014105321794956155
0.013859615825540086
0.01367520097757929
0.013532677777491186
0.013433289941402426
0.01336600056333298
0.013316061954203819
0.013271161441145936
0.013205787827320596
0.013142092848485132
0.013005060661832477
0.012806506366871521
0.012537152420986356
0.012192447701510728
0.0117776299001352
0.011308865326031774
0.010775058465748702
0.01019834608389088
0.009596249631464259
0.008988082493601003
0.008389303610563347
0.007828270888181287
0.007299317145288818
0.006822080772548318
0.0064044909001019
0.006051139397444694
0.005763465543896742
0.005540154919009921
0.005377452211979776
0.0052695893676307
0.005209277287977772
0.005188072112926202
0.005197059612404516
0.0052261408596481936
0.0052677472212529644
0.00529570838000375
0.005332630208784098
0.005355426764733512
0.005356291022158345
0.00532940603315385
0.005276413166385785
0.005182694276266027
0.005050793074088939
0.004882275161419233
0.004681404718416084
0.0044510210952608915
0.004203179745608024
0.00394513553722856
0.00367682677486457
0.0034270832045430254
0.003183577955769997
0.002963451403968622
0.0027749855564496734
0.0026247936123456965
0.0025224916408736913
0.0027046054333010635
0.002836307331184226
0.003035896358130831
0.003338511425384017
0.0037558422458831495
0.004104230600499743
0.004852466557826119
0.005735915550778935
0.006774612327744142
0.0080213627211572
0.009495619186371467
0.011214545611378964
0.013191184600691564
0.015431986515649726
0.01794680029329958
0.02070503697850043
0.02368876325090087
0.026859620656384683
0.03016453153838149
0.033540435835797314
0.036903923077863034
0.040170752942178416
0.04324096082716472
0.0460401094827331
0.04845041731660808
0.05039755538075345
0.05181586780320409
0.05265360930612515
0.05288086944650346
0.05251003327666734
0.05153129011520063
0.050566084069970076
0.048692367895381616
0.04637231457947489
0.04369322369601482
0.04074813577501161
0.0376292834818414
0.034432881709142674
0.03124665945310995
0.028149625942198577
0.025204870361655307
0.02246063466526516
0.01995178149516571
0.01769782015353796
0.015705544704239495
0.013981261341408301
0.01249626722966277
0.011228257806379116
0.010156586170806024
0.009254084403601363
0.008497997171420133
0.007858570060802796
0.007313602275859487
0.006853713682534651
0.006452769816356612
0.0063628791542568435
0.006208501198206934
0.006134904972245459
0.00610184382319046
0.006177449858025054
0.006370682259454579
0.006849489468621274
0.0074200683257210995
0.008194019261527252
0.009188972670952065
0.010434224643284157
0.011950365696158672
0.013750642286824568
0.01585053408241155
0.01823956043917767
0.02089575243608295
0.023796724246038518
0.02690041132640254
0.03015069698249957
0.03347819501462091
0.03680210056722594
0.04003265319056923
0.043079917886338706
0.04584168498094071
0.048228764507960056
0.05015921910793559
0.051563866813447365
0.05218197278680542
0.05260759501093934
0.052415723528638374
0.0516124843277582
0.05022678482831296
0.04830735573167221
0.045920381832365895
0.043145630855146944
0.04007196684361311
0.0367963309249417
0.03340649763728212
0.029992523823584846
0.02663507415483658
0.02340352474160184
0.02035874858001735
0.017539119693874672
0.014973270781535807
0.01267906978613597
0.010661234679268038
0.008914638808775676
0.007426634502748252
0.00617795895982432
0.005146260093550989
0.004465424173720513
0.0038895077363505625
0.00347231622806658
0.00328399824787554
0.003128339629586221
0.003118995158620188
0.003317378159501999
0.0036518168696040207
0.004128819155935376
0.004775935715426236
0.005603272187364739
0.006621494024792433
0.007834011125944833
0.009243469320374688
0.010845165857244378
0.012625815834308012
0.01456265656071551
0.016623498755789338
0.01876273692219027
0.02092822546064856
0.023062112200276208
0.025093735958079847
0.0269572536750591
0.028586527882647532
0.02992101272632047
0.030909449757170252
0.03151309781871904
0.03170819183704803
0.03148804026642149
0.031205039618856154
0.03037603000067754
0.029200844979692376
0.02774200061400597
0.026063668003492958
0.024237030895650345
0.02237669857096051
0.020510805907751756
0.018710967315642046
0.017053519225414062
0.015593620198763095
0.014374986555572924
0.013428593357587275
0.01277193231570061
0.01240865621485368
0.01232928410395708
0.012514030361893844
0.012926750387119256
0.013526015906528367
0.014262404166381323
0.01508124405858425
0.0159266205919246
0.016741845023630682
0.01747295027387927
0.018073253950226707
0.018380522800013552
0.018679002496005768
0.018763310651204953
0.01862277645281847
0.018256363872240507
0.01767521615064758
0.016899678062686305
0.015957874911533172
0.0148823263501575
0.013710148125930658
0.012479073659193237
0.0112258343954856
0.009983930605793329
0.008783127212468263
0.007646933111428113
0.006595888634252366
0.005642758316538663
0.004790826692840364
0.004043569077250143
0.003399227499442554
0.0028564670788011792
0.002403214246379224
0.0020314275426399388
0.0017324954796804266
0.0014970661135765952
0.0014213754488152106
0.001372576192113669
0.0013341535200580448
0.0013561146641333066
0.0014407893292374876
0.0015918267740775598
0.001814468972245427
0.0021881118574940094
0.0026085812452559787
0.0031315195645366264
0.0037673246007217686
0.004530859329307672
0.005416008743062348
0.006427207209540038
0.007561312188055673
0.008808710194748059
0.010153461629728735
0.011575795093557743
0.01314990181738948
0.014675434947737641
0.016190722102663622
0.01767119121384795
0.019061278272344582
0.020333710014355088
0.021509743790370482
0.022488055561614973
0.02328705486841688
0.023721651704753835
0.02422008036354937
0.024545935368792883
0.0247181266614097
0.024762055561388205
0.02470094828841249
0.024561944254958962
0.024371687773523647
0.024151739622343356
0.02391784793701894
0.02368022170841584
0.023437642244267996
0.023185192641038677
0.02293700388993128
0.02263986616533725
0.022288160573546892
0.02186696225308011
0.02136102347727269
0.02075903731792569
0.020068204058942017
0.01927386343595236
0.018388088189511157
0.017421869845393817
0.016396980553439754
0.015336378561086585
0.01426609867293597
0.01355880236123847
0.012527583086892878
0.011550337943840609
0.010646345139523318
0.009860353915649512
0.009159445362024274
0.008562346206955599
0.008072161708633323
0.007691617114451555
0.007402897017225393
0.007210313251968502
0.007089279024512799
0.007027639879920189
0.007016563448147035
0.007044918258311007
0.00710804161925609
0.007189829935810667
0.007287350629387324
0.007395644164308629
0.00751078649799181
0.007629436199391717
0.007748350094888761
0.007863941194555926
0.007971950120746005
0.008067313489470682
0.00812089379359912
0.00818143198094359
0.008211961152513932
0.00820545620894868
0.00815532126269066
0.008057650965607581
0.007905580522303
0.007698051668960184
0.007435002841650692
0.007120483522741446
0.00675675222418455
0.006351029296111019
0.005911671373259247
0.00544845294756988
0.004971792988593503
0.004563844661695511
0.004124523791373116
0.003712909183675555
0.0033413556061493007
0.0030280232160324982
0.002777530207216008
0.0026268558206972753
0.0025344428688427074
0.0025304043621808456
0.002620612209228095
0.002808226482515439
0.0029909576177803835
0.00334780663561605
0.0037999952982448056
0.004343178092269012
0.004969856416928027
0.005749213544744397
0.0065514592033170255
0.007399203903127012
0.00828352510461199
0.009199017622407891
0.010109447366644035
0.01100234842304134
0.01191704758607561
0.012753397603951411
0.013539572954435525
0.014274366306736291
0.014950609721918744
0.015570147279845516
0.01613925748927142
0.01666442694199195
0.017169552234913486
0.01764888107585008
0.018101600462666997
0.018537876532443473
0.01895894552297546
0.019360834330291333
0.01961449914726654
0.019975100782845596
0.020288890416380465
0.020537936695792364
0.02071055646936438
0.020791718984661277
0.02076826756356528
0.020629936205695087
0.02037484154849099
0.01999583707591503
0.019498136749806206
0.018890725219123595
0.018184363763264825
0.017394441054923646
0.016538346325278803
0.01563564814189663
0.014700815287131408
0.013752628082905676
0.012807148475803313
0.011877063772389174
0.01097373339342579
0.010105713594781322
0.009279160287509573
0.008506489034292578
0.0078035269159352
0.007355445282502458
0.0067250628136048644
0.006149778590300957
0.005630545544869388
0.005167190804151626
0.004764885829201453
0.004428255103246396
0.004148789307612936
0.003927723976479947
0.0037694413249465867
0.0036748531393365324
0.0036434092220332006
0.003673993313471576
0.0037798283445950828
0.003940824946418463
0.004148928560839961
0.004401774663227782
0.004691123269688565
0.0050068772799257534
0.005344421135851751
0.005683965345722707
0.006019262416568214
0.006334286518788466
0.006622377616895454
0.006875313704818887
0.007086996468744414
0.007203073208762422
0.007337878878109137
0.007424893598979156
0.007465047046023316
0.007513607953268522
0.007498856540371694
0.007450931710556594
0.0073815237879757125
0.007297327528322261
0.007205062603769689
0.007128471608654422
0.0070542464357911
0.006989250378588697
0.006944459340408558
0.0069252344597211845
0.006939920804540128
0.006986909691728714
0.007070918099315576
0.007192115494688518
0.007348969084314193
0.007538097476736691
0.0077535334391040725
0.007988722109745317
0.008231373464024342
0.008470056689939484
0.008691795154569738
0.008823821015022278
0.0089883149650522
0.009102076764315166
0.009155305169414584
0.009139396793150371
0.00904962806652781
0.00888422161572061
0.008644662079610907
0.008335074198602724
0.00796253537022321
0.00753648576324712
0.007067591308022921
0.006568390983867969
0.006049924016679035
0.0055385804739503715
0.005023095295552737
0.004523418462249236
0.0040483557437607336
0.003606142509547622
0.003203660896497145
0.0028457661397187596
0.0025318194004219237
0.0022637570099888565
0.0020431525452689874
0.0018694598420190885
0.0017417219070690836
0.0016833477319780777
0.001627688217009415
0.0016106982419555498
0.001628799134830604
0.0016776272970338037
0.0017523678815436602
0.001847686269946409
0.00195784048488817
0.002076808309592266
0.002198463118819013
0.002316730242421323
0.0024795971138325225
0.0026047325004726666
0.0027149761012336283
0.0028149163457608585
0.002903917541133528
0.0029842894539290825
0.003059343851062465
0.003163841367326044
0.003256052613940679
0.0033639772635411435
0.0034954944275510714
0.003657379888894331
0.003856301694069337
0.004097751518848351
0.0042834696563209635
0.0046000278197599175
0.004960749789462947
0.005361170836202517
0.005793759428090067
0.006248090405794937
0.0067113677242590436
0.007168446669800614
0.007603447260086649
0.007999552151932654
0.008341038692513868
0.008613436616142181
0.0088046231505668
0.008905448110410687
0.008910253052234451
0.008817108991056699
0.008627891544158266
0.008348127988053103
0.00799267457561435
0.00756407985710692
0.007078772103539553
0.006552174255717211
0.005999644747643303
0.005436457668063991
0.004876876168156536
0.004333991511873983
0.003990394361776474
0.0035021433615347675
0.003055691534620776
0.0026576700336560922
0.002311582982648729
0.0020188695315023443
0.0017790404065432515
0.0015899990344890964
0.0014481404771610087
0.0013529117865568403
0.001293741100693
0.0012696094561397335
0.0012692251996810813
0.0012886179575912946
0.0013224136826832569
0.0013657869832620713
0.0014150932918845342
0.0014652796519097125
0.0015147931057371412
0.0015590524630952147
0.001598289396503786
0.001631979671057514
0.001660274540354403
0.0016838241538364089
0.001703363885391556
0.0017198279330852334
0.0017295003314811229
0.0017620800599647951
0.0017846091183079094
0.0018070350401415743
0.0018318036746512493
0.0018588715256538653
0.0018883920541385088
0.0019204033621696749
0.0019626403708352578
0.002009241338414471
0.0020563891666492925
0.002108635051943742
0.002167301101331398
0.0022334743201177297
0.0023082116391521085
0.0023978664154404
0.002496502878722523
0.0026058614935169453
0.0027284913035706695
0.002863833955164264
0.0030055416055988294
0.003153770021620957
0.0033064229975011505
0.003463093813508492
0.0036151880157672127
0.003714534870913674
0.0038558864282839814
0.003988154162901713
0.00410644040066421
0.0042304505524555945
0.0043282888162082455
0.004410253586856012
0.004481425942450883
0.004539619822722421
0.00458802282259871
0.004629002629012745
0.004676793021977536
0.004719609528987827
0.004762125457502575
0.004810455748439432
0.004875280065396981
0.0049444877707548514
0.005024498131770432
0.005117980595612543
0.005223183021055521
0.005341728403375254
0.005468297233550351
0.005603893466116796
0.005741623658071431
0.005877376284538633
0.006007254263846284
0.006088188574579875
0.006197100659345339
0.00628844983504356
0.006355068758661708
0.006394448553961318
0.006403126539349529
0.006379132901802112
0.006321247271351232
0.006229340973414726
0.006104356810499512
0.0059474141485460355
0.00576101220078371
0.005548085882086978
0.005312346826604318
0.005056978792161318
0.004793650375464641
0.004515596357470646
0.004230618462434415
0.003943631700513999
0.0036587367506704547
0.0033903166600248455
0.00312769987101713
0.002880556662955617
0.0026566812783443564
0.002452214322227331
0.0022740196922511925
0.002171231518728954
0.0020428384189063627
0.0019531919383955474
0.0018948790232018815
0.0018721995788443491
0.0018840414640988081
0.0019298767610889983
0.002014231946879382
0.0021241902028929396
0.0022588774798272
0.0024142419177337724
0.002584204623306351
0.0027627816889378497
0.002943429596519583
0.003145525329729111
0.003330406906925926
0.0034987459026053452
0.003652515414034474
0.003789707628900989
0.0039091760632053996
0.004011528727349767
0.004098878108470349
0.00419699896475808
0.004279416200072993
0.004357287355739039
0.004411384149187545
0.004500020102448982
0.004601908157549553
0.004721283140730712
0.004860668008223193
0.005032548243062648
0.005222215108064258
0.005431328512343229
0.005670950762903129
0.005919488881708631
0.006176278702512951
0.006453265581650451
0.006721445268263436
0.006980724561040457
0.007225953454063787
0.007456985202188496
0.0076650193222046956
0.007847388248456981
0.008003480434994546
0.00814349519816198
0.00825257723179516
0.00836766266399975
0.008456080432365419
0.008527888469498824
0.008594125914984724
0.008656475126573648
0.008698003683928101
0.008762356311850449
0.008835858769467632
0.008927615753755273
0.009017957361936847
0.00911489113592416
0.009217978585687016
0.009324280442082057
0.009432032972586565
0.009537707980766667
0.009640217460873407
0.00973274195620635
0.009811151155270521
0.009871947394670564
0.009910005985605883
0.009921412355217622
0.00990083409137056
0.009845457183024585
0.009749932643179152
0.009611594975560083
0.009428749931446644
0.009200167284201493
0.008926318681043061
0.00860888903852361
0.008251031510193211
0.007863813523176425
0.007585138287292857
0.007147235073935276
0.006689658502980839
0.006259107687303181
0.005808529295733703
0.005365789958822672
0.004945559268764544
0.004554448330118702
0.004210216582098644
0.003909229558149613
0.003677277506490889
0.0035244641315853764
0.0034299262483345775
0.0034114068294199195
0.0034740501501536974
0.003618722961408165
0.0038457720920982257
0.004151410572473051
0.004551812894761949
0.005010970582636224
0.005528353097795965
0.006095988408315316
0.006699092969642534
0.00733087820038551
0.007966993884236004
0.008595668081207234
0.009008830421636211
0.00959611242192511
0.010136404325958316
0.01061977787248968
0.011038213586547461
0.011385170493030188
0.011649547481733876
0.01183036810779465
0.011928078282706058
0.011944154685406739
0.011882306318863865
0.011758200332829913
0.011564488032362593
0.011313558465739034
0.011013158197014027
0.010672310059712174
0.010299697036039196
0.009903775434175323
0.009493070123954471
0.009078202119722547
0.00866093173548531
0.008247940799363805
0.00784504947288172
0.00745674032953435
0.00708631703332425
0.006850478821688334
0.006514819885633168
0.006200893472594788
0.005912410416778935
0.005648941485427236
0.005401921474456771
0.005172704558624286
0.004959727626786069
0.004760694135311743
0.004588628814995003
0.004419843227462452
0.004262385586905934
0.004118016453685823
0.003984217403160112
0.003862733890321905
0.00375596772599309
0.0036659932402402454
0.0036013970430572814
0.0035568693954024
0.0035346976658463475
0.0035397648297587204
0.0035772199386185834
0.00363710623772714
0.003721552813631947
0.003828599285509469
0.00395445504361419
0.004046458499620464
0.004192473201812681
0.00434261974654397
0.004492514560545451
0.004634342775719006
0.004760157573354135
0.004912018321620328
0.005013231560651736
0.005102271034254849
0.005165055784090551
0.005209274617364203
0.005238147871867072
0.005256350110981407
0.00526973139449023
0.005284987070879647
0.005343607292352671
0.005398743457008705
0.005485367579990319
0.005605303196981831
0.005766861314539689
0.005972788461771515
0.006229064145882974
0.0065291925596649685
0.0068713914243714825
0.007249595241494747
0.007656139086637556
0.007936523038831089
0.008361218013828773
0.008779530547460552
0.0091757027886279
0.009537761992805748
0.009847770445009707
0.010095028451206692
0.010269227828463477
0.010362764395089426
0.010371582252685528
0.010292837426325384
0.010127983729520715
0.009881113100891016
0.009558655266651058
0.009168895206904079
0.008721733454125979
0.008231224960082204
0.007704777018376495
0.007154965422507044
0.006593654334664731
0.006031436764501147
0.005478209424784748
0.00494729068058141
0.004439381185624158
0.0039639736270592136
0.0036669951848658055
0.0032539920973383976
0.0028846398629190253
0.0025570115804726167
0.0022722190173713884
0.002033136178480015
0.0018359024886260486
0.001675523840088581
0.0015516044758489488
0.001461129395584027
0.0014017058360689476
0.0013688297234034257
0.0013590311769592725
0.0013702360081576115
0.0013973372394063504
0.0014374407287611611
0.0014868159955708303
0.0015420702329136656
0.0016026643400590328
0.001661975689782876
0.0017186060661817059
0.0017701998531598259
0.0018146890742912023
0.0018514899208924606
0.001877746959574445
0.0018933184505110778
0.0018976588863274288
0.001895870022924992
0.001901014416656372
0.0018887395919840878
0.0018696327423340475
0.0018499312588050193
0.001830027142773503
0.0018127902175698637
0.0018020862305496465
0.001802595774718181
0.0018153011429113903
0.0018556320507776341
0.0019076821333927259
0.001986480131535972
0.0020878066618628516
0.0022135108109027786
0.0023636185129125077
0.002537683644843539
0.0027327015208107003
0.002945155635199041
0.003170547017313303
0.0034033167088330795
0.0036403187211677943
0.0038699141856483434
0.004087419729628386
0.004286185365932373
0.004405202259230524
0.004559354316999361
0.004680085341472091
0.00476506125305579
0.00480958725203744
0.004813445837029131
0.004776915852052621
0.004700921298398094
0.004587862972655322
0.0044409543545137296
0.004264133638310985
0.004061869474809811
0.0038390752281603374
0.0036007106729941986
0.003351888712266999
0.0030976567713348084
0.0028889033529992908
0.0026634865449967292
0.002449500012606131
0.002256563991489431
0.002090077715060627
0.0019551543482357013
0.001856639260336576
0.0017992722507143267
0.0017870599629293132
0.0018449854699968116
0.0019106093554948475
0.0020471873741150746
0.0022416322697706094
0.0024944161256453233
0.0028043436234110094
0.003168362615190035
0.0035818788334332414
0.004036761775226056
0.004523850927536675
0.005031734600701181
0.0055473140719874145
0.006056301825217348
0.006543969822012303
0.006995241312792998
0.007396511066355022
0.007734662469821412
0.007999656328300873
0.008182886169251747
0.008279461387417888
0.008287465085606065
0.008225847161136982
0.008071814350578648
0.007841350446439502
0.007545495725681392
0.007194979478138951
0.00693706124581927
0.006529730080289355
0.006099423894386249
0.00566254561794652
0.005242118192015748
0.004834698730975265
0.004457475967246805
0.004119285020356615
0.0038355391488008113
0.003598594931950449
0.0034180099595916653
0.0032916559137820445
0.003218040666628175
0.003194299816535013
0.0032151071733092502
0.003273770807340457
0.0033626365929375446
0.0034778231607400668
0.0036049858609437774
0.0037376114061774767
0.003868993582658881
0.003991826270613918
0.004100307245392759
0.004189529640466795
0.00425559079880376
0.004295658694927732
0.004306922299306531
0.004299840909335451
0.004263753760448142
0.00419917984978982
0.0041068987249397735
0.0039887072702489085
0.00384821998211824
0.003686952042902838
0.0035075953090202405
0.0033142879022521597
0.0031105127134829873
0.0029000458806740475
0.0026864026530704042
0.0024744392719767833
0.0022655205804208464
0.0020639620820297262
0.0018742707784048975
0.0016998413766655747
0.0015369187430399561
0.0013898108849503044
0.0012602202215566292
0.0011492834217549015
0.001057801641946268
0.0009855159530870409
0.000934413393205822
0.0009034840752961236
0.0008946247307662262
0.0008947523967777876
0.0009120601276721462
0.0009457608826599648
0.0009942609527540602
0.0010558828599440079
0.00112819548909814
0.0012096303133431738
0.0012971022075450784
0.0013923575873070627
0.0014851845331785042
0.0015770644570793685
0.0016643448310488351
0.0017452149563346514
0.0018178059906443027
0.0018804124247210256
0.001931865487922469
0.0019714542685526923
0.00199915938151411
0.0020180782372781923
0.002023584614862763
0.002018910548085926
0.002005309076851284
0.0019841214547307766
0.0019563265068898742
0.0019348003540042606
0.0018998963840415677
0.0018611320143183854
0.0018198773730867277
0.0017771937875780345
0.0017330833296329985
0.001687904577925428
0.0016422103960268045
0.0015954669134381233
0.0015478037128414922
0.0014995218351490627
0.0014501711980095806
0.001399786220755859
0.001348715204510101
0.0012968472042874624
0.0012467660343876044
0.001195446311415074
0.0011453454078664304
0.0011011565172606434
0.001059558668174855
0.001018880408733618
0.0009821866201961697
0.0009507409322453452
0.000927125604722524
0.0009107352353688603
0.0009032744687253137
0.0009036101655598039
0.0009164892891262775
0.0009393551728406649
0.0009762636814030579
0.0010260522490930745
0.001088947515349212
0.001165804057887534
0.0012547563814925091
0.0013545557544641141
0.0014631825140268937
0.0015780561693145784
0.001696078593697643
0.0018138380915201685
0.0019276798093613337
0.002033956808489098
0.002129158797579234
0.0022100893591296827
0.0022740116303529585
0.002318762910695849
0.0023428316683206185
0.0023453945360344124
0.0023263148659262525
0.002286107690135707
0.0022258781155615527
0.0021472410941817785
0.002052230232265854
0.0019809464287432565
0.0018639989099352259
0.0017374218693397931
0.0016039765961425342
0.0014664177243367087
0.0013274156260403326
0.0011894851971226742
0.001054922022372242
0.0009257474915059053
0.0008036648791778893
0.0006900284988407474
0.0005858276912741325
