N :Calcite
Y :53.0% Gibbsite, Diffracto n :456
Y :41.0% Dolomite, Diffracto n :459
Y :6.0% Hematite, Diffracto n :78
0.0
0.0
0.0
0.0
0.0
0.0
0.0
0.0
0.0
0.0
0.0
0.0
0.0
0.0
0.0
0.0
0.0
0.0
0.0
0.0
0.0
0.0
0.0
0.0
0.0
0.0
0.0
0.0
0.0
0.0
0.0
0.0
0.0
0.0
0.0
0.0
0.0
0.0
0.0
0.0
0.0
0.0
2.542494783959586e-36
1.3371305540986012e-34
7.896388104310231e-34
2.7028941566995487e-33
7.506043931201692e-33
1.6912964304578762e-32
3.0917284598318487e-32
4.584714321958761e-32
5.514610226652844e-32
5.379924577602394e-32
4.256673835340063e-32
2.7314141503952753e-32
1.4215818658868223e-32
6.00459658467654e-33
2.0643521759365647e-33
5.863809394271325e-34
1.4939309818889114e-34
4.859551736171892e-35
3.2360056329949736e-35
3.269298166384819e-35
3.525102318005227e-35
3.7537607346462074e-35
3.910307606978081e-35
3.9675410327633263e-35
1.0120897987902194e-34
1.8180758630025325e-34
2.6005129830591285e-34
3.743751731220694e-34
5.375532213981045e-34
7.645957773041343e-34
1.0721637055074027e-33
1.4774935098510918e-33
1.9967871119517055e-33
2.6430994916839078e-33
3.4238631557892875e-33
4.33830605962115e-33
5.3751259782681106e-33
6.51085093244574e-33
7.709314571391019e-33
8.922588712814566e-33
1.0093540304694689e-32
1.1159935828693451e-32
1.2059742306198265e-32
1.2737024594304728e-32
1.3147670152307546e-32
1.3264129832910788e-32
1.3078466929197303e-32
1.2603245230853648e-32
1.187011759559119e-32
1.1260921426183366e-32
1.0208405220693827e-32
9.044582519465435e-33
7.831874949419863e-33
6.628107242898701e-33
5.482262877509138e-33
4.431765044361162e-33
3.5013872079615014e-33
2.703647696844844e-33
2.0403591038334087e-33
1.5049070617241954e-33
1.0848240829369644e-33
7.642853453859581e-34
5.262575417240812e-34
3.541503930360692e-34
2.3292908886354797e-34
1.4972914381352821e-34
9.406662820225625e-35
5.775790665508107e-35
3.466043046250671e-35
2.0328395813703865e-35
1.1652494890250508e-35
6.528018832533191e-36
3.574296272164716e-36
1.912697881892877e-36
1.2447648328805806e-36
6.411420857046399e-37
3.22751268249527e-37
1.587918948585777e-37
7.635463611615364e-38
3.588303790937868e-38
1.648123347449434e-38
7.398385187455985e-39
3.245868247683309e-39
1.3917831069477577e-39
5.8325565786249575e-40
2.3888731385581603e-40
9.562554899892655e-41
3.7411190053645226e-41
1.4304603742067644e-41
5.3456050054246306e-42
1.952381216099581e-42
6.969138503331504e-43
2.441199811914077e-36
5.7521008615974215e-36
1.2535058376411226e-35
2.5264046096529587e-35
4.709297441829472e-35
8.118690952775632e-35
1.2944717280036413e-34
1.9088675758650524e-34
2.3680179774658206e-34
3.0656978259408403e-34
3.6707124789595552e-34
4.064883116372697e-34
4.163153534988433e-34
3.94342390577793e-34
3.4546270847365313e-34
2.799017114551643e-34
2.097425800129764e-34
1.453598042396915e-34
9.317056401870376e-35
5.523187556704458e-35
3.0281510135674224e-35
1.5354721350548356e-35
7.200837676176506e-36
3.123207034177848e-36
1.2528388113769397e-36
4.64800188082316e-37
1.5948287754204066e-37
5.061025231955284e-38
1.4853869826030987e-38
1.9578720552051854e-35
6.219349036519365e-34
1.8841007786370933e-33
4.121323709438934e-33
8.347284130910557e-33
1.280298022091488e-32
2.2812360985295657e-32
3.7630195392806175e-32
5.747275301863063e-32
8.127272313861338e-32
1.0641052406464294e-31
1.2899798553204413e-31
1.4479173648612331e-31
1.5047830393969616e-31
1.4480500672596869e-31
1.2902911054628603e-31
1.0646502854907692e-31
8.135227646848572e-32
5.757237413303801e-32
3.7739088662548634e-32
2.2917617551750186e-32
1.2895495326314163e-32
6.725348830296882e-33
3.252020691022847e-33
1.4586531922456447e-33
6.072473485734324e-34
2.348100933369986e-34
8.441289685579102e-35
2.824469675737606e-35
8.808362250230035e-36
8.016283137932662e-36
1.4641040836638217e-35
4.48177808566536e-35
1.1840590456405751e-34
2.5433838508148157e-34
4.4207895640147e-34
6.215201379060251e-34
7.0673988809992115e-34
6.708914661775399e-34
6.210242975126832e-34
8.92480480112822e-34
1.4593849282791291e-33
2.734804844666146e-33
5.0711642451744506e-33
8.846824353924627e-33
1.4350214368890106e-32
2.1592507539837864e-32
3.012261181998549e-32
3.8951998971701743e-32
4.6680930246682046e-32
5.183866544046554e-32
5.333466832360352e-32
5.083331934611416e-32
4.487624792746177e-32
3.669139354564154e-32
2.7780874297538876e-32
2.2112759540856968e-32
1.4727314354283757e-32
9.081014473875828e-33
5.183728903905891e-33
2.7391573331160496e-33
1.3397713107132977e-33
6.065378178775962e-34
2.5414128291670327e-34
1.0851185589578302e-34
7.835628771906417e-35
1.162293339517213e-33
4.919330716181775e-33
1.5210062839509735e-32
3.851267953023909e-32
7.975569178779722e-32
1.3501619734060738e-31
1.8679739006435459e-31
2.1119029714471102e-31
1.9511098677573974e-31
1.4729238463847404e-31
9.085151633973303e-32
4.5778283412781004e-32
1.8837994454914284e-32
6.328171595798208e-33
1.734455497438117e-33
3.876354217632166e-34
1.2741396336337945e-34
2.09993411499976e-35
3.823044557563125e-36
2.1399205312027342e-36
2.8385802324315693e-36
4.1544656359341864e-36
5.987323981841442e-36
8.435989407336735e-36
1.1616460709720036e-35
1.5632920986381507e-35
2.0560550644305151e-35
2.642759536341468e-35
3.319776557954785e-35
4.0755700057081406e-35
7.779586071836467e-11
1.7700657406162004e-10
3.7247658285637827e-10
7.249118913482402e-10
1.3048126096047696e-09
2.1721396226276367e-09
3.3442905532721077e-09
4.762082752093799e-09
6.271429514090642e-09
7.638583398027432e-09
8.604700830627938e-09
8.964692506206367e-09
8.82176569783277e-09
8.068935809519693e-09
6.82580180330519e-09
5.340325868060817e-09
3.864190380250305e-09
2.585984652256804e-09
1.600552936917695e-09
9.162011105106622e-10
4.850519519787221e-10
2.3749932029223684e-10
1.0755067911615852e-10
4.504438010845768e-11
1.744796349014088e-11
6.250655224127285e-12
2.0710139153551014e-12
6.346249774016182e-13
1.7985726147659382e-13
4.7142809795779286e-14
1.1428247110093747e-14
2.562243811171647e-15
5.312977231537431e-16
2.7774710612735295e-08
6.452996603765646e-08
1.386596192580778e-07
2.7555940723509615e-07
4.170733502886004e-07
7.276772518047019e-07
1.1741993291832e-06
1.7523527278563714e-06
2.4186771494039596e-06
3.088013594176737e-06
3.656991533047292e-06
4.012853303011399e-06
4.091132894375328e-06
3.899961854229264e-06
3.517944671033635e-06
3.071716890011935e-06
2.6936727329282692e-06
2.4787118240339027e-06
2.456034357269585e-06
2.584817810150384e-06
2.773350895157146e-06
2.913404363602345e-06
2.9171276211281202e-06
2.74355353276002e-06
2.4062295582063086e-06
1.96132572870106e-06
1.4834479408430791e-06
1.0403880670043682e-06
6.763594016809044e-07
4.075235166520776e-07
2.786859519650038e-07
1.4791481922590413e-07
7.27508796023211e-08
3.3157438187509746e-08
1.4003150467928632e-08
5.479705641734413e-09
1.986819172228693e-09
6.674370050161514e-10
2.0772680026886278e-10
5.989395643799517e-11
1.5997724466884022e-11
3.958161325433067e-12
9.071167696274219e-13
1.925488528169321e-13
3.785295528887618e-14
1.2039073250748104e-07
2.8412854292953173e-07
6.2550758737168335e-06
1.684870972902348e-05
3.645417820227541e-05
7.314290999368479e-05
0.00013608194524850702
0.0002347464468587015
0.0003754411043313319
0.0005566846982663926
0.0007652218732503676
0.0009070462698783105
0.0010989376149471884
0.0012342705421676317
0.0012851100404795597
0.00124040453934556
0.001109891866755076
0.0009206478222754266
0.0007079499319497807
0.000504669545430107
0.00033350691100298297
0.00020431076430846951
0.0001160270676196012
6.108003698494705e-05
2.9809633474863184e-05
1.3498381908088626e-05
5.709213351324845e-06
2.3534872831925743e-06
1.1410298001977213e-06
8.94472090295962e-07
1.0000311212633863e-06
1.105362506379703e-06
1.0371802137168197e-06
7.960809039855817e-07
4.95623537034226e-07
2.4977268060700824e-07
1.0183460161766924e-07
4.976868618436152e-08
1.4248459259736221e-08
3.2993983630011806e-09
6.179483760329694e-10
9.36091817800161e-11
1.146919501078622e-11
1.1365690488981396e-12
9.109785479192577e-14
5.9057174279125854e-15
3.096680510163757e-16
1.3134044760023367e-17
4.506461547024466e-19
1.2513917729541495e-20
2.81670749807399e-22
5.1708512317259e-24
7.951951819305196e-26
1.1477098562330842e-27
2.155273313008325e-29
6.686578524892795e-31
2.61787065436497e-32
1.0266003193247313e-33
4.771612816349857e-35
1.939039503080849e-35
2.920725700300458e-35
4.340523105735113e-35
5.417145918047362e-35
7.077158445376103e-35
8.551154883386266e-35
9.555805768707519e-35
9.876123829648385e-35
9.440226426675354e-35
8.345550072513811e-35
6.823452849713996e-35
5.15976704277927e-35
3.608549483513279e-35
2.3340594175795416e-35
1.3962649032618753e-35
7.725034138573572e-36
3.95284390423618e-36
2.5396465607602763e-08
1.0381409264637084e-07
1.2144649849165966e-06
4.55762192778279e-06
5.042407434441083e-05
0.0001192169319363881
0.0002521739188292902
0.0004740562445351432
0.0007938038160939353
0.0011969494054348932
0.001652597475312599
0.0021253821452200503
0.0024310475711230204
0.002837791892633921
0.00312420047612489
0.003224834828934366
0.003102714004977111
0.0027713218605546035
0.0022929062491692156
0.0017555205936112444
0.001243307533432394
0.0008144205870134959
0.0004934016228159434
0.0002764586054008164
0.00014326381516153785
6.866250021314596e-05
3.0435426366302035e-05
1.247716272003223e-05
4.730738686386787e-06
1.658894439795875e-06
5.380036414534494e-07
1.6137206275558395e-07
4.476598628542715e-08
1.1485360619069017e-08
2.7253217728499152e-09
5.980914685882144e-10
1.2139312758269284e-10
2.2787530640084264e-11
7.153519224546874e-12
1.1789191785062277e-12
1.7969044680763796e-13
2.533043313053158e-14
3.3024550485476796e-15
3.982060788289295e-16
4.4407418522145705e-17
4.580151476532939e-18
4.368987747331648e-19
3.8544150969272335e-20
7.493044141013716e-09
1.756165740876826e-08
3.806706398059465e-08
7.631500463716541e-08
1.4149697632911947e-07
2.4263925036835656e-07
3.848146729170846e-07
5.644414028161436e-07
7.657072751556905e-07
9.606901899213009e-07
1.1147580315492717e-06
1.1963397574411083e-06
1.1874221145669175e-06
1.090014817825666e-06
0.00017862241913488663
0.000306753018501742
0.004566966466236927
0.010499889708167811
0.02545941114210535
0.05127254073965896
0.09593277472783594
0.16672070167543415
0.26907362733112233
0.40322907228873833
0.5610376388121047
0.7247094185443217
0.869072706793207
0.9675343141679232
1.0
0.9595499642996319
0.8548374447879663
0.7070751030355465
0.5430452770277023
0.3872812765633028
0.2564996109372746
0.15779824502705742
0.09020384246780534
0.04794323824817291
0.02371865823874378
0.010943272868821229
0.004723964339568986
0.00260680747036969
0.0010204485510630057
0.0003815451881146244
0.00013809996501870178
4.9086749076995125e-05
1.7321137959384973e-05
6.083817444399412e-06
2.112147791233577e-06
7.151341092966315e-07
2.326625327264871e-07
7.18191175440201e-08
2.0839423216953647e-08
5.648752146888257e-09
1.4246898560536174e-09
3.335281748932018e-10
7.236893713501056e-11
1.4541173077185781e-11
2.7042632757770533e-12
4.653369410327655e-13
7.407581186096469e-14
1.090759899447305e-14
1.485587753328852e-15
5.272962578797491e-08
1.2016393702238864e-07
1.4287638131266487e-06
3.596342820102067e-06
6.714127925583384e-06
1.3940645284986691e-05
2.6919885666926724e-05
4.832827407894306e-05
8.063790401818286e-05
0.00012502311577554387
0.000180088488700226
0.00024098052323059932
0.00029953965643752405
0.0003458557617455574
0.00037094317574703486
0.0003695745012608889
0.00034205231451261145
0.000294097984309692
0.00026449915527080225
0.00024546340780010956
0.00027830842247652035
0.0020333130607250094
0.004425328883871426
0.010226920463856905
0.02007079720260714
0.03669920035412965
0.06244172199367637
0.09882321319352054
0.1453700551388907
0.18053195472843436
0.23602313774466424
0.28682528440235705
0.3248813366454223
0.3441420826752971
0.34266381532446427
0.3234569677229682
0.2933246453724206
0.2602629832526187
0.2306032922685336
0.20716089687975806
0.18908319659828973
0.17321786056909663
0.15614442051648844
0.1358547156326046
0.11242773668577201
0.08764559085865233
0.06398765254730722
0.043599953819504246
0.027672279997226313
0.01634084594555777
0.008971609766019524
0.004577517624395269
0.0021697139990231405
0.0009551273209153426
0.000390382733764923
0.00020629234707003185
7.446461201180756e-05
2.493984411861365e-05
7.748314834368355e-06
2.2324699591158968e-06
5.963858152012385e-07
1.4768454441859905e-07
3.3893514909518174e-08
7.207511043454092e-09
1.4199086668396992e-09
2.590998805257944e-10
4.3786187961843756e-11
6.8518455841381066e-12
9.927082756064029e-13
1.33145953636574e-13
1.653028355919229e-14
1.8994906333805103e-15
2.0200469094937359e-16
1.98801726399515e-17
1.672727267614006e-10
4.0024746616763525e-10
8.857450254285189e-10
8.838233675474845e-09
5.804190336989318e-07
2.107145879979761e-06
6.224253627404478e-06
1.1417584110233053e-05
2.381968025376213e-05
4.026429082498043e-05
5.5141181245163584e-05
6.121887797629646e-05
5.520539895410613e-05
4.0632171447579895e-05
2.552491783201021e-05
1.65782548071413e-05
1.9068270400848814e-05
7.612318715015912e-05
0.00025576084954882414
0.0007691881286665108
0.0019779302839236924
0.0043358210481732745
0.00799421396926637
0.012317555137271199
0.015842186660140326
0.017043589885948368
0.015389648927084552
0.011695463906412136
0.0074876849270707115
0.004034963497741852
0.001830871606075649
0.0007101588340268677
0.0002571662615956293
0.00014517037175874843
9.800667218101759e-05
0.00010362965484556705
0.00012100995645186508
0.00013667718348418312
0.00014542853384814873
0.0001450078531141257
0.00013528897430545634
0.00011805736838945357
9.639287989542682e-05
7.372678860372542e-05
5.294051083801907e-05
3.582006954884659e-05
2.297054691707168e-05
1.4085683948714277e-05
8.364986134210834e-06
4.890545265918225e-06
2.865435429730746e-06
1.7068652843819085e-06
1.0395992068282494e-06
6.446614785607267e-07
4.027222371125119e-07
2.5056740039158406e-07
1.5391661392670432e-07
9.285952816812243e-08
6.555972385005655e-08
3.8218625203636484e-08
2.1819272718802485e-08
1.2202560763600214e-08
6.6860153889503065e-09
3.588672203086832e-09
1.886244227945075e-09
9.70422611443725e-10
4.884559445983829e-10
2.404506938479122e-10
1.1572857974794433e-10
5.444872832386595e-11
2.503904733095184e-11
1.5210132069218617e-06
3.415481469995591e-06
7.0933214226808225e-06
1.3624620507381932e-05
2.420337561341427e-05
3.976529012088927e-05
6.042394068295404e-05
8.491621106551036e-05
0.00011036944080044484
0.00013267336616361455
0.0001494883952940951
0.00016109461474848066
0.00017246036724895877
0.00022260450953989655
0.00039543232495171954
0.0008920799273261892
0.0020868233515830468
0.0044180281414759525
0.008048270053681672
0.0123668880862555
0.015952482621976603
0.01731271421457135
0.015885963353893133
0.012382989360086506
0.00822350378393672
0.004657709013801479
0.002257459489760814
0.0009874685390399436
0.0004216602223471194
0.00024828104492749737
0.00022773974599319465
0.00028097595653023754
0.0003809109408306778
0.000524433483213204
0.0007153643548933383
0.0009587402330588453
0.0012586626147344927
0.0016169066509364681
0.0020317107372002934
0.002336771047486577
0.00282933127322528
0.0033501611759178896
0.0038793337733879405
0.0043929469249875015
0.004864755258934785
0.005268313785970303
0.005581713456769864
0.00578359172007363
0.005863232001921414
0.0058172686466930945
0.00565137472833202
0.005378849745192674
0.005018825938546651
0.004593510014613237
0.004125071452981195
0.0036341441740571443
0.003138767274938615
0.0026545841294301708
0.002195300515944277
0.0017727801598603015
0.0013965029877628069
0.0010726600371407898
0.0008034704831802478
0.0005871960999349895
0.0004700805710044504
0.00033009102400102574
0.00022631025681521443
0.00015140349693786747
9.974852739357253e-05
6.499612440352353e-05
4.35462929292777e-05
3.2577345556147475e-05
3.0231668883300597e-05
3.522227313384512e-05
4.629982373057487e-05
6.171359382434434e-05
7.889431821301309e-05
9.457715882623199e-05
0.00010541966059590201
0.00010890954287776832
0.0001041553238701173
9.221006721053498e-05
7.554982781075182e-05
5.7358545738082026e-05
4.434696348246423e-05
3.603394561473264e-05
3.7437588021964394e-05
5.264997563477519e-05
0.0003395142136380833
0.0007225645934603294
0.001219358553119863
0.002417080711363024
0.004421107901095877
0.0075564292508293615
0.012053803627362067
0.017930932942908404
0.024861618509464514
0.03212039729303137
0.038679628785373836
0.04339858351988568
0.04539135587033643
0.04467165814999939
0.041228604629172425
0.036425927958809265
0.031612553843651935
0.028461208349755664
0.02833301227448307
0.03203396089437947
0.039589343071408795
0.0501191986332921
0.06191897872049891
0.07274524179590904
0.0803339662391598
0.082992590431034
0.08007001614338291
0.07211107818921218
0.06473030318682416
0.052004454063120494
0.039047466004812646
0.02743180315636985
0.018062693826271667
0.011177676510669803
0.0065275946020210565
0.0036192285547603175
0.0019210653549482592
0.0009861964702031997
0.0004948596499374
0.00024472027817951645
0.00011962259964782287
5.7601058428418475e-05
2.709929770258168e-05
1.2334126578805552e-05
5.383713476762605e-06
2.2398490475781265e-06
8.854242790172179e-07
6.771256772699476e-06
1.5314892963532293e-05
3.3209852675910585e-05
8.785344810265568e-05
0.0005543527100029897
0.0012578128734066086
0.002764094823678947
0.0043447768388887335
0.007865850208218502
0.012980555667757167
0.01977494387028299
0.028158792572549756
0.037875172548558794
0.048254677216279025
0.058078373383696806
0.06575948904146164
0.06982825552405766
0.06944363476453043
0.06466898448079623
0.056419603584290254
0.046147921033747714
0.03541718617732332
0.02552542784880513
0.017289514677641938
0.011015048134639795
0.006610420921250819
0.0037423192925321817
0.002009835719383684
0.0011351530300972275
0.0007980295421118145
0.0008898898837107044
0.0014997396803622977
0.002193946871791631
0.0038286772289617046
0.0063357496797503896
0.009824400557504151
0.014229497711021553
0.019230787748720876
0.024242022918129488
0.028502176612090733
0.031259231754379425
0.03198600453867912
0.03054478535167487
0.02722810363623794
0.022674596342800998
0.017641974916885583
0.012850358799025885
0.008799336576851677
0.00573468737525817
0.0036709659623907036
0.0024698193723372065
0.0019215317997701316
0.001805623930144305
0.0019245450394299159
0.0021179694106635977
0.0022682223516487087
0.002302912048739276
0.002194925948477221
0.002048719093241339
0.0017462682646080718
0.0013905864315566685
0.0010342815315859193
0.0007183420945265879
0.00046573611379716116
0.00028177367266908805
0.00015902433061763544
8.371605055808996e-05
4.123939101774948e-05
1.9157741147904357e-05
8.696955095513744e-06
5.559692578362805e-06
7.422340127598918e-06
1.6053547941630447e-05
3.45062202175817e-05
6.346918196407285e-05
9.650509113447036e-05
0.00012014595278962657
0.00012226474747081438
0.00010197115352198148
7.036554970143015e-05
4.1091087572617794e-05
2.2488483247709344e-05
1.3875402959711587e-05
1.2794704967839316e-05
1.60476863756766e-05
2.599668959720644e-05
4.299500235588285e-05
6.880516989688725e-05
0.00010408372064901237
0.00014787017460096336
0.0001963989527542528
0.00024395824388341123
0.0002835728146420872
0.00030888018329448347
0.00031598663665830846
0.00030462154102342244
0.0002780978501103872
0.00024212938383445264
0.0002030543150873604
0.0001661987593924028
0.00013492502531664222
0.00011050814412844977
0.00014100498151041325
0.0002818502149334521
0.0007520796236739048
0.0019225239495149775
0.005848571854007944
0.015023054030369114
0.03662998504489462
0.06532532485523432
0.1412749910872359
0.26552507469341324
0.4227526879525715
0.5666101024471899
0.6433515170248122
0.6268544585802667
0.5308967801675147
0.39312571751642483
0.25330810936862364
0.14014452030613522
0.06550549094652137
0.02549852114308911
0.008178510900750967
0.0021466085910655922
0.00045939267147568087
8.046258514822167e-05
1.2122821209772144e-05
2.5405632498666713e-06
2.1768642394234816e-06
1.079687275266739e-05
2.2314650625221783e-05
4.531200685713916e-05
8.55856718120458e-05
0.0001515056258767598
0.0002518034167535001
0.00034165667159985507
0.0005132990630553406
0.0007240690570039903
0.0009666048231682819
0.0011962863518486212
0.0013815320431242667
0.001507665711227693
0.0015737793076924702
0.0016167433261525678
0.0016779748771770058
0.0017871065441564154
0.001950030444083645
0.0021457764308575496
0.0023314197973479845
0.002454482219610338
0.0024698309359161485
0.002354679300397482
0.002115923138816499
0.0017868317252574945
0.0014156238762301028
0.0010511316320152733
0.0007310620860241673
0.0004761588935864519
0.0002905661135557483
0.00016641519757417566
8.983935974356509e-05
5.787968441328155e-05
2.8990175020970964e-05
1.4269537401388335e-05
7.1129618377320735e-06
3.6997944999091846e-06
2.0290727627736014e-06
2.3038050531965344e-06
3.381596183180024e-06
6.6499067887373465e-06
1.2969759374889217e-05
2.3997861782371146e-05
4.1748660114488544e-05
6.730907691428312e-05
0.00010430417430048726
0.00014841488085275308
0.00020076780529447024
0.00026056304092888984
0.0003486284508917921
0.0004687460033210264
0.000651379297832235
0.0011219827484088428
0.0019900543855288473
0.0038405813383072967
0.007449129095963672
0.013298107018400618
0.01818311456867776
0.02556128147123111
0.030718650558883422
0.031902660118718736
0.029127711211789954
0.023709909954719888
0.017281628242151594
0.011248111180117896
0.006552564713490403
0.0034981722788805457
0.001805685548260283
0.0009691179042606273
0.0005681984102218654
0.00043489672468227463
0.0003787696942456021
0.00038807364917105525
0.0005115373540667319
0.0007121189861894932
0.0010143463450187947
0.0014777385269829021
0.0021526500565019094
0.0030905117083104994
0.004344997511100506
0.005939444652207613
0.007850974515298146
0.009997329044329107
0.011491806795383083
0.013702148870328005
0.015714968620508845
0.017378433993294796
0.01859889403120517
0.019351057727605477
0.019661977976181518
0.019581576275721848
0.01916226195003381
0.01845762018774994
0.017526199035872648
0.016424199727083845
0.01519298112075155
0.013857986958506069
0.012440931875135697
0.010971399923266293
0.009490216965226157
0.008043889656444573
0.006677107370926037
0.00542665583068901
0.00431797848519832
0.003364198301977888
0.0025670073613537287
0.0019187730100491242
0.0014052545265876679
0.0010084090623812573
0.0007990964011206453
0.0005539217363026131
0.0003757399483152017
0.00024916949850820535
0.00016137110201317864
0.00010197727701496724
6.289731141830578e-05
3.788252091473428e-05
2.237541894020777e-05
1.648175313425429e-05
2.216717918510556e-05
5.026879115275037e-05
0.00011965779360068198
0.00024581726359792496
0.0006449051938515369
0.0014126297269086178
0.0031283134149976562
0.006650498957479056
0.012374871857828672
0.01956342441430912
0.026045671344735365
0.029476680212275615
0.028936010544170027
0.025192462312412095
0.01970156617681577
0.013795870963120543
0.010171221728571059
0.005803311033232329
0.002997515758217676
0.0015365085410895402
0.0009086587169163995
0.0006598551973060165
0.0005348150096364649
0.00044307896672023236
0.00035781154359746466
0.0002882932908226557
0.0002488395351370647
0.00024562616812237137
0.00028596075286451555
0.00037035029259323217
0.0004923607881962127
0.0006377300534049614
0.000786044294178139
0.0009121782454223431
0.0009942791845387981
0.0010181818295307093
0.0009815654570307644
0.0008995172051241523
0.000786745657908217
0.0006703116044217579
0.0005740681097134686
0.0005305474268798223
0.0006800743514218605
0.000983243431345477
0.001593859262043241
0.002796962136879721
0.0048260245888004675
0.007977506824275006
0.01252914607456555
0.018551832640301285
0.02639385963894136
0.03495431172695508
0.04380104616074322
0.05249417777742362
0.06031660342480085
0.06732860369662143
0.0737895531723595
0.08001311972539281
0.08602256818776369
0.09132580491268043
0.0950218527643634
0.0958576188636182
0.09299150491119973
0.08621269226185872
0.07600462548671841
0.06363278109724328
0.05058003854566539
0.04225328608355413
0.031244038827542137
0.022771490776431064
0.017136118222334
0.014292719843744374
0.013877368856015163
0.015341147249145912
0.018031029613861257
0.021249656065318923
0.024321409214317805
0.026668802662278553
0.02790231124531921
0.027873471899447187
0.026671876849448616
0.02457139706921517
0.021884246789200677
0.01894799396608273
0.016057979721352523
0.013455699338528743
0.012053063322997645
0.011342054489961563
0.011997513270727999
0.014802016049576436
0.020116922484118224
0.02873711404193524
0.04104704195880806
0.051379703220651156
0.06936321876927298
0.08940732035020599
0.11047681938898268
0.13145943829895682
0.15022371217930638
0.16287556161460784
0.16496868784098462
0.15465058465754247
0.13430026924450741
0.108682566112847
0.08210777272866171
0.05758000691835525
0.03725868822425628
0.02236382139473424
0.012772988705117987
0.00721022790898533
0.004213162817846978
0.0026931833745739674
0.0020139350928702567
0.001877425621833751
0.0021318673693870535
0.002673844727417282
0.0033971207394841905
0.004175127143479381
0.004655030001303712
0.005217253908947694
0.00549815646199343
0.0054449571279502305
0.005069166405504402
0.004438884282177778
0.0036570758768345213
0.002834393138209776
0.0020653150626634984
0.0014133681678707047
0.0009071178872184194
0.0005451564034935442
0.000306273221440194
0.00016059485185278621
7.864022621635522e-05
3.606857360950646e-05
1.589122009588787e-05
7.498644842226691e-06
8.240772812635265e-06
1.3086388176241108e-05
2.4055469390215298e-05
4.355597366963615e-05
7.491916296365824e-05
0.0002177468128019597
0.0004341573353187493
0.000811960621098186
0.0012100533199534062
0.0021950949856134813
0.0037173779863571145
0.005965886412900309
0.0090258580382498
0.012828107210293675
0.01709384286945068
0.021341071039373306
0.024962434926831818
0.027377852904102565
0.02818644197055576
0.027272895068541317
0.02483103779396207
0.02128964618871427
0.01719902939177266
0.013096543241750983
0.009406565550537779
0.00638723569988912
0.00412681360580107
0.002578311113864522
0.0016189809696816207
0.0010834004282758542
0.0008298353761438288
0.000745400474507062
0.0007518222313023492
0.0010362267678157388
0.0012542484166529065
0.001801765583105542
0.002766191985885066
0.0045107174477700875
0.0071348455358172394
0.010882782088937717
0.0157847418669719
0.021619859667208658
0.02786270928184596
0.03375151509791678
0.03845485471742154
0.041267212940190943
0.04179019268825432
0.040017766276418364
0.03630789942871065
0.0312661367941946
0.0255921083015665
0.01993632984308375
0.014798904154801194
0.010482405652650264
0.007096374657491632
0.004599442692330634
0.002858564013571563
0.001705378568341261
0.0009778725767975434
0.0005393999609914611
0.00035733465982584934
0.0001937225742946518
0.00012103832564207011
0.00011308937293333135
0.00015672582039341529
0.00023714120494141154
0.00032618153103782633
0.00039734075310546106
0.0004261655851445411
0.0004253391536464426
0.000427505653922246
0.0004993195141328216
0.000634462581634375
0.0008712368247263839
0.0012384266471097882
0.00175014675881894
0.002429402341382568
0.0032688715789846437
0.0042780644829144105
0.005447881309385853
0.0067013722795834845
0.008227037271173352
0.010205804922429604
0.014025810267926516
0.022439754633948025
0.032252690434622165
0.05331729979628083
0.07833473651004531
0.09834878227658302
0.10650194031221091
0.10284292751984751
0.09260236102533778
0.08047113869516144
0.06842726146564916
0.05780806818816404
0.05070175888030298
0.04833989228511105
0.04974526486849247
0.052439158325048606
0.05417036346752344
0.05373963911794887
0.05097613093782345
0.04631255672009437
0.0404555332894798
0.034121366463567615
0.027908001896245607
0.02221578287303622
0.017275792375125786
0.013163412849809347
0.009851324197087794
0.007258819500617841
0.005882320174798839
0.004274749446892143
0.0031373625894916576
0.0023870660078225713
0.0019436205588361098
0.0017294884961754442
0.0016732091270960016
0.0017142415799392822
0.001803069546263664
0.0019049035953801745
0.001996093944231304
0.0020630964700203655
0.0020972452323359545
0.002095983569593592
0.002059386776091535
0.0019900692676421013
0.0018907119172157753
0.001765996230801711
0.0016212803711127862
0.0014627054708067082
0.0012967718438101651
0.0011297207521655341
0.0009669382367199915
0.0008127080289527018
0.0006699342179063062
0.0005406933517932395
0.00046273532080765337
0.0003587697975328789
0.00027161349322284763
0.00020064607695590824
0.0001460186814051646
0.00010704049154221086
8.252497237606351e-05
7.080177853707903e-05
0.00010840758154472711
0.00016396356627809935
0.00027071172025052624
0.0004614974840299224
0.0007659320379547219
0.00121332545260469
0.0018222855391007422
0.002578602913831539
0.0034267134907088877
0.0042714531543675445
0.004998256225563412
0.005493874145208386
0.005685358224815198
0.005553246258332526
0.005136035784942055
0.004511571866476718
0.0037806031803890965
0.003282960300527206
0.002581566948580918
0.001983024539842581
0.0015124634998986118
0.0011813984026012249
0.0009554819173747237
0.00081808570785723
0.0007502060734058823
0.0007421194799013327
0.0010335398689509197
0.0015215889991327266
0.00243134493367676
0.0040723130669560095
0.006925844919030302
0.011394487429170666
0.01783315087390235
0.026434335198378702
0.03690406061224146
0.04856126981624199
0.06046994122166092
0.07160876767259537
0.08080481741489932
0.0865085586525467
0.08718558286565543
0.08223160835525682
0.07272219985293135
0.0649172937266592
0.05257548088342022
0.04063574147293407
0.02984467139774297
0.020789359916626986
0.01395844867599007
0.009408942762277448
0.006730460346531497
0.005317240779799318
0.0046674822557184826
0.0044630787173583425
0.004535997582260215
0.004789851213975871
0.005139434357582788
0.005470046995745335
0.005657072974187178
0.005592789074269253
0.005284137818929882
0.004816001451814034
0.004287681250419272
0.0037436408561405633
0.0032242292950830716
0.002778163084491009
0.002478117880580347
0.0023889720896204136
0.002532389401451876
0.0027392703486680344
0.0033694648029330854
0.004289221699786234
0.005788376001915476
0.00888840523145215
0.015477989464311274
0.027227012608655725
0.0439795292100074
0.06243869673506971
0.0775493996265603
0.08617158201253335
0.08894204797977698
0.08808136030314881
0.08432976068818848
0.07702985853339515
0.06636893570998817
0.054160654830077926
0.042487235318627276
0.032437567672262684
0.024133405840536144
0.017386796786519304
0.012069093235485105
0.008113210219729598
0.005399140736605413
0.0037049970005787027
0.002999870869539979
0.002371164877707955
0.002093569846345337
0.0019796837427631052
0.002002132813958267
0.0021661948108202328
0.002516881426005649
0.0030643755353342047
0.0038376089881789416
0.004812087413793499
0.0059028646678833275
0.00696951672894664
0.007845741336806008
0.00838294034147298
0.00848972048208772
0.008151831872658336
0.007427725416011614
0.00642626741143341
0.005278234724207959
0.004110897407223437
0.003029638152466395
0.0021069558697003406
0.0013784959293412266
0.0008467629646186816
0.00048762044341081964
0.0002646785127871649
0.00017242015968857072
9.307377963514225e-05
6.113600987530221e-05
5.84398991155965e-05
7.367360442241946e-05
9.95424867149851e-05
0.00012969890859143031
0.00015828292840960946
0.00017950771417344456
0.0001897444042359114
0.00019121101339982695
0.00018852954834993325
0.0001880683763032377
0.00020425509952428424
0.0002585309092588459
0.0003780384157918386
0.0006739240563393591
0.0011247567385174694
0.001846978160227909
0.0029789216085439702
0.004704643357845763
0.007295940662628099
0.010784623382666485
0.015234829406235259
0.020443682430876835
0.025952482072788684
0.029469193835472442
0.03396877758226921
0.03695938509985295
0.03801526046163352
0.03703918621219362
0.03425604332053522
0.030120011142175773
0.025193237391661214
0.020035696824620912
0.015146493692611538
0.010866223744492616
0.007414633975730545
0.004858297465322318
0.0031496745432258023
0.0021479984120873646
0.0016880420209360112
0.0016004890409149412
0.0017361950268264168
0.001968554586059651
0.0022006757091826536
0.002365862353109101
0.002429190923707901
0.002383270665358754
0.002243870517356803
0.00203907274066618
0.0018001832096085897
0.00163559983236963
0.0013963485301841001
0.0011782193848213008
0.0009877832496563222
0.0008256492878186551
0.0006885552954696727
0.0005715179055924495
0.000469667600459175
0.0003794565806563053
0.00029910143244678777
0.00022834345499005043
0.00016776123464573358
0.00011799452248229333
8.008933733833344e-05
5.271911480929349e-05
3.54789680798589e-05
2.751424802586686e-05
2.8365589890312334e-05
3.767527778661768e-05
5.498170900189594e-05
7.932832273204154e-05
0.00010845536492243905
0.00013865287151960045
0.00016529111118574242
0.00018396574431682236
0.00019040185113633313
0.00019022615487600638
0.00018025134964601606
0.0001629361453229738
0.0001429490313747698
0.00012498450023827511
0.00011400736566003263
0.00011333970149917535
0.00012457878505382528
0.00014931652378733773
0.00018781734679601083
0.00023958528217585056
0.0003037414728073781
0.00038335682810050224
0.0004821467183104832
0.0005961111386048243
0.0007023046907687829
0.0008078648982468696
0.0009457894478485533
0.0013313647051383733
0.0023737107985294464
0.004481580291200772
0.007654687024264207
0.01100262677472269
0.013196146148732288
0.013446034742120347
0.012712195554877459
0.011096272319630977
0.009599755105434296
0.008256389590185426
0.006710892590487786
0.004972038014281567
0.0034482234230641417
0.002435658301918248
0.002176758808138094
0.002701336185995677
0.005057051276441572
0.011003489021259201
0.02192732114509166
0.03662571022955712
0.05036508924464275
0.05752326285334656
0.056238894780287235
0.04988397296358441
0.04313985779265929
0.03744991096248536
0.03120212614693213
0.023649791940239664
0.015755862733223214
0.009940530468050792
0.007423834530062565
0.00818516172085366
0.010176983123385858
0.014972722746988607
0.021668391466726368
0.02980326067177043
0.0384949082494982
0.04640913137114853
0.05215724644806318
0.05486564939937417
0.054485146325037835
0.05153336140741798
0.04665470521482748
0.040415417524543716
0.03345971437330783
0.02654802601161043
0.020362003157092388
0.015281315384903908
0.011441963882117169
0.008890570055805635
0.008226012424662475
0.010848606940650641
0.018444865898975534
0.031363841560521154
0.04642077324851584
0.05773305790376355
0.060738866019832805
0.05828780622933211
0.051440102851181245
0.04491994809111666
0.03970835981472015
0.03376527992720077
0.025886998046157655
0.017409983544271868
0.010537414607337323
0.00627735906552692
0.004186240379031555
0.0033039357651885658
0.0029009110415586063
0.0026256939463388165
0.002362204025244321
0.00208889332435322
0.0018112897656778525
0.0015393837594441621
0.0012825412803484416
0.0010479411212226063
0.0008481983419551896
0.0006800218669980109
0.0005513187641455422
0.00046650281995554404
0.0004297309491217827
0.0004431458408652668
0.000504278521183709
0.0007491904649320931
0.001154030204020842
0.0018313427680250987
0.0029752086636106127
0.0048257719175996165
0.007770608211145566
0.011891562058109883
0.017259937906762828
0.02360261188869073
0.03030931561334479
0.03653281950541539
0.041395267145131184
0.044227463402991885
0.044732391059462806
0.043009431097473697
0.0394544524129389
0.034612283388032926
0.02907272295449925
0.023357410392606515
0.017949955521896255
0.013241703631070252
0.009488210912492856
0.006784908241016285
0.005043047617073407
0.004101413369065459
0.0037653158632991192
0.003778991930485936
0.004000737228327105
0.0042796144909221165
0.004449461692952726
0.0044265111437202425
0.004208230868147418
0.0038368155212385115
0.003363459538738393
0.002833558015563679
0.002287048185241389
0.001760600765261069
0.0012863433809785884
0.0008878793144760414
0.0005769249638516718
0.0003533658840819507
0.00020537262647239994
0.00011689220473220301
7.156009245000929e-05
5.59164587755002e-05
6.183189640832222e-05
8.408101532838733e-05
0.00012029147205439795
0.00016638226363531155
0.0002142372078975138
0.00025286703740407744
0.0002735986558399054
0.0002763301823389237
0.0002667962014501744
0.0002475976353470532
0.00022323404840705186
0.00019709877562110151
0.0001709522326943546
0.00014654580404745843
0.00012582559844628795
0.00011043699818261734
0.00012303812822473268
0.00015133789327094946
0.0002120081952121547
0.00032458584887031324
0.0005116177209869427
0.0008085254548748674
0.0012158554620729505
0.001733212542398359
0.0023306825632306914
0.0029405766564354063
0.0034886918525034024
0.003907091506079411
0.00415597386898769
0.004231316416406413
0.004153807222031102
0.004081697977139751
0.0040127214490815145
0.003980270274093235
0.004204397984065683
0.004920016982365915
0.006401619930695526
0.00904920078336406
0.012853503272436154
0.017804563924759244
0.02353302870456137
0.029398121749529865
0.034633327934362364
0.03852457393566887
0.04062887029386604
0.040831313816930594
0.03930464945808919
0.03638505499036579
0.03245679829418033
0.02789430237989991
0.023056254110812285
0.0182882014710283
0.013901154128333178
0.010128512402241155
0.007089774944571227
0.004786183064179692
0.003130115963934141
0.0019896927359182967
0.0014503624462572017
0.0008841369278999236
0.0005291686237480057
0.0003179665697500366
0.00020316833752699663
0.000160644268118221
0.00018437494682314813
0.0002347841612257448
0.00037917669472546547
0.0005818848233021947
0.0009055481829311792
0.0014065876215540753
0.00211559361373729
0.003096918069056072
0.004317936254321714
0.005732435671810658
0.0072246177966245745
0.008639029703873737
0.009815077861045088
0.01062788822735736
0.011017376045470581
0.010993353192082332
0.010618463742477845
0.009999674708430622
0.009208936900385628
0.008342718938545103
0.007763142112838063
0.006946620149196929
0.006261589177112126
0.005745185654642638
0.005423857754870758
0.005270069731440565
0.0052350827015521986
0.005266491310604812
0.005296690885680248
0.0053007578992190505
0.005273552928757334
0.0052392730979663425
0.005224251414358637
0.005247352181152277
0.005313415478697792
0.00540742313494581
0.005502342316676282
0.005559758844179834
0.005544451825509159
0.005431257738644338
0.005210452952434883
0.004889601128046367
0.004488532713793379
0.00403116848327463
0.0035405283672446525
0.0032049865050025298
0.0027035273357507127
0.002221749476693374
0.0017785440545046761
0.0013891545441547344
0.001061993293602358
0.0007974830517628798
0.0005896206546065222
0.0004291618102515486
0.00030665176381073397
0.0002141267032963964
0.00014541264088523866
9.620611183692268e-05
6.209324934562892e-05
4.0204687084461907e-05
2.7997230364423683e-05
2.3810433298320066e-05
2.6602553838816958e-05
3.5575806176758357e-05
4.9744352545761325e-05
6.741639546378309e-05
8.661960696851026e-05
0.00010787470369438253
0.00012804759851194416
0.0001499430268265296
0.00017828454350763448
0.0002020656187636909
0.00024657230972011725
0.00030559446624580554
0.0003793039346000285
0.0004723729810422961
0.0005831026887318739
0.0007011010739548657
0.0008104510002797159
0.0008928057512428914
0.0009384026192888314
0.0009460069081373583
0.0009228244044544938
0.0008801897438810799
0.0008235160516607146
0.0007623603403880118
0.0007488523526597962
0.0007630310100947554
0.0008598191342825125
0.0010801810067968755
0.0014630392411300811
0.0020501852066329624
0.002822568382289972
0.0037854511935972042
0.004822202287160238
0.0058492581472539456
0.006767824125552385
0.0072849723709715606
0.007908220577967816
0.008362077507351726
0.008687378055795546
0.008915836662389242
0.009036647536333398
0.009000314776236971
0.008752963117091988
0.008275037709039
0.007589931174784391
0.006779764802391173
0.005915772210445586
0.005074795886000147
0.0043313589769119224
0.0036989000862494973
0.0032255472893277437
0.002954342246238145
0.0029353384503350076
0.003202165599867235
0.0037795130494016104
0.004597921493869359
0.005575750369041573
0.006581469442109547
0.007467015570738991
0.00810135826862707
0.008400570337742974
0.008401169729108983
0.008126079678480985
0.007580291218282035
0.006845625214344257
0.006005259561662055
0.005116919354264187
0.004237290756276804
0.0034186881908623607
0.0027126322160523648
0.002163240421344316
0.001802179448805983
0.001623848009445466
0.001603277735261213
0.0016902436725227256
0.0018234642859051974
0.00194559192565874
0.002017948566686712
0.0020318704644945785
0.0019935962189097842
0.0019365159690468516
0.0018926640671740008
0.0018807834062314357
0.001904229982661379
0.001974782926656252
0.0021892238852881207
0.0024396981643023345
0.0031511538747759707
0.004507218614211712
0.006680369813727793
0.009412217348974995
0.011821227459221
0.012837209694023476
0.012085895196960822
0.010287918218323455
0.008628616226272104
0.007707950145916038
0.007182482318638059
0.006355500241179896
0.004954528319786591
0.003300892103267128
0.0018933180963173946
0.0009883607039909137
0.0005421156392031154
0.0003881885029045745
0.0003735137927506831
0.0004157061392545016
0.0004850034909308589
0.0005786128657961214
0.0007164490790687802
0.0009282030216058696
0.0012134441842061917
0.0014284553314136542
0.0017432902783932737
0.001964800618326698
0.0021141035619899736
0.002303475114633721
0.002896630065162953
0.00451345016281938
0.007817195669282169
0.012876524942385394
0.018493095196610118
0.022335452251085932
0.022666808041625602
0.01991803993693336
0.016406362560792653
0.014226027298789148
0.013543027447504748
0.012946384785402705
0.011165992070055256
0.00822956655270973
0.005124429282233272
0.0027491020722451823
0.0013545695667876155
0.0006883844853038497
0.0004213814443596438
0.0003360208080094599
0.0003358752026700976
0.00036705972809172307
0.0004606256377543268
0.0006011172133123652
0.0007776852514896331
0.0009723554527103825
0.001148316547946667
0.0012900403872847176
0.0014006384621756609
0.0015136788245151283
0.0016885037995720438
0.001992871554122589
0.002449060667871925
0.002978995462918489
0.003433905290477222
0.003682552945036424
0.0037149222097380636
0.003642143843713954
0.0035739928038768507
0.003532275854523743
0.003453501218780292
0.003274775333224405
0.002995659766020511
0.0026685108410558988
0.002347060201512503
0.0020564336418294636
0.001881500114059486
0.0016503712531270676
0.0014516369339949494
0.001288486197503292
0.0011642236561356563
0.0010825237030792554
0.0010482946614292679
0.001067761709137988
0.0011373914036929592
0.0012445515129006488
0.0013685932626051594
0.0014834171450943427
0.0015647677237709565
0.0015958629007325855
0.0015710412946341047
0.0014964144557037516
0.0013859777331567107
0.0012551829576514474
0.0011145266115251623
0.0009830740844506555
0.0008665592264778353
0.000771965339711868
0.0007290750564672051
0.0007691405616327389
0.0009221146505976947
0.0012162238586355821
0.0014834540428700586
0.0019709699140546912
0.0025106735028866856
0.00302438549460727
0.0034329123797171134
0.0036792095903820338
0.003743650687767396
0.003643788421824387
0.003422390566715409
0.0031215751206089
0.0027760219841941242
0.002407889021029527
0.002034224099780569
0.0016745551758009704
0.0013542070420873322
0.0010959315454592254
0.0009133147080923274
0.0008050447789042231
0.0007547267139157421
0.0007376584129252383
0.000729563681918862
0.000713393472449712
0.0006838162180453196
0.0006400949032295211
0.0005879912785764542
0.000533917092723987
0.0004996307455124332
0.00045498606209994975
0.00042718787272686825
0.00042015285786964807
0.00043724162703058246
0.000479685552719932
0.000543205733552401
0.0006201736179842677
0.0007013393332337437
0.0007778674175071583
0.0008414488898606507
0.001016426416340803
0.0012259365241578126
0.0015837256884128346
0.0022258798443963467
0.0033070560052333264
0.004961652553218732
0.007310800018847926
0.010203577817489576
0.013438454303315788
0.016726942913860218
0.019692745645968755
0.022209607384409844
0.024409050129382926
0.02650209731540994
0.027781219165076698
0.029021612320037204
0.028565544561163954
0.025976860503313697
0.021950751448827473
0.017889695290010697
0.014809418152081541
0.012679240828904901
0.010765033638541446
0.008507449269008996
0.006009694733825539
0.0039011549022075482
0.0027817235876931032
0.002843688347576278
0.003781588985978826
0.004974763641707757
0.00563270380133743
0.005489861932602006
0.0049456882853989165
0.004728176672464795
0.005340927361537843
0.006745025821431644
0.008469175917297397
0.010092092444170784
0.011475366405908771
0.012720853712822604
0.013566090753272737
0.014954409547892825
0.01646621879872712
0.01779671585753008
0.018377633254693968
0.017696181105938406
0.01584229803549348
0.01351831109198632
0.011522546790873923
0.010158805131089632
0.00914027609397224
0.007996318499360246
0.006540146738919893
0.0049817034118392585
0.0036679225489599223
0.0027833120348697235
0.0022850938832471466
0.0020235979803899804
0.00186534295165383
0.0017363870841794204
0.0016074842774505978
0.0014709277737111105
0.001326198262216975
0.0011758565120370869
0.0010238598591515312
0.0008752273199663542
0.0007807157102435585
0.0006496665526424773
0.0005346235990945927
0.0004371454821143463
0.0003583357715206794
0.0002980921287925182
0.0002533032898541251
0.0002256346220822384
0.00021788893952952938
0.00023369164630860037
0.00027618338056006214
0.0003440176235660047
0.00043074708772679457
0.0005236735690967096
0.0006803513513858112
0.0008468280103933959
0.0010799589563360546
0.00145723215285675
0.002079189996010567
0.003049792248224554
0.00446064878566899
0.006283150022703833
0.008383429912439455
0.01052123808093784
0.012393623937328513
0.013732610128271651
0.014241595623684348
0.014413854747928521
0.013980383710049418
0.01313957889751037
0.012110561332376634
0.011049144235564757
0.010152598227755863
0.009519126514913242
0.00936850883555671
0.009813062161807277
0.010621085338434514
0.011330550491465434
0.011585221182535205
0.0115097616399802
0.011628789737292837
0.012354441771849788
0.013556394464764674
0.014626539886111607
0.014960531148562134
0.01436934949349547
0.013129661342575734
0.01169421697710263
0.010367864008911216
0.009216741723589831
0.008172083645062377
0.007496393661307046
0.006490038837756344
0.005509443751149724
0.004600781487729058
0.0038108165929198095
0.00316631290957612
0.0026679651429271957
0.002296285293321539
0.0020215417572247533
0.0018139955168685281
0.0016490801341322902
0.0015110204758667584
0.0013836828225774918
0.0012574528739932752
0.001127080612860835
0.0009962081816122922
0.0008772685984619678
0.0007850209513502128
0.0007285460497506102
0.0007017147793124509
0.0007060330181364122
0.0007184134259218957
0.0007423129610491119
0.0007925578023069236
0.0008948782097192254
0.001085909437877863
0.001272353174763977
0.001659231304369289
0.0021594507628832542
0.0027354490812382627
0.0033298687640365113
0.0038737501953817065
0.004304572270857226
0.0045643494808309355
0.004627093846569905
0.004504634001430722
0.004245406600513801
0.0039687426117308335
0.003779537707011241
0.003921924018645002
0.004755484647556516
0.006565089563961726
0.009134929276266473
0.011495650129829104
0.01236548807783927
0.011183348752688066
0.008702339625089352
0.006419585758134054
0.005404598720620277
0.005598112633228626
0.006069734344542924
0.005873602107929465
0.0052120532385777
0.0037094376154953265
0.002185329593489711
0.0011014163504089094
0.0005260381507088916
0.00033714175515773046
0.00032513973153197996
0.0004205732824074705
0.0006231348974249677
0.0009689314355699506
0.0015027115796009817
0.0022551107743501286
0.003195091932755363
0.00424897798878764
0.00530173635751736
0.006221091330510062
0.00690352911839456
0.0073052131185098535
0.007449522923924266
0.007402968227145579
0.007230063181856814
0.006956196858572324
0.006563736873153028
0.006024772299572674
0.005341690230635499
0.0048345267546164175
0.00407815291257872
0.0034331142182661397
0.0030988752302965796
0.0033216059312159603
0.004272998915315517
0.005800799968418015
0.007290113815125355
0.007961417622099164
0.007435892306363568
0.006134267784395037
0.004912414906741014
0.00439010387787696
0.004559025382288596
0.0048838643340766525
0.004809731306407566
0.004163816322390843
0.0032072657257819063
0.0023384879491551032
0.0017875746817392337
0.0015468068554148377
0.0014932416306158158
0.0015083714127783329
0.0015201080407847504
0.0014967065820821466
0.0014325352558226718
0.0013713434263478567
0.0012633409845476673
0.0011492232230625777
0.0010385503696206985
0.0009319592213856133
0.0008252598773838511
0.00071430190882331
0.0005988637306999611
0.0004852220957084048
0.00038283477896718945
0.0003010612543337514
0.000245131365832834
0.00021502673062064902
0.00020572451726688016
0.000208679503247756
0.00021972461539072002
0.00024159692797281614
0.0002693940463073504
0.0003218107908710167
0.00042751514814886216
0.0006192315497909398
0.0009354540273608713
0.001409193125597066
0.0020408348676501137
0.002767466916661662
0.003467745571525433
0.003851976754852436
0.0042308987130333315
0.004356522107323429
0.00428223461754052
0.004101250170747894
0.003876072341601487
0.0036456860042823253
0.003406381142951663
0.0031600177521237663
0.002924306275895891
0.002730153988903028
0.002610687542367996
0.0025728627519106227
0.0026047769271062143
0.002675846243157917
0.0027433759862012124
0.0027671302811789838
0.0027242752439910326
0.002616634645046255
0.002463608127100328
0.0022902773626001906
0.0021423964901194905
0.0020048598987241306
0.0018961782579679765
0.0018395086128736428
0.0018731377991329286
0.0019699351677449927
0.0022590914111755116
0.00274551094669358
0.0033946821982139084
0.004120269747565373
0.0047995526101164135
0.005305192642118273
0.005554296950425342
0.005532066653771584
0.005296264172857537
0.004941621595737672
0.004556786800801159
0.0041917602294001405
0.003850321649618349
0.0035083565757526376
0.0031389629707782936
0.0027347273442271977
0.002311354550523726
0.001898389877225872
0.0015252073799504582
0.00121138715787044
0.0009641415673475966
0.0007796631088059961
0.0006482098087306692
0.0005568066483064394
0.0005113145265799597
0.0004568405284764364
0.0004096217797979159
0.0003633217010171117
0.0003158439033998227
0.00026881766368772525
0.0002249199559465167
0.00019539212087177845
0.00017764846637167132
0.0001797480070823172
0.00020947082590767432
0.00027476130262448715
0.0003816497185397219
0.000530176953643724
0.0007162591675088117
0.0009181267277127793
0.0011135888845803315
0.001276929154057536
0.0013873449869419479
0.0014334492128134262
0.0014176364497667673
0.0013455353417716768
0.0012379666066407858
0.0011184285606451226
0.0010038998981659482
0.0009257188982919354
0.0009004636854972962
0.0009582011153643323
0.0012355423968897434
0.00184277986722155
0.0027447719665733366
0.003646545391470084
0.004107836336444139
0.003867888228817691
0.0030933750294040003
0.0022652778113782814
0.0018167318594687382
0.0018651533132943575
0.0021968399844655337
0.0024521827703870534
0.0023775829251107697
0.0019763857343246243
0.0014491691469542454
0.0010030038652289789
0.0007219861321724626
0.0005774463569495379
0.0005068329986359525
0.000463642944527954
0.0004275191449528017
0.00039294007465633297
0.00035963871557554225
0.0003282671079776263
0.00030829955040198397
0.00027966085559315664
0.0002521439271362274
0.00022621205644435534
0.0002032032690663316
0.00018717663362853056
0.00018313333470487908
0.0001936787514025087
0.00021408479381414004
0.0002314604159627451
0.00023218996514494294
0.0002122750482380526
0.00018625270567891676
0.00016294013178977962
0.00018876337239631525
0.0002992062089126306
0.0006032755098530456
0.0012475541852384527
0.0023108916178604844
0.0036320404845809427
0.004749184012809429
0.005159431787197126
0.004708387097706903
0.0037458606680916833
0.002859252583473235
0.002528673766314962
0.0024910218040638346
0.0027899394487605938
0.003033237310339013
0.002914972980993464
0.00241140676355819
0.0017380815455756964
0.0011481461297329864
0.0007656594679478079
0.0005802293659875112
0.0005291083742719814
0.0005597665759074982
0.0006358670892425026
0.0007336309852043708
0.000827141792676614
0.0008957510978205237
0.0009258292605289222
0.0009151801192591605
0.0008722777065477698
0.0008112989313228448
0.0007456623724707586
0.0006829599855316881
0.0006235824873258164
0.0005631324595962126
0.0004967002686195499
0.0004226122140028444
0.0003700426918398401
0.0002906219946331844
0.00021644324412473565
0.0001532917302602053
0.00010653856485502886
7.524355558878223e-05
5.966089939840609e-05
5.91961051927317e-05
7.346013713995291e-05
0.00010228969544750501
0.00014703437410041006
0.00020437753741105026
0.00027056875200507285
0.00034280213566101515
0.00041643651512602024
0.000489633195858353
0.0005673630466242507
0.0006578307515798064
0.0007712975538124009
0.00090929231614568
0.0010677797297799889
0.0012309444119756774
0.0013781345924353359
0.0014861474062395834
0.0015539145818576404
0.0015686815814792874
0.0015588863858555521
0.0015362522084454492
0.0015376429016180884
0.0015950377856835077
0.0017327404060819643
0.0019541577329825464
0.002248633532359776
0.002558640114928211
0.002831419148209594
0.0030161149272747855
0.0030820999476547416
0.0030334417485561155
0.0029039057083087884
0.00274151791782118
0.0025862309444503375
0.002453814540623483
0.002336713799434494
0.0022115525727709005
0.0020559590640890136
0.0018615217160253875
0.001638034284897903
0.001408806873583848
0.001199571220409829
0.0010278309423402035
0.0008994359345992462
0.0008356182670650361
0.0007633752120650459
0.0007038014464807529
0.0006394263843107336
0.0005612248141083279
0.00047377121344989524
0.00039136026121818363
0.0003259627942745561
0.0002994585155165571
0.0003283412245393272
0.0004859939321370003
0.0009034565595554936
0.0016921617982315338
0.0027991954108438208
0.0038824727089876976
0.004443936694173393
0.004220433362481083
0.003394710907379722
0.0025077687924043917
0.0020516111441245878
0.002194266789817826
0.0027655681340588495
0.0033878483918414093
0.0036981757979691983
0.0035647458864338996
0.0031221030251053594
0.002783794603185132
0.002355984596228946
0.00207144339247898
0.0018893197362931542
0.0017423985028336877
0.0015978042661423772
0.0014547325954961119
0.0013274244016711436
0.0012293153202699648
0.0011652761419028582
0.0011383775913841102
0.0011451071536412144
0.0011913530014837752
0.0012880520426062018
0.0014329144535498077
0.0015833278580609405
0.0016579237131983805
0.0015877693253923742
0.0013769080671717936
0.0011099217963969753
0.0008922670076127349
0.0007848382561954532
0.0007804249108735185
0.0008211977809769118
0.0008326198954535201
0.0007652902229589736
0.0006791661384014415
0.0005162055819565395
0.00036518919408218725
0.00026388711202182116
0.00023222157818389945
0.0002551898953225134
0.00033085755759623453
0.00047135436693451955
0.0006700442022418718
0.0009291310127562385
0.0012426812746493799
0.0016015492113806101
0.0019896394442806137
0.0023879095261030536
0.002771172896314784
0.0031138402761394647
0.003376447401846148
0.003552725315244175
0.003617320754232352
0.0035908776806623816
0.0035201202764459758
0.0034647199729476615
0.003485756387978221
0.003621677216324369
0.003874429854943529
0.004203892533913204
0.0044207678408853665
0.004679273082082304
0.004793631036132833
0.004730865583147755
0.004512641517375253
0.004203792397907231
0.0038851899162625015
0.003617276914686625
0.003419673761420233
0.003269092734444104
0.0031169664918289266
0.0029164876446144965
0.002646426678856032
0.0023164777880758628
0.001960855557052821
0.001619839544693105
0.0013234173414770666
0.0010829560845296848
0.0008934901167268671
0.0007419600228627514
0.0006163004919744463
0.0005084554972043805
0.00042160749938010444
0.0003516876468720333
0.0003074035534588072
0.0002962514069258985
0.00032017632071374645
0.00041484741071558305
0.0006028542436919425
0.0008818512530990671
0.001200230370114198
0.001464258320424301
0.0015901853167730683
0.001574486426605872
0.0014676477783413914
0.0013628065053168743
0.0013291765556610324
0.0014022275375016652
0.0015776680854339335
0.001824456434002949
0.0021030807727375326
0.002399365946930284
0.002678877390700252
0.0029063419889506117
0.0030327359039423684
0.0030337927818473573
0.0029500985880578537
0.0028592842452016634
0.002844398068616602
0.0029462038158000045
0.0031416077555994
0.003290008615625603
0.0034739578392263518
0.0035624693858425116
0.0035375103969813274
0.0034771814734814734
0.003501196809773486
0.003697839711218422
0.004021732006920939
0.004275555143027081
0.004241368878385518
0.003857537214802169
0.0032774112328007848
0.002751100842962705
0.002454010124087933
0.002426165460329278
0.0025879084293720057
0.002787250436332237
0.002871239513653521
0.002776264799779192
0.0025423841070319297
0.002272078925567306
0.0020326196527789137
0.0018318867990364978
0.0016496164421479114
0.001474231141399129
0.0013113392138574566
0.0012152798054987045
0.0010976731102753184
0.0010096229340775106
0.0009387209068380792
0.0008803060923505545
0.0008367205991781057
0.0008178673398606937
0.0008460190945070554
0.0009159102061215956
0.0010315543178931366
0.0011898458369427058
0.0013826053912735074
0.001599807657829409
0.0018286115170463404
0.0020681809022049798
0.0023227117777916066
0.0026291894388321196
0.0030597379580739764
0.0036791354949014545
0.004445033549508124
0.0051134725806506924
0.005347644725065
0.004968598707991372
0.00413075435260394
0.003222914946405169
0.0027620650458875817
0.0024236943866672777
0.0024902926992972263
0.0027879910446564483
0.0030504212990767614
0.0030390149361557675
0.002676078232110815
0.002085185659629874
0.0014812332043348713
0.0010192244795879275
0.0007360688594790787
0.0005905504303190763
0.0005238980937526831
0.0004901082397634137
0.0004606321693808123
0.0004209316211317029
0.0003691410927380387
0.00030822041099897585
0.00024791817421362445
0.000199321728434226
0.00017175550698462724
0.00016984267268742613
0.00019717941158272324
0.0002535415112485041
0.0003350694963269497
0.00043588315387431414
0.0005078848482870031
0.0006153891716202026
0.0007115557063564413
0.0007865231809548384
0.0008322233862123088
0.000846713046655331
0.0008336236670419653
0.0008035108155453622
0.0007715409477261031
0.0007523384242214375
0.000748305730442696
0.0007468262148874438
0.0007247400515709754
0.0006671042174568271
0.0005789538325530292
0.00048196480375884034
0.00039653293246644434
0.0003363145209582149
0.0003047450741643727
0.00029710885460304634
0.00030322285935755464
0.0003133504901545778
0.00032820883090514983
0.00034965486593754825
0.0003855194045184373
0.0004357032907340035
0.0004744772867242275
0.0005376354450441403
0.0006013656629064367
0.0006652998186071845
0.0007324335257743587
0.0008013692045605316
0.0008673397449890288
0.0009259464968473524
0.0009721094593553453
0.001003773471848276
0.0010214445225136981
0.0010276131879199612
0.0010246234992743895
0.0010109707724867299
0.0009832434859777506
0.0009373736803898063
0.0008727201243862496
0.0007939547248258902
0.0007085795070910837
0.0006280503504105398
0.0005613765649080714
0.0005143820147797546
0.0004872783124524925
0.00047798750994739933
0.00048006913529788684
0.00048778769106118424
0.0004932216439492937
0.0004991101549857796
0.0005135428813152085
0.0005257407780876267
0.0005506331857637048
0.0006072993151072675
0.0007155559291343212
0.0008940730588267045
0.0011526130619688222
0.0014807903402992426
0.0018462985371049975
0.00220676939857999
0.0024928639859460497
0.0026652278578987876
0.0027026580213261203
0.0026226349027477737
0.0024698497234655814
0.0023035232729076618
0.0021731049438634045
0.0021031389598120008
0.002088426980405921
0.0020989495170447565
0.0020983990414547102
0.002052950675418598
0.0019491471664973468
0.0018469808896416334
0.0016530011460731409
0.001426643897458422
0.0011927878535912294
0.0009802382908280485
0.0008122607271621405
0.0006980338081734938
0.0006307344355041409
0.0005939812463324424
0.0005690332382874954
0.000540345361341353
0.0004990063845200817
0.0004450463041243266
0.0003856293900911016
0.0003289814558030507
0.0002795717469713672
0.0002381419158899065
0.00020423414903730048
0.00017744096491737992
0.00015675701653322966
0.00014037173139931636
0.00012973216280123088
0.00012801188792474757
0.00015121169905658047
0.00022923204168458634
0.0003954780159510569
0.0005586332986443479
0.0008413929962833432
0.0010662986484198322
0.001116090126517854
0.0009603480847562276
0.0006865869531499934
0.00042319336797552634
0.0002652823667181351
0.0002413210559694582
0.00033058678064199685
0.000479594365036369
0.0006114454324310446
0.0006559226593283282
0.0005910540468062492
0.0004539489118076833
0.0003064515947004594
0.00019311325073024415
0.0001250934853200869
9.24297802461459e-05
7.955540727210792e-05
7.513256026178309e-05
9.937525620391723e-05
0.0001639650596377294
0.0003447572292197381
0.000744295658165264
0.0014413102071715767
0.002047689898444518
0.0029910698643765216
0.0036629994782207053
0.003810229045268081
0.003484137612049383
0.002978199525659683
0.0025846332711306577
0.0024475844884519014
0.0025704529498343158
0.002879768285354882
0.003228615592677846
0.0034378104465908775
0.0033813637011955947
0.003085451481408732
0.0027029401403385013
0.0023860604958537276
0.002192202943273221
0.002091350117468536
0.0020274151187435275
0.0019550494550554013
0.0018529042078260108
0.001716259588493648
0.0015558225185596205
0.0013965881974615838
0.0012722740136627993
0.0012211941905812451
0.0011893764159699003
0.0011766491855088876
0.0011305082353512924
0.001022110805545434
0.0008664311474781718
0.0007017059080754493
0.0005605281703170777
0.00045929708672244835
0.0004005329467760295
0.0003775585010095692
0.00036975867549054694
0.0003517563515531621
0.00031043870273486933
0.0002556087298369248
0.00020984894436916856
0.00018997103729885326
0.00019523560915140598
0.00021582202550007187
0.0002410804735270434
0.00026689885751739304
0.0002893955109401874
0.00031535916988860294
0.0003537484334736108
0.0004136831609884795
0.0005009657274852019
0.0005738747929300472
0.0006995504805538529
0.0008292212424766588
0.0009433439714295696
0.0010205991703287922
0.001048999375148814
0.0010301329711216224
0.000978186025326745
0.0009155123193334642
0.0008634895647419862
0.0008358454351954355
0.0008330755691031814
0.0008464628602468095
0.0008636745446631385
0.0008744719482956371
0.0008702422184740291
0.0008404068185196744
0.00077415403832534
0.0006706869850445682
0.0005472030475203554
0.000430866718036304
0.0003417987152327929
0.0002831526356707313
0.0002452647589550994
0.00021595042878611026
0.00025194459103625416
0.00032874299774468817
0.0006580732645368551
0.0014737011593184584
0.0029823521313716073
0.005052819866727085
0.007017667133055688
0.007948588171317272
0.007337693251816011
0.005525954494772875
0.0034007538303480103
0.0017144706349625106
0.0007107766248957366
