Y :64.0% Calcite, Diffracto n :1171
N :Gibbsite
N :Dolomite
Y :36.0% Hematite, Diffracto n :1020
0.0
0.0
0.0
0.0
0.0
0.0
0.0
0.0
0.0
0.0
0.0
0.0
0.0
0.0
0.0
0.0
0.0
0.0
0.0
0.0
0.0
0.0
0.0
0.0
0.0
0.0
0.0
0.0
0.0
0.0
0.0
0.0
0.0
0.0
0.0
0.0
0.0
0.0
0.0
0.0
0.0
0.0
0.0
0.0
0.0
0.0
0.0
0.0
0.0
0.0
0.0
0.0
0.0
0.0
0.0
0.0
0.0
0.0
0.0
0.0
0.0
0.0
0.0
0.0
0.0
1.704456937605643e-36
4.1728964624219286e-35
4.235428789604865e-34
1.782236603460821e-33
3.1091489835640434e-33
2.248670934785386e-33
6.742461563502999e-34
8.381451798010034e-35
4.3194477356026615e-36
9.228803407610858e-38
8.1746800807664e-40
3.0019560900545496e-42
4.5703146949799646e-45
2.8846695748750106e-48
7.548388466576675e-52
8.188806524389876e-56
3.6829445270404114e-60
6.867172301203808e-65
5.308464414277941e-70
0.0
0.0
2.5350429734111167e-35
2.147749742130465e-33
3.133615064771855e-32
2.026308220317393e-31
5.78426032900118e-31
7.36905776332599e-31
5.343285488649822e-31
1.7080912205965903e-31
2.4072728296753572e-32
1.4879244420585662e-33
3.99521069998324e-35
4.608701769511213e-37
2.260764172892416e-39
4.677763446834571e-42
4.0585895454400934e-45
1.470721976103294e-48
2.220086553413955e-52
1.393699415017466e-56
3.634739746097831e-61
3.93549560296455e-66
7.781382763490692e-72
0.0
0.0
0.0
0.0
0.0
0.0
0.0
0.0
0.0
0.0
0.0
0.0
0.0
0.0
0.0
0.0
0.0
0.0
0.0
0.0
0.0
0.0
0.0
0.0
0.0
0.0
0.0
0.0
0.0
0.0
0.0
0.0
0.0
0.0
0.0
0.0
0.0
0.0
0.0
0.0
0.0
0.0
0.0
0.0
0.0
0.0
0.0
0.0
0.0
0.0
0.0
0.0
0.0
0.0
0.0
0.0
0.0
0.0
0.0
0.0
2.2550039922427135e-35
3.602947494393045e-35
6.964704489534418e-35
1.2773857163888413e-34
2.2228799958757363e-34
3.6701564706438468e-34
5.749469083493891e-34
8.545657965436776e-34
1.2051410239960207e-33
1.6125189791534597e-33
2.0471346059738677e-33
2.465826782905059e-33
2.8180800886870663e-33
3.0557561741761377e-33
3.1438271844510684e-33
3.0688328364863845e-33
2.8422508202437257e-33
2.4976188821299764e-33
2.0824018362371072e-33
1.6473182415194535e-33
1.2364173129519024e-33
8.804957178837773e-34
5.949274657459275e-34
3.8139534739855947e-34
2.319857789762242e-34
1.3388192108946659e-34
7.33089684647388e-35
4.765404600928162e-35
2.3905213147870447e-35
1.1377846267692733e-35
5.1380946836614194e-36
2.2015002808347627e-36
8.94973111931226e-37
1.517879391404037e-34
4.7321291425678586e-33
1.166731118742471e-32
2.2288208065858383e-32
4.042123957362721e-32
6.959379183517751e-32
1.1375098888699183e-31
1.7650684101937383e-31
2.6000864303304524e-31
3.6360713431678614e-31
4.827187018887861e-31
6.083758392513288e-31
7.278889001008704e-31
8.267475777690707e-31
8.914459591798346e-31
9.124962090178553e-31
8.86708560495776e-31
8.179833121125997e-31
7.163441190000075e-31
6.370281571902335e-31
5.115548772393568e-31
3.899777049032345e-31
2.8222884130468685e-31
1.9389971572273664e-31
1.2646407965900154e-31
7.830174864827121e-32
4.60245922749967e-32
2.568162703449585e-32
1.3604074558492007e-32
6.84114886666454e-33
3.265894990364453e-33
1.4800894898848867e-33
6.367744451350753e-34
2.6007244471581916e-34
1.0083542626993277e-34
3.711426722822077e-35
1.296809871895664e-35
4.301480354736569e-36
1.3544537803428981e-36
4.048678352112728e-37
1.1488498458390258e-37
3.094653885060447e-38
7.913297022297973e-39
1.9208657837704537e-39
4.426171052684946e-40
1.6161714829185397e-40
3.4145377823247123e-41
6.84794930565866e-42
1.3036776898061433e-42
2.355905384551393e-43
4.04129069442856e-44
6.580419608035255e-45
1.0170793960479688e-45
1.49217696408697e-46
2.0780039475641171e-47
2.746814019423203e-48
3.4463963370743504e-49
4.104407184116551e-50
4.639605419537712e-51
4.977979972611023e-52
5.069472939423329e-53
4.9001130416770434e-54
4.4955110068582064e-55
3.9145131668533165e-56
3.2351783974791606e-57
2.5376782801385203e-58
1.889247404232292e-59
1.334907476265328e-60
8.951992407516322e-62
5.697582738058808e-63
2.735398152675259e-35
1.7487749262305885e-34
1.3572008929358543e-33
4.366792493378288e-33
5.824909374408826e-33
3.221246725705122e-33
7.385280702496253e-34
7.019694678341109e-35
2.7661621752653206e-36
4.5190303016317834e-38
3.060702144727155e-40
8.59419259023306e-43
1.0004543917459185e-45
4.828338479889101e-49
9.66064937179826e-53
8.013516426610463e-57
2.755802834826056e-61
3.92899388627657e-66
2.3223237461918975e-71
0.0
0.0
0.0
0.0
0.0
0.0
0.0
0.0
0.0
0.0
0.0
0.0
0.0
0.0
0.0
0.0
0.0
0.0
0.0
0.0
0.0
0.0
0.0
9.961584337025138e-35
1.5766440502387377e-33
1.991575979163794e-32
1.4751568861181799e-31
6.5967132765295515e-31
1.473725438401859e-30
1.604743673615658e-30
8.99037640594955e-31
2.6258853267066185e-31
3.750923559885324e-32
6.620901194804032e-33
2.4495324442006074e-34
3.839620511044057e-36
2.5183847056150464e-38
4.542553899888769e-35
9.098249327495187e-35
1.72898345017837e-34
3.1174424101584023e-34
5.333111245655667e-34
8.656402604184486e-34
1.3331187957484798e-33
1.9479367751677472e-33
2.7005701459768546e-33
3.5523084464388204e-33
4.4334363228354235e-33
5.249825671554247e-33
5.898259690253213e-33
6.287492760677561e-33
6.35924718889605e-33
6.10251022594885e-33
5.5563030582530015e-33
4.799963508330837e-33
3.934273488587372e-33
3.059607786668449e-33
2.257571787892833e-33
1.5804908336330748e-33
1.2102585107875132e-33
7.76222496061696e-34
4.723554224900107e-34
2.7272577590637656e-34
1.4940256965853565e-34
7.765412830280545e-35
3.8295313676463306e-35
1.7918486090945509e-35
7.954842716105168e-36
3.3507072156981916e-36
1.3391091118197713e-36
5.077735210724728e-37
1.8268325249464242e-37
6.235941336087751e-38
2.0196676407559215e-38
6.206294703196583e-39
1.8095037243266016e-39
5.005657942216698e-40
1.3138248059781223e-40
3.2718120398026565e-41
7.730611269888633e-42
1.733061303826698e-42
3.686282509761957e-43
7.439399933475299e-44
1.42449784915975e-44
2.5879762691204306e-45
8.062662982067805e-46
2.4895399836695993e-34
4.965424144727602e-34
1.1071369640609308e-32
2.615423216855048e-32
4.970565083544328e-32
8.9754387437868e-32
1.5398468467623452e-31
2.509916023848562e-31
3.8867853156581833e-31
5.7182521743994e-31
7.992281573492735e-31
1.061225729277105e-30
1.3386602789745927e-30
1.604189943013927e-30
1.8262579806563703e-30
1.9750962039140602e-30
2.029240900808658e-30
1.9806056888739066e-30
1.8364604252837552e-30
1.6176494783697712e-30
1.3536508645442024e-30
1.0760890360254908e-30
8.126595298714902e-31
5.830248970142687e-31
4.541087773796693e-31
2.990876155107875e-31
1.871328227654533e-31
1.1122729343338585e-31
6.280275937802798e-32
3.368583635141666e-32
1.7163730078603266e-32
8.307405511884549e-33
3.819454868585566e-33
1.6680599031356447e-33
6.9197033108342765e-34
2.7265874470780955e-34
1.0204632915884493e-34
3.627526440674995e-35
1.224750729371225e-35
3.927325683380191e-36
1.1960406795896738e-36
3.4592517350738845e-37
9.501509905543364e-38
2.478358625076787e-38
6.138798808303512e-39
1.4438993884920881e-39
3.2248629647359864e-40
6.839005195189172e-41
1.3771097392287004e-41
2.6328423057005012e-42
8.489429497186077e-43
1.4885849033056072e-43
2.47807795891758e-44
3.9164277442872915e-45
5.876069429300524e-46
8.369384817043873e-47
1.1316144616130612e-47
1.452414753041183e-48
1.7695354807228784e-49
2.0464163265434265e-50
2.2463882781813144e-51
2.340572972329742e-52
2.3147115727375833e-53
2.172701747829014e-54
1.935634985732496e-55
1.6366616211022979e-56
1.313405292887858e-57
1.0003126549590207e-58
7.230410727315516e-60
4.9599099546231536e-61
3.2289549469510913e-62
1.9949022704022671e-63
1.1696262309483349e-64
6.507783580028049e-66
3.4361697670211606e-67
1.7217373060462902e-68
2.2729387037799683e-69
1.0436497910521876e-70
4.547374990709381e-72
1.880194838686907e-73
7.182470251665589e-75
0.0
0.0
0.0
0.0
0.0
0.0
0.0
0.0
0.0
0.0
0.0
0.0
0.0
0.0
0.0
0.0
0.0
0.0
0.0
0.0
9.044718843383885e-36
1.4654110413674405e-34
9.843103395100185e-34
2.7410239746456474e-33
3.164476104952031e-33
1.5146036761633263e-33
3.005414600815869e-34
2.6272537577922253e-35
2.768016048187046e-35
1.928267480461703e-34
6.109425253062269e-34
7.805578897046672e-34
4.949510937173078e-34
3.0831835043531006e-34
3.915771097885263e-34
6.0774689502325385e-34
9.099922777411758e-34
1.2933036771923224e-33
1.7439727238986632e-33
2.231276915738967e-33
2.7085811830943482e-33
3.119642600289476e-33
3.409121094092105e-33
3.5369080130060154e-33
3.4816132520603225e-33
3.2537363153334416e-33
3.022577814235225e-33
2.594840328138251e-33
2.121869029313528e-33
1.6590070932979812e-33
1.2491945302991856e-33
9.177371729843891e-34
6.720136600312174e-34
5.049781947434396e-34
4.005945101136788e-34
3.3940815349310795e-34
3.030270468299748e-34
2.769592020372479e-34
2.5179743666944537e-34
2.2306397814118407e-34
1.9139304815371803e-34
1.7816779707582084e-34
3.0399155638046597e-34
6.856770500881907e-34
8.699156337114512e-34
4.9999164342662925e-34
1.4626430478010878e-34
5.153683987108557e-35
4.936019049061271e-35
6.369972080896102e-35
8.458293019353859e-35
1.0984288866110212e-34
1.2788116921473182e-34
1.5443476088090363e-34
1.7734859260767062e-34
1.9339353195131724e-34
2.0015288152468865e-34
1.9656422102564844e-34
1.8316367566328441e-34
1.619404380871279e-34
1.3584643532442787e-34
1.0812264377190356e-34
8.16507139121871e-35
7.219929851626072e-35
3.472619222847343e-34
2.887642618133271e-33
1.3213711723217794e-32
5.081654348327499e-32
2.2669863697814442e-31
6.025440798944736e-31
7.97687469581041e-31
6.374586953127596e-31
3.4826875813022876e-31
1.071176010139572e-31
1.8610340097301105e-32
1.880930273447929e-32
8.313094849151479e-32
1.6344786809233636e-31
2.526690690512679e-31
2.2690876776457585e-31
1.5477014954067087e-31
9.285224641298525e-32
8.95699038402373e-32
1.3418486892388459e-31
2.0668741795708666e-31
3.0390581431562043e-31
4.249838803492883e-31
5.651525461174054e-31
7.146710302744203e-31
8.593816244413493e-31
9.826666716176848e-31
1.0684624660421587e-30
1.104714978974598e-30
1.0865990052089341e-30
1.016524672056909e-30
9.04914914774589e-31
7.670921354616536e-31
2.0175627350146782e-06
4.056155720718173e-06
7.737074741193593e-06
1.4002757417982672e-05
2.404500870912978e-05
3.9175172070837e-05
5.268101306014184e-05
7.863171707050767e-05
0.0001113566100168685
0.00014962661256546323
0.00019075515664390542
0.0002307375784706776
0.0002648103617322548
0.0002883541585885289
0.0002979147898825279
0.00029203338988709437
0.0002716111258851169
0.00023968298368648742
0.0002006787787542643
0.00015941907945195966
0.00012015829164445149
8.592940283858458e-05
5.8304817835055594e-05
3.753545566623636e-05
2.2927333197327645e-05
1.3287399512302301e-05
7.3063596170375706e-06
3.8118578423114032e-06
1.8868915866050495e-06
8.862001121658611e-07
3.9490374636356227e-07
1.6696494835155127e-07
9.134832024077732e-08
3.538280727455162e-08
9.305911135894075e-07
2.1857798442530165e-05
0.0002157725964461197
0.0008832398395548376
0.0014988970645676057
0.0010545649528599973
0.00030759769827583267
3.7196411705655375e-05
1.8647787602091322e-06
3.8758162827606896e-08
3.3399984276607377e-10
1.1997307604332604e-12
3.0757072902139534e-15
2.439747668994015e-16
4.276839665498206e-17
7.145053681745577e-18
1.1325709658849875e-18
1.7033345448324843e-19
2.430575327306475e-20
3.2907342878116026e-21
4.2271839612636168e-22
5.1520975862395337e-23
5.957878100750307e-24
6.536928677435527e-25
1.4550605223133762e-25
1.4625841366588684e-26
1.3948749018379632e-27
1.2621886247351286e-28
1.083647077758463e-29
8.827263017019015e-31
6.822426574922766e-32
5.002951286568474e-33
3.4808738036906194e-34
2.29786697482114e-35
1.4392495054858347e-36
8.553067412313246e-38
4.822611772493305e-39
2.579985768880368e-40
1.309564585426556e-41
1.2801319869886584e-35
2.5676112230030915e-35
1.0645030831461073e-05
2.1346352940346367e-05
4.061393303519939e-05
0.0004879535072932315
0.0009588861383171895
0.002011659318358811
0.0036285886403571855
0.006232161591317363
0.008697113256367297
0.013760422012833382
0.02072142576485774
0.029695640273688366
0.04049639124507221
0.05254919989569629
0.06488232874483298
0.07622352195800827
0.08520232396429768
0.0906182535159026
0.09170366150263036
0.08830207465861467
0.08090496460201481
0.07053511373650469
0.05851476429360947
0.04619091259177053
0.034695737284507866
0.02479804904686873
0.01686434432046608
0.01091228958130139
0.006717935551918197
0.003934627252844617
0.0021922441735204553
0.0011618696513690729
0.0005856942062038917
0.00028079423812478574
0.00016726397672100056
7.373845659739296e-05
3.090780964859699e-05
3.976124294194324e-05
0.0004165679468155183
0.002564592055587794
0.007311900902034438
0.0189035905921768
0.08663450902346063
0.24947891924876783
0.33690682252261195
0.2737530939460582
0.18908249292451065
0.0864577058061554
0.01864197092445676
0.0017128445743072392
6.580510719639023e-05
1.0538359795006087e-06
7.031996841182896e-09
1.955575117699051e-11
2.343299393129657e-14
1.3450147132221518e-16
1.8504923939226885e-17
2.6297384430073642e-18
3.5474970208260077e-19
4.5420315703051627e-20
1.1208006572980326e-20
1.3153039998948525e-21
1.4649091998533906e-22
1.5483604297039375e-23
1.5531060679975162e-24
1.4783920043705585e-25
1.3354573917312233e-26
1.1447630852083418e-27
9.311940457690173e-29
7.187836410661246e-30
5.264832443795211e-31
3.659272369337266e-32
2.413373864438418e-33
1.510325070205872e-34
8.968686538604936e-36
5.053552757377248e-37
2.701914233333025e-38
1.3707259366531668e-39
6.598295747954313e-41
3.013789985623993e-42
1.306148120850976e-43
8.282147278641924e-35
1.6313215780214317e-34
3.048672778249453e-34
3.142569372476213e-33
4.933746050543022e-33
9.321050359222855e-33
1.8637375892073466e-32
3.237372024803798e-32
5.358136070176635e-32
8.44770937195834e-32
1.268493366876221e-31
1.814275493715104e-31
2.4749844459845045e-31
3.2223921129153264e-31
3.985082763855706e-31
4.676740074557497e-31
5.2251301527996176e-31
5.581972943629805e-31
5.714175492343032e-31
5.60333196347941e-31
5.295551830247925e-31
4.864159529150667e-31
4.3981170004380306e-31
3.9816438442875175e-31
3.675676750800583e-31
3.505894420671475e-31
3.460012347446932e-31
3.4944217145642753e-31
3.547813290067186e-31
3.5577998509407288e-31
3.515564789206214e-31
3.3575850508162135e-31
3.0827059522257486e-31
2.2163008368041548e-05
4.463512897014382e-05
8.529026779739627e-05
0.00015463107053367514
0.00026599204452374054
0.0004341253367587575
0.0006722583717627002
0.000987715583583412
0.0013768993437561074
0.0018211557128978856
0.0022854228680135678
0.0027212012214785438
0.00307418037894845
0.0032951306284524015
0.0033511242156983923
0.0032335755823126684
0.002960398038808885
0.002571531209154285
0.002119376388297288
0.0016572918103331408
0.0012296017636407163
0.0008655747342260807
0.0005781216922230077
0.00042902402912315264
0.00026251491235013873
0.00015240560561451328
8.395034857250946e-05
4.3875155321798306e-05
2.1756520016355267e-05
1.0236106477128216e-05
4.569353518349784e-06
1.9353045815532543e-06
7.777114454927446e-07
2.9652564325214746e-07
1.0727057867009324e-07
3.681913579289377e-08
1.199060670962667e-08
3.704958320329763e-09
1.0861757323083493e-09
3.0212834010583375e-10
7.973654881458854e-11
1.996631896346702e-11
4.743655870323531e-12
1.0693083220179794e-12
2.287006076822386e-13
4.640943602911451e-14
5.625478477184291e-07
1.1247164149250039e-06
2.1335420458901198e-06
3.175356885496508e-06
5.518339099122772e-06
9.099108110123557e-06
1.4235209614308592e-05
2.1130195172541973e-05
2.9758960090450594e-05
3.97655134073283e-05
5.041619172906034e-05
6.064682666447667e-05
6.921826765720784e-05
7.495627068868187e-05
7.70140240760102e-05
7.507688799181789e-05
6.944121466638561e-05
6.094007100886642e-05
5.07414885438122e-05
4.008649191022464e-05
3.0047441618987228e-05
2.1369361652474225e-05
1.4419499908828589e-05
9.231737534920544e-06
5.607784284871026e-06
3.2320178473407903e-06
1.76738352319065e-06
9.169854695680466e-07
5.750462528759727e-07
2.7333301849715505e-07
1.2326960873829147e-07
5.274660819698137e-08
2.1414486221564322e-08
8.248887503501545e-09
3.014794421191687e-09
1.0454291983423184e-09
3.439585810774586e-10
1.0737230400249827e-10
3.180189478984679e-11
8.936929276719876e-12
2.3828584595577688e-12
6.028132253820935e-13
1.4469112656973746e-13
3.2951533055116906e-14
7.120064894121678e-15
1.4597109961108572e-15
2.839385811320942e-16
5.240304657865504e-17
9.176208346237459e-18
0.00010696790520922008
0.00021602564921191205
0.0004139346169178209
0.0007525455232472141
0.006002116123433753
0.009339348304628394
0.017443564806658474
0.0337976400494305
0.05822892884011579
0.0957513339247192
0.15021156886348982
0.22472443495582156
0.3205218405126245
0.4357438885509148
0.5645569288422416
0.6970272544142924
0.820053363809405
0.9193626259731025
0.9821969703927609
1.0
0.9703252710816048
0.8973800587018712
0.7910407550741189
0.6646591440108943
0.5323302869067869
0.40638529506949367
0.2956983561935241
0.20505950673991358
0.1355138163670893
0.08532964679431138
0.05118677864062546
0.03543705509573381
0.019599027886461597
0.010320993125434184
0.00517394590996572
0.002468521245551322
0.0011206427595204726
0.0004839659326625136
0.00019878526247030183
7.7639641974977e-05
2.8828726438596203e-05
2.5073581419777417e-05
0.00023084449628134852
0.001440418431167234
0.0037767332742100093
0.0041078492652536856
0.0018524427458160397
0.0003463295819531763
2.684470110862929e-05
8.629496146774903e-07
1.1576939172067646e-08
2.1365709306091795e-06
4.3568609526085216e-06
8.429863693920149e-06
1.5475415347359892e-05
2.6954960820031918e-05
0.0001688790018794469
0.00031945720822223805
0.0005774301022358747
0.0010827356285034741
0.0018077626806600206
0.0028819897857241573
0.004384834875374298
0.006364247648645522
0.008809290075319762
0.011626311121929979
0.014628263161043814
0.01754550807557492
0.020061259036346524
0.021866754539934957
0.022723304065260578
0.022514030556935988
0.021269847734494127
0.019161777999475126
0.016462293747696942
0.01348773944954899
0.010538506561527182
0.007852189146140555
0.005578764483021551
0.003778922400358772
0.0024401241850026613
0.0015017138285222614
0.0010577848453224797
0.0006005879225859831
0.0003247997298787591
0.0001672634823459663
8.2000657687669e-05
3.826032118296198e-05
1.6985617587158294e-05
7.173078548368638e-06
2.880821598990862e-06
1.676600257074076e-05
0.0002196039238062143
0.0012717389733661552
0.0030582063601022123
0.003049158609875667
0.0012603909739711287
0.0002159932797769458
1.5345779595870074e-05
4.520708868362544e-07
5.538394514215236e-09
3.228889194088007e-11
1.0013908929250755e-12
1.941370166665665e-13
3.792811606837421e-14
7.0351377383803634e-15
1.2385367310888105e-15
2.0694380810901849e-16
6.098177685317671e-17
9.338761576574521e-18
1.357216179391309e-18
1.871839340468298e-19
2.4498446566454806e-20
3.042641467976194e-21
3.5858996910924806e-22
4.0102772492841396e-23
4.25573077174149e-24
4.285412753993853e-25
4.094735234048389e-26
3.7125308930048104e-27
3.1939078490778507e-28
2.6072435769158074e-29
2.019644567714005e-30
1.4864687232763293e-31
1.0644119471858101e-32
1.0503415735306499e-33
4.745865937590974e-34
3.0794524303237846e-06
6.119565122246866e-06
1.1538310512717298e-05
2.0641368364433382e-05
3.503558285390282e-05
5.642282280269382e-05
7.529006540330315e-05
0.00011108126195043314
0.00015549575450906868
0.0002065241614965175
0.0002602542315948983
0.0003111711552390263
0.0003530006176558259
0.0003799497813044245
0.00038801769636388
0.00037596850680880083
0.00034564159666374683
0.0003014915456451865
0.00024951627276594565
0.00019592831836885705
0.00014597219819756778
0.0001031852654488519
6.920537461834622e-05
0.00010232788622648072
0.0009758813211799522
0.006424690957032972
0.017949465120870287
0.02134551849606797
0.02267210145532685
0.12603799782806277
0.507782934121245
0.8758123482970732
0.805577311680598
0.5129473949738319
0.4841952180884084
0.3832097867659321
0.13939940204535056
0.021383660137617812
0.0013736277050073091
3.6942859581275624e-05
4.1605960395212456e-07
1.9647167955154958e-09
4.4907482782266274e-12
1.4270317534385243e-13
2.9961614484401584e-14
6.1051394867202766e-15
1.1803657417431032e-15
2.1652707719077705e-16
3.7686207182452265e-17
6.223393323969916e-18
9.75094413845594e-19
1.4495749912555064e-19
2.0446044776346507e-20
2.7362295443581468e-21
3.4743242585289913e-22
4.185648648572e-23
4.784425449977863e-24
5.188853563815677e-25
1.1460891115313702e-25
1.1387219492899152e-26
1.0734745415932816e-27
9.601565194717348e-29
8.148627111877638e-30
6.56432490504821e-31
5.040750071083987e-32
3.855557027429595e-33
4.1461204010377464e-34
1.3208251827069351e-34
7.82080780654063e-35
4.88984768050766e-35
2.931914425846214e-35
1.6696128478808825e-35
9.021843869715912e-36
4.625442085604635e-36
2.2500189084673186e-36
1.038469474551692e-36
4.547533556484452e-37
1.8894382083703466e-37
1.110810330411039e-05
0.00025928141852211436
0.002509060177191651
0.010066047153303446
0.016742297038953118
0.012984069255127026
0.016058465906163475
0.10141519162170994
0.4007298481149482
0.6722273080703631
0.5143460685059827
0.336257136191592
0.36426025648826804
0.2543454395145367
0.0774378885936934
0.00990212220211838
0.0005306142179639044
1.1917665749345976e-05
1.1221105342156581e-07
4.428768929361071e-10
7.324893027921169e-13
5.07418379528621e-16
1.4712252281944009e-19
4.020788149126715e-06
7.995874869654932e-06
1.5086739357886153e-05
2.7008432917616377e-05
4.587520158817415e-05
7.393178392343736e-05
0.00011304698548904904
0.00016400662319833703
0.0002041340928891894
0.0002713161286987305
0.00034214506525903567
0.0004093733340599655
0.0004647329012544426
0.0005005666254964814
0.0005115580948063471
0.0004960239342835247
0.0004563361821470666
0.00039832886341818844
0.00032989311370400345
0.0002735749872516151
0.00022189305043899383
0.00019089722391476226
0.00018964798599121577
0.0002313689334281773
0.0009635756864461249
0.0017448478527850974
0.003003549107171341
0.005294547739984562
0.008694226290477712
0.013735957169033267
0.020779036541000686
0.030056966252812477
0.041544409053722475
0.05484798650417083
0.06435249294756899
0.07880560224525018
0.09229594765196074
0.10289402547207555
0.10907513242130648
0.11053487182826832
0.10721777165080142
0.09942476682014961
0.08810943512743656
0.07462146835810239
0.06039818994442467
0.04671685349119991
0.0345260585695242
0.02437492849900229
0.0164335141629071
0.010576698181010083
0.006495679282501789
0.0038050746193907304
0.0021250488745175864
0.0011309524264645479
0.0005733191123004387
0.00027671998663144693
0.00012711686864316579
5.5555097444530024e-05
2.3091715749960382e-05
9.125733997748682e-06
4.777915201972587e-06
1.7348402541045052e-06
5.985135066027149e-07
1.9615408370133648e-07
6.10598905089149e-08
1.8050366206973963e-08
5.066780175677273e-09
1.3503505465054063e-09
3.416555474728651e-10
8.205836150851686e-11
1.870766625254366e-11
4.0481181200902404e-12
8.313840527328692e-13
1.620490760347435e-13
2.9975881978133715e-14
5.262165302750047e-15
8.766226795598669e-16
1.3858203726334997e-16
2.0789258625282128e-17
2.959388181493473e-18
3.9975127440747615e-19
5.1238662945518766e-20
6.231914956281359e-21
7.19212928376165e-22
7.875945146795603e-23
1.750934922684464e-23
1.7568114740823427e-24
1.6725683146773748e-25
1.5109402442480322e-26
1.2952354446738019e-27
1.0546858995497682e-28
8.261556581062692e-30
7.196704764398221e-31
1.5292260177442662e-31
9.842280877883207e-32
7.869869749529682e-32
6.16504493263579e-32
4.6273492554496853e-32
3.321194651437829e-32
2.2783649695562948e-32
1.4933415510002657e-32
9.348761193949388e-33
5.588621275186517e-33
3.190167481799742e-33
1.7397949273014764e-33
9.077933670256274e-34
3.2271912665113056e-07
4.644056855576778e-06
2.7706301116649473e-05
6.8527954896394e-05
7.026922956855732e-05
4.381171460187491e-05
1.0355426799567295e-05
1.0147380735470485e-06
4.12238080896058e-08
6.943052658844473e-10
4.847982126648754e-12
1.403394468278878e-14
1.6842505975831677e-17
8.379958334718072e-21
1.728562983209449e-24
2.1001843629946022e-06
4.263806671676043e-06
8.213196048224857e-06
1.5010718297691504e-05
2.602947210776415e-05
4.2825638498516534e-05
6.685238928451424e-05
9.901582735030499e-05
0.00013914477678068042
0.000185525579443582
0.0002485592653449223
0.0003099644843102986
0.00037547976644282036
0.0004469792927649058
0.0005301039897563679
0.0006343728916028113
0.0013545709976580484
0.0022783904128519258
0.003748826463742199
0.006143480148971014
0.010364084348471645
0.01628453908063603
0.024645893219629723
0.03579897109142766
0.0498011013511776
0.06627024864048651
0.08429789216055096
0.1024703841508652
0.11902486125831319
0.1321248121206451
0.140196634905893
0.14224053276292267
0.13803030539009015
0.12814821584386968
0.11385399446085583
0.09685238936747559
0.07898976929776738
0.06172445650213278
0.04597849998886564
0.032705960979279775
0.023077059765156338
0.019783774655715694
0.02146919273441133
0.021803021313231155
0.01342624031283695
0.007603872916186686
0.008737872169856577
0.007685064125835637
0.003855466986386212
0.0031671533859010514
0.0035285771992215366
0.0019251525142613848
0.001660630142606228
0.013974342083299944
0.06661114670393699
0.13358006227920283
0.11456109176845487
0.05585415038995331
0.05803659373900823
0.07252131818456474
0.04203419806864506
0.010284500424636918
0.001058317171059535
4.5827768204872165e-05
8.353411014153752e-07
6.408955184456897e-09
2.0737565562910292e-11
2.9663773814475775e-13
3.2263131513893256e-15
4.904014637965001e-16
7.569262349252456e-17
1.1087611840085864e-17
1.5411357970840734e-18
2.0326308119795318e-19
2.543827992363149e-20
3.0208285734850583e-21
3.4038578447610025e-22
3.63933470526135e-23
3.692124972812928e-24
3.554131087632995e-25
3.246329884144497e-26
2.8135841852007144e-27
2.314494319297753e-28
1.816114993614426e-29
1.4721289669464218e-30
2.6052963446110426e-31
2.0825866500422207e-31
2.364053354900289e-31
2.6386836011791937e-31
2.8222911113178157e-31
2.888184294858845e-31
2.8298275912274787e-31
2.656367328190886e-31
2.487841968792184e-31
2.178789111589881e-31
1.882332473178447e-31
1.582876020946968e-31
3.068895339335695e-06
6.199172307415028e-06
1.188118993179235e-05
2.1605323315163142e-05
3.727659210179778e-05
6.102197135085818e-05
9.477872593658292e-05
0.00013967224045257902
0.00019529176629437108
0.00025907909277631084
0.00032610345669687466
0.0003894511921570819
0.0004412912064075192
0.0004744299632129339
0.0004839422578838841
0.00046837055409512234
0.0004300908680599739
0.00037471878027339756
0.00030975997354692884
0.00024395969423402503
0.00018281363903046273
0.00013148484373673024
0.00010401249006917566
7.351625471460362e-05
5.541244670836469e-05
4.8387604638154265e-05
5.068774319602818e-05
6.0342079299146696e-05
7.518654996466148e-05
9.281463620865506e-05
0.00011059772825776588
0.00012834131806039036
0.0001673533069047881
0.0003021079349305342
0.0004866049971196765
0.0004398262683646057
0.00023414772454707824
0.0002826181276635992
0.001877165623328987
0.007949731049644271
0.014555045140975323
0.011428245606378663
0.005057031349343363
0.005489703708893175
0.007762895948938611
0.00506131458287052
0.0013945343632068231
0.00036577346826107527
2.4296762691791158e-05
1.2452028636573148e-05
2.6545140172905354e-05
5.079911285602588e-05
9.250163172190862e-05
0.0001599425600343966
0.0002625057969511223
0.0008494393653705115
0.0015689433862057923
0.0026824817286296935
0.004439748959829383
0.0073675643510092035
0.011463363904291764
0.017170995064721487
0.024711399254135853
0.03411257891797791
0.045116047896325555
0.057122905437746785
0.0692110521558073
0.08023860124290122
0.08902161418057006
0.0945469976489805
0.09616564256728036
0.09371416822109017
0.08753492633348404
0.0817098512978417
0.07116083225920407
0.05943134007375533
0.04759268105272217
0.0365321457658728
0.026866185758272675
0.018917191647216364
0.012745891061195292
0.008243094181414596
0.005331217008898595
0.003891136510543933
0.0029215017230087782
0.0015978626519964638
0.0006168499689701243
0.00023398853888970675
0.00010090922455464568
4.389456556850768e-05
1.8259528814908782e-05
7.220052204180311e-06
2.712350349478592e-06
9.678489392367271e-07
3.27978378496555e-07
1.0553387589076414e-07
3.223979956990134e-08
9.349770457151798e-09
2.573832001569146e-09
1.0580650076400727e-09
2.669993571118061e-10
6.394524845273393e-11
1.4534108454805589e-11
3.1349868762442553e-12
6.417090190549026e-13
1.246481230492542e-13
2.2975789794302336e-14
4.01870082285215e-15
6.670003457156078e-16
1.0504786571329446e-16
1.5698770776646578e-17
2.22617048456282e-18
2.9954578281402456e-19
3.8245304218493994e-20
4.633419438640848e-21
5.326383836967008e-22
5.809913318248311e-23
6.013293564991773e-24
5.9055483210466845e-25
5.50318679652551e-26
4.866254737965516e-27
4.085952899566116e-28
3.282557718626222e-29
2.6869621350882833e-30
6.114704394975517e-31
2.009786692328413e-31
1.6988721764541587e-31
1.1857904808181136e-31
6.372720396031497e-32
3.631503389729316e-32
2.494962849232484e-32
3.09619577834265e-32
7.830412749067808e-32
1.3320412273863147e-31
1.0424900970909534e-31
4.2868309035446375e-32
3.9632318264695104e-32
6.739539429951875e-32
5.582172462391368e-32
1.974421563930778e-32
3.040427928769345e-33
2.57932883726965e-34
4.2207646140735274e-35
1.7511983435675752e-35
7.775128822843942e-36
3.298739403789764e-36
1.3321121064483685e-36
5.116302785850657e-37
1.8679096256213512e-37
6.479765298786369e-38
3.109052225378858e-38
9.898066670208909e-39
2.992129638320245e-39
8.587198340668762e-40
2.3575437461401863e-36
4.805478749584756e-36
9.294392737813215e-36
1.705627332137488e-35
2.4611184312856005e-05
4.783736869439407e-05
8.822195021894848e-05
0.00015436918998542365
0.0002562826447644689
0.000403694069551245
0.0013322641153238348
0.0023042206780207767
0.0038829431580258617
0.006357637047966464
0.010407208947961783
0.016074869787795314
0.0239252623032124
0.034225783865523704
0.04696746843512592
0.061746761976453124
0.07770907994706079
0.09359270097867929
0.1033945396091161
0.11577171547484967
0.12415930803543784
0.1276231605601917
0.12581675134931616
0.1190434788802446
0.10816137445401153
0.09440738257944287
0.07917563521282106
0.06393352497942859
0.049691235830783755
0.03731646732314683
0.027322105393596443
0.019905141972873932
0.015148850969680164
0.012716062825952718
0.01239138906997904
0.013842338724490892
0.016689016883295903
0.020498532955951162
0.024783098086905934
0.029017684016983073
0.032683047628628385
0.03532703593719904
0.03662735089632032
0.03643664958167254
0.03549432431182351
0.03299589085220568
0.02946889753464778
0.025290667957886967
0.02085550150471889
0.016519367919132995
0.012560698206915561
0.00916060777899613
0.0064018055285229945
0.004282427786650901
0.0027391753009216335
0.001685908098093559
0.0010009095163053287
0.0005911026023826717
0.0003766774865045366
0.0003006129022044127
0.0003269235402399335
0.0004353237474178742
0.0011874473130392327
0.0021031622096628695
0.0035144477161060924
0.005732981850462517
0.009280661198656686
0.014431829681911769
0.021543894386666436
0.02755236284659467
0.03853581907488515
0.05169139853191626
0.06642119742068532
0.08170997980406138
0.09622374385711614
0.10850620199613968
0.11723053460261776
0.1214412704347818
0.12072223904772131
0.11525077975495944
0.10574007526376898
0.09333920544168721
0.07956722502654906
0.06565067620668788
0.05169949153442454
0.0384899465469535
0.027494003715274176
0.018950864957944645
0.01255617228706355
0.008267596822594866
0.006867211238820799
0.008009024559911346
0.007008837869742357
0.003175260859767155
0.0008227028824320787
0.0009982523024052177
0.01089355255134622
0.07080624790416731
0.19492429622260787
0.22691159332023453
0.11446038980652404
0.0420605429884749
0.07479258475993618
0.12349106284192427
0.08856264017202227
0.02688164073224034
0.003458181097712763
0.00019031776686192112
1.1818955335908281e-05
1.4727602991436652e-05
1.2005781069366992e-05
4.069237493333881e-06
5.718082884440382e-07
3.331168685028244e-08
8.045557408420762e-10
8.057949405198321e-12
3.378032877751789e-14
1.0957556120331042e-16
7.613359351152828e-18
1.045860365573543e-18
1.3706378309372924e-19
3.4347799625271993e-20
4.1245165383567155e-21
4.699574333087882e-22
5.0810674899816704e-23
5.2126922292429245e-24
5.07434136312101e-25
4.687138304473212e-26
4.108176086827358e-27
3.417031611614514e-28
2.701785150185437e-29
2.0877521502754374e-30
2.2466797052234145e-31
1.0148245529369092e-31
1.001034631590329e-31
1.0346352784722676e-31
1.0325703595790008e-31
9.90858230422337e-32
9.1468411411854e-32
8.126917975054457e-32
6.951510618854493e-32
5.724010141979011e-32
4.5357393700708676e-32
3.4571925887218887e-32
2.5337011644883354e-32
1.785329496317906e-32
1.3835606289421226e-32
1.0196477610949131e-07
1.9565479653172664e-06
1.5564638126332207e-05
5.133289480533789e-05
7.01876470654824e-05
3.978632359707832e-05
9.350075915430821e-06
9.109712330502088e-07
3.6796150644430556e-08
1.0488204200710289e-07
2.1163850605754984e-07
4.075719594905001e-07
7.447272757334292e-07
1.291114732321705e-06
2.1237677110423726e-06
3.314544019642729e-06
4.908119963458383e-06
6.895744276547153e-06
9.727238334413845e-06
1.2683696342744627e-05
1.5935064874026875e-05
1.9414513093098632e-05
2.3119373215592552e-05
2.713473439993046e-05
3.1613770805208646e-05
3.4934390920147356e-05
4.046575445754823e-05
4.6547850601383694e-05
5.280302264741136e-05
5.8580263763401255e-05
6.305697166193238e-05
6.542489423734519e-05
6.510414704071263e-05
6.191213012414181e-05
5.6127422895421725e-05
4.842724962843643e-05
3.972346273163696e-05
3.0955553946450055e-05
2.2906801200665085e-05
1.6091474309454243e-05
1.072876849895521e-05
6.7884927935779195e-06
5.281524757167071e-06
4.736325508252169e-06
5.842101299102819e-06
8.912369453726688e-06
1.4455677659782225e-05
2.3095120119122536e-05
3.5400890989831644e-05
5.165082147014846e-05
7.156705517875274e-05
8.640248677804764e-05
0.0001097132000855693
0.00013218436678942783
0.00015110536476242573
0.00016389111279630555
0.0001686575731775569
0.00016467625503244272
0.00015255650953551806
0.00013409269307529165
0.00011182890830045216
8.84866306325825e-05
6.643177130312443e-05
4.732042177138493e-05
3.2294195093176775e-05
2.6508640153954894e-05
6.018914030037431e-05
0.00016447324973941743
0.00021886451210278266
0.00012381222690546642
2.961018211751338e-05
3.257746122349485e-06
3.223021144112456e-07
9.026682292710304e-08
3.5329158012197376e-08
1.338880938358451e-08
4.8159650372507615e-09
2.3657250287556356e-09
7.795868648616666e-10
2.437470466165245e-10
7.23084099918327e-11
2.03522703009794e-11
5.435149727469022e-12
1.3771611530759608e-12
3.3107974745785703e-13
7.551879774055427e-14
1.634376540901124e-14
3.3560140716060355e-15
6.5383780324286015e-16
1.2086230733012458e-16
2.1197582567185945e-17
3.5274136464707214e-18
5.569305563523619e-19
8.342962712052231e-20
1.1858074082212073e-20
1.5991257493998788e-21
2.0460944349655784e-22
2.4839527642215502e-23
2.86111685847417e-24
3.1268173933614104e-25
3.2422403450929445e-26
3.1899082758400756e-27
6.603372524521304e-28
5.956243112570583e-29
5.116965590672493e-30
4.546759468022352e-31
9.756850931254899e-32
5.550578773728847e-32
2.0942662096351943e-32
5.367989782371919e-33
2.004107234393127e-33
1.2478250432382465e-33
1.2850143392462197e-33
1.5780948774850197e-33
1.1404633228476966e-33
3.980873830906589e-34
8.215393673374565e-35
2.0270290945680682e-35
2.9996906421142893e-06
7.53534778303629e-05
0.0007847626659146237
0.003388616521048114
0.006065666891551153
0.004502035158569836
0.0013874468594508593
0.0001814107333813292
0.0005122716813704435
0.008617434203622095
0.03525277441894879
0.1415465120966223
0.2399909652441949
0.17381722533189067
0.056549956545477446
0.02644982404261087
0.07548368382322856
0.12594135219898833
0.08964012850442526
0.027190895858375017
0.0035845104575990064
0.0002730023744646968
7.594952509067549e-05
6.253753910846753e-05
5.5187784014127896e-05
5.0827345799885654e-05
5.018300238230979e-05
5.333392196019151e-05
5.9639766713659056e-05
6.783785680532349e-05
7.703632317031429e-05
9.150558437285704e-05
0.00012434713846486327
0.00015607635217022324
0.00013570316555984091
9.143438639245986e-05
7.245036401884154e-05
5.6317432528797897e-05
6.968713850511975e-05
0.00032069150822877434
0.001372910572835806
0.002683324982657759
0.0022665367397097496
0.0009333338865607778
0.0006949283915241946
0.001452149805306434
0.0019768316345639674
0.0014206782560595012
0.0004942101144977245
7.782732186193532e-05
5.387780491655975e-06
1.7450478120695163e-07
8.03570703734251e-09
2.1632096416594327e-09
7.294408005661834e-10
2.3453610302923223e-10
7.155148304052717e-11
2.071105488861718e-11
5.688010640660267e-12
1.4821534909037322e-12
3.664380495525057e-13
1.4019247611396118e-13
3.175336499952914e-14
6.823848954749255e-15
1.3913732686492052e-15
2.6917362670146375e-16
4.940785015228294e-17
8.604665831139505e-18
1.4218266854781736e-18
2.2291223879459713e-19
3.315856801581969e-20
4.6798530969380185e-21
3.5756565964388853e-07
9.128817499051809e-06
9.662320664591225e-05
0.0004239909310162365
0.0007715125135812437
0.0005861986740204992
0.00022684231234923583
0.00021153299702652987
0.0003271385385324921
0.00023426259258574043
6.980152230573198e-05
8.623512437012732e-06
9.042053561574747e-06
0.0001986088722070896
0.001895129864106773
0.005257734062767278
0.011830511248574057
0.01133917655169855
0.0047255576140162224
0.0011762457840692837
0.0020995472056673293
0.005565043749741965
0.0064763874764624425
0.0032266449160687537
0.0007204817065231009
0.00015584349711277322
0.00014769508954485866
0.00021923363048952874
0.00032830372298403
0.00048601955669091523
0.0007206837302025734
0.001028160651568243
0.0014222864330428102
0.0018988161660489097
0.002507612816963193
0.003155533369673861
0.003839623253216117
0.004549627191643399
0.005284296904408792
0.006060856964828611
0.006974204429888103
0.007633277687918093
0.00875205784780582
0.01002981036158231
0.011427477734421815
0.0128563419131044
0.014188340871264703
0.015279392668806593
0.015998808433009253
0.016255591159709343
0.016013942537489438
0.015294851535586792
0.014165905794656508
0.012724916601030752
0.011091723044822442
0.009369095568273735
0.007666237241869745
0.006073744546559244
0.004662728640516779
0.003480763607339576
0.0025495500142105414
0.0018653382354331305
0.0016814344777348997
0.0016693841841189977
0.001995512352836066
0.0027202823153103417
0.003932822960750755
0.005130971968028015
0.0074851281609217574
0.010600865379367668
0.014497392835735062
0.01905682413180802
0.02402242319856324
0.029014022825487595
0.033579994771391564
0.037274687426839696
0.03973954707355902
0.04076530070031139
0.040336486421054855
0.038713971080867514
0.03627945066391817
0.03278249034109734
0.028084061004837416
0.023187094310790437
0.01867945623489633
0.014604059700240524
0.011452491879386378
0.012837326920556962
0.026646235085257472
0.04224335205053511
0.03251721073619341
0.011829824094159596
0.00469077771378788
0.004595028240821168
0.01375193556732904
0.020804861979792876
0.013629477765645869
0.0038715834629208063
0.0005137940836556665
6.247885757580905e-05
2.6067472229056948e-05
1.632002287950863e-05
1.0044233342036383e-05
5.921443569778553e-06
3.3296861402178355e-06
1.7817485415797327e-06
9.061284037795893e-07
4.376365690975321e-07
2.0064980994910977e-07
8.731019917194936e-08
3.605257943905263e-08
1.4126079248613462e-08
5.251743007950074e-09
1.8525593197208254e-09
6.200435594852783e-10
1.969022516339766e-10
5.932747790590428e-11
1.6960430600011783e-11
7.1484268409715715e-12
1.872190603514466e-12
4.652265546244462e-13
1.0968662415846797e-13
2.4536777412050098e-14
5.207820657589888e-15
1.0487431603921311e-15
2.0038115570554423e-16
3.632613735444028e-17
6.248217934975268e-18
1.0196889672333456e-18
1.5788972686609793e-19
2.3196081595281742e-20
3.2333296365523277e-21
4.276219001476296e-22
5.36592373278167e-23
6.388569930735964e-24
7.216679390199857e-25
7.734740984643216e-26
7.865544356308531e-27
7.589104079252374e-28
6.952678997915163e-29
6.2040555129767684e-30
7.270573182951409e-31
1.731915997432865e-31
1.5343829605492955e-06
2.442924235117322e-06
4.697352785095356e-06
1.0260061915854009e-05
1.8229688996886557e-05
3.08349009614264e-05
4.966803707361294e-05
7.621137282142807e-05
0.00011143072538379847
0.00020981419605516666
0.00032360340366705264
0.00048360387899310295
0.0007907708318321662
0.001206519939708431
0.001805906361062706
0.00269115337510726
0.0038761490059695015
0.0054196525315232435
0.007378725292579318
0.009643969869445128
0.01213991826848298
0.014708781344291325
0.01715434379180235
0.01927043658634037
0.020873797143112473
0.021832874173846942
0.02208051332934838
0.021962030054470116
0.021204908150092006
0.019974586299467
0.01846065041535027
0.016869658804214777
0.015412371070444209
0.014346258322406436
0.013752390426250033
0.01375536006639735
0.014358609639662363
0.015464979994751554
0.016886248264796823
0.018374624968181222
0.01966989222211131
0.020549177997977137
0.020868184221660962
0.020633507399076774
0.02031831656529878
0.020689214206461574
0.020204819416885993
0.016814112943815
0.012909551875681685
0.010191303081443668
0.008067363754734932
0.006414325284428572
0.006801820160373275
0.021490402727222645
0.08013673522237288
0.1445563007786775
0.11410539156533833
0.04004645926689191
0.007994582744055857
0.013435164606789188
0.048081324076741976
0.07643984553574787
0.052003911284150287
0.015220502696147428
0.001947091955153215
0.00013862331633047767
3.892362900823873e-05
3.854561616939249e-05
4.0134316635557243e-05
4.095383654434608e-05
4.069672724275832e-05
3.918340815782645e-05
3.638626974320495e-05
3.246085996516645e-05
2.773181387426995e-05
2.2631071897152976e-05
1.7608348550548326e-05
1.3044042669432026e-05
2.39105729489604e-05
0.00020753221861576483
0.0012369497899996577
0.00314959783439722
0.003353805023005154
0.0015128545036595324
0.00030269933417988827
3.0184617460745224e-05
1.8207846080926475e-06
0.0004681004481070913
0.007098566294537468
0.044611184619191196
0.11808315064495152
0.13341191536537897
0.06572587239177359
0.014818323308499862
0.005657214606238996
0.025119598742594243
0.0635835853417223
0.06877863098293786
0.031911993709114975
0.006388014073393598
0.0005615452749396712
3.686706882105274e-05
2.6186831330552273e-05
3.422865734185271e-05
4.9854505118541355e-05
6.892229935312909e-05
0.0001277894203686251
0.0001936242354116399
0.0002883218503899965
0.0004316017685673418
0.0006462180466075822
0.0009587686836685258
0.0014110038541741226
0.002011264159382587
0.0027613827239972946
0.0036450146251731357
0.004615332118867902
0.005596676232579672
0.006502320998702563
0.007246635213084336
0.0077625944064335746
0.00801361322386708
0.00799696732329365
0.007738567248463674
0.007282179468497684
0.0066778403535417245
0.006093219356184924
0.005445837043117053
0.00486407233320396
0.004550860080083979
0.004254435888147264
0.004238787812330912
0.004608475972709094
0.005379645886303509
0.006543662695925345
0.008045632265347118
0.009760406257976958
0.011515614598049456
0.0131194859289299
0.014395734539495848
0.015215410049143431
0.015516046268260324
0.015303095084818958
0.01463550168246195
0.013603005556596031
0.012304532551878617
0.010834316106192033
0.009277106471927697
0.007709140020195878
0.0061998070446910684
0.004810475266283257
0.0035901058655630753
0.002569950352153514
0.0017603535407221622
0.0011515360075468784
0.0008451692795493325
0.0005103364424053694
0.0002935433991298955
0.00016080954047921052
8.425568802750743e-05
4.2883057524551274e-05
2.2323730316945438e-05
1.3537806225538313e-05
1.1256265938443222e-05
1.2587028506167538e-05
1.595965121236146e-05
2.0426147381862225e-05
2.526261592614403e-05
2.9797474138922263e-05
3.838966687523235e-05
4.520326293910873e-05
5.368096422083625e-05
6.598844504503916e-05
8.834782692028326e-05
0.00013197134508000408
0.00019039415927345888
0.00023415752519100887
0.0002637142910546299
0.0004259054554058842
0.0006239783736699219
0.0009511407819368554
0.001283875369418506
0.0019244251203486683
0.0027110868743588415
0.003960348927551482
0.006072647770158273
0.008426959240104939
0.010465258945010462
0.012668825398974782
0.015240827016466087
0.01781552988602782
0.02014053770788349
0.021864200969546707
0.022497474668959596
0.02221446013210589
0.021422891135112775
0.02022224481518954
0.01861402350686479
0.016617410308220615
0.014423237355227875
0.012205955671782688
0.01003460020287071
0.007978131089667585
0.006112569346989567
0.004499087670422707
0.0031729671268969847
0.002452418815319151
0.0016037251807477912
0.0010006273188201235
0.0005954143258759925
0.0003379723860992628
0.0001832164475051972
9.508465500458578e-05
4.743469643410787e-05
2.289105258619867e-05
1.078165204481131e-05
5.0117569559380744e-06
2.3261317632706145e-06
1.0876604723107007e-06
5.137971824155996e-07
2.44096855801031e-07
1.1547006081835348e-07
5.374585485170672e-08
2.4347717629230343e-08
1.064397730821757e-08
4.463237219531736e-09
1.7878791041655074e-09
6.823986441193878e-10
2.417474299096551e-08
2.7450448991005454e-07
1.3048423307630041e-06
2.57213001582253e-06
2.479404543348346e-06
1.1266011859243034e-06
2.1222749838872665e-07
1.6574579633852005e-08
5.366650946247111e-10
7.207844112343819e-12
4.103849727012405e-14
2.90408259023399e-16
3.916776289604252e-17
7.321155805029661e-18
1.3013202451883796e-18
2.1946544158273786e-19
3.511746456729649e-20
5.331569028324113e-21
7.680008246537886e-22
1.0496464408615885e-22
1.3611282578728083e-23
1.6071341946859914e-07
3.254152562375841e-07
6.251702147702986e-07
1.1395496388704332e-06
1.97080119794496e-06
3.2339029897580714e-06
5.0348409827234935e-06
7.437365586067698e-06
1.0423824761120031e-05
1.2678999129765863e-05
1.6279857957251485e-05
1.9833111393489188e-05
2.2924807175012386e-05
2.5141728500115076e-05
2.6161291115762497e-05
2.582841853946291e-05
2.41941883729987e-05
2.150299235537528e-05
1.81326527165351e-05
1.4507694031581297e-05
1.1013111395437058e-05
7.932247872788744e-06
5.42072183855187e-06
3.5147348541717376e-06
2.1622336135560438e-06
1.2620810949662308e-06
6.989506430169662e-07
3.672656885173984e-07
1.8310019425103892e-07
8.661076088584565e-08
3.887133920878771e-08
1.6552429745888914e-08
6.687574046640087e-09
2.563598770391825e-09
1.31388365835233e-09
4.614195905713736e-10
1.5374809678148488e-10
4.8606916105291217e-11
1.4580116287621648e-11
4.1495261735176465e-12
1.1204968223565552e-12
8.622226763499257e-08
1.6447581986505187e-06
1.188644429314808e-05
3.6787393111881025e-05
4.7629264238238746e-05
2.616699337065496e-05
7.218028128179346e-06
3.0751706431314508e-06
4.243651462382075e-06
9.21235911362266e-06
2.1151982342079833e-05
2.8935628912556388e-05
2.407907372378353e-05
1.9603069119890497e-05
2.185745147809633e-05
2.732834169530001e-05
3.447730499693104e-05
4.3256098993546684e-05
5.4992177992802414e-05
6.329904165061029e-05
9.58846612658674e-05
0.00013257268848995544
0.00018566278556867257
0.0002668569455442716
0.00039027139738973226
0.0005718916511297387
0.0008275157667633544
0.0011791043388781992
0.0016539046467831133
0.0022119009894953716
0.0028479247572332543
0.003537706843446827
0.004251990689880166
0.004966954831130593
0.005670149444612489
0.006377266337937072
0.0070825249038411605
0.007784844696278179
0.0084706051427845
0.009098003727492263
0.009605684787565991
0.009927621149167322
0.010015343426924537
0.009874767473293886
0.009581466729668989
0.009291635427518404
0.008580280941910374
0.007622516062137707
0.006687194962395726
0.005818818011774376
0.004981943532196858
0.004174930032245969
0.003422480418649266
0.0029689500728947724
0.004285484613677493
0.009203283382743913
0.012399229262312104
0.008033682189925053
0.002630107541644434
0.0006203517636815114
0.0003995498154980564
0.001549036517353525
0.004518046281265144
0.005910205406671655
0.0033663412875894853
0.0008397076386122147
9.316227208689903e-05
5.242589006608351e-06
4.785775644231061e-07
2.0430158598672748e-07
1.5673838747712885e-07
1.5937779837387322e-07
1.8465882892643178e-07
2.184662799524765e-07
2.501106334294414e-07
2.7303585348666215e-07
2.8315305298109555e-07
2.7869637745237824e-07
2.6028504339741995e-07
2.3064813179323184e-07
1.9392210348866804e-07
1.5469625245065802e-07
1.1708654712983175e-07
8.408312353406036e-08
5.729085221055901e-08
3.7037045140422724e-08
4.5278120061197385e-08
5.885465531906489e-08
9.487858530065629e-08
1.632957896980942e-07
2.77414256857974e-07
4.5252059465463403e-07
7.028040782981896e-07
1.0366723682282532e-06
1.4512731934391193e-06
1.9278251046560334e-06
2.2625885088918884e-06
2.7535596899106858e-06
3.1795035949963665e-06
3.483366106889128e-06
3.6208758306631943e-06
3.571106265740907e-06
3.3416928153832934e-06
2.9669134626241712e-06
2.499296809379062e-06
1.9975855648999995e-06
1.5148427329445187e-06
1.0899443016800525e-06
7.440732010934642e-07
1.2203095647129734e-06
8.405417015382576e-06
3.709592251788034e-05
6.979471206914305e-05
5.4596264877436245e-05
1.8024601744772865e-05
2.980401043079935e-06
1.2237921979461335e-06
1.9070907954014317e-06
3.1614637464579794e-06
4.9838553407486645e-06
7.455775488739743e-06
1.0583676240438504e-05
1.2983090645023965e-05
1.6883949382175045e-05
2.0832968652490812e-05
2.4390004975497806e-05
2.7093188595519606e-05
2.8556275732400354e-05
2.855909903536651e-05
2.710197133872249e-05
2.4405514361081486e-05
2.0855982927527907e-05
1.6914723348498745e-05
1.4362798626272043e-05
1.2186775403905174e-05
1.1648265118280701e-05
1.3393380997346504e-05
1.80983194917538e-05
2.6422050389245065e-05
3.8876648517535685e-05
5.561830849442416e-05
7.625837943200199e-05
9.952024546372946e-05
0.00012341088465635594
0.00019389397642439197
0.00026573831055545723
0.0003678438378606254
0.0005246733452215747
0.0006734334655624201
0.0009888256171845993
0.0014597132422002274
0.0021322718976031557
0.0029722072706293155
0.003829368087335883
0.004760896446516933
0.005743126528262498
0.006654107476053135
0.007417078020729286
0.00811687348868661
0.008821325599588486
0.009041520775628193
0.009212398575071517
0.011090572395130269
0.012528709199702797
0.010116959302763698
0.006786413731556445
0.005066458388377159
0.004288868063455441
0.004938318193808994
0.01276402904332665
0.03175222381516851
0.03995663529950185
0.023379062243502297
0.010990651268633647
0.002277847086277518
0.0006569193381174337
0.0018694391018008992
0.00820468442957059
0.01786484891798829
0.017399923989406554
0.0075088702743230954
0.0014419398979067864
0.00012983358286732313
1.4379957761938505e-05
1.2733423333497023e-05
9.561314970196841e-05
0.0012535593272259764
0.008012167169603205
0.021849715926212394
0.0256469618172567
0.013458983891725392
0.0034122935626788352
0.0006459470269035406
0.0006571873522812834
0.0027488965905808497
0.009178698829395085
0.014602483986556973
0.01057006195546775
0.003985111542917159
0.0019723644075595897
0.0013332022971178645
0.0013893288371763614
0.0014612819995526156
0.0014882244972852562
0.0014872621464720342
0.001474271487519517
0.0014025780107914984
0.0012609236707317544
0.0011204489693998683
0.0009980378839811318
0.0008769743383340217
0.000752438274315871
0.0006265500598941298
0.0005037087505491043
0.0003894142958450164
0.0002899649094600363
0.00021125325606067015
0.00014982517398607468
9.667575696147268e-05
5.618298867242631e-05
3.17233904295922e-05
1.773406838702718e-05
1.0044958318591858e-05
6.406317098903704e-06
5.483203813466834e-06
6.771377062455903e-06
2.2543846150013375e-05
0.00012178925273215269
0.00036946959537819486
0.0005064140390160881
0.00032279054354002293
0.00011866197308245838
5.257060617174327e-05
4.777915194388956e-05
6.92552193931396e-05
0.0001577168873619123
0.00028282842145219584
0.00026210382486093245
0.00012456676729390934
4.3389506889248614e-05
2.2691674707656224e-05
1.662033623168415e-05
1.3628000887484699e-05
1.2886197572267433e-05
1.489313478755851e-05
2.0107161027161426e-05
2.891738731456312e-05
4.151203280913719e-05
5.769080406133414e-05
7.66833947782486e-05
9.022778843850791e-05
0.00011043049648070102
0.0001599117165109365
0.00020938281790403954
0.0002779683333548147
0.0003825734553376804
0.0005435572735159715
0.0007846253307281582
0.001128149600744395
0.0015881208874811367
0.002184138329485388
0.002867902922661225
0.0036051609509879334
0.0043320008407877865
0.004976456777439541
0.00547365968645755
0.005780497898203686
0.00588464544267749
0.005804549556685601
0.005580409874371992
0.005259803150204515
0.004883655565993901
0.00447772949915583
0.004051990046972397
0.0036066129725791604
0.003140767541629119
0.002821093219597411
0.002337365077185367
0.0018660209105567367
0.0014293559631278808
0.0010471084435874703
0.0007318885848069984
0.0004873378969610795
0.00030913336996114533
0.00018718397200331085
0.00010781659756567192
5.9102024030930414e-05
4.02446613467149e-05
8.345971641909685e-05
0.0001980535324113076
0.0002231712739058803
0.00010777511923905009
2.5096308110290968e-05
8.220229900313296e-06
9.78311145944826e-06
1.6422004660717568e-05
3.8490161589184205e-05
9.066354941460089e-05
0.00016470592481301175
0.0006312725545119061
0.003188369454421942
0.007815498989805185
0.008961431034163204
0.005678378438448153
0.0018116788259393282
0.0004913359014741836
0.00039826382882384104
0.0007722847785186688
0.002494923661225462
0.006622896612036988
0.00938256521638412
0.007021891857343487
0.0038263087917336878
0.0027473003146376352
0.0027007025012564367
0.002834193124923616
0.003133902137496392
0.003913122771970817
0.004520718501953643
0.003850397661997568
0.0027749845195642314
0.002227292649294849
0.001976790621067331
0.0017721579370739322
0.0015797534444662868
0.0014346295270216008
0.001290151002362964
0.0010280756577575824
0.0008211511348040399
0.0005659722343204738
0.000388989545347163
0.00026128012319246135
0.00017453902519468765
0.00014190277473243504
0.0001504087528793782
0.00012299351160668088
5.647695580072321e-05
1.607486472435274e-05
4.60527617490842e-06
1.7828454399626482e-06
7.449374172439055e-07
2.993929825032676e-07
1.1426320609989203e-07
4.1387721448307765e-08
1.4227521227602578e-08
4.6417049047092705e-09
1.4371933986660455e-09
4.223200490087376e-10
1.1777598085188148e-10
3.117168394667575e-11
2.6758421311113157e-07
4.790291357516629e-06
3.555362972163087e-05
8.2945374350616e-05
0.0001419040149465254
0.00010064805695627566
2.9595406290682217e-05
3.6078744583708917e-06
1.8234200563473827e-07
3.820588266680688e-09
3.318806690950803e-11
2.864395695824267e-08
3.0112731564184567e-07
3.79493469939103e-05
0.00045203669868553045
0.0023175107714025014
0.005075133239017086
0.004845798506867362
0.0021217015702210914
0.0004571325410744993
5.110605832286211e-05
1.8266297560151264e-05
0.0001920539206935324
0.0010687871873889363
0.002559286938593511
0.002668229353689534
0.001231965119913216
0.00025899903535696686
3.248732795998627e-05
1.4858014239888822e-05
1.6955103107425365e-05
2.3367151681974444e-05
3.0935568056694736e-05
3.9079101357355787e-05
4.710663161917164e-05
5.420450538541965e-05
5.963689026477407e-05
6.291746407839811e-05
6.392051506175026e-05
6.307108956734354e-05
6.068609622370489e-05
5.750491785061801e-05
5.4107638937742763e-05
5.087943203755047e-05
4.797520462812458e-05
4.536694196081856e-05
4.293466478912056e-05
4.055215491139044e-05
3.813347222598316e-05
3.5634486687016634e-05
3.3028426423621236e-05
3.4645711908651344e-05
3.6692765225737526e-05
4.212536242753108e-05
5.347185209852315e-05
6.576421138065489e-05
9.37812290265754e-05
0.00013622228962945163
0.00019554354975778748
0.0002722416099862311
0.00036694315029057355
0.0004702898937175613
0.0005751830774270784
0.0006721877736060401
0.00076391584382735
0.0009035835593065225
0.0011108455009070158
0.0011484459925917775
0.0009450950233768912
0.0007745713455255993
0.0006968286181883152
0.0006457240836915891
0.0005974195209530968
0.0005499307821272751
0.0005017133962898116
0.00045178838866347424
0.0004996288141299115
0.0015410317384790232
0.006273152005685877
0.0129365273904523
0.013406127197823695
0.007445481160032261
0.0021340833583449073
0.0004572071479154701
0.00025331752886895056
0.0003932725290836027
0.0014517185253956012
0.004743850631605534
0.00779551808281253
0.006210582464434393
0.003160104935201771
0.0022998203860830524
0.0027971933532774927
0.00360025367114221
0.004440563293443501
0.005224588613412836
0.0058689923914891605
0.006308787997442695
0.00651254419178853
0.0064890707189712285
0.006282281835040933
0.005955696119244697
0.005572436552676049
0.005178234935079395
0.004791933412529078
0.004408966078577967
0.004146779059620287
0.0037293125999189256
0.0032743017823351635
0.0027864992147997886
0.002285514936959309
0.0017996570280415139
0.0013574485237747666
0.0009803291096400653
0.0006787583392985754
0.0004521417291662699
0.0003002977179831138
0.00020203448206045825
0.0001489472701458964
0.00013300393421318375
0.0001493934791017608
0.00019652320725378067
0.00027436786348598646
0.00038218081158820796
0.0005187918254120085
0.0006742838714556157
0.0008359932164812275
0.0009886251629686526
0.0011158489738981924
0.001204444773621342
0.0012474780113194315
0.0012460030491867411
0.0012239734248656697
0.0011683867265460288
0.0010975127155566026
0.0010224384716132143
0.0009495101533560092
0.0008797194086513108
0.0008100918720710715
0.000736268763040753
0.0006551197142738059
0.0005664252084501585
0.0004736383963010725
0.0003860603509498925
0.0003165894045605778
0.00025444886672918576
0.00017855168306907818
0.0001111150529072209
6.890511333808395e-05
4.307870007106974e-05
2.6459789938193415e-05
1.6026607174380793e-05
9.814134910891123e-06
6.50106510773179e-06
7.321684330749785e-06
2.644842952187318e-05
8.277693628513254e-05
0.00011908389198598937
9.534907984947774e-05
4.424401968813863e-05
0.00010375655234573192
0.00041344802203099125
0.0007349087039740311
0.0005454636602130983
0.00016968083951797615
2.37508274909505e-05
3.029561797749518e-06
1.3878656105135161e-06
9.241229589112835e-07
5.940634160290265e-07
3.6242332166720374e-07
2.0978558535720136e-07
0.0001349199134064202
0.0018402956321875376
0.010468105899566241
0.02519570889146339
0.0264749636955835
0.012952847044908383
0.0032223241364610373
0.00042441950532261724
2.7992003473132364e-05
0.0001341458629211121
0.001480286379065646
0.0045747358383891375
0.012289201853164433
0.014418347716412509
0.00754290392494678
0.0019052012726669594
0.00162726977684218
0.007303352245943542
0.01570665851418553
0.014783816947941394
0.0065039171613482764
0.001474981076261388
0.00019653130592570405
4.038965166158919e-05
0.0001229284442668794
0.0010222109300870182
0.004473343687265994
0.008632158215455557
0.007375114368906497
0.002861323991263126
0.0005500118229739075
0.00011630200741936152
0.00010397102716494896
0.00013409950713065522
0.00017010365960523524
0.0002071698949872975
0.00024080046314540476
0.0002589952051329876
0.000276914747556687
0.00035733702806117567
0.00043072113589056953
0.0005488549607086962
0.0007533601531730807
0.0010905822679282892
0.0016095445663350412
0.0023512334723337944
0.0033341311512783463
0.00453915110096488
0.00593341203100412
0.007379111472691313
0.00873356660075036
0.009857630032576873
0.010629967966967217
0.010988040618580748
0.010941678990718443
0.010568595726926915
0.00998933078951036
0.009330527234625881
0.008689450356012271
0.008111967316677323
0.0075908503850834474
0.007082205342288664
0.0065278436856792766
0.006108876023984558
0.005396793414609657
0.0046363048474540106
0.003841267306382377
0.0030896461137440933
0.002453589222571638
0.001993232216216332
0.001750278706548287
0.001744357732824339
0.001971627971198016
0.0024039375391532165
0.0030022459946344323
0.0036834579261873367
0.00436112382633954
0.004950348832560609
0.005388879994399075
0.005621929086861215
0.005651141560474386
0.005514099500252554
0.005275472920759887
0.005008441380676021
0.004773881072524108
0.004604651834981292
0.004499668246521168
0.004433329320715251
0.004386533221741629
0.004277195872766771
0.0040916099344566045
0.0038143806129485704
0.0034535980445989105
0.0030367757559780933
0.002602131110133447
0.0021883880973122744
0.0018263348282686897
0.0015344439474858124
0.0013136725121674477
0.001147008448611389
0.0010170412039971354
0.0009108899449546035
0.0008129911711111415
0.0007125466151140989
0.0006069519101530109
0.0004994971382603959
0.0003967383625567227
0.0003053690789983758
0.00022804113549399263
0.000166098988024836
0.00013516022321038166
0.0001942816428007904
0.0003441543410917528
0.0003584857943338227
0.00025400116046758845
9.772068792739711e-05
3.3062641429447435e-05
1.7355876084059616e-05
1.332616259296277e-05
1.4477565659031065e-05
4.348465917980166e-05
0.00015922566523712277
0.0002995317764252544
0.0002586583335565125
0.00010912878319651123
2.9467073804292475e-05
1.1621644611102637e-05
9.178962337119602e-06
1.5689555802061444e-05
8.795791932404179e-05
0.00037554053191398394
0.0007141627643028984
0.0005785736922480695
0.0002040006049570639
3.574191336815044e-05
7.022267234147105e-06
4.24917744502785e-06
3.4319266770723356e-06
2.7262349002438305e-06
2.3627045956657354e-06
2.6507989787748407e-06
3.671369398645035e-06
3.7218302379415176e-05
0.0006563416718414258
0.005264137374069334
0.017745828296415897
0.02562634822641417
0.016710506928496342
0.0054300429746799
0.0009631535069913046
9.110894902084017e-05
4.133369171274253e-06
