Y :40.0% Calcite, Diffracto n :1477
Y :21.0% Gibbsite, Diffracto n :1343
Y :39.0% Dolomite, Diffracto n :1283
N :Hematite
0.0
0.0
0.0
0.0
0.0
0.0
0.0
0.0
0.0
0.0
0.0
0.0
0.0
0.0
0.0
0.0
0.0
0.0
0.0
0.0
0.0
0.0
0.0
0.0
0.0
0.0
0.0
0.0
0.0
0.0
0.0
0.0
0.0
0.0
0.0
0.0
0.0
0.0
0.0
0.0
0.0
0.0
0.0
0.0
0.0
0.0
0.0
0.0
0.0
0.0
0.0
0.0
0.0
0.0
0.0
0.0
0.0
0.0
0.0
0.0
0.0
0.0
0.0
0.0
0.0
0.0
0.0
0.0
0.0
0.0
0.0
0.0
0.0
0.0
0.0
0.0
0.0
0.0
0.0
0.0
0.0
0.0
0.0
0.0
0.0
0.0
0.0
0.0
0.0
0.0
0.0
0.0
0.0
0.0
0.0
0.0
0.0
0.0
0.0
0.0
0.0
0.0
0.0
0.0
0.0
0.0
0.0
0.0
0.0
0.0
0.0
0.0
0.0
0.0
0.0
0.0
0.0
0.0
0.0
0.0
0.0
0.0
3.573270339892831e-36
6.541584083518458e-36
1.1508432194223965e-35
1.9456538606589023e-35
3.1610486411228025e-35
4.935293201680039e-35
7.4047588708375e-35
1.0676405594361891e-34
1.4792970436985591e-34
1.969708214695645e-34
2.520371642642261e-34
3.099156122539249e-34
3.6621700495975537e-34
4.1586248075402465e-34
4.538132324372667e-34
4.759055305201194e-34
4.796014971967609e-34
4.644687401356077e-34
4.32263566068411e-34
3.8659564317239275e-34
3.5101611049173494e-34
2.9378458814454197e-34
2.36290983647741e-34
1.826339335453807e-34
1.3565380421471986e-34
9.682748765324961e-35
6.641734811468373e-35
4.3780486240716347e-35
4.553095454686611e-35
6.772979224975432e-34
1.6521327665978816e-33
2.9235547197478768e-33
4.986789836366504e-33
8.185990972348865e-33
1.2917137493833483e-32
1.959435323383806e-32
2.857188027902833e-32
4.004808300442533e-32
5.395817914501113e-32
6.988195450677732e-32
8.699720190051099e-32
1.0410668864635138e-31
1.197695928321555e-31
1.324401101471986e-31
1.4078161977660515e-31
1.4385925737053938e-31
1.4278705560175166e-31
1.3663783689317394e-31
1.2571859921071536e-31
1.1123624599600893e-31
9.467446166333752e-32
7.754738322038456e-32
6.117993158064725e-32
4.655693126745125e-32
3.425970126296159e-32
2.4484508528618153e-32
1.7119599943491705e-32
1.1853537202925955e-32
8.268979101549296e-33
5.942174653609927e-33
4.4915498360110534e-33
3.608693294524478e-33
3.065456744886806e-33
2.7068931845559973e-33
2.437217217804109e-33
2.231513883867758e-33
2.367769162893166e-33
2.7323269824223502e-33
3.2433395735439696e-33
4.1878702266581666e-33
5.736719820463754e-33
8.076665514078819e-33
1.0165156771477176e-32
1.41966060447034e-32
1.9366451614446284e-32
2.573132329828624e-32
3.2941312858497665e-32
4.545165413419259e-32
5.869090749919544e-32
7.189564115174001e-32
8.673380182604122e-32
1.036375910180375e-31
1.2336069142268137e-31
1.4696484142674493e-31
1.7570911067862935e-31
2.10839064295082e-31
2.5329920280195257e-31
3.0341664763529196e-31
3.606200561235395e-31
4.232602198456556e-31
4.885860814592996e-31
5.529320252336706e-31
6.119623596884607e-31
6.626526304651668e-31
6.999826986052307e-31
7.2072480975952925e-31
7.2389667417911175e-31
7.162649101616882e-31
6.913382416796588e-31
6.527945837988132e-31
6.045104315496317e-31
5.509546482880429e-31
4.965981125317446e-31
4.453531598578247e-31
4.0012908740863096e-31
3.625665555429025e-31
3.329805777762094e-31
3.1050537303472443e-31
2.934012072044024e-31
2.79459075698396e-31
2.6642752779482033e-31
2.523886292033474e-31
2.3602588231592697e-31
2.1675220610545495e-31
1.946952449285051e-31
1.705640387713768e-31
1.4543995280713384e-31
1.2054241724796652e-31
9.701612041327502e-32
7.577334022613928e-32
5.74075086352561e-32
7.169661930975876e-11
1.2995280523403138e-10
1.8896216586798767e-10
3.205202516990762e-10
5.224590708608857e-10
8.183993090103528e-10
1.231953784342196e-09
1.782131553063685e-09
2.4774293867944073e-09
3.3096265490888486e-09
4.248864490215211e-09
5.241830222680628e-09
6.214543071837719e-09
7.080299613681792e-09
7.751937295540044e-09
8.156147063656845e-09
8.246620825897774e-09
8.012779405120018e-09
7.481807472760665e-09
6.713454531549328e-09
5.78897610613911e-09
4.797043357652077e-09
3.819985481082636e-09
2.923250026942425e-09
2.1497422606677777e-09
1.5192281801300757e-09
1.0317531478937656e-09
6.733560698005986e-10
4.955513259223316e-10
3.026573710070709e-10
1.7763561740183443e-10
1.0019014979422693e-10
5.430454555912566e-11
4.122484172771257e-08
7.370317089929519e-08
1.266730109683156e-07
2.0923843644922017e-07
3.3214454935762027e-07
5.066783693252121e-07
7.427706394577684e-07
1.0463899015758752e-06
1.4170749572443998e-06
1.8565761342572854e-06
2.3353119998652674e-06
2.823489152568265e-06
3.290148290331504e-06
3.7000356477428267e-06
4.023152341825032e-06
4.2404824292547155e-06
4.347599887908369e-06
4.354968073616375e-06
4.2846545920407095e-06
4.164272921306749e-06
4.069321048907691e-06
3.9196781916991725e-06
3.7702925563481985e-06
3.620588320456935e-06
3.460801514966109e-06
3.276841898978946e-06
3.0559919128930725e-06
2.7916837530095864e-06
2.486067977261697e-06
2.1499066316704308e-06
1.8001754030394825e-06
1.4563598928522853e-06
1.1366285320628047e-06
8.54870937136466e-07
6.191474703504794e-07
4.315980119379221e-07
2.894721162249291e-07
1.8675585405354194e-07
1.1588116795756424e-07
6.91473948122055e-08
3.9676308492499184e-08
2.1890587354653897e-08
1.1612862678533067e-08
1.5362105586702074e-07
2.7350555567627903e-07
7.295354322802361e-06
1.284385686163392e-05
2.3987468759330562e-05
4.102589930423425e-05
6.747183921888876e-05
0.00010670186535105048
0.00016225691488115483
0.0002372541025782529
0.00033358121375009066
0.0004509881413780582
0.0005862771482568591
0.0007328481272909235
0.0008808404473301051
0.001018009974250405
0.0011312999409233294
0.0012088544339829723
0.0012420538897441363
0.0012270911427843898
0.0011656897543392707
0.0010647772857142763
0.0009351991423330108
0.0007898030813120377
0.0006413613796918454
0.0005007902393542254
0.0003759912413988707
0.0002714478452397721
0.00018843928083051747
0.00014456119951533963
9.402517010939641e-05
5.882843602798116e-05
3.542950022544022e-05
2.0573401067413615e-05
1.156849797493224e-05
6.367618961149807e-06
3.5206480433907364e-06
2.0629218322497584e-06
1.3877440380178545e-06
1.1318810212821494e-06
1.0864269769670062e-06
1.1344510687600656e-06
1.2111765252250522e-06
1.2806226609003978e-06
1.3230030160121518e-06
1.3284331211079637e-06
1.2938941971064943e-06
1.2215784315370463e-06
1.1176146612081956e-06
9.907619567730603e-07
8.510168226269923e-07
7.082608990042689e-07
5.711271701469071e-07
4.462273222435831e-07
3.378026495600234e-07
2.7570672507455727e-07
1.9801284674396816e-07
1.3779162450057536e-07
9.290427824463913e-08
6.069208345106713e-08
3.841597123688977e-08
2.3559985959407557e-08
1.3999794973813201e-08
8.060310316272145e-09
4.496403604048202e-09
2.4303132282203922e-09
1.272748672470386e-09
6.458125689652421e-10
3.1750734172024436e-10
1.5124620599020788e-10
6.980694704519462e-11
3.121736476408261e-11
1.3526245686588898e-11
5.67860607276094e-12
2.309881241434137e-12
9.10376418837569e-13
3.476448387632438e-13
2.180627070716633e-05
4.0041121093987476e-05
7.056956198617703e-05
0.00010071446566578836
0.00016876011627540638
0.00026890520788007237
0.00041032784868809803
0.0006019212471607619
0.0008488994263053856
0.001151117174349941
0.0015009916752999647
0.001882321120716164
0.0022706117749773684
0.0026352567868621556
0.0029434490069298316
0.003165180959429994
0.003278269999228407
0.0032722152314398276
0.003149925521028744
0.002926900786194387
0.0026281255508382425
0.0022835150009933507
0.0019230508555292299
0.0015726834164608808
0.0012517185893042588
0.0009719120737635622
0.0007380370049301218
0.0005494064528223466
0.0004017616091901664
0.0003231381572671726
0.00023007606049944038
0.0001613084396033097
0.00011130800609273786
7.550540112575675e-05
5.02707051691541e-05
3.2790031975219106e-05
2.0914679938076813e-05
1.3022295732520803e-05
7.902876247422775e-06
4.668575094422128e-06
2.681830456029214e-06
1.4968178971065856e-06
8.111905448382368e-07
4.266643256322938e-07
2.296668139041635e-07
1.2914446122057787e-07
8.851001800421116e-08
8.489090282070293e-08
1.074906553823852e-07
1.522860590413247e-07
2.1848526874682872e-07
3.0605286948530694e-07
4.13907586661593e-07
5.386583736720741e-07
6.739245369780142e-07
7.654300041243539e-07
8.963123801415373e-07
0.00013584370499914188
0.00024551435216797946
0.004955311474649642
0.009026954051281719
0.019025971660873515
0.03238759791366298
0.053038791891339386
0.08355649719169464
0.12662794681860673
0.18460114233782557
0.2588773827525939
0.34921690391296367
0.45314598074840723
0.5656138234967222
0.6791082136138925
0.7843209774743829
0.8713326838250383
0.9311283656266215
0.9571304130110508
0.9463894336295676
0.9001350126329094
0.823544162793939
0.7247877391211522
0.6514255322262966
0.5374109265436072
0.42648820751202876
0.3255927823235384
0.2391226314638214
0.16895037750200842
0.11484423753187026
0.07510967497172619
0.04726637816200125
0.02862347097311378
0.016682589937561776
0.009359478722702371
0.005055755704055097
0.0026302435582063865
0.0013184042042951383
0.0006370282906484255
0.00029689272659355154
0.00013357164732910175
5.806674068648842e-05
2.4420475444308648e-05
9.949557397823392e-06
3.933462675457254e-06
1.5115993187654894e-06
5.65706047161221e-07
2.4265238870579656e-07
1.4057524394633108e-07
1.352988730661541e-07
1.8214079828252312e-06
3.300133813363759e-06
6.863613503101901e-06
1.1701007214069193e-05
1.9196203188901807e-05
3.030184856616576e-05
4.602193274921297e-05
6.72498913559611e-05
9.454558664264628e-05
0.0001278814255330087
0.0001664121847695698
0.00020833885679317194
0.0002509342761974149
0.00029077172453853794
0.0003241495881693486
0.0003790901035245955
0.00041700343133334626
0.00046054175869417245
0.002201196774625825
0.0036701443942166595
0.007183328987412545
0.011899296209651283
0.019147154554360418
0.029803815977918903
0.044733420339503484
0.05744249815172378
0.08150655711888137
0.11098343197841187
0.14582118067982022
0.18432646551061058
0.2246574446901248
0.2641903893317491
0.3000377972297604
0.32947284069071836
0.3503586144037235
0.36147582658937494
0.3626644090951541
0.3547460883882349
0.3392591562614434
0.3180902474444745
0.29311124184655274
0.26591499487361586
0.2376992191245241
0.2092950178479462
0.18127658060601323
0.15411216915342682
0.12826045355174057
0.10420611184040161
0.08242816259683976
0.06332997430609072
0.0522205187819168
0.03806203218674358
0.026833131013966137
0.018286402087616973
0.012049375107330987
0.0076885868711786855
0.004769097204053902
0.0028986289769131067
0.001752459108967528
0.001080851111636594
0.0007039818447155244
0.0005000319497229682
0.00039117222276536216
0.00033054157030666653
0.00029171409146513553
0.0002609807000200456
0.00023210798409003294
0.00020298691385050492
0.00017358926716567815
0.00014476949141932076
0.00011759125954648655
9.297333542203046e-05
7.153372903177216e-05
5.356469910187069e-05
3.9032173162152845e-05
2.7689308608441545e-05
2.170602710185156e-05
1.528257705223269e-05
1.0721641593145431e-05
7.944494641273085e-06
6.657657126213079e-06
6.661320020582753e-06
7.844584801243922e-06
1.0166069250791352e-05
1.3623293510230851e-05
1.8214689757377115e-05
2.3898893817732143e-05
3.396156046578326e-05
4.3742842128346924e-05
5.528159545539814e-05
0.0002188256092213733
0.000337569777533124
0.0006014516897561695
0.0009219158768656705
0.0013864264078677527
0.002039291277676394
0.002925112856433278
0.004085515717647419
0.005548691544807356
0.007321929248010216
0.009381996391720037
0.011668779815695135
0.01327181512385429
0.015698288603015975
0.01801357339784761
0.020050832553302263
0.02164824858536626
0.02267006513829897
0.023025552878547028
0.0226822436052692
0.021670761281231157
0.020080259500043912
0.018045410644011366
0.01572757883330289
0.013293818467089328
0.010897455406291114
0.008678267733902395
0.006703462003576768
0.005032301755236944
0.004298822360964712
0.0037933910271339367
0.0037929009789585415
0.004326363138333793
0.00551854756024229
0.0074644725360062565
0.010271524742277443
0.014045332758152047
0.018868915390532395
0.022687912552021402
0.029303113672840973
0.0368843239756751
0.045221382575085026
0.053990833719685216
0.06276651059641972
0.071047619168972
0.07830271429413312
0.08402459563746247
0.08778835338892003
0.08930437687290751
0.08845205333317423
0.0852995375046642
0.08009246819356411
0.0732229667195047
0.06518096037148455
0.056496752383202176
0.04768412725438336
0.03919229407810643
0.031372480973890705
0.024461718723764098
0.0185847681780275
0.013762327345456656
0.009939752461897615
0.007008630429330605
0.0054853662854254795
0.0037337094983631754
0.0025011092425490334
0.001749733711947153
0.001280632574805706
0.0010880242392018735
0.0011107490710906825
0.001326728205840124
0.0017541027031405718
0.002413259943172947
0.003332046072588156
0.004537461419109654
0.006046219871655786
0.007854918209407613
0.009931149163001425
0.012207348197045475
0.014579257499133979
0.016910456016781105
0.01904341958885557
0.020816204413625933
0.022082421529739233
0.022731101319017892
0.022702695624962986
0.021998009181987275
0.02067820981668627
0.018855906220393008
0.017434100367114472
0.015111713248494123
0.012705857715058192
0.010362493838619936
0.008199565530900602
0.00629381428140852
0.0046878389991021315
0.00339013044531648
0.0023830349727613142
0.0016327595760771989
0.0010964234566568434
0.0007301845624130735
0.000492864432248795
0.0003492177544963616
0.00027051816254078734
0.00023438593957738975
0.00022394967976401627
0.00022683766198710996
0.0002342603433703499
0.00024028802505511818
0.00024131262281629665
0.00023562385167757354
0.00022302372898149608
0.00020443190452984928
0.00018148033643772897
0.0001569376459147606
0.00014003195694894398
0.00011565922978332752
9.380399178840941e-05
7.558239825556573e-05
6.169572582918437e-05
5.247288517515273e-05
4.792031519234404e-05
4.7757729032754227e-05
5.143502583373371e-05
5.814155214370558e-05
6.682852670153872e-05
7.626559657422973e-05
8.519041743958838e-05
9.230097993203907e-05
9.660852019764842e-05
0.00010180468299121434
0.00010273004542956576
0.00010288370154225278
0.00010427867697416971
0.0003709032512627195
0.0005932158739757521
0.0010829526143020518
0.0017613679099703263
0.0027934101107792717
0.004291996999641372
0.005606036199514167
0.008120426903789103
0.01133654624607862
0.015255468724749952
0.019765036342360622
0.024662839410025308
0.029638224304948727
0.034839173296681056
0.03919941550572452
0.04298637897319615
0.04569732974636992
0.047523357768145036
0.04870246767216255
0.049637139662896644
0.05080826529240721
0.052681559284660825
0.05558192211187788
0.05960057162458352
0.06454216584903982
0.06993121087672935
0.07508251978435891
0.07922124145042998
0.08162708797450724
0.08177021002964471
0.07940818416937892
0.07462349660032941
0.07026543188141733
0.062399044430455027
0.05354954691535492
0.044421596179413145
0.035641051097936194
0.027683115314809607
0.020840794678372295
0.015230721297827413
0.010825759275345544
0.007500748417599833
0.005078898200611688
0.003370179718448976
0.002197704511354004
0.0014120230777902886
0.0009050324636284146
0.0005785854888030327
0.00037766289758477784
0.0005028828884521652
0.0006997884111592163
0.001070202845667645
0.0019442587517236284
0.0031395077534317286
0.004928133090639361
0.007499646408082897
0.01098875461966806
0.015548568357119864
0.01918227896786257
0.02548895521249601
0.0326411673138319
0.04028667382867958
0.04792679012401044
0.05496331516745064
0.06077434595069257
0.06480635660868331
0.06666365235318057
0.06617494382600239
0.06342112242729157
0.05871802357838746
0.052563556401071125
0.045537493686343654
0.03823211831002847
0.031288621734173856
0.02497205296547729
0.019583632648690442
0.015380351559813845
0.012267782381132497
0.010284855164460033
0.009377726929706008
0.00947460511715506
0.010489036482639222
0.012311084145536902
0.014792958562072727
0.016717606783063936
0.019827346272018462
0.022947361876820623
0.025764853290722874
0.027986194955279754
0.02934445234191685
0.02968619966335253
0.028963532853449634
0.027253779206545863
0.02474440669032856
0.02169663149741108
0.01840240818043553
0.015139668961045303
0.012135786093730129
0.009545149198436425
0.007442692350112264
0.005831455682403729
0.004659770131591945
0.003842764244897932
0.003283386124468569
0.0028895449241318825
0.0025855787884245763
0.0023177952853324574
0.0020548869695880254
0.0018985941076134659
0.0017612641740370593
0.0015880827141105426
0.0014793477565158768
0.001466898881525322
0.008678311879479443
0.013387139599932197
0.02344169357614412
0.03578899033272864
0.053460772765736915
0.07795169600237971
0.11082821011024192
0.15356526159265854
0.20732526139717145
0.27269576675643764
0.34941847238004853
0.43615533429153464
0.5303396740912617
0.6281743115513594
0.7247955404745545
0.8146253247307892
0.8918810558565844
0.9511802772507004
0.9881586252123942
1.0
0.9857914033272098
0.9466387847821045
0.9080848828485613
0.8347489514397829
0.7474938225928185
0.6520560791177608
0.554104104369647
0.4587018589482028
0.369918655596945
0.2906182241452496
0.22242582400872193
0.16584374669864688
0.12046797342351641
0.08525338651887006
0.058780142868859755
0.03948602100222092
0.02584454888962
0.016482838204555417
0.010243866100985493
0.00620446379472957
0.0036627084029042436
0.0021077470958025734
0.0013030840917653446
0.0008532547163343844
0.0006872650578791268
0.0007292020679240557
0.005810075594811024
0.009655609650451175
0.013389673741432746
0.024004369942685927
0.03764533787641544
0.05734496940531388
0.08482372327671361
0.12181945926870935
0.16984627358192333
0.22988298311398592
0.30202857904584424
0.3851793939575803
0.4768116137749385
0.5729003386919634
0.668130562022176
0.7562901533022555
0.8309250152467323
0.8861017204174835
0.91718702638031
0.9214897302901734
0.898656556883137
0.850687855940409
0.7816892595279994
0.6972752154751707
0.6038026806783773
0.507619950391195
0.4143570576025434
0.3560533145614514
0.2768050911974237
0.20907624978417322
0.1536436068196063
0.10989030911881066
0.07670352731439747
0.05255303682646216
0.03559116647984973
0.024211229306934222
0.016972926429018292
0.012708172718678619
0.010525048850976633
0.009775873913000194
0.010006999703258638
0.010904096756039844
0.012242343315275541
0.01384697249402462
0.015566458205852665
0.01725825682485238
0.018785368808493196
0.020024947071950173
0.02086460446167926
0.02122785020461278
0.021075600168610178
0.02041151552386002
0.019279179892587525
0.018302793391599584
0.016582252446866612
0.014659862625451457
0.01265208568001639
0.010671061210498996
0.008809461802812366
0.007146577792115751
0.005713321887859718
0.004531155273953451
0.00360651384634766
0.0029131962001201195
0.002429477706038737
0.002125582720392281
0.001971240140172325
0.0019376404825736978
0.001997863110434513
0.002126791384305634
0.0022983514289394765
0.0024870590395022663
0.002666867575085244
0.0028181650797710085
0.0029118652626473557
0.002935403044343687
0.0028811655769768723
0.0029185075109046427
0.002877091741828196
0.0028528334113636293
0.0028825941035945097
0.003207152971455307
0.003696302558128659
0.004563727358409183
0.005864941576926018
0.0077026820244167436
0.010160859894277402
0.013242792811841812
0.0169393053795191
0.021168419031676836
0.025779294029817677
0.03055379640039071
0.03521777010860381
0.039463919854131634
0.042982286403193376
0.045496119481294235
0.04679644374694835
0.04676985115468568
0.0454142282658018
0.0428393865585648
0.03925235030821766
0.03493238549596241
0.03018786701674237
0.0253299522670092
0.022166538472827717
0.017703626103505732
0.013726522069067534
0.010334040943863273
0.007558477680940619
0.005377693543798818
0.00373137721357281
0.0025375422886156317
0.0017068530183815239
0.0011533593176329556
0.0008012686622115644
0.0005881732413594186
0.0004655941403859535
0.000397820933830554
0.0003599068692748511
0.0003354425259667702
0.0003144755892317317
0.00029173688459508274
0.00026519970032897307
0.000234980207721817
0.00020230338466720353
0.00016899790377235648
0.0001368941266621481
0.00010868347292384557
8.42833061695476e-05
6.479641624477844e-05
5.530983481894176e-05
4.565016099001818e-05
4.179685133114307e-05
4.393836233458358e-05
5.350619248437716e-05
6.982219027729222e-05
9.228045040352884e-05
0.00012202991457655115
0.00015826976285325469
0.00020023112032424695
0.0002537740384007939
0.0003088591413468429
0.00036849261909348914
0.00043187698653013946
0.000673709096140949
0.000902375026614614
0.001198306532180419
0.0016956601594772058
0.0023823532826682215
0.003318692829996853
0.004600394354134355
0.006310474919697257
0.00852304755525139
0.011289502927007618
0.014613309953123474
0.018454692372397455
0.021252542855990687
0.025681966871128382
0.03019071312426506
0.03450937002221857
0.03833958119293611
0.04139241061595657
0.043442174731214145
0.04429537428897105
0.04388915165107508
0.042268735877796025
0.04011324510870806
0.037038949182956464
0.03384030840828784
0.030875000149208073
0.028551929727495016
0.02743265293847946
0.027875086294803498
0.030369617747966572
0.03525938981640391
0.04321631725209809
0.05379562808883282
0.06719012918385366
0.08336733291226008
0.10157948981960861
0.12126402183503816
0.14155303693705273
0.15492521520256636
0.17397574150542844
0.19089933594681088
0.20475206420570596
0.2147546373934107
0.22033758678942295
0.2211844441539839
0.2172398080085849
0.20871161502048277
0.1961816843625246
0.18018366535426494
0.1616678423885738
0.1417027450159143
0.1212694802075377
0.10141959318723083
0.08304322909727853
0.06682776805514525
0.05320976836915968
0.04235877665595538
0.034193466049830874
0.028425078552944984
0.02461940223288612
0.02226694530432056
0.020866744054367743
0.01993567405852132
0.019393546368619827
0.018497558114473827
0.01736177648232752
0.01638242341006013
0.015161713530013112
0.01403058581731244
0.01347857610708914
0.01370660724594935
0.015057339387453066
0.017899718518398684
0.022532798618958873
0.029157848826959404
0.03776144286046512
0.04815640950308526
0.05989978591818721
0.07229943983656854
0.08443987517478263
0.09531662623956802
0.10393547946699887
0.10946387257341825
0.11190095458735425
0.1103681563968991
0.10547310164887574
0.09813597404449312
0.08898725928995492
0.07924949495919628
0.07297823798206308
0.0646369812752737
0.05828726396971413
0.05443239510279586
0.053292857777662295
0.054774567150717136
0.05851084579666847
0.06391626415239435
0.07025438460729082
0.07671456545419439
0.0824931397470557
0.08687312168922724
0.08929494407172628
0.08940982442609034
0.08710821690426943
0.08251878147405214
0.07597791125562911
0.06797496887804581
0.059082622098690224
0.04988390764250556
0.040907365405688595
0.032578982969650186
0.025195757385947197
0.018920199029112055
0.013794071114927578
0.009763158710086935
0.0076302308292650976
0.005143299493907383
0.0033695571152563405
0.0021500818232248263
0.0013464855000264004
0.0009479144807500076
0.0007576365235866541
0.0007637417214451465
0.0010042701755498436
0.0014651792577451213
0.0021759724874860996
0.0031973160491435273
0.0045771435488759565
0.00634774220627371
0.00850981629387072
0.011018034665449634
0.013771704388919895
0.016614207346909413
0.01934360922540784
0.021736532079643333
0.0235717702611837
0.024703152250521984
0.024977064721479758
0.024391990614017648
0.02301863273645844
0.021736541586528057
0.020389431983828053
0.0184182658764453
0.01672320234868086
0.015961846787737842
0.016176276874711387
0.0176464305868478
0.02097979842859093
0.02616551220709495
0.033544361259163075
0.04335548918574803
0.055552006744319066
0.07008942847679593
0.0866984391984771
0.10492924138782317
0.12410418587770397
0.14334722674979325
0.1616380948397894
0.17787786800293173
0.19099135541664108
0.20003897695468997
0.20432526502272533
0.2034862326059811
0.1975405204959479
0.18689337056476923
0.17229166189923908
0.1608475106735022
0.14195330874655426
0.12202097054376713
0.10214939018824797
0.08327505813100544
0.06610706493676137
0.05110159879514104
0.03846446199203949
0.028193263102317817
0.020125181490929123
0.013993442047409583
0.00948173137042691
0.006266964043472166
0.00404790023959258
0.0025764147530939713
0.001628019444796648
0.0010469051555576493
0.0007353157514452903
0.000592627377053298
0.0005705254302454952
0.000642411756546924
0.0008087495721989797
0.0010483924751767178
0.001370183593081218
0.0017757307625228828
0.002262439808152898
0.0026272296078765204
0.0032263815536812553
0.003855571461775007
0.004481277099542525
0.005061468165789154
0.005552432465198115
0.005915001464918504
0.006428562297916263
0.0067065435800159326
0.006994722917976374
0.007465257676118194
0.008113397738306933
0.009155117745692195
0.010799577976745729
0.013770202058736844
0.017470902527268652
0.022238355716952006
0.02817495871238071
0.03573908712793861
0.04421956325782353
0.053797110855042185
0.06435836316097178
0.07578273986143623
0.08794648312669509
0.10070864396812103
0.11387996258143974
0.12275571207336772
0.13593051900020434
0.1484864702869291
0.15979244019590827
0.16912455760829403
0.17574294399241364
0.17899181318959856
0.17840325557498263
0.17378283324012103
0.16525751379891274
0.15327543114461858
0.13855737715087982
0.12200633941363852
0.1046018089824284
0.08728692981125284
0.07087634473733732
0.05598873387313549
0.043022043482600615
0.03215534111888623
0.02337862563291555
0.016539299645636028
0.011393350302346327
0.007654351394686346
0.005028411616121836
0.0032470871112725698
0.0024131776116540085
0.0015498857219882107
0.001016598285107947
0.0006985917335009678
0.0005151934655007889
0.00041227064154847803
0.0003557917060799798
0.000323961498011831
0.00030510743485379473
0.0002928587734374291
0.00028417041825601065
0.0002777412904276735
0.0003037390921896161
0.00032528050172127786
0.00036396350649623316
0.00043474658873088215
0.0005599479367265915
0.0007232540614220204
0.000951655541655832
0.0012572929462161622
0.0016484787661917336
0.0021267569619679654
0.00357847291586776
0.004755636693899965
0.0062490314281913786
0.008374337004471542
0.010083662787812978
0.013076277362987089
0.016846170233690026
0.021548777615810748
0.027330779554497742
0.03430327807433906
0.04251897130544503
0.05190954812336419
0.06229724825264996
0.07335900278320959
0.08463378438069685
0.09555013190826414
0.1059082168802666
0.11453930937316331
0.12118982591968258
0.12561207757574877
0.12760012143734278
0.1272483320347306
0.12493489498682593
0.12114682405724658
0.11648482727102571
0.1115333896695047
0.10677129957202398
0.10251375776280912
0.09881416968479141
0.09554898742381925
0.09346600501091576
0.09021124414676662
0.08644360632723329
0.08185313008935678
0.07626697619851724
0.06971115429257037
0.06252432638082288
0.054780231677541216
0.046995549867027774
0.03965108641097765
0.03306465706431866
0.02752729437107283
0.02323606653697284
0.020262065185155984
0.0185756637705663
0.018064505984765857
0.018562804771982255
0.019838585962607815
0.0216491709072093
0.02373279526264667
0.025833815022097306
0.02770224844018412
0.029139276022463242
0.029976231686394197
0.030120765997958925
0.02981568150122332
0.02877811023195195
0.02711607987975276
0.025214749973618954
0.022922262131029235
0.02058889425952059
0.018435120041272266
0.01682704010857217
0.015771534890266066
0.01552373853488643
0.016217370996969335
0.017916374354794047
0.020621323954935076
0.024189922766692795
0.02841157140001441
0.032967048187783225
0.03746472190642916
0.04148236437683848
0.04519691324102004
0.047527755031129014
0.04867479742750212
0.048676890205312434
0.04804346269038804
0.04671144671389119
0.04532567894481737
0.04438162662093347
0.04422435040421758
0.044973496588894234
0.04713059229394424
0.05069360356855303
0.055533568678546454
0.06132486975684663
0.06756677877231226
0.07368196421874995
0.07907438780982272
0.08319715517688415
0.08561903045212552
0.08607090059146036
0.08447122675487169
0.08091543770396274
0.0756610832558872
0.06907924526143464
0.061604828416601386
0.053685212059584354
0.04573584710123125
0.038107562009332456
0.031067536845620126
0.024793374684765817
0.019377886884364804
0.014842578087260107
0.011149656721056413
0.008224544532037466
0.006652941006453253
0.004783516610025823
0.0034032309083220414
0.002409539409798729
0.001711372624847931
0.0012313933421568982
0.0009074966921969822
0.0006914133456541958
0.0005480001321357953
0.0004553250657595289
0.00039725145263309734
0.00035850949726398305
0.0003399134995294905
0.00033763037884634867
0.00037481216946734
0.0005635461045752093
0.0007917993413121284
0.0011364028006522551
0.0016658317519294562
0.002487434111836511
0.0036254367651952337
0.00514260910358165
0.007118252793513287
0.009573830666155166
0.01249853300214628
0.014675697430010194
0.018188108578026368
0.021830345472264045
0.02536586943195552
0.02882030645612686
0.0315332659324259
0.03348449218795931
0.034561287334041374
0.03491262998734564
0.034428520556576366
0.033415982069651504
0.03216170129283333
0.030989930279350028
0.03019606500050578
0.03003098812907539
0.03065227963644155
0.03210419539370941
0.0343166288744499
0.03710929090942899
0.040219517379207925
0.04333273234971414
0.046118365677262144
0.04826979921928638
0.049538280048918304
0.049757566713140015
0.04888289869503163
0.04768225712219609
0.0450498133583346
0.04157702959377922
0.03748910443159149
0.03303794352098321
0.029088249710332238
0.025150669817557467
0.021701058078381935
0.019039534884992847
0.01737569375903298
0.017421469782334446
0.018598541913286068
0.021390456959928163
0.02593217666994657
0.032308070847400255
0.040528059965578636
0.05049947005919079
0.062002006774639754
0.07467103512881341
0.08799571831934667
0.10133680082103737
0.11396591469788363
0.1251232538617214
0.13410542600295777
0.1402803111357095
0.14323116262130867
0.1432958754187163
0.14054324048876707
0.13457506205524608
0.12582310677528402
0.11557412605593864
0.1037230699183585
0.09132897379010436
0.07926949238350671
0.06828340006906711
0.059573284839142364
0.05283938150925192
0.04881365576616227
0.04773599347542516
0.049693856687440315
0.054619072429066357
0.06228312204284636
0.07229543088296732
0.0841065838763524
0.09702320799047222
0.11023827846114004
0.12287871664771788
0.13406838452814004
0.14300065478676366
0.14901158427613884
0.15164596207662995
0.1506919336286566
0.14808130655381854
0.14140584124189517
0.1318442114945747
0.12003064095108311
0.10670224671250342
0.09272457628476545
0.07870540028840331
0.06531398185249188
0.053062933656888835
0.04231011438209245
0.03333497459690786
0.026100444313167222
0.02062340104471566
0.01679177151719258
0.014437258411950473
0.0133555996388306
0.013592883587910654
0.014588140812282546
0.016292809511207592
0.018532085607263632
0.02124160097059656
0.024235915320572562
0.027432020158023568
0.03078075376178067
0.03424536853925753
0.03659513720860901
0.04012674123378954
0.04357719330824651
0.046784100592919965
0.0499964318785446
0.0524988582985797
0.05429049225555257
0.055323845744102707
0.05561037847602769
0.05562164447780094
0.055134046905200566
0.05470427616951647
0.05473251423458627
0.05559913214084337
0.05759759562957781
0.060875228569374065
0.0653941342680568
0.07091274620523566
0.0770090922925995
0.0831229129216713
0.08862589189656439
0.09290230106141281
0.09542896019276095
0.09587265919262868
0.09403457628678681
0.08998015004320577
0.08616587988413521
0.07908359283107595
0.07080196289478084
0.06184923035493113
0.0527791712111481
0.044076274833123354
0.036127899511131344
0.02920219724549555
0.0241553760744071
0.020077793123187002
0.017397372027237037
0.01608425804277358
0.016371879002628244
0.017829517961294294
0.020597432505652737
0.024659838940954835
0.029992168638202456
0.03652798585126532
0.0441395045446361
0.05278327702606158
0.06196150195944514
0.07131707532482125
0.08040665959088555
0.08873592114686502
0.09597260965667545
0.10155696548622632
0.10427138059148372
0.10673703467826932
0.10728545752521566
0.10604985327961296
0.10325847119232999
0.09918952608638068
0.09412460408167703
0.08831469882347298
0.08196317533827673
0.07522621595531306
0.06825053983908569
0.06111355058698771
0.053941761080931516
0.046862176395538
0.04002344375841373
0.03356946048395187
0.02764267093562654
0.022366673757412765
0.017827158396964776
0.014064049050284116
0.011068243186667288
0.008784661653751883
0.007121321503762064
0.005961856945748843
0.005180648005900707
0.004809567759205997
0.004396596754254581
0.004076804130616726
0.003784424849832681
0.0034827875870792183
0.0031501982247224302
0.0027881703259516884
0.002410226151122827
0.002033153672891289
0.0016792189848276202
0.0013624417522958069
0.0010971710898415579
0.0008917112606250675
0.0007474825067460128
0.0006624789366431132
0.0006305433178974256
0.0006427643249377012
0.0006884559055669125
0.0007560356309790716
0.0008338092149008328
0.0009113421184303896
0.0009780368936549357
0.001026428041224647
0.0010510928527705033
0.0010492856328615748
0.001020960275917286
0.0009884738244794057
0.0009398582148896177
0.000874834077797203
0.0008086207501713171
0.0007538520539724997
0.0007221935364453153
0.0007366256845769965
0.0007931356777619302
0.0009069807741484758
0.0010887328676860352
0.0013319223612342115
0.001633354344039626
0.0019798850808019548
0.0023516157412467463
0.0027239496498131462
0.003068695953351043
0.00352326725008966
0.0038996933817517032
0.004267615620079859
0.004682579919174354
0.005205647322406889
0.006036098860804417
0.007111064031819712
0.008587257221973277
0.010535233140376453
0.012984195226772289
0.014888503555987483
0.018075031818409675
0.0215236097040044
0.025020441947984362
0.028311768904320175
0.03113218603823582
0.03324126702807166
0.03445612512622513
0.034675556215586725
0.03389065217604207
0.03218154419887847
0.029701983556582483
0.02665687843558534
0.023271088392983513
0.019768147605311617
0.016346858604888072
0.013164030596573353
0.010329764302220839
0.007905136940692777
0.005907620049985607
0.0043271217811591545
0.003115569040501089
0.002222304811166013
0.0016327944851139828
0.0012436643673884099
0.0010418665049615509
0.0009934641135070823
0.0010378681094800192
0.001231389771577755
0.0015441361465903215
0.0019838931092102715
0.002544610336211659
0.0032136453884255042
0.003965959687633306
0.004764859278450001
0.005562014951724007
0.0063014013678087556
0.00693426750356476
0.007400890920675515
0.007667242889646937
0.007716770550408542
0.007552405344616277
0.0072044171918174485
0.006708660989615744
0.0061223455056859674
0.005498357184534122
0.004893189463766564
0.004362681088849415
0.0039275400097296305
0.0036126878959739455
0.003420316629124724
0.003360042436192686
0.003355203116526597
0.0034461479827887593
0.00360122270713446
0.0038016209424095618
0.0040293547960907556
0.004265606057168111
0.004495193378444911
0.00470444494322433
0.0048779577688784735
0.005002142710758767
0.0050649066715069855
0.005056499774980595
0.004970822731081199
0.004806570072733375
0.004567687083737379
0.0042630557279725225
0.003905662321013023
0.003511288089444773
0.0030969797110718764
0.002679525127723099
0.0022741201730850933
0.0018933559550356296
0.0015466057923292267
0.0012397810371904752
0.0009802853227199402
0.000829677431919361
0.0006389809717789751
0.00048805416161880924
0.0003730257389732551
0.0002899636505241108
0.0002349188092627766
0.00020459905471786888
0.0003624505202507662
0.00047674967598411374
0.000663646233646224
0.0009379300049841338
0.0013226240766225092
0.0019283312474650625
0.0026640711787787046
0.0036134395185701555
0.0048024692760277295
0.006248345994539614
0.007953683956421433
0.009899427068619413
0.012043376040895441
0.014315563640468949
0.016623216051588965
0.018854503443842627
0.02088835560407925
0.022606069769211395
0.023897761153995518
0.024481613701272876
0.024924474856249206
0.02481343559515424
0.0241624631935153
0.023043703659618
0.021549466186668552
0.01980791638258653
0.017938916575759228
0.016093098751580937
0.01463272753035659
0.013334038716321755
0.012395007738241905
0.011916427876087059
0.011966113848862417
0.01256384779638826
0.013982405356194568
0.015899675540002857
0.018480205577651943
0.02172693487193818
0.025621136768047
0.030109185619309222
0.0350995354446339
0.04043528604309817
0.04591557992505031
0.051317210676285044
0.05472460139493361
0.05935669302119401
0.06316771623554028
0.06593073099277634
0.06747789362410117
0.06773511124345157
0.06667999130144296
0.0644054768763579
0.0610703176218316
0.05688736295065072
0.05210070875440815
0.04695892310401993
0.04169499386513166
0.036508738503170705
0.03155737323292742
0.026952571185352478
0.02277117999865455
0.01903691410063066
0.015758352781395427
0.012921309973912014
0.010499840296979037
0.008464869760581244
0.006778972846898165
0.005407911624287075
0.004319357647371884
0.0034792575076591685
0.003041040635702204
0.0025428872417229647
0.002202771349995623
0.001997894761557701
0.0018820581803211135
0.0018297909267278854
0.0018410998078954436
0.001872190641483665
0.0019266993895792608
0.0020045258549714917
0.0021115809756942104
0.002258851708982887
0.002475304169691385
0.0027415549955454024
0.0030721610057359554
0.003463790288857234
0.0039062287622365814
0.004383071136917047
0.004873241243277931
0.005353067252017716
0.005797861141480605
0.0061881416850602024
0.00649849059048027
0.006714579146540191
0.006825158841202172
0.006824583541433888
0.006762523412442151
0.006581575770317359
0.006310462720246
0.006031990415119642
0.0056836872297503374
0.005326595077249828
0.005005156163913769
0.004763863296146385
0.004641011509628206
0.004739440264712032
0.005022244760520944
0.005544771280105626
0.006329738239801375
0.007377857765286183
0.00866755107200297
0.010156698518236697
0.01177125021807603
0.013424104734663636
0.015013093251789286
0.016431989353316755
0.017581003002892018
0.018376567356149582
0.018760237604314087
0.01870401846095043
0.01821287244023859
0.01732732159784812
0.01654286322197102
0.015136336879191468
0.013533403360011294
0.01183188163452663
0.010116102885066569
0.008466249379598598
0.006947376648061967
0.0056060228705878444
0.004739063451680914
0.004004040357015666
0.0035861540916571235
0.003504136875941288
0.0037919821515572483
0.004569524616645081
0.005719282849036638
0.007328072825856981
0.009408466275873736
0.011951208187410342
0.014926394146600911
0.018456862317274617
0.022136985317617746
0.025957516087634108
0.029756086593503196
0.03336349551671796
0.03668479751383207
0.03864124532357306
0.041097696971673495
0.042973100348769534
0.04427180036622322
0.04504350622319874
0.04537213605083721
0.0453588253355559
0.045100769543671426
0.044680455955997636
0.04414213383119558
0.043495575736580784
0.042723194084257364
0.04178182918260982
0.04061734431010922
0.03918155063312344
0.03743340852968206
0.035362218878528424
0.033059588474617305
0.030476543119140165
0.027717088602260496
0.024882269494130815
0.022075772442895526
0.019401550361158714
0.017008600843498034
0.014912901592240157
0.013210533871841327
0.012314806988469354
0.011340371239585048
0.0108149837963873
0.010716821606779784
0.011005853840285632
0.011619304169770882
0.012477778837706443
0.013491129303535068
0.014665030002986546
0.015791935886186326
0.016831333909551698
0.017728143618623092
0.01843641316494774
0.018930205322159516
0.019273027447591653
0.019389430347495264
0.019359885083072865
0.01923864396079102
0.019085043034703653
0.018954946752350647
0.018893592728159575
0.018923282445250295
0.01904550376910865
0.019237488698533763
0.019455420218968504
0.019640794154414835
0.019714190796606915
0.01970172094721694
0.01949547747541644
0.01905202479715528
0.018352040852663173
0.017398125085765343
0.016214309884158246
0.014846620114763998
0.013346214548934747
0.011777402115847253
0.010203846496356736
0.008684033655069137
0.007267119895867348
0.00598954562898206
0.004874189941418039
0.003932424164016075
0.0032973938861750123
0.002789870209263726
0.0024889381677439958
0.002402428978702998
0.002542986638308526
0.002963008884467919
0.0036526650152253395
0.004623081864426536
0.005976436907609296
0.007003814298173654
0.00875705823174265
0.010702688286499482
0.012744772013374749
0.014767902336616836
0.0166965081484327
0.01835887056523355
0.01970155629819203
0.02067974815223144
0.021286236611012043
0.021548346597335562
0.021512097799283956
0.021237971759452613
0.020785423197513548
0.020205701550249183
0.019540036017644095
0.01880922645644033
0.018026766685650435
0.017195112518847196
0.016388089604935787
0.015504644302346465
0.014595720342405173
0.013678956512425624
0.012782234807986468
0.012065756606279393
0.011438117527877075
0.011116205841451766
0.010833897089855434
0.01083291087542165
0.011141513426706677
0.011805113462829281
0.012765111859353835
0.01397461168657585
0.015381301623206585
0.016907795537165402
0.018471998924200463
0.019983653707295733
0.021365808082294623
0.022533331411908473
0.02342092372740568
0.023972009238794337
0.024146043042105096
0.02392299630692981
0.023305679186654014
0.022360513069193035
0.021089931269798756
0.019761837591633385
0.018242312925441036
0.016709891417730768
0.015296150386686304
0.014134032204313743
0.013317971181318906
0.013084292460747205
0.013134317161419287
0.013766168606251787
0.015044146253564199
0.01697583767193059
0.019524782178323808
0.022608573643437144
0.026094307804549282
0.029808164222950222
0.03361051924757988
0.037206282157684394
0.04040969935110045
0.043041528447445646
0.04495541814168851
0.04605956449337608
0.0463564572587878
0.04590686477719557
0.04471067186874015
0.04294670166316023
0.0407787852342799
0.03838190497493771
0.03592525806955594
0.03360025895021397
0.031467848115560255
0.029626130101724938
0.028576761112594617
0.027267200278303982
0.026228455575677753
0.02538473436115942
0.024639221073479052
0.023890190208355366
0.023046560499631875
0.022041789378659814
0.02090036495310078
0.019541130686771595
0.018036861795121997
0.01644332041685032
0.014836431645808855
0.013297201620906514
0.011932674858940088
0.010767582888698838
0.009867985517254194
0.009255538942242719
0.008925370665058026
0.008844103306296947
0.008954702037837811
0.009179401222405547
0.00943504419466097
0.009641812563704588
0.009735041910089639
0.009667557304163044
0.009522749351560413
0.00915666478983611
0.008621558449473527
0.007949370716432093
0.0071786853041413395
0.006352030323765638
0.005511066271722899
0.004693461217280803
0.003997783824675295
0.003359530924408375
0.002932492568679806
0.002625791576057403
0.002494605376258184
0.00256878422034571
0.0029008025417033485
0.003467482509154419
0.0043434148824335215
0.005509864049888541
0.006971498405526947
0.00873264557327067
0.010789043875248266
0.013067137783705326
0.0155099410207924
0.018028569418122753
0.020523061701253995
0.022876333347961825
0.02431879223126396
0.026205896710547807
0.027686691424290356
0.028696364133370462
0.02919583812020642
0.029170951710676338
0.02863514884696656
0.02762628618227209
0.026201933803952554
0.02443502815727591
0.022408657913110665
0.020210572604784493
0.01792773616704842
0.015641209168971878
0.013422014439173357
0.011328084408788746
0.009402696064798873
0.007674311436107471
0.006157613281480409
0.004856336901521488
0.003762516348617107
0.0028633773767804123
0.0021397635279497744
0.0015706570146001768
0.001134238776494656
0.0008116149485318932
0.0006468982206228699
0.00046372375860504486
0.0003431918534280544
0.0003096757282514796
0.0003052044490100916
0.0003481288413363487
0.00043993891062430466
0.0005890646691080546
0.0008010180090306701
0.0012355530216704845
0.0016984380860174705
0.0022971134333225765
0.003048639228581662
0.003964494047155904
0.005051288078869961
0.006363803801775527
0.007809603062106107
0.0094068990395603
0.011128980450926891
0.01293748031070661
0.014781455869633616
0.016596781436958825
0.018313812986273895
0.01984332940114839
0.021105321176326162
0.021761513898553582
0.022423487924485418
0.022664932526107275
0.022473220551996423
0.021867543111454085
0.020884197116398977
0.01958662563793163
0.01804856719786886
0.01634883070510341
0.0145679515896594
0.012771313862436623
0.011021955739685996
0.009370891998488708
0.007856901819275156
0.006507686780892904
0.005340713099019476
0.004360078342031128
0.0035614039090866474
0.002932306489212996
0.002454376788053971
0.002102213494350987
0.0018502977517137879
0.0016728370168866238
0.001546309776269429
0.00145082535249832
0.0013716112695392102
0.0013222567803131333
0.0012485961890564973
0.0011722690316153916
0.001091927030699522
0.0010666836326632659
0.0010186066335615067
0.0009918090836301978
0.0009933631038007316
0.001034580283877257
0.0011263538144142139
0.0013007361242988737
0.001546446811517662
0.0018894276196990847
0.0023215645952690527
0.00285133258722268
0.0034773427887480864
0.00423942390496632
0.005067227323681806
0.005965574332322164
0.006916476322156566
0.007898198952658978
0.008889731252480982
0.009868435273149432
0.010848051132153168
0.011761321692226415
0.012623613135065822
0.013159090901905944
0.01389446867994341
0.014542623115126078
0.015093193711845051
0.01553401460550658
0.015851755219738403
0.016035849921841466
0.01606754694051431
0.015936175889533707
0.01563736592528444
0.015172064711516053
0.014548426983191528
0.013781236437166423
0.012890843593221353
0.011903204478664092
0.010866066496418076
0.009791968085054267
0.008714361118923179
0.007674086964338925
0.006706267190165071
0.005843790079257792
0.0051149400928895425
0.004558339213404965
0.0041644825040382475
0.00399378554998893
0.003958435884051541
0.0040505671089371776
0.004280916599908887
0.004622376037837424
0.005043513292188693
0.005513138791049734
0.0060295399922007595
0.006557425294006378
0.007092262401621806
0.007645092689432577
0.008220481088361898
0.008823376665908038
0.009451171588985582
0.010091716778524568
0.01072289726222901
0.011314584371599724
0.011831195587287164
0.012237047698326535
0.012500044755077967
0.012595404036323818
0.01250787433996166
0.012233151338116935
0.011777944136448264
0.011158819778853756
0.010399994925481623
0.009537328023945763
0.008917946413352628
0.007950602641566636
0.00697020824884075
0.006011044720933014
0.005103882905286863
0.00427439535351514
0.0035437363272156895
0.0029222547914438133
0.0024144477208181375
0.002018169088648789
0.0017240672669405497
0.0015175048259435653
0.0013804014940516848
0.0012933435361366869
0.0012377034184363053
0.00119726646790876
0.0011595195575393557
0.0011160173441199222
0.001062162903516954
0.000996504815338369
0.0009198295570645728
0.0008342771234582543
0.0007426621412064713
0.0006480672269795556
0.0005538027578842542
0.0004626327666280112
0.00040498774552840576
0.0003250346938226133
0.0002545941462786696
0.0001949237087549546
0.00014649874502092584
0.00010911356749596852
8.178066786034517e-05
6.312389231213485e-05
5.1547565162021565e-05
4.567543464309528e-05
4.3552174988625e-05
4.3977843145953706e-05
4.5842844138023844e-05
4.874857273626279e-05
5.2470950739873416e-05
5.583462391882098e-05
5.954964972476291e-05
6.608978664623358e-05
7.253468227037299e-05
8.1003628815364e-05
9.217434038636038e-05
0.00010665729800059144
0.00012498671752497623
0.00014752120958301206
0.000174356832007943
0.0002475965813646265
0.000292962507493531
0.00037152984969478724
0.0005657539326313528
0.0007692526359003496
0.0010356416575566087
0.0013929688219419785
0.001883531966560623
0.0025027038475750525
0.0032822346819565886
0.004287896182421956
0.005450615180669163
0.0067930195981768205
0.008290828749959307
0.009902140812465602
0.011569041395301006
0.013221322513024393
0.014782095142188202
0.016175976377866223
0.017331772755523923
0.018194606740428637
0.018723911655484593
0.018917171914813964
0.018756459356430666
0.018269919178751756
0.017497716321063058
0.016848598355109757
0.015716284945544147
0.014449807677821499
0.013115557703114568
0.011767436049870853
0.010457448790561916
0.00922975414694851
0.008115859216540169
0.007135376746457226
0.006298175598097737
0.005600025352207082
0.005031542930096285
0.004576154771291875
0.0042134660510170525
0.0039213939721175406
0.0036785519606876657
0.003465759814832229
0.0032674901805804842
0.0030740874501227994
0.0028765207503152553
0.0027126454802484947
0.002536471269673547
0.002371478483118486
0.0022323669341349547
0.0021352129518468423
0.002093285454737982
0.0021034284986072493
0.0022014680253008225
0.002394196772823688
0.0026872786411802985
0.0030866178820217935
0.0035861149346508884
0.004168877838682065
0.004809151059399301
0.005474488209234102
0.006126208873310507
0.006724159195934095
0.007239915111397719
0.007633171024395151
0.007886756214601087
0.007993211950773784
0.007953825201140855
0.007782104154891515
0.007498390973390721
0.007133841024637842
0.006711943278182881
0.006260398126229476
0.005804500224161121
0.005363260313630669
0.0049481025069919166
0.004566022644591323
0.004219013196130546
0.004005900134635174
0.0037117721954796064
0.0034426618856240837
0.003194876212570446
0.0029642366866618874
0.002747622877629087
0.0025421758579714177
0.0023453100197892633
0.002155108795964458
0.0019694624775964996
0.0017875862834929011
0.0016105402427353398
0.0014388249837008111
0.0012750870695510917
0.0011218504309443017
0.000981436527368394
0.0008552335210233031
0.0007440797631399064
0.0006479472061384881
0.0005661788307582069
0.0004976836168528704
0.00044105859920780586
0.0004241613108731756
0.00040987160849455863
0.00041279145919114114
0.00042702255062493025
0.00047022242724330655
0.0005522858234801017
0.0006707627291953798
0.0008391008805382211
0.001075913021497588
0.0013752168830849145
0.0017407052301829536
0.002174475846576054
0.002672624546286208
0.003217756266458742
0.0037920229102085964
0.004370633040406866
0.004925523646643109
0.005431377942163817
0.005857581810668568
0.006183489506892425
0.006394643127563838
0.006484284971213652
0.0064538083437402334
0.006311856072785804
0.006075263063554807
0.005758844554433579
0.005382585542954337
0.004965704984250466
0.004525314959028341
0.004226158257688138
0.003778850295576702
0.003342681051985959
0.0029268566547199803
0.002538712371542649
0.0021841629721748913
0.001900683797021691
0.0016512525373541496
0.0014538428667843697
0.0013157097910111517
0.001244732320786842
0.0012428881201871215
0.0013172385750849435
0.0014799107421290198
0.0017542821264059207
0.002111192335589679
0.0025735049510468887
0.0031269955755196576
0.0037606607284841175
0.0044535974190827166
0.005179923855577222
0.005905082013754593
0.006595170922188047
0.007215439669381425
0.007743297396716197
0.008158454881510981
0.008359664436308034
0.008552779484346495
0.008610317069438295
0.008541786233249403
0.008369683074756166
0.008102062625834246
0.007765845629081873
0.00739501205123714
0.007056841232858063
0.006718821600329823
0.006424943644481824
0.006202182631089978
0.006061345298810544
0.006009594537055981
0.006050758549426731
0.006182428916770466
0.0064336103060769504
0.006752376132240215
0.007151802624557873
0.0076213322749628535
0.008143681884653791
0.00869469180865015
0.009244668883513945
0.009759309369420335
0.010203413739324315
0.010444012328379321
0.01070145797732904
0.010817651432329444
0.010781901196065567
0.010593334180411055
0.010265959853794264
0.009809069103590981
0.00924578151473473
0.008600651489428655
0.007899099848498141
0.0071662164911317555
0.006426080535644982
0.00570135085798277
0.0050105932447615424
0.004367133110840961
0.0037911736856815485
0.003279966356039848
0.0028419054800208707
0.0024761287017235705
0.002181385620942521
0.001954619882494008
0.0017909936703406207
0.0016936184695840342
0.0016479041710451294
0.0016498729369531148
0.0016928568458477533
0.0017393030917675705
0.0018307618959572734
0.0019360329784398353
0.0020468404743295985
0.002158032512266536
0.0022627314912928285
0.002358424627693803
0.002445049984391667
0.002523033337211321
0.0025915585294725555
0.002645482024925719
0.0026810326894633678
0.002693756317921887
0.002679786730553174
0.0026373115685980387
0.0025729341259555258
0.0024850748496331398
0.002381408261621678
0.002269686720008435
0.002157089518948929
0.002049638297858975
0.0019514419780813398
0.0018648496024749352
0.001793970826664364
0.0017335890532071405
0.0016841500516347246
0.0016557955878747123
0.001617918866425559
0.0015882344671503458
0.001555227821390856
0.0015184628920832052
0.0014781310058391843
0.0014348307470264032
0.0013884244452443445
0.0013439702560950329
0.0013066633592469232
0.0012853997794989387
0.0012870882434749813
0.0013100934760631262
0.0013607888797904225
0.0014567067456817172
0.0015774462863271624
0.0017288348081267
0.0019107709318504171
0.00212080735873975
0.0023589219825410302
0.00262155461419889
0.002900855630773232
0.003203054799021124
0.0035143875182737927
0.0038276433542653097
0.004148667860563945
0.004352833984445492
0.004646581381062156
0.00491505062321936
0.005150586601222295
0.00534703351837041
0.005502718345753832
0.005613834940889069
0.005681781344330655
0.00571783794075052
0.005711911272571158
0.005672878487801826
0.005603584327962799
0.005506393976766956
0.005382916981120325
0.005234286403356122
0.005061306485119955
0.004864723250502719
0.004645481209869067
0.0044066310454176395
0.004148432082403417
0.003875074870607461
0.0035902705494590403
0.0033011324944226396
0.0030111185779605454
0.0027270573246117777
0.0025440105716818787
0.0022835212940057244
0.002043333567591822
0.001828498755203445
0.0016388812979716888
0.0014761692859548625
0.0013395743634517143
0.0012260250495556885
0.0011331296967661685
0.0010575416241347616
0.0009958273519284568
0.0009450553801414901
0.0009025244936893963
0.0008663849630186595
0.0008351854842785669
0.0008595068844755538
0.0008756421400553791
0.0009109356061312542
0.0009750080274486095
0.0011115537382617058
0.0012914368370515814
0.0015451931949269618
0.0018944068734308287
0.0023601167107481203
0.003000481191660676
0.003766336355265628
0.004363916486850248
0.005398271935709943
0.006570422422201361
0.007847492256218289
0.009187864661656808
0.010533182382561065
0.011818822580167481
0.012978785374898428
0.013953517175273386
0.014695042127913867
0.015172233138500017
0.015370895917061596
0.015295653236596301
0.0149666756155683
0.014412971590753481
0.013671062506675232
0.012780893253647842
0.011778469683529264
0.010701910168633522
0.009582209487308847
0.008451382453236662
0.007338932724295419
0.0062722432648185025
0.005276760935223389
0.004372409386107184
0.003575916371618816
0.003109084476531122
0.002514217023627136
0.0020345118611766713
0.001665524222390772
0.0014037176746275924
0.0012272636253601692
0.0011284007998392232
0.0010985002802625652
0.0011243624364874294
0.0012004191306808963
0.001326803851680725
0.0014897856800254346
0.0016878223564413836
0.0019144167244332488
0.0021525394495198256
0.002393522800276692
0.002625947213346591
0.0028391051009015083
0.003024860888181045
0.0032747049413410297
0.0034690488251855785
0.0036576657631582255
0.0038621872659097144
0.0041020268618594
0.004399222473050384
0.004641167167795149
0.005088497485213886
0.005658792340267723
0.006422327574202871
0.0073449109590062326
0.008432698295907936
0.009688398172953678
0.01108378806668662
0.012571177315383354
0.014085751650238988
0.01555096923721432
0.016886348919682433
0.018016220056775546
0.018878101161137095
0.019428906576945175
0.01964813400385812
0.019537650376254857
0.019118398348626078
0.01842531224387159
0.01750145653996812
0.016394279269340555
0.015146921159586522
0.013802823652168944
0.012400939136285523
0.010977533758877367
0.009566525128174987
0.008648530573653288
0.007327581542671297
0.00609751674495868
0.004980540468615978
0.003994084806792336
0.0031456224999451905
0.00243722214461031
0.0018636567937898236
0.0014871841472928614
0.0012007236138312674
0.0010251099455058047
0.0009574170858541919
0.0009926055942623808
0.00112777155102927
0.001363292890994061
0.0017010102871405674
0.002165945342237053
0.0027317210565443208
0.003401949246856759
0.0041587240943708964
0.004985566383438334
0.005855437481513429
0.006734253032009499
0.007584649921199763
0.008372602115816391
0.009059434836200414
0.009450272550711389
0.009916169967570712
0.010227721830485396
0.010380781961346824
0.010390450726144283
0.010254193455437615
0.009988628696843397
0.009616297742749164
0.009155721858374499
0.008630624646812586
0.008064369020837776
0.007479560893884892
0.006900870818917386
0.006345131629342675
0.005825551756065837
0.005352580617450168
0.004930719478212053
0.004558760517883811
0.004231465645661732
0.0039408037999014885
0.003677726375934817
0.0034338190023595807
0.0032024284539093873
0.002979268185114652
0.002762439722326216
0.002551190930164635
0.0024136022145284353
0.0022130937314156513
0.0020189200014037586
0.0018306067425639938
0.0016474883298400783
0.0014695328711554607
0.0012974222604613405
0.0011328230362182914
0.0009783399140111532
0.0008378508594735493
0.0007138278019184561
0.0006086744917509835
0.0005271525220821892
0.000465186644207417
0.0004463549625432363
0.0004417902037908832
0.0004623934075088654
0.0005114693155926342
0.0005935107497223449
0.0007138217956041144
0.0008777449757043024
0.001092276380344312
0.0013579969281973775
0.0016869495294770174
0.0020631120968217956
0.0023351211264094392
0.0027669851502333496
0.003210474476386073
0.003643908469230175
0.004043893484008713
0.0044054461723041834
0.00468899455615739
0.0048910738526847875
0.005009450404236843
0.005047794542530148
0.00501599758192094
0.004928027981983177
0.004799890052963573
0.004646759726994476
0.004491495641324326
0.004329491891703605
0.004172486430781203
0.0040226821676962
0.003879647171280703
0.003740833751938982
0.0036037272235789034
0.003465392540269502
0.0033235432449541
0.00317735659609527
0.0030268568759536296
0.002872724234697501
0.002772404366992586
0.0026182434563394585
0.002465469293141307
0.002315828031280312
0.0021709433939138705
0.0020317363012303637
0.0018989349874267735
0.0017731260859184187
0.0016546727701209599
0.0015467702708242134
0.0014468944751257057
0.0013565072180556585
0.0012787944486086584
0.0012125722971971348
0.0011571218586533083
0.0011137058976531111
0.0010828099245581322
0.0010657351573355586
0.0010609138003958537
0.001068789942509635
0.001089187486599387
0.0011220815636063149
0.0011638492541631823
0.0012110040707288237
0.0012588693025352214
0.0013026384665412564
0.0013269030888765144
0.001352640611434255
0.001362901314622188
0.0013561734607315228
0.0013328612090524926
0.001350739320836684
0.0013401399519525192
0.0013552511590212584
0.0013938506564987268
0.0014792876325782306
0.0016303232427663523
0.0018671550296931922
0.0022092445537315393
0.0026725457589872794
0.0032657260977234236
0.004036143296505555
0.004900416652047025
0.005858819974231707
0.006868247486050909
0.007873949087394314
0.008815557966516311
0.009634583183946084
0.0102898795141598
0.01074007473543682
0.010976403002910891
0.011018419158882622
0.010924980115132432
0.010673547907414394
0.01030255832554304
0.009849410334657227
0.00934623138387007
0.00881253479837368
0.008266806096600132
0.007705068476068836
0.00713100335150837
0.006544525969072346
0.0059477450613880396
0.005347237939876289
0.00475888971083872
0.004191147225116982
0.003663198231894879
0.003188302790315018
0.0027781281868672447
0.0024382646968983553
0.0021685040668961665
0.0019625671358438086
0.0018334152188528212
0.001742420030099477
0.0016939802045975723
0.0016780659352639042
0.0016944791102040798
0.0017233255016725856
0.0017952816495680791
0.001904599336233114
0.002054033548038561
0.002244118343611747
0.0024867797899719886
0.002755825627953167
0.00304777185710734
0.0033485242925933426
0.0036399555107608345
0.003903124964283083
0.004120147759166242
0.004276598241505756
0.004363393804788856
0.00437750565400072
0.004322415028787598
0.004207143108155084
0.00404241012980018
0.0038408324587783558
0.0036132124095279747
0.003368113403151249
0.0031112703368731663
0.002846218545562165
0.002575378563485122
0.002301214300312244
0.0020270762488511585
0.001846527792897701
0.0015829892361960737
0.001333283325271058
0.0011028041218291858
0.0008958601556717377
0.0007151377574544561
0.0005615083658232017
0.00043416873334739206
0.00033101883996446705
0.00024914660600012443
0.00018529856627512973
0.00013625503031982337
