Y :28.000000000000004% Calcite, Diffracto n :1331
Y :31.0% Gibbsite, Diffracto n :1372
Y :27.0% Dolomite, Diffracto n :1377
Y :14.000000000000002% Hematite, Diffracto n :1495
0.0
0.0
0.0
0.0
0.0
0.0
0.0
0.0
0.0
0.0
0.0
0.0
0.0
0.0
0.0
0.0
0.0
0.0
0.0
0.0
0.0
0.0
0.0
0.0
0.0
0.0
0.0
0.0
0.0
0.0
0.0
0.0
0.0
0.0
0.0
0.0
0.0
0.0
0.0
0.0
0.0
0.0
0.0
0.0
0.0
0.0
0.0
0.0
0.0
0.0
0.0
0.0
0.0
2.9523845096154145e-36
2.670658638144641e-34
3.660075740755451e-34
4.96107258655812e-34
6.65081564100456e-34
8.818364787229665e-34
1.1564185161892918e-33
1.4998776807671168e-33
1.924023980772115e-33
2.4410628124108596e-33
3.0631006517952016e-33
3.801521257722695e-33
4.3634421161365885e-33
5.3167771007780445e-33
6.407395614091354e-33
7.63710006931969e-33
9.00304211774263e-33
1.0496969737127839e-32
1.210465663815008e-32
1.3805586909569377e-32
1.5572959265463527e-32
1.7374059256370202e-32
1.9171024863883633e-32
2.0922002400393086e-32
2.2582657801807904e-32
2.4107976115306846e-32
2.545425251231422e-32
2.6581154779982453e-32
2.7453722851873346e-32
2.8044167637859394e-32
2.833334021427267e-32
2.8311763059444715e-32
2.798014587020712e-32
2.7349346799484753e-32
2.643978206816663e-32
2.528032872926457e-32
2.390680283651463e-32
2.2360124845362793e-32
2.1254478524112448e-32
1.9517600442706877e-32
1.7726228548504108e-32
1.5922828687871285e-32
1.4146143577461134e-32
1.2429963860865445e-32
1.0802285212068012e-32
9.284860590340125e-33
7.893127405838222e-33
6.636465194408997e-33
5.518721979378486e-33
4.538937490573501e-33
3.692188651686001e-33
2.9704863721960076e-33
2.3636613275478545e-33
1.8601884504838206e-33
1.4479136104817925e-33
1.114659892831737e-33
8.487037496223427e-34
6.391221854633703e-34
4.760205437952446e-34
3.5065620967611934e-34
2.5547676696557063e-34
1.840921767448418e-34
1.3119983917458503e-34
1.0404145633704799e-34
7.279940272566621e-35
5.038059241209287e-35
3.448361505238768e-35
2.3344059194204048e-35
1.5629822169804812e-35
1.035012931178705e-35
6.778780901048469e-36
4.3910815766430056e-36
2.8132317159213933e-36
1.7825987603155893e-36
1.1171610756679964e-36
6.924558608674518e-37
4.2450470128659615e-37
2.57387248090488e-37
1.5434965623660903e-37
9.154580094871099e-38
5.370136408010148e-38
3.1156333008709044e-38
1.787810534394325e-38
3.2128887205293426e-36
9.351624966042753e-36
2.399665006303696e-35
5.419366996107373e-35
1.0768372845552784e-34
1.8824760405023308e-34
2.5441625040725753e-34
3.592613168534963e-34
4.463203354529088e-34
4.878129699262294e-34
4.6906217564777355e-34
3.968056705080473e-34
2.953219350850373e-34
1.9336769407423875e-34
1.1138905183495869e-34
5.645097817827722e-35
2.516928114446023e-35
9.872804285258068e-36
3.4070665752977146e-36
1.0344061392181874e-36
2.762943087301662e-37
6.492667706638354e-38
1.3422852590287592e-38
2.441388709214574e-39
3.9066068090618425e-40
5.499634499674052e-41
1.344569764216306e-35
2.605609290107547e-35
4.7909190362866965e-35
1.059361824198091e-34
9.214747339760305e-34
2.9823148887479585e-33
5.5218285598587843e-33
1.2707187708735562e-32
2.6041325515071177e-32
4.7303830155823406e-32
7.600793521868718e-32
1.0791230326388436e-31
1.3529951208388246e-31
1.4977472244132988e-31
1.4638591383823226e-31
1.2634890164061277e-31
9.635252063016107e-32
6.497677256237122e-32
3.8809766091777294e-32
2.0589578276797625e-32
9.754318313528856e-33
4.170716683634682e-33
1.646628059836954e-33
6.320946918247759e-34
2.6341873767801583e-34
1.4034075032452822e-34
1.0316758588914222e-34
9.506652530484762e-35
9.70424800690152e-35
1.0262939005076253e-34
1.0934697346087822e-34
1.4562008987906982e-34
1.6769395124971836e-34
1.8099959291479005e-33
4.4103176761248664e-33
8.230725064841311e-33
1.4678544266709686e-32
2.493360625604871e-32
4.027638404363534e-32
6.18204418856815e-32
9.013057796792856e-32
1.247844066172188e-31
1.6465509336947275e-31
2.0711628802481895e-31
2.485342597372547e-31
2.857976578805876e-31
3.1641839307249003e-31
3.383800646024819e-31
3.4961844600003676e-31
3.475542143033197e-31
3.2968646037778163e-31
2.9536247269884428e-31
2.4753094488476686e-31
1.9283748540147193e-31
1.3955264738394984e-31
9.456459484023903e-32
6.133288145214167e-32
4.5776387447452623e-32
3.0772368856893243e-32
2.315306602343501e-32
2.0198458743090458e-32
1.9914570653196704e-32
2.1050454718574389e-32
2.289028601991433e-32
2.5037070874766885e-32
2.726340727821995e-32
2.942689783795803e-32
3.1427415064007825e-32
3.3187346868097173e-32
3.464583549457719e-32
3.574833753078372e-32
3.645814524700598e-32
3.675050603102811e-32
3.661523526969069e-32
3.6057145054668477e-32
3.509571114150972e-32
3.3763936754914996e-32
3.2106478345143076e-32
3.017717202024757e-32
2.803614824205761e-32
2.5746748671336724e-32
2.3372463578032305e-32
2.0974092613771653e-32
1.938955907736556e-32
1.7071315061706762e-32
1.486104050240477e-32
1.2792901108496863e-32
1.0891790028650187e-32
9.173544425182832e-33
7.64561568007914e-33
6.308083175720127e-33
5.1548931504387736e-33
4.175206973358344e-33
3.354755187466744e-33
2.6771121157356564e-33
2.124827816054687e-33
1.6803769948778944e-33
1.3269058894710497e-33
4.3134572570018244e-11
1.3045493766903826e-10
3.471090358872968e-10
8.125342789261194e-10
1.6733540510628076e-09
3.031826620533866e-09
4.832715835357169e-09
6.777172370243266e-09
8.361345683204414e-09
9.07557606362047e-09
8.666477186238472e-09
7.826774996103293e-09
6.037195007403754e-09
4.0969242529477475e-09
2.4459695130826814e-09
1.2847378516031333e-09
5.936744720943945e-10
2.413529462300074e-10
8.632313605512412e-11
2.7162653234946972e-11
7.519475420975225e-12
1.8313581003629292e-12
3.9240034299789544e-13
7.397004072997537e-14
1.2267405249379701e-14
1.7898636232720116e-15
2.2975107172922643e-16
2.5945707942813893e-17
2.57776830377047e-18
2.2531629868345277e-19
1.732653468826015e-20
1.17219858102901e-21
6.97687665961768e-23
1.5536230970136363e-08
4.817072232963966e-08
1.3139868629962316e-07
2.389044571826981e-07
5.264002357625128e-07
1.0204183804507558e-06
1.7402468063389826e-06
2.611041610625621e-06
3.4465700951095317e-06
4.002814254945483e-06
4.090189231326483e-06
3.6961909659221966e-06
2.9712955933015296e-06
2.1817110718406428e-06
1.586039822396551e-06
1.339389468367089e-06
1.4656647776966963e-06
1.8697236331499186e-06
2.371845486653351e-06
2.7627669453212587e-06
2.8770043317516633e-06
2.657640488939537e-06
2.173087762760656e-06
1.5719240812259195e-06
1.0057450047338185e-06
5.691347218297167e-07
2.8482765272561633e-07
1.260510848005791e-07
4.9323199982888686e-08
2.4640688725507637e-08
7.850387517336693e-09
2.2102845563417143e-09
5.498196113518102e-10
1.2080799796614543e-10
2.3440025364670965e-11
4.015027237858275e-12
6.069710703648284e-13
8.096170051375622e-14
9.525990671456842e-15
9.884424825030934e-16
9.042764655106768e-17
7.292294045253834e-18
5.182649510044556e-19
3.245510545366511e-20
2.1211074196271885e-09
2.9381643790446165e-09
2.280716062728524e-07
3.8038925713826763e-06
1.2362757148023827e-05
3.716551683623091e-05
8.856782769417574e-05
0.00018702506796915865
0.00034979544023703825
0.0005792765002713288
0.0008492455687222664
0.0010241740394855631
0.0012252808224915155
0.0012975424108280114
0.0012163143474247912
0.0010093162170860257
0.0007414514417403708
0.00048219707218778474
0.00027763031447411635
0.0001415325298064125
6.391183896838102e-05
2.5607160837952264e-05
9.160224431706123e-06
2.9963117682390157e-06
9.7827721220958e-07
4.0326015377607557e-07
2.6314643715943634e-07
2.3581584777289438e-07
2.324116953786798e-07
2.3165720704673624e-07
2.2914341248042196e-07
2.241560476954323e-07
2.1674044864162754e-07
2.071300794198085e-07
1.9563926957705493e-07
1.8263251876145672e-07
1.6850366706223537e-07
1.5866042579131853e-07
1.4355394890617442e-07
1.283721573529878e-07
1.1345815156849118e-07
9.910823362346158e-08
8.556436583227832e-08
7.301049683480227e-08
6.157250741223498e-08
5.132128755952366e-08
4.227829018426391e-08
3.442282072161783e-08
2.77003121233125e-08
2.203088980805461e-08
1.7317634998259658e-08
1.3454088909598972e-08
2.2884529791563974e-08
2.51456561236219e-08
5.192780852043507e-07
9.387710683444866e-07
1.2816409754056759e-06
1.7312065388469546e-06
2.312628306913757e-06
3.0544212253641456e-06
3.98804445504357e-06
5.1471616019764905e-06
6.062340731418699e-06
7.674371778203124e-06
9.602686842633907e-06
1.1876457605836968e-05
1.4518560551923174e-05
1.7542913528439702e-05
2.0951777735937155e-05
2.4733223568368017e-05
2.8858986623280257e-05
3.328295103496668e-05
3.794048642760107e-05
4.274882942997578e-05
4.7608640568720086e-05
5.240678520393701e-05
5.70202888488355e-05
6.132131136471936e-05
6.518288178287789e-05
6.848504733613923e-05
7.112102754407123e-05
0.0001044582653122028
0.0001619078390073683
0.0002900859284429469
0.0005400851552693554
0.0009591471448561286
0.0015537934594224143
0.0022509620907303373
0.0026964314559493586
0.003189609856638663
0.003329016259007773
0.003063176625529386
0.0024848320463913753
0.0017783615372361223
0.0011251670074076212
0.0006322821580095871
0.00031898911154646514
0.00014813801003696255
6.689159493901053e-05
3.234594915617947e-05
1.8475197891549012e-05
1.2573928518814641e-05
9.479632645676242e-06
7.4054848990951735e-06
5.805906672496258e-06
4.517766018028645e-06
3.4780981368209695e-06
2.6472067146892017e-06
1.9915431544358056e-06
1.4809276522266262e-06
1.0884737114780138e-06
7.90754500701742e-07
5.67812509127364e-07
4.030025192448782e-07
3.1858958336960385e-07
2.2176866178126983e-07
1.5258372545615521e-07
1.0376613765008415e-07
6.974971715620286e-08
4.6341338304859995e-08
3.043224370491385e-08
1.9753252332049673e-08
1.2673087731053864e-08
8.03647161090588e-09
5.037180139500214e-09
9.490638943737914e-09
2.1008229589440426e-08
5.152714722800573e-08
1.1757509301481811e-07
2.390241163377343e-07
4.288012703312463e-07
6.773121752821146e-07
9.414419674195988e-07
1.1513336626684467e-06
1.2387701617663308e-06
1.172614055301146e-06
9.76543767006645e-07
7.154834263901551e-07
4.611882914474887e-07
0.0001272234548758706
0.00036472682721767164
0.0043332663104652235
0.012308441807273274
0.03415064554784048
0.0785433278473241
0.160883009794629
0.2931481449615013
0.474781658596577
0.6831735709737988
0.8732074076735273
0.9914142938084949
1.0
0.8962500451376815
0.713867716467853
0.5053884543632147
0.3180572788606708
0.17797538969888071
0.08861256567430799
0.03933705089801559
0.015654043580481346
0.00565731700761719
0.001909130615514098
0.0006316390307767981
0.0002169654070761265
7.923169926530929e-05
4.123599374839438e-05
1.521938234282086e-05
5.253063904302994e-06
1.6415287265710786e-06
4.5703582863584887e-07
1.12560392114592e-07
2.444542144386471e-08
4.675273085267104e-09
7.869879941170729e-10
1.1656726734475644e-10
1.0607612650004983e-07
1.4746067052048424e-07
2.0262649893908252e-07
2.7518822435135565e-07
3.6937963521178094e-07
4.900329012586434e-07
6.425200745007437e-07
8.326401143043705e-07
1.0664417214054068e-06
1.3499761386955117e-06
1.6889789044713475e-06
2.088485796967129e-06
2.552395645301113e-06
3.1405280017339016e-06
3.842289558519581e-06
5.99417215105448e-06
8.147613363801354e-06
1.4923834427341152e-05
2.859708443326842e-05
5.439046332978645e-05
9.73882444477207e-05
0.0001595257283671398
0.00023571870420152527
0.0003121196320635056
0.000369264441956916
0.0003899521635161707
0.00036765138891724556
0.0003098704235063817
0.0002341524587963319
0.00015958278541499575
9.933379648475825e-05
8.691401858357964e-05
0.00012119599782049652
0.0002517065153937451
0.0023560939686373596
0.0065840310221290405
0.016234463126930516
0.03534269995385877
0.06871583842805742
0.11911721238624173
0.18388624892206484
0.23024556973587257
0.29311595686370845
0.33258782467598735
0.33762364299096287
0.30878149588622356
0.259086429545304
0.2073490145115444
0.16928658625230916
0.15106321604489206
0.14835624362029626
0.15053751000319188
0.14704377933191065
0.13241396054436286
0.10773483675395823
0.0785383749798149
0.051123409966975016
0.02966763939079278
0.015333403121154186
0.007052127261000033
0.002884311618504436
0.0010491523199740408
0.0003407304704419982
0.00010104117031021713
3.047226710918894e-05
1.3138821660046012e-05
1.0584950727690687e-05
1.1217343206139735e-05
1.3238331822560497e-05
1.581602902424706e-05
1.8753590058537e-05
2.27339846450095e-05
2.6549861356440102e-05
5.0393644647697084e-05
6.590494242431614e-05
9.423550209482529e-05
0.00011897466504420947
0.00014990927285118692
0.00018837365104658059
0.00023587312219877765
0.00029406058234652984
0.00036469481117839934
0.00044957805055511745
0.0005504715967199211
0.000668989854840372
0.000806475438987224
0.000963860332091247
0.0011415208312176453
0.0013391353909584479
0.0015555585993849866
0.0017887315796539073
0.0020356047559504835
0.0022921642647557834
0.002466175920859204
0.00272748169074468
0.002983577974458679
0.003227778998442671
0.0034531680297008958
0.0036529088811811145
0.0038206020732662513
0.003950656990257137
0.004038631120167956
0.00408148719423825
0.00407774292066249
0.00403294482944532
0.003943146831715589
0.0038156617528403197
0.003888298865296362
0.003926874170389326
0.004245103367689071
0.004799621062838095
0.005794520273817558
0.007378620003946341
0.009678320338913474
0.012753893829672083
0.01655519890170947
0.020885077377440706
0.025392426364840168
0.029603354581857394
0.03198627096649076
0.03455887867944717
0.035600592426125795
0.03493707155162122
0.03264424015622524
0.02903110738783838
0.02456794464680759
0.019782651477550237
0.01515694958465043
0.011050425717625259
0.007667102665674668
0.005063198186970827
0.0031855276804481384
0.001908729563942272
0.0010909660505306169
0.0006975923263464856
0.0004530801880801625
0.00040349979955670343
0.00041207550027601254
0.000486258754169184
0.0006123349005732326
0.0008107864827359859
0.0010427951476170603
0.001344328638732408
0.0017015653113478058
0.001979703134701823
0.0024627614802326795
0.003031393355781073
0.0036918709733383447
0.004448694502534777
0.005303979310908437
0.006256866970025538
0.007302996639413852
0.008434080956990653
0.009637632349289221
0.010896882360015191
0.012190928449863279
0.013495130119349075
0.014782589480080672
0.016023378128065095
0.01718805680469131
0.0182479202467484
0.019176177988189887
0.01994797618955901
0.0205396738960319
0.020928565876937855
0.021094661142578547
0.021024915607512292
0.020717983149318057
0.0201862992585328
0.019456397399769825
0.018873993122005873
0.017883104584355512
0.016782627136458002
0.01560669915868732
0.014386478720428843
0.01314688397332021
0.011904044439175912
0.010666777106431977
0.009442749148342066
0.008245711746687855
0.00709812992386181
0.006026797734969669
0.005054635928495977
0.0041944335339548925
0.003447841870089009
0.002808599237431819
0.00226679277342945
0.0018118024531898422
0.0014334950353505883
0.001122383191631836
0.0008695167999332533
0.0006664581834161604
0.0005053657220086091
0.0003791058712854323
0.0002813343285609879
0.00020652844208822005
0.00016705724960086496
0.00012043632600584787
8.58852811027521e-05
6.05816155861838e-05
4.2268407248231885e-05
2.9169973173914875e-05
1.9911023152222713e-05
1.4890572349138402e-05
1.3226913576252258e-05
1.6912430771819115e-05
2.8997748145647207e-05
5.2877738773184306e-05
9.075747535089208e-05
0.00014004842667108256
0.00019224691248177994
0.0002342434410983947
0.00025406490126905193
0.00024683298950858775
0.00021710682872403837
0.00017574270684087874
0.0001338691165883374
9.832660982547248e-05
7.088449165599983e-05
5.027128305709076e-05
4.297572253579663e-05
3.971001008122585e-05
4.263648813397738e-05
5.795550417352632e-05
9.007610659268579e-05
0.00014473610329882662
0.00022686470477818675
0.00034110689522058303
0.0004891411530273708
0.0006676928913876028
0.0008664459729792155
0.0010670151198551331
0.0012443096642256021
0.0013712040923573874
0.0014257833910358822
0.0013983317602635317
0.0012945452598693125
0.0011332669060923986
0.000940156159904837
0.0007407000971756038
0.0005549970166406484
0.00039593356394659044
0.0002759475024930836
0.00019406347706536488
0.00015703305898574668
0.000333775822760015
0.0007304844426973271
0.0012671812808676653
0.002906059546311405
0.005926865922679489
0.010942650050894061
0.01816849324487739
0.02704020694469982
0.036028381530354946
0.042976395765601236
0.04594241661056482
0.04406417057851699
0.03798322912075164
0.029719656619328835
0.021478060500246737
0.015353635270704186
0.013159663221436873
0.015707984142534753
0.023605796260490586
0.0364741576063693
0.052523896939559014
0.06839947700968962
0.0799826858591013
0.08391605289554986
0.07907408212426802
0.06701732307248197
0.05116342941244446
0.03524845398602378
0.026007713190298324
0.015227160976900956
0.00819047520861097
0.004141233074535898
0.002053178183223514
0.0010631183804263268
0.0006149334777841877
0.00041466825705923396
0.0003291763977806746
0.00030187837123228374
0.00030682005469201624
0.00032977890813113076
0.0003620738921636829
0.0003983950935680997
0.000435501078887728
0.000471233642999584
0.0005039022034991284
0.0005320196649724574
0.0005542742943225884
0.0005696144745324661
0.0005904015420272985
0.0006130574114975751
0.0006559597759327122
0.00099537583514443
0.001642330048573975
0.0031443401379860126
0.004955340342343661
0.00951861693134189
0.017021363787242776
0.02779730758716829
0.041023156487167305
0.05452788783191429
0.06526128185917442
0.07044135404027188
0.06874477549087174
0.06083459740015488
0.04895585622016284
0.03592213816622911
0.02409517484422413
0.014849772317940439
0.00844551553048196
0.004506063500493358
0.0023672998189075765
0.0030013533101023405
0.004717350687201872
0.008154566928517596
0.015541510222297251
0.02642565672076643
0.04316567862504513
0.0671953652643805
0.09996025730261499
0.1269556574140295
0.1748480840390085
0.229775528017126
0.2877758853011422
0.3429630622566007
0.3883536992823076
0.4173594434069672
0.42549141960892395
0.41159428374936113
0.3780960995329482
0.3302185691237712
0.2745605465026885
0.2176012844898395
0.16455205612497714
0.11883296797261504
0.08203159910370064
0.0542358294595067
0.03451209636289685
0.021372615129336307
0.013158984376360495
0.008315157799137171
0.005556892102811834
0.003949929850186119
0.0029083144746125753
0.002130593984107039
0.0015032942998039487
0.0011569047100915824
0.0007476865190234283
0.0004683311497142723
0.000300285090928255
0.00021362497403264733
0.00017776904248974432
0.00016894213239189017
0.00017211947345526716
0.00017930181544932884
0.00018687365476800522
0.0001932668100865008
0.00019798951983661956
0.00020094911053197966
0.00020222075855738742
0.00022931526376045
0.0002376750824704505
0.00024733443146488215
0.00025872121880914827
0.0013715324398761322
0.001808043504108692
0.0027384298955813093
0.0037896501711940987
0.005006609602809699
0.006566401466865613
0.008537989422872696
0.01099690165008597
0.012946749573931366
0.016397430572295525
0.020548177557249525
0.025469402409313117
0.031214245591109052
0.037846777413227124
0.045341523150582215
0.053691516238904155
0.06288944402414973
0.07284629863996628
0.08348887705049517
0.09469273827815132
0.10628445821945177
0.11803398733714726
0.12965257402626873
0.14079840083193465
0.15109139977921834
0.1601376680410788
0.16756197890580232
0.17304555687672038
0.17635451476952413
0.17737033751381331
0.1760936933323662
0.17263717468354042
0.16720385162739268
0.16261267451579958
0.15449142769227703
0.1451627893510171
0.13493226400476713
0.1240920519097869
0.11291519319914907
0.10165274939056576
0.0905317857543812
0.0797529298082625
0.06948736355524751
0.05987383837794398
0.05101654169217338
0.0429844834162131
0.03581270427305515
0.02950522489834735
0.024039372176210074
0.01937119956978261
0.015440533677332448
0.012178488034624714
0.009507699997718107
0.007359714123326829
0.005658384643384259
0.00434645783545229
0.0033742761802250895
0.0027006227746263108
0.002285425108919452
0.002127554350181159
0.0020195332528276707
0.001993460017885252
0.0019795935136522457
0.001914334236903696
0.0017933344703471817
0.0016634934688010505
0.0015867771939658511
0.0016300560376260858
0.0018143889529877635
0.002095789434849924
0.0023744827963353104
0.002543352274640367
0.0025105380300322797
0.0022715980767354566
0.0018781797159931526
0.00167260997348734
0.0013748597852443769
0.0012120711708124845
0.0013264922840241446
0.0015022073403529947
0.0018707279858427204
0.0023832083707640193
0.0030596172640132827
0.003911035434917664
0.0049560263935590956
0.005771315185318372
0.007189589858576129
0.008861977233636738
0.010807371734264536
0.013039239138178924
0.015563702318130167
0.01837902578351494
0.021471450385365045
0.02481782506233832
0.028382424625725638
0.0321173020279798
0.03596107638483914
0.03983720876904955
0.043658167410015734
0.04732123351891483
0.05072618175774584
0.053778766289241435
0.05641439941581125
0.05855820169009305
0.06017281763323142
0.061241470613969236
0.061747697940688594
0.061696956195164784
0.061083940501075414
0.05988036540233858
0.05872657266823814
0.0564380710457662
0.05348149924195019
0.049926229029651034
0.045917079194276136
0.04164480006016013
0.037304453497513025
0.033059839536950575
0.029024687150464593
0.02526213626563916
0.021797546690600963
0.018635994947803474
0.015777076403726695
0.01321895685187854
0.010960650598096129
0.008997376958130087
0.007340270839955084
0.005975736452339199
0.0049177281411894955
0.004212043952233269
0.0039014824948907303
0.0040260388418030925
0.004562589508605619
0.005377952486933204
0.006231228910428494
0.006840440075455645
0.0069970464273428805
0.006778800796261661
0.006051568596199064
0.004969016769770818
0.0037464266952889976
0.002593169465993033
0.0016412048141863686
0.0009550845944708647
0.0005197735543031895
0.0005677823865086678
0.0005574738775723057
0.0006511306248437309
0.0009743943744131603
0.0012728190084978026
0.0016627587561360126
0.0021581965488669157
0.002778076712298383
0.0035402288022754187
0.004465664516275042
0.005574210292793543
0.006883808859092087
0.008409147419691785
0.010160457403937841
0.012142433892130437
0.014352794760514107
0.016780823676243374
0.018510563298528668
0.021249346551915717
0.024125007191783693
0.02709367546129522
0.030090029401377817
0.03305380406784597
0.03591856266665436
0.03861713272043055
0.041411560913344046
0.04389543068536043
0.046260639645881195
0.0487410857611208
0.05125972717340061
0.05405175541425971
0.057260377097555805
0.060969057217176964
0.06514296238988912
0.06958491322873737
0.0739157983020718
0.07761453666587136
0.08009786898378335
0.08083249174318202
0.07945244462227927
0.0758414319143444
0.07016328077612136
0.06283309679798377
0.05731553123905118
0.048581842740137916
0.03987239603139031
0.031737760304918795
0.024566890970859567
0.0185635966537927
0.013765644346787394
0.010081193980896389
0.007349031984850964
0.00538662651588949
0.00402212584466314
0.003110583131484169
0.002533169158090385
0.0021856964936609936
0.001972316331188341
0.0018093987259528183
0.0016378402650870896
0.0014293066305410393
0.001187652597944264
0.0009366945444248596
0.0007065229243440777
0.0005294739215057555
0.00041488348371988555
0.0003701613668196822
0.0003937980713727939
0.00044405820827767196
0.0008429839634841766
0.0015236107894858455
0.0029167755538489384
0.005654124638663264
0.01027927653521678
0.01724612826683849
0.026293600416545916
0.03650638601442668
0.04594724694448503
0.053109133558438146
0.057708550107091
0.06083050185977262
0.06441751841983302
0.07008879881968845
0.0779280566540198
0.08585679702042356
0.0909647230250627
0.09075202816208745
0.08427559285723638
0.07249860176931965
0.05766352419053115
0.042363579802090025
0.028794110894164178
0.01839551501051249
0.01152097756570589
0.008789025711467597
0.0070440833604093
0.007567874835276099
0.00985217305047807
0.013457865946475533
0.01781151210935354
0.022130284963573516
0.025565952595038965
0.027490666545916264
0.027715503156961706
0.026499832924056207
0.02438318177875849
0.021970102728188844
0.01977756116228133
0.018115291550341896
0.017099536133546155
0.016675541669430884
0.016697715844587378
0.017421973678866762
0.01878183545190488
0.021384086420154085
0.026447242340094913
0.035429217218332996
0.04956214232206018
0.06887299341618637
0.09119920107774061
0.10570840703526126
0.12315308609222467
0.13172853807707022
0.12960709971683948
0.1178237117039572
0.09943385309578862
0.07820243458512777
0.05753590634316655
0.039849414426809185
0.026301709665965716
0.016880869712487073
0.010806732417685936
0.007050047325234078
0.004734031524267729
0.003273264832577505
0.002342714045649705
0.0018041095211376976
0.0016242730335321582
0.002192246573698702
0.003129367421605213
0.004693120368514967
0.007056569711520523
0.010023235036308507
0.013653941871500848
0.01798646502723452
0.02130766372958661
0.026995479557890806
0.03350717939698684
0.04060862633020472
0.04782875470662588
0.05448892497081508
0.05980824426846387
0.06306717358593676
0.06376674816271503
0.061747207631710564
0.057226534185417934
0.05074824250195045
0.043059777694689036
0.03496198072246753
0.027170756584411968
0.020221589209823185
0.014428393039867664
0.009895233636714044
0.006557578490812451
0.0042491343566305306
0.002759294442050428
0.0018795993778087138
0.0014294258177959991
0.0014606010340259166
0.0018179578699035243
0.0027073054691334523
0.0037595587648859017
0.00624314359164779
0.01002078567364186
0.014995829705713018
0.02052346127266438
0.02550283767842628
0.02878068090366378
0.02962871993434248
0.027997099974913148
0.02442066590076528
0.019787698347164533
0.014848923659131909
0.010345437820756628
0.006759305578379674
0.004219117300026705
0.002664616517815453
0.001866842536814685
0.0015625876439206965
0.0015342087409210112
0.0016426183667532233
0.001806211741014947
0.002002594869739102
0.0022422754045494774
0.002552265399966274
0.0031188104706992422
0.003969988527723312
0.004814290870941741
0.006772901419112058
0.010084441051195863
0.015113422242673535
0.0220020037033745
0.03018746185968826
0.03837490608297148
0.04495409284829876
0.04864426393814197
0.04897567312094808
0.04645389927436543
0.04168459044427751
0.03572695856414505
0.029534481801186965
0.02398429325505566
0.019405597768375197
0.016050796480702116
0.01381920108382331
0.012470838661204653
0.011759523261268537
0.011499240153145759
0.011569357165221637
0.011895927422743324
0.012434787412568165
0.01316342360239261
0.014068421384093553
0.014767235102054367
0.015954745027137427
0.017300183634835896
0.018785041320711834
0.020378282296731068
0.022034683928323567
0.023704500812933016
0.025330444464543866
0.026869386406286555
0.028294574702507354
0.029621784825357773
0.03083315880258003
0.03194386512359645
0.0329418615748024
0.033812572746005375
0.034483483701345706
0.03487333232422472
0.03486088311864418
0.03430962970017595
0.033118158697287285
0.03127890411179162
0.02888969874383594
0.026141368871441598
0.023251916898675184
0.020419867459959034
0.018640283565347828
0.016522135011751246
0.014977842391074412
0.014481082378862515
0.015632907405924656
0.01904295966639734
0.025036978047731067
0.033261309059882394
0.04232097370968985
0.050184390440632554
0.05501035037523603
0.05593149253515642
0.053226482150987166
0.047948980719462256
0.041283273467962636
0.03436907631900238
0.02777149366693598
0.022088429225582
0.01768826395904251
0.014842918416155508
0.013401063701775073
0.01336629468091597
0.014690806975321779
0.01733487193735221
0.021173340353275248
0.025915553772912468
0.029350262846154766
0.03447288543475622
0.03898411883251488
0.0422900147320787
0.04394748353074779
0.04373953155296759
0.04170448389835804
0.038112718044261175
0.033406022300579
0.02810764151651048
0.022731486903372955
0.01770452084275524
0.01332189520665165
0.009733289886955208
0.006960192904946608
0.004930054962654759
0.003518914083796625
0.00258532719038458
0.0019946099289462334
0.0016326118142991626
0.0014117296550709853
0.0012710096502738138
0.001172910907662026
0.0010939835471725963
0.0010236780977741903
0.0009574307320944587
0.0009149295934806799
0.0008545532308514485
0.0008293896654442852
0.0007889533239190083
0.0007570051318171405
0.0007352982609160031
0.000742598695604814
0.0007933607136900792
0.0008900318796515432
0.001092442298605381
0.0014759180912421017
0.002115285836286127
0.003044245639202095
0.0042065679598372605
0.005431583383192612
0.006484367308152859
0.007165030674160707
0.0073950252998033735
0.0072220083137298895
0.0067753679828898685
0.006200153599435389
0.0056280026968689315
0.005162830853583683
0.004874166946573109
0.0047783670910432315
0.004804801527948483
0.004930108769503499
0.005100926938567031
0.00526001427714775
0.00538980456084231
0.005498498457317129
0.005610861097132193
0.005750660178359043
0.006165442445425064
0.006881378404603044
0.008298899145777413
0.01111866001864105
0.016395665358813066
0.024879733916170273
0.03681493995705283
0.05084084973965144
0.06440761083014643
0.07452130214685654
0.07909520310595229
0.07757430136923442
0.07100766403545515
0.061062022817030846
0.04948140644479105
0.037836776547221215
0.02748158464084808
0.01938943968665657
0.015467171645293704
0.01167449851960051
0.009886459612777555
0.009377792369269574
0.009561233023531866
0.010101045034335699
0.010888702152113471
0.011907832723453896
0.01315101276173792
0.01453798190299767
0.015913472672275726
0.017102071181059275
0.017976087397162065
0.018494034633076153
0.018700466409136595
0.018649919833542843
0.018423355656082763
0.0181033289127818
0.017769417111012473
0.01747801437661098
0.017226095901299195
0.01695537824660509
0.016580716568904568
0.016040136062582824
0.015325565703397976
0.014464878515187077
0.01412369081811233
0.013646389893809436
0.013835679267464675
0.01531830182372021
0.018949758252800545
0.025078722477379644
0.03343055694550838
0.0426198942237299
0.05053217899941561
0.05521545707174542
0.055739713124532894
0.0524120183875707
0.046297587729335614
0.038572930119657754
0.030228993623980994
0.02212182201323316
0.015006846782068133
0.009562731367253033
0.005847660750243046
0.003765574127752058
0.002963851428866559
0.003138696099689105
0.003939788595324753
0.005220199744778017
0.0070806049731731635
0.00852401149969995
0.01099978153703051
0.013934545233209673
0.017399194937291057
0.02167371981726229
0.02662570484642832
0.032344719369156935
0.03865855464534107
0.04519539282192426
0.051464948328846655
0.05698310729037444
0.06134873598128992
0.06423855629210641
0.06538045279553702
0.06458088360893102
0.06180417558432282
0.0572314518887508
0.05124357489939579
0.04434108142275153
0.037052485207424164
0.02986589949998233
0.023186411007434155
0.01731035826670606
0.0124087394570521
0.008531632774627798
0.00562589852186151
0.0041686122910147005
0.002584507056382028
0.0015703451316695486
0.0009678436220677863
0.0006294319306769371
0.0004484680435768547
0.000351663134537927
0.000299941943004033
0.0002816769208598721
0.000304482052638342
0.0007226466296210342
0.001193951073124028
0.002003007418939928
0.003299553300880661
0.005433440463995881
0.008540255810429156
0.012887762404322475
0.01880596881103515
0.026638059814336756
0.03665829114300102
0.048749007923933725
0.06212332483102383
0.07520763312670033
0.08590488007893034
0.09232527285657664
0.09351000855948864
0.09145517977059156
0.08481527712104378
0.07505262220643144
0.06343797050869128
0.05112558017147465
0.03918500798093876
0.028543035204514067
0.019824329335328975
0.013221817326601458
0.008568909309103489
0.0055065972728995955
0.003645025321428554
0.0026567649709314106
0.0022742566525648018
0.0022641042107239065
0.0024128697674098407
0.002620830401885768
0.0026792708038309034
0.0026055787937141767
0.0024485628914959973
0.002261581964505633
0.0021402076452343684
0.002021726612900241
0.001965596819348068
0.001987201571206519
0.0020942729126384196
0.002213394841019277
0.002460770729628706
0.002808066508789252
0.0032212975808246025
0.003710275248997175
0.004279186572482838
0.004930741309413146
0.00568198683692135
0.0065065316948685155
0.007409103310277001
0.008378269803647444
0.009398333418261481
0.010452169522005122
0.01151882217152952
0.012578882460472923
0.013612770377161224
0.01460079573310013
0.015521900355888667
0.016352288247762786
0.017068833844992252
0.017639913673093113
0.018047606954043175
0.018282013328166067
0.018344248115740522
0.018242985501915603
0.01809044021953666
0.0178757826201503
0.017449497768386637
0.016924348493883357
0.016322022398172396
0.01572845635274684
0.01507229778283384
0.014421330740404843
0.01379647184820051
0.013215172677695336
0.012692685560653115
0.012244406263698224
0.011885535148268267
0.011629229928618864
0.011485917108227989
0.011465852164456454
0.011578724372630595
0.011831438310485292
0.012223429222385776
0.012752189966701835
0.013391309250773586
0.014120296903878664
0.01491085898909762
0.015731645769011166
0.016545358367863344
0.017308636935147934
0.017773401632896122
0.01838093951308013
0.018857538291364762
0.019182381682607896
0.019340476703425084
0.019456302347016636
0.019309458572278993
0.019002419731701078
0.018549511329395852
0.01801504896728424
0.017371891161098888
0.016651885588729036
0.01590878577519139
0.015178391405294056
0.014507229394346118
0.013944329512248296
0.013538143151037045
0.0133255556665668
0.01331658432124223
0.013725394959247338
0.01452960260486407
0.016083671061842733
0.018982739754077212
0.023942269297549054
0.03164260216567508
0.04162521880632867
0.04895187882810536
0.05936160060307847
0.06707928188420263
0.07068275060392892
0.07016071866210162
0.06655962808942038
0.06111577614802996
0.054647705456613016
0.047612278952262124
0.04048346435435404
0.03389160572453227
0.02841941537741503
0.024307186366755572
0.021391422071839743
0.019282649446597997
0.017595772200633773
0.01607551695880166
0.014599609660132885
0.013129055378717286
0.011666429845718558
0.010236006382054757
0.008872532669750731
0.007608939594400491
0.006466543628015924
0.0054519955039070336
0.004844903406055393
0.004031921980517872
0.0033282637459289477
0.0027229966356918556
0.002207326109498302
0.0017722953150195017
0.0014090948144208026
0.0011099395297831003
0.0008659060875746344
0.000669864910097507
0.000514654632435401
0.0003936973980467474
0.00030115540080492684
0.00023212956629719861
0.00018231107462391205
0.00014820726004319835
0.00012693729555658141
0.0001226557423911672
0.00013315991284157085
0.0001673827327709081
0.00023764469814567136
0.00035678087057343876
0.0005301612378608486
0.0007435452414855395
0.001161850235901396
0.0017727973650144373
0.002427194853942882
0.004160295090807371
0.007376233203885714
0.012749247080469567
0.020276345849872996
0.029134766631731666
0.037581367262442336
0.04365119516703813
0.0461244879704589
0.04506129037372597
0.041486768714428315
0.036555397755038424
0.030954096154935624
0.024952914507691448
0.01881930507251573
0.013068554915468083
0.008279797017688897
0.004836990236059916
0.0027768383756486214
0.0018782760884457938
0.0018312407919079247
0.0023196868944645576
0.0030595755382859823
0.003778776605490566
0.004259325868185592
0.004398275339701684
0.004392841513603674
0.0041147680568304965
0.00371011301255179
0.003259586788344759
0.0027900835011874835
0.002362262892166829
0.0019772139458905263
0.0016977931184939162
0.001581352093442942
0.0016393965748836305
0.0018545213153155918
0.002198352537790798
0.0026471798214698344
0.003185977731280535
0.003809013830521747
0.004515714968540257
0.005306132055826836
0.00617886645040659
0.007125863265127175
0.008131917412494725
0.009174519697763589
0.01022796024118584
0.011268331306169435
0.012275977360794608
0.013233705824170872
0.014123448262430826
0.014668215715728163
0.015396439069595305
0.016000194237098513
0.01646414771594935
0.016777990848592793
0.01693438300620562
0.016927110262870308
0.01677330373670622
0.016473985389318074
0.016071541006028322
0.015633800196923533
0.015240457307006869
0.014961429691712486
0.014777096074460264
0.014592172918510168
0.014252672382982407
0.013622048145032784
0.012677759449556177
0.011515844414300553
0.010284659043778555
0.009094300896840834
0.007974096941207029
0.0070156308920029
0.006228524772888364
0.005872186954143949
0.006095843132239387
0.00756400091976788
0.01090879268921047
0.016525605613302193
0.023810924384884705
0.031484155546589856
0.03775929957742479
0.041252826620008225
0.04168308279098151
0.039802033238160374
0.036683862103640524
0.03295148790661814
0.028650030191957346
0.02370132604061275
0.018367806095137964
0.013265241865290532
0.009006205526429788
0.005870078182472498
0.003766116231341575
0.002415970136668294
0.0015506366636011254
0.0009946059428646886
0.000650785669200569
0.0004592161643390107
0.0004139857717143573
0.0004414745381843127
0.0004985497153559868
0.0006454810455253253
0.0008762051013920557
0.0012318563588790046
0.0017231963598922403
0.0023770961538986312
0.0032878119378969444
0.004449078599838904
0.005939548611749924
0.0077863601920639255
0.009953726779857827
0.012317257641328253
0.014563367946455373
0.016329761230440897
0.01727716715950406
0.017246058437259817
0.01632463891019863
0.014782722627732177
0.012925061735720606
0.01094093308243736
0.008938046089521446
0.006984473385225146
0.005196997719887926
0.0037323644866219256
0.0027206702045401705
0.002220250221814668
0.0022727433962505873
0.002608739548312091
0.003244704577460009
0.004054142692803716
0.00498014113714154
0.006141721148678267
0.007578470689919219
0.009448491235463598
0.011785716973923239
0.014509888593722741
0.01745073584897527
0.020373457285794407
0.0230068741630023
0.025069947400129203
0.02630843216121386
0.026584963097706055
0.025920073409907193
0.024465166512254638
0.022430566305405106
0.020016044396352697
0.017397449495818788
0.014740508336308434
0.01221003617253803
0.009951969350550186
0.008061847859697852
0.007021671791513619
0.005769830766119376
0.004828122754726002
0.00411678307962208
0.003582944586146222
0.0031388949401558873
0.002760018670720221
0.0024217238836286873
0.0021107999604997965
0.0018324547718342296
0.001574382743771109
0.001349222060762059
0.0011646899250441118
0.0010272166576819571
0.000941101872974166
0.000907114716805546
0.0009213088415861872
0.0009748404840624706
0.001055511396779122
0.001151282283119318
0.001258675070096102
0.0013759429063514637
0.0015131071475219637
0.0016861240729317342
0.0019084055981154287
0.0021880521884282624
0.002402192743968231
0.0027439092980182994
0.0030734272568459053
0.0033460866916341175
0.003534582372752354
0.003637419295378645
0.003674242249627206
0.003667665256621317
0.003630315218791501
0.0035632424803108877
0.003470636878262422
0.0033560747884480587
0.0032586188911311923
0.003204170371615037
0.0032542332806849176
0.003485911988184838
0.003974150570474621
0.004758441112451056
0.005811327917578089
0.006960458633146203
0.007953461012459211
0.008572051982484117
0.00876297887491911
0.008688613674314826
0.008625099953851495
0.008780623368071576
0.008979901299349623
0.009249346113720325
0.00920884530396703
0.008701227498056484
0.0077519289414786224
0.006629562510096361
0.0055885844844226285
0.00474527267580602
0.004062258776035197
0.003441394821675552
0.0028556979548527016
0.002409163821915264
0.002198027262672229
0.0023429408218131123
0.0028929989007597363
0.003840170169883705
0.005119626115999748
0.006579579081378509
0.007987082046924604
0.00907544603381902
0.009638066154126807
0.009636698954744937
0.009218976040154933
0.00860937282910338
0.007974806176057862
0.007351434265319116
0.006923238117911094
0.0062399101287616094
0.005548018083499345
0.004931270808737123
0.004534318023851565
0.004374415227027407
0.004482542763318277
0.004887525059342438
0.005483483069550776
0.006222981611117958
0.007074520314296745
0.007970409945597204
0.008894947145632815
0.009918584289272687
0.011022777954250515
0.012219368772794512
0.013440524686172456
0.01460409185219036
0.01566472484701811
0.016626621890675455
0.017503363872203977
0.01826689690077152
0.018868265111878422
0.019131201755153912
0.01899758813065452
0.01869512453554137
0.018008776615698916
0.017208153014227793
0.016445863420969292
0.015811076816637577
0.015326964834174187
0.014980620392000505
0.014756836877254417
0.014639321612345265
0.014596417503116342
0.014569959725779073
0.014489148790954389
0.014290484941003762
0.013934366484750382
0.013408931431173247
0.01272680237983676
0.011910007504803402
0.01099518558663332
0.010031127035287754
0.009078928573476069
0.008199910328534486
0.0074389657951935365
0.006797533932131863
0.00623386026073923
0.005700633193404329
0.0051582675025266846
0.004797287657623068
0.00429465519291012
0.0038943039486856717
0.003626378658375599
0.0034814877925082267
0.0033920767970024154
0.003278745759051947
0.003080078964548136
0.002784487406281558
0.0024324982084955593
0.002141973657526138
0.0018768043645085108
0.0016690937067329516
0.0015009242402287233
0.0013489770968506101
0.0012124569195496896
0.0011462077154464493
0.0011171877595901707
0.0011710833073775274
0.00130812897658906
0.0015313571710971864
0.0018494988185968305
0.002275930244447989
0.002818711901973853
0.003466848637807457
0.00417049114414187
0.004638791326586949
0.005293915237073327
0.005882162777646702
0.006416106800073612
0.006965177245154118
0.007603144616393413
0.008405409690722029
0.00932888138658753
0.010336259278226897
0.011329243948634618
0.012210454293547102
0.012931727442483188
0.013505681028507499
0.014009788329955959
0.014518727822197316
0.015030367243505543
0.015463963437079417
0.0157089842378771
0.01569407351271048
0.015422074441766494
0.014935167173311349
0.014281983974827476
0.01348610933606077
0.012562673686382638
0.011529309282695592
0.01080018444723665
0.009689349833756014
0.00861491270047008
0.007685552544396373
0.006867889123902748
0.006192074492956678
0.005628385094301676
0.005116874398654772
0.004607636804137963
0.004116936832466606
0.0036557204642552956
0.00327933671366799
0.003024059706695021
0.0028790543739282853
0.002810768668556534
0.002794216319274547
0.002837355211499458
0.0029701758247464025
0.00323301237633139
0.0036846457583810713
0.00437802810009231
0.005341721984998663
0.006552318753750909
0.007887793773485014
0.009179608370917313
0.010204705047455142
0.010690667899098614
0.011141445521502487
0.011366815831887657
0.011512689216765858
0.011663661565933391
0.011785044766911721
0.011811210893548365
0.01169902880985137
0.011478630179417897
0.011225960374168452
0.011075949091232344
0.01100637450529045
0.01103625690576307
0.01114716476583243
0.011320244162295387
0.01156303617414619
0.01195145699117892
0.012495726678603427
0.013261129828862812
0.014217489005850686
0.01529570045225267
0.01637875986117314
0.01733880880278543
0.018065311498065336
0.018488112990401026
0.018562788597530966
0.018413904967893288
0.017905208037480098
0.0170867426202377
0.0160475859597806
0.014836948331148132
0.013555583853178867
0.012289073577070611
0.01110115088874413
0.010182059202873864
0.009587013717635148
0.009585590900570668
0.010541361693889502
0.012822771704012779
0.0165842794423742
0.021575714353710536
0.026829548269135545
0.03109808740867976
0.033307719919040774
0.03315462273488951
0.0312441800791724
0.02863820481135063
0.026148953481044918
0.023927601323169585
0.02161444742277478
0.018831612904075427
0.016691984107814976
0.013298614217844224
0.010119646672499146
0.007549151171100967
0.005727466709352239
0.0045747667937245575
0.003910213453123854
0.0035567022742441323
0.0033863810599509153
0.0033157486290289638
0.003287140479611404
0.003257399745252652
0.0032665257558833296
0.0033105220149525563
0.003519527124108856
0.004092662966759174
0.005254286209140015
0.007137820304625878
0.009652179669290557
0.012338223805359115
0.014504842439395767
0.015551614794923155
0.015295006027720218
0.014082458344103247
0.012549883723936927
0.011201873586829161
0.010473662974085036
0.00948429161051582
0.008343202679374337
0.006891702993609054
0.00523031620306816
0.0036274261025141586
0.002329852335437912
0.0014451103111702622
0.0009501600757313417
0.0007185517797040171
0.0006366458927156063
0.0006178588556570474
0.0006129147501298096
0.0006057017073015207
0.0006039939362671601
0.0006087392005150609
0.0006208325481079982
0.0006351505603353918
0.0006450815150186016
0.0006498508918702395
0.0006569310204453185
0.0006766643823364156
0.0007165272306484831
0.0007781774657611596
0.0008583714539854391
0.000950932395731097
0.0010165583231548005
0.0011213476973552657
0.0012308800476848875
0.0013527518717273814
0.001496143014107838
0.0016715992395406197
0.001883174698456646
0.0021222018164560805
0.0023610566479537955
0.0025609850277176216
0.0026844796619082995
0.0028074521083984645
0.002944638787193044
0.0032793036689065997
0.0040573471058234865
0.005524420258121741
0.00778939838464757
0.01068513128156256
0.013640601139496725
0.0158766552441243
0.016779807861646335
0.016251947914508912
0.014786004359394301
0.013127910939524893
0.011826246560607448
0.010945074412803735
0.010441218585608862
0.009522572905623685
0.008269127234393662
0.006762901264038333
0.00533418558347244
0.004358752440850051
0.004128213234467575
0.00480154857456006
0.006336749766866514
0.008461211719881614
0.010608150676733414
0.012128149359496172
0.01263372963843225
0.012153999819449809
0.011101738856577361
0.00998192116296396
0.009092047252070077
0.008389448461545584
0.007657214592906226
0.006725356310146339
0.005601831599489286
0.0044479737365201244
0.0034554918251680777
0.0027369187803457503
0.0023030179062165476
0.0021459224337756462
0.0020570947368944506
0.00210711519970714
0.0022468342964154877
0.0024578716242744224
0.002721979839663911
0.0030216294546125256
0.003345680254079635
0.003698718234886893
0.004082987971919671
0.004506350256804975
0.004970383352641449
0.005462301905052819
0.005953297623268795
0.006400756402317225
0.006752651210861766
0.006961358580268434
0.00702099967731531
0.0069363792367838914
0.006775260911568137
0.006633776129828803
0.006611280891291146
0.00676227332422261
0.0070685016693553095
0.007409115045308674
0.00760992859344404
0.007593031179049314
0.007306037655929877
0.006776904128278771
0.006160280309386777
0.005591499665839722
0.00510725643832278
0.004649306212776622
0.00416313244327562
0.0035964921482422346
0.0030041779044718366
0.0024685539001073936
0.0020556314090041093
0.0017955199914280304
0.0017030025473929742
0.0017569414316059625
0.0019442736320027683
0.0022564051596834227
0.0026337585040035597
0.0030313717748742123
0.003398727897330322
0.0036962854930993267
0.003894007374161224
0.003992128216671734
0.003991083890317837
0.0039044200082235664
0.0037483728010318774
0.0036131151238579773
0.0034031237094924813
0.003201622371212734
0.003085563474039326
0.003162853630744835
0.003559473641696019
0.004375979127052616
0.005599114825929416
0.007066331384289115
0.00843333917303604
0.009376836751673959
0.00974541774669431
0.009657795867433547
0.009413384078108683
0.009268471205607554
0.00926344870159674
0.009229403617162783
0.00894794405878586
0.008325819685626219
0.0074547118088956746
0.006525401837401547
0.0057026936498295105
0.005043437198956455
0.004527621365621226
0.004117940712251236
0.003896807697658688
0.0036545862025107296
0.003532723712505612
0.00351665015659278
0.0035432453982128754
0.003524697523404062
0.0033936334573992388
0.0031390987683647766
0.002811485299057343
0.002492501383439207
0.0022373026174776346
0.002065574139493716
0.001964094023714654
0.0019139042621111463
0.0019068831319125684
0.0019371639437253054
0.0019837987422700663
0.0019963660976285496
0.0019317975628224964
0.0017795387356598308
0.0015753182717079695
0.0013787454214745597
0.0012339515600296442
0.0011434123581083506
0.0010734706303108807
0.0009836757914147712
0.0009017955188317558
0.0007507332549191716
0.0005892848325694852
0.00044740699618529877
0.00034524829579859627
0.0002877066624300676
0.00026804722324707067
0.0002731867951029144
0.000288434059843123
0.00030086191737571704
0.00030252663336635644
0.00029380808797085565
0.0002783727538109167
0.0002965569403660392
0.00036449646788052514
0.0005407762697349766
0.0008906061876186104
0.0014610860113724346
0.0022414478240287954
0.003126216838995911
0.003935979108657576
0.0044450845368744175
0.004551540913976859
0.0043156693886965474
0.003938001917154364
0.0036463033323602557
0.0035705762643948855
0.0036586508256357506
0.0039119465798207916
0.004204934662217862
0.004502322580112436
0.004857028131681677
0.0053038757533696215
0.005863932975560901
0.006441649553738618
0.006882102319323669
0.007041702105454014
0.006879994654311038
0.006486376664805474
0.005990321594221538
0.005525220833103413
0.0051285574219264414
0.004759351799431882
0.004372314043433163
0.0039371020301539345
0.003528615442269064
0.003290868456498502
0.003388457338118955
0.003936587612797466
0.004913177326614112
0.006136481918475555
0.007274347724421615
0.007815603910112785
0.00816223909662512
0.007967747033239762
0.007486218968320454
0.00705518879274612
0.006878336055191326
0.006951025654386758
0.007096603715778634
0.0071210623513669425
0.0069218801766358345
0.006541314520805276
0.006086878329805866
0.005651871695291721
0.005274424055612088
0.004949688361794669
0.004663059721992939
0.004408747826545512
0.004186943405804259
0.003990987109724023
0.0038057304875706247
0.0036139472312033006
0.003407334003464045
0.0031903929351058654
0.0029766637486419146
0.0027800333407089275
0.002662553557729045
0.0025080699156419177
0.002376472525244405
0.002270794488737904
0.0021866644977378584
0.002134008563131018
0.0021294911103346215
0.002191982838658746
0.002330059562296375
0.0025244350897317266
0.0027228420673193845
0.0028465172361660488
0.0028314931130963283
0.0026662085529755367
0.002399262947490266
0.002114495237250045
0.0018817941924520456
0.0017214768438084023
0.0016031640150791652
0.0014756557823168287
0.0013036430945151066
0.0010953437635555206
0.000867575396632925
0.0006603168380423943
0.0005121593302875941
0.00040557012717874937
0.0003597693788400492
0.0003199693748754459
0.00030516254157203894
0.0003137311645287081
0.0003336257815642288
0.00037315172837315097
0.0004273569345282355
0.0004978549888110258
0.0005868681461214683
0.000694134020681772
0.000817918634854006
0.0009552658180847836
0.0011025945279250552
0.0012581113564829438
0.001422636548669618
0.0015978042807296218
0.0017854955819054073
0.0019853216705493274
0.002193798038256315
0.002404869910130356
0.0026105382653098027
0.0028030492628209934
0.002975315669398109
0.0031227249169250553
0.0032430086837527306
0.0033365733850868368
0.0033847088200243108
0.003436032378016558
0.003461413898058389
0.0034582505919010546
0.003423374966337647
0.0033548969301005903
0.003253620537759277
0.0031231216441600347
0.002976827612061622
0.0028318296107098127
0.0026942883159023754
0.0025903750522130345
0.0025430746915971613
0.002564738605544403
0.0026457656443160315
0.002754036702206031
0.00284251511117227
0.0028684167093815756
0.0028293414894971836
0.002754521888307347
0.002685651555944837
0.0026470814745371864
0.00262923621534602
0.0025956581236742664
0.0025105826793078777
0.002415260884390906
0.002225065834059474
0.002035383541919758
0.001866154197758646
0.0017739441916612023
0.001781754683726254
0.001886266068237779
0.0020591237384053685
0.002258846916712416
0.002457060188964482
0.0026233602961941967
0.0027690456840164675
0.002913373368599828
0.0030682918229164163
0.003222719507801139
0.0033423790168067378
0.0033858394613777067
0.0033258909042933357
0.003162642631482539
0.002921720929832292
0.002640096581777269
0.0023499669050956987
0.0020689572691232083
0.0018013684025913778
0.0015438283939065375
0.0012959314173699229
0.001136744754521352
0.0009144254201199267
0.0007221847599503586
0.0005733348610157546
0.0004777496422794254
0.00043707214933355837
0.0004433454875361627
0.00047423048466124285
0.0005064602011381034
0.0005389320921734907
0.0005667657826846846
0.0006217376411165942
0.0007364104700275969
0.0009265343918820249
0.0011685642461245348
0.0014164903696727309
0.0016231737256225383
0.0017454436261086414
0.0017738225356888888
0.0017230570060239726
0.0016531066596055433
0.0015995946130224182
0.0016264119146032008
0.0017905094685381601
0.0021254316042317242
0.0026263745732873576
0.0030226626051426337
0.003627735909181514
0.004112433643228202
0.004358789440527984
0.0043417377956896175
0.004147291359521119
0.003926421165081734
0.003815440785669826
0.0038574136567147404
0.003998483100402767
0.004120630718397617
0.004122272310473411
0.003971942585559441
0.0037128958209260224
0.0034287862641305083
0.003191163311797107
0.0030296218339585347
0.0029290498212327606
0.002847191113630027
0.002743283442342592
0.0025993094628465807
0.002422955384669947
0.0022389015728725473
0.002072169393798453
0.0019349541220635923
0.0018586905809679817
0.0017568201004682107
0.0016563964555869877
0.001547698396876777
0.0014309332895430652
0.001313638492055858
0.0012050088188815548
0.0011183858405364679
0.0010536323995541618
0.0010196314711896168
0.0010286101168594467
0.001094373899111864
0.0012335343980621847
0.0014279940021913033
0.0016503632133919829
0.0018605874645901677
0.0020312062852948206
0.0021613562074861196
0.0022660020555432233
0.0023523575210390186
0.002398790592414256
0.002368422728856976
0.0022391090713920966
0.0020253078404395557
0.00177524950523735
0.0015524869916441792
0.001435504020721404
0.0013160130531096749
0.0012512034510013803
0.0012194191495970414
0.0012071662202729207
0.0012096255917099924
0.0012164116526314774
0.0012056940161780385
0.0011442923325305397
0.0010214440039335534
0.0008578043397630778
0.0006981805836366712
0.0005859946873719477
0.0005386379785275486
0.0005393210665010382
0.0005526528605015895
0.0005402835273026051
0.00048757715511096915
0.0004035568575509892
0.00031099273427599944
0.00023221218854773147
0.00018110591072750628
0.00015830085003913215
0.0001627701383257269
0.00019317285945772808
0.0002670698701120219
0.00034233241722751105
0.0005072328690477218
0.0007516000361205172
0.0010738062747398874
0.0014666528031806187
0.0019070377342893352
0.0023738278713463954
0.002845890332194657
0.003288201831033381
0.0036622222933248654
0.003909256337747596
0.003979887870554547
0.003876525255645248
0.0036470699442803186
0.0034159406496764096
0.0033329508433696305
0.003515570162737462
0.003998402116407238
0.004704504471968759
0.00545650457451322
0.0060414041038594525
0.006238540484725535
0.006016924720516021
0.005504716408305222
0.0049501782682933974
0.004600610576806253
0.004552834997070127
0.004754272758080416
0.005163175263754261
0.0055773949196078485
0.005831206026768257
0.005872747031191979
0.005748919222605633
0.00554955400417284
0.005349984023649303
0.005177519311296537
0.005020326656003275
0.004856363174474396
0.00467638050587837
0.0044884731801420495
0.004308290642011817
0.004143244531306649
0.003989104570437696
0.003839983106342937
0.003686535679610343
0.0035354235882067977
0.0034060152845223775
0.003325114606874541
0.0033141973229925134
0.0033726874021586554
0.0034664413582395585
0.003518258613620387
0.003536316510215371
0.0034387523163762128
0.003241442519716527
0.0029989054596602817
0.0028041627110825893
0.0027373797478490738
0.00283864013044096
0.003090377261578719
0.003419590569909791
0.003713981984560819
0.0038713071944228086
0.0038149415352966352
0.0035599995224851366
0.003208991062215366
0.0029144626731444365
0.00281846322007402
0.0029705136611843518
0.0033038206984587768
0.003659132326754829
0.0038594159217844016
0.00381082767587899
0.0035265493739500995
0.003122563173156641
0.002729402474831776
0.0024288642400544552
0.002290729221088762
0.0021590200673504024
0.0020821977691218036
0.002027682197984494
0.001984042794459374
0.0019431077300253628
0.0018932062218972008
0.0018319439940661562
0.0017694339642456845
0.0017416272054523096
0.001790901357158377
0.0019316337347433073
0.002122530269376927
0.0022866916191815754
0.0023405408115034893
0.0022597052832335303
0.002085151559201794
0.0018999913750458702
0.0017811790607314734
0.001760697022629501
0.0018155989900228908
0.0018902057909188437
0.0019279696482861432
0.0019031222170554421
0.0018756623587315611
0.0018573404102826942
0.0018907130421459083
0.0020520967567146313
0.002382036091647281
0.0028644252667317373
0.003470532653778541
0.004164771955118713
0.004938972079215839
0.00578474191360404
0.006696126964352149
0.007595567156924294
0.008362015563173439
0.008848576029975148
0.0089626032037313
0.008715448054962846
0.008222516066885554
0.007635564461008934
0.007097063000320543
0.006673683381845085
0.006358330666528847
0.006087892558306248
0.005784162787746209
0.005387665240154501
0.004877570771887669
0.004270401828167637
0.0036155792835348994
0.0031875786290109275
0.002612832709771935
0.002169572314417741
0.0018828653213300323
0.0017374676097528044
0.001686979720361157
0.0016972416484840912
0.001702718476454893
0.0016985671717670557
0.0017005571315537637
0.001736967184644261
0.001848952387891161
0.002032556314765958
0.0022982540578174813
0.0026460936456713263
0.003055307355238432
0.003497688579971877
0.003939439605211632
0.004337354536322562
0.004653648258354028
0.004850854849548929
0.004917960858422364
0.004866571040877771
0.00472114155846829
0.004515031615059593
0.004278167399686787
0.004117289989464742
0.0038863401362313494
0.0036760197054796773
0.0034847120555281247
0.0033031060543370627
0.0031207785814862652
0.0029320994321861906
0.0027392587883913414
0.0025524951215097924
0.0023869503393557684
0.0022576953859959237
0.0021718352496727334
0.002129561619631172
0.002125249328686712
0.0021517784781170932
0.002201585521637169
0.002267026570232637
0.0023329120577508006
0.002383092498889612
0.0024040700416052435
0.0023933589866272083
0.002365498474319884
0.0023391486712796426
0.0023259144340291305
0.0023212437030277373
0.002304439321820013
0.0022760699186620556
0.002201250440386874
0.0021017487215974954
0.001992266115724169
0.0018968545248469132
0.0018240312849664103
0.0017650168119438764
0.0017018082734763065
0.0016186955633335119
0.0015160181294747266
0.0014149208715258659
0.0013332596535283684
0.0012893107027979838
0.0012818874826444086
0.001296706731154503
0.001314699697079142
0.001321875948941411
0.0013140994887595985
0.001294178710405428
0.0012637561642571792
0.0012222273438233027
0.0011679355522171374
0.0011137920252208807
0.0010678862143772062
0.0010649535416500345
0.0011486586193996493
0.0012729022274327031
0.0015822213570928258
0.0020278417748759167
0.0025439460350444496
0.003007760720874625
0.003289928503621956
0.003306455234678723
0.0030732073285041107
0.0027050326646787873
0.002344504880436495
0.0021141015824454115
0.0020654884533760124
0.0021720338440938333
0.0023477485799598785
0.0024871553507017172
0.0025052350033989393
0.0023676211202086823
0.0020942988843158815
0.0017449125484801024
0.0013975450495756678
0.001101239696517879
0.0008908748248624183
0.0007694706978100722
0.000716180158387068
0.0006973632544081615
0.0006869333937413149
0.0006560535350212606
0.0005992202594140588
0.0005262246685579648
0.00045081505524941705
0.00038963716131803236
0.0003523124429387076
0.00033944610516353785
0.0003467492642936405
0.0003687720400868394
0.00040125384904316343
0.00044147942625036654
0.0004877961405534073
0.0005389587935561566
0.000593675216621022
0.0006504213452005995
0.0007075440066779968
0.000763327031603843
0.0008163681008050894
0.0008657630826392213
0.0009104986554150506
0.0009500305299625624
0.0009841578857935093
0.0010120658199760562
0.001033518726537019
0.001047745240715455
0.0010525456423497374
0.0010513492521925043
0.001038825349109521
0.001013998021387098
0.0009791888694358159
0.0009361459476638368
0.0008896308487764698
0.000843402100118362
0.0007991516538447366
0.000755817729941146
0.0007107642727331882
0.0006734083055499724
0.0006248234649440834
0.0005753175304038671
0.0005301799049539101
0.0004951970025002315
0.00048801298214878007
0.0005076756250526341
0.0005749629750152538
0.0007167329649694158
0.0009676210937320061
0.0013269154627289438
0.001772206495964118
0.0022204651656589853
0.0025664475864945213
0.0027351989622279066
0.0027400590340827904
0.0026389527403705175
0.002511503150731369
0.0024676184242117447
0.002560401952078566
0.0027620033878904453
0.0030084527348910174
0.0032276390819682248
0.0033849320791724895
0.0034830563430457194
0.003543313278220606
0.003576726499572032
0.00358715498885294
0.0035227480735321873
0.0033741369091601576
0.003160802822635117
0.002930002440113963
0.0027378331525217668
0.002621874236098026
0.0025843950359826346
0.0025937779528136425
0.0026094952199866425
0.002583387021042195
0.0025029421403291014
0.0023849478697898475
0.0023001739310772626
0.0021864781441658363
0.0021071150593642914
0.002071112905325982
0.0020757283191837096
0.0021151138438896297
0.0021836760551885996
0.002276649565527809
0.002389179304014741
0.0025140367856013204
0.0026413890141125792
0.0027580327828824265
0.0028536302262968396
0.0029244986982309394
0.002979312349104897
0.0030300623058120433
0.0030968681707126875
0.003195958328744092
0.003331909804374499
0.0034926211272610823
0.003641874235081212
0.0037325184809391004
0.0037182531462807006
0.00358217633706058
0.003344081968876161
0.003061483436957917
0.0028819797304636104
0.002664575023861469
0.0025307002221756727
0.002453995468355018
0.002390599702984376
0.002292620078123519
0.0021291651678998326
0.0019023351284674721
0.0016428098281913214
0.0013935947762587634
0.0011900509028852139
0.0010469090202264283
0.0009571677366958624
0.0009007771891356291
0.0008566968269413763
0.0008120730069067503
0.0007652487700856571
0.0007222855241255481
0.0006912095331233821
0.0006768781358401437
0.0006795279520016393
0.0006955963045470884
0.0007206789130607928
0.0007512196520338333
0.0007843366802350645
0.0008189521551397297
0.0008426332759139675
0.0008785290637616702
0.0009143465209871193
0.0009480185151101706
0.0009760152244717705
0.000993149638333337
0.0009935762583136254
0.0009726846279365242
0.0009291522662969316
0.0008658991131899166
0.0007892421452345344
0.0007067505867913347
