Y :56.99999999999999% Calcite, Diffracto n :187
Y :28.000000000000004% Gibbsite, Diffracto n :157
Y :15.0% Dolomite, Diffracto n :402
N :Hematite
0.0
0.0
0.0
0.0
0.0
0.0
0.0
0.0
0.0
0.0
0.0
0.0
0.0
0.0
0.0
0.0
0.0
0.0
0.0
0.0
0.0
0.0
0.0
0.0
0.0
0.0
0.0
0.0
0.0
0.0
0.0
0.0
0.0
0.0
0.0
0.0
0.0
0.0
0.0
0.0
0.0
0.0
3.472844199083257e-36
3.518991000531476e-34
2.1819706831086707e-33
8.64302624773818e-33
2.1857195498561319e-32
3.527902387523837e-32
3.6344317433754275e-32
2.3902634320120875e-32
1.003893655004614e-32
2.693541898526203e-33
4.61850951653504e-34
5.062085108907103e-35
3.5469267015581844e-36
1.5886953050106422e-37
4.547627919547118e-39
8.315697246010349e-41
9.707983576870884e-43
7.230563629405482e-45
3.4331337241837294e-47
1.0383207232091787e-49
1.998669904110885e-52
2.446685973335427e-55
1.903370679235688e-58
1.251094522940561e-60
4.565069157135935e-64
1.05682008898843e-67
1.551457201550825e-71
0.0
0.0
0.0
0.0
0.0
0.0
0.0
0.0
0.0
0.0
0.0
0.0
0.0
0.0
0.0
0.0
0.0
0.0
0.0
0.0
0.0
0.0
0.0
0.0
0.0
0.0
0.0
0.0
0.0
0.0
0.0
0.0
0.0
0.0
0.0
0.0
0.0
0.0
0.0
0.0
0.0
0.0
0.0
0.0
0.0
0.0
0.0
0.0
0.0
0.0
0.0
0.0
0.0
0.0
0.0
0.0
0.0
0.0
0.0
0.0
0.0
0.0
0.0
0.0
0.0
0.0
0.0
0.0
0.0
0.0
0.0
0.0
3.975024764307069e-36
1.614629272346789e-35
8.611166653735819e-35
2.746115531122361e-34
5.23652585233196e-34
5.9708386725325215e-34
4.070943356696569e-34
1.659672583032708e-34
4.0459211748659703e-35
5.897664353214619e-36
5.140558727533707e-37
2.6792191281420084e-38
8.349755966427302e-40
1.5559905960843005e-41
1.7338350997539949e-43
1.1552507275652384e-45
7.291962538347769e-36
1.1966450499050931e-35
1.911765714405155e-35
2.9733935094404786e-35
4.5021349609774285e-35
6.636407274739405e-35
9.523486094041466e-35
1.3304767005612868e-34
1.8095350323416788e-34
2.3959354732461184e-34
3.088386461751746e-34
3.6038182260933185e-34
4.442220039857771e-34
5.503707612630896e-34
1.222316178254973e-33
5.6682204426705985e-33
2.554728031353487e-32
7.807051164566476e-32
1.5042126956765607e-31
1.8046539012551913e-31
1.3481287445868113e-31
6.309072540941922e-32
1.89963324791984e-32
4.257479414373717e-33
1.2263110066526962e-33
6.893818014094497e-34
5.163853151189405e-34
4.119655670304061e-34
3.286137169657815e-34
2.5654157504329237e-34
1.9509527281342674e-34
1.4444507751389918e-34
1.4070347612517154e-34
1.6464009293007734e-33
3.450596301189724e-33
5.547214286585182e-33
8.744846560792469e-33
1.1662228881472511e-32
1.7459119720912095e-32
2.5307058131558374e-32
3.574766997802084e-32
4.93524589708369e-32
6.650329211304329e-32
8.732359324547167e-32
1.1165908027535874e-31
1.390183852732231e-31
1.6852280904045942e-31
1.9890817676938587e-31
2.285882829492981e-31
2.5577768437512314e-31
2.7866688665999253e-31
2.9564043166854042e-31
3.063027693300334e-31
3.131931274970171e-31
3.2512111408756584e-31
3.4804190642840434e-31
3.6256434794980806e-31
3.3538406929272034e-31
2.7022135279237397e-31
2.0408851533640373e-31
1.5681708243384378e-31
1.2369973340403875e-31
1.0555722610925493e-31
8.187658772723734e-32
6.192723137691785e-32
4.5611380021799536e-32
3.2709687592214563e-32
2.2845127105861307e-32
1.5651476627735691e-32
1.1349692800157293e-32
1.244738277725684e-32
2.5359341362879264e-32
5.36300731343191e-32
8.256799795402752e-32
8.554410926665078e-32
5.885154128282571e-32
2.6861257940119233e-32
8.150967406579987e-33
1.6631132768430932e-33
2.444533825107576e-34
3.630113628461491e-35
1.0023209354299447e-35
4.277897481284108e-36
1.9343539771090847e-36
8.576700028930818e-37
3.7039871786359396e-37
1.5575115896010003e-37
6.376765424477231e-38
3.464224678372537e-38
1.3566056380179293e-38
5.172589678399854e-39
1.9203001717805792e-39
6.941234531154459e-40
2.4429278304150255e-40
8.371257098430903e-41
2.793036692852487e-41
9.07336334604012e-42
2.86989122803201e-42
8.838280996240358e-43
2.650178694601122e-43
7.73726082282006e-44
2.1993977273494944e-44
6.087296876357866e-45
1.6403974271922468e-45
4.304049547548002e-46
1.0995341468890804e-46
2.734910617395486e-47
6.623387763773191e-48
1.8468309245628822e-11
1.8221649019919824e-10
1.075018291124141e-09
3.7923784302691525e-09
7.99972613328832e-09
1.009034948387046e-08
8.852244482638476e-09
4.738750952991747e-09
1.5168478042313398e-09
2.903272277546009e-10
3.322776762695279e-11
2.2739567464732915e-12
9.305310560161132e-14
2.2769169077139786e-15
3.331433353951825e-17
2.914625193364922e-19
1.5247615683226815e-21
4.769675102000298e-24
8.921611232513618e-27
9.978503857449582e-30
6.673523622112272e-33
2.6687790029852886e-36
6.381718738643693e-40
9.12494687441627e-44
7.801725525356434e-48
1.1061943705459014e-67
1.3138830156327871e-68
1.5194019474662568e-69
1.710719837328823e-70
1.875317655303928e-71
2.0015204678738616e-72
4.4371028777877457e-73
4.529312902825938e-74
4.500475166007171e-75
2.2486620017740082e-08
1.801399747274413e-07
8.629063229219566e-07
2.471637880319173e-06
4.233247605614805e-06
4.3354096277944766e-06
2.6549371317432412e-06
9.721784341548991e-07
2.1303340256233938e-07
2.934528923551077e-08
2.3980727827073946e-08
1.3537726796384797e-07
5.6215638043314e-07
1.527990657586662e-06
2.6644640907190167e-06
2.980672449194482e-06
2.1550390766207074e-06
1.0108133030081538e-06
3.0578080357256916e-07
5.881620387798217e-08
7.072361784487667e-09
5.237686377196647e-10
2.362966681091561e-11
2.2653690575468424e-12
4.408612318570194e-14
5.155340050367784e-16
3.615661572751693e-18
1.5192188102705073e-20
3.8219412701083314e-23
5.75472597336729e-26
5.185242019155513e-29
2.976759518702703e-32
1.9273631708450874e-33
1.9741952462357595e-33
1.9778830991611248e-33
1.9291230049716886e-33
1.831755992545223e-33
1.6932602850065516e-33
1.5238008930242275e-33
1.334999569276567e-33
1.1386294901192608e-33
9.454359889330858e-34
7.642408237248432e-34
6.014184345181233e-34
4.607566787970504e-34
1.6123749986105805e-07
1.2014367360701743e-06
1.4827472306032987e-05
8.207873750531938e-05
0.00020831021074605357
0.0005991291018027764
0.0011164463396835834
0.0013443893691980659
0.0010569482236582075
0.0005463684346986931
0.00018460039901644569
4.004870433894034e-05
5.463354171805069e-06
4.7643735417775937e-07
1.0255512938324845e-07
2.3569106833065715e-07
4.421293586057149e-07
5.2617476177354e-07
3.960731852419221e-07
1.885700025145356e-07
5.678339931609102e-08
1.0814881939624421e-08
1.3027881266769633e-09
9.926071858000079e-11
4.7833554226007094e-12
1.4579395015972826e-13
2.8105930499838994e-15
3.426952201983121e-17
2.6428331163668445e-19
1.2890894297727934e-21
2.8745180544845546e-23
6.534306039270801e-26
9.427250361566853e-29
4.734020742869421e-31
4.50098825303125e-31
5.084062771610453e-31
5.5930648082617345e-31
5.992073802954586e-31
6.2516208352596e-31
6.351790185589962e-31
6.284743881513828e-31
6.055734922211065e-31
5.68242722500119e-31
5.192644496280449e-31
4.620946216087454e-31
4.004615130560997e-31
3.3796998124227984e-31
2.7776841561317657e-31
2.223181341239863e-31
1.7328225634918586e-31
1.3152864371003752e-31
9.722399658399488e-32
6.998634092126202e-32
4.90613591745482e-32
3.34936338765387e-32
2.5590918825655344e-32
1.6731001555128127e-32
1.069038605266936e-32
6.702990195289506e-33
4.111671829361569e-33
2.4319680868773907e-33
1.3765010829839678e-33
7.541601401731321e-34
9.488155163650774e-09
7.358561724180082e-08
6.846672988932688e-07
3.768740021828579e-06
1.6009894785515273e-05
4.889110406650935e-05
0.00010289464713294404
0.0001473447556569692
0.00014472283493859107
9.868537195878549e-05
4.6823735082829786e-05
1.526982692839373e-05
3.351445456611878e-06
4.848205637327995e-07
4.549394704200962e-08
2.7403721480205386e-09
1.4050779630076605e-05
0.0001186444256541379
0.00036972081506099084
0.0013249621088982845
0.0028392305086027735
0.0036380233736524347
0.0027873913917612968
0.0012770210658339719
0.00034983705306741616
5.730614416129186e-05
5.613118456895942e-06
3.2875689081573607e-07
1.151365359727543e-08
2.4111214743168627e-10
3.0192054069663574e-12
2.2606528042585837e-14
1.0121449490340497e-16
2.709687414606101e-19
4.33773796757507e-22
4.15216946990487e-25
2.376591094464677e-28
8.133949982160807e-32
1.664624058293147e-35
2.0370349207892603e-39
1.4905564176919413e-43
1.0798442744990143e-54
1.9353267492906097e-55
3.3772952322151006e-56
1.039151578377825e-56
1.7345730494955417e-57
2.8191845906838274e-58
8.620901906056788e-36
5.868344548566677e-35
4.433457657436071e-34
2.1981512592385545e-33
8.513053030727457e-33
2.3082227353390836e-32
4.1374791793490257e-32
4.9139576291280305e-32
3.9663227312780373e-32
2.2026368534954577e-32
8.259510147539048e-33
2.014639638508585e-33
3.087613498706782e-34
2.905486927770962e-35
1.2006333450971368e-08
8.447325331165329e-08
3.553822049569141e-07
8.940046387711082e-07
1.3447808140442557e-06
1.2095696302417495e-06
6.505458058146423e-07
2.092148589353555e-07
7.380097299995637e-08
1.0072937242354008e-08
8.220870484731843e-10
4.011872493745416e-11
1.1706958390317358e-12
3.118953713692901e-05
0.00031362911101246235
0.0018857818094066127
0.012658792023734966
0.0578226010832839
0.20982357893647507
0.5333121430517639
0.8951853717074215
1.0
0.7676833216949629
0.4109407188234384
0.14987441278203856
0.035676537095379095
0.005427102044605994
0.00077224539104563
0.0005098989832183221
0.000491352591447689
0.0002979120233091558
0.0001081926772877269
2.3496328418492644e-05
3.051199413234906e-06
5.880001913334972e-07
3.2406153089901256e-08
1.0679357591863046e-09
2.1044102859497e-11
2.479609778876285e-13
1.7470442391984506e-15
7.360242137613612e-18
1.8541631222435022e-20
2.793003073666551e-23
2.5157213126791742e-26
1.3549671939483695e-29
4.5704444912809746e-33
1.4356361198893525e-34
9.56789377653776e-35
7.64970694358362e-35
6.999250234766387e-35
6.553710129788053e-35
6.025835033610356e-35
5.400971105365721e-35
4.7146407302094046e-35
4.007428006019235e-35
4.826948210432148e-35
1.1979027319291575e-34
3.8366599288737312e-34
9.100495609013192e-34
1.405747558307871e-33
6.260796320800691e-08
5.384273547774786e-07
2.9287093306835736e-06
1.0142702096705268e-05
2.2386587500795302e-05
3.283548046282475e-05
3.785228885452426e-05
5.9840107893002824e-05
0.00014060537003152642
0.00027527382297625613
0.00036726400886369646
0.00033724356207934567
0.00022065441173435758
0.00010209883070949675
3.181438151214642e-05
6.338758342452337e-06
7.806315963517128e-07
5.838718413314415e-08
2.630704202938599e-09
7.114475431378444e-11
1.1530682117510457e-12
3.713231797819588e-05
0.00028589022013056624
0.0016222604243467374
0.007082286584671472
0.01797921761702017
0.06399125766288485
0.16561365352235963
0.2850517680144103
0.3286712555804298
0.266298437378928
0.15598839846000156
0.06521420945294802
0.022770297130309113
0.02325972504008608
0.05767394689000545
0.10915436370386834
0.13811630897577917
0.12164152170859799
0.0775667467054976
0.03525906595776995
0.010817649209531717
0.002176526215242216
0.0003443856812892167
0.00011041897677698448
8.731867913046345e-05
7.886521611999844e-05
6.993475999990574e-05
6.0388951201323536e-05
5.0765915729954063e-05
4.15465899269319e-05
3.581275336739473e-05
2.8027317806016568e-05
2.1353730858845165e-05
1.5838512490096476e-05
1.1436770822730256e-05
8.039718558543708e-06
5.502077123120953e-06
3.665733611576691e-06
2.3776259381766896e-06
1.6611420812019735e-06
2.06434019440468e-06
5.7085628594944935e-06
1.5053944006805258e-05
2.6805105705933337e-05
3.052965064371891e-05
2.2051654798371055e-05
1.0086350744933605e-05
2.923163774762208e-06
8.930143995450028e-07
3.049424871587528e-06
1.5928154581001595e-05
7.597985109897481e-05
0.0002861216521463777
0.0010078874269283525
0.0028347646241056223
0.005664017476201369
0.007314499642373022
0.008035036665189491
0.006487237944969646
0.003935619399064644
0.0017481045014706702
0.0005400956541613377
0.00011174417955009988
1.633129568686938e-05
3.242968770940217e-06
1.8530138750139556e-06
1.1943186761032522e-06
5.812188382342891e-07
1.9269718873275866e-07
4.075038574076693e-08
5.302235026809064e-09
4.176407383991251e-10
1.9781671822118426e-11
5.619452628371187e-13
9.56431421496829e-15
4.197929805152592e-06
6.870660701094371e-06
1.0947380972504219e-05
0.0001883138308358876
0.00030584404406406267
0.0005761468719444601
0.0008964515375531958
0.0011867965956699614
0.0017700979421117825
0.0025776623281278934
0.003667919240125301
0.00508207830699566
0.006821083690583909
0.008873955937213351
0.01123826050045105
0.01388886992058379
0.016756886580159152
0.019724498061207175
0.022632901258082823
0.025304737241773612
0.027563734058951565
0.029250995091488846
0.030241830499974073
0.030460688687125162
0.02989070200220241
0.02857578174986213
0.026614970877323604
0.024150141417582406
0.021349079027630846
0.018386725173687155
0.015427491007869602
0.012611062050777293
0.010866559680356807
0.008504651362785325
0.006484625413543005
0.004816995565900569
0.0034860159544437886
0.002457778877858852
0.0016881647723695648
0.0011298723184857517
0.0007384808262545461
0.0004796955481919894
0.0003407766259532537
0.000350117754620617
0.0006925661022897305
0.0018880204167823764
0.004306704105243362
0.006940664800043573
0.007899109076009108
0.006707417162863177
0.0044162969806577764
0.0021956333109903418
0.0007762717754032496
0.00020803520626815107
0.00011090623926976908
0.0001575357139752954
0.00017240595973216948
0.00011458469757883801
6.561824226063409e-05
1.852700344919866e-05
3.1282783955452163e-06
3.160207654187755e-07
1.916940692124064e-08
1.4246367378198674e-06
1.167821241965995e-05
5.7271177962618106e-05
0.0001679440035796828
0.0002944832219131065
0.00030876228793025903
0.00019358779032373427
7.265449969440784e-05
1.669986683222032e-05
3.4965977544208147e-06
2.5703247452542887e-06
2.6156815074413767e-06
1.6970950758898384e-06
6.603404142499484e-07
1.5365735658613931e-07
2.1380061347765116e-08
1.7788211430491494e-09
8.849592253814409e-11
2.632581817401629e-12
4.6828272711044324e-14
4.980835485288555e-16
1.8103370806604715e-17
8.17348537497246e-20
2.2341191468566083e-22
8.990477622275555e-25
1.0183615678037093e-25
1.8470390729155063e-26
3.272855224840318e-27
5.646749351500351e-28
9.486343934267887e-29
1.552239530698981e-29
2.481058175734387e-30
3.983274894741896e-31
7.959498673783264e-32
9.873923000570312e-07
8.35894716617732e-06
4.232052895008532e-05
0.00012826312043618545
0.0002330756684851011
0.00025645803650340744
0.0001779620478612698
9.184284008004755e-05
5.386919969496487e-05
4.539885324353857e-05
4.079276503707606e-05
3.245224580055819e-05
2.5653309681549132e-05
1.5102974868353674e-05
6.393909650593204e-06
1.7548142972277837e-06
2.9698306915154046e-07
9.36050891598826e-06
1.5297635071589185e-05
2.4412127968923912e-05
3.7930281695142165e-05
5.737412724807034e-05
8.48516349245515e-05
0.00012438303498737548
0.00018656621405558114
0.0002860623914049708
0.00041240860144128427
0.0005164050757128247
0.000576780804241118
0.000634173763963374
0.0007199476964597062
0.0008238785431983618
0.0009263917593162628
0.0010154403127427597
0.0010837051463924415
0.0011259489658184839
0.0011389597615777305
0.0011220542118197624
0.0010952056891894105
0.001036868621545066
0.0009736941432942597
0.0009682283774507906
0.0011211881663396094
0.0017143891394679756
0.003734124431854749
0.010765434784229184
0.02512742453380056
0.039103491067612045
0.04164034721892041
0.03406639715470293
0.022901374653082545
0.011653172560594841
0.00398718684980263
0.000919172821535856
0.00040789147233674634
0.0009332464674348504
0.002348918904272168
0.00704722411688618
0.02210131659511036
0.049773018189704595
0.07303747706114926
0.07408725858255942
0.059006387253656874
0.03882282179826849
0.025183698947040617
0.009592877620687444
0.00261598630581292
0.0009157817679787155
0.0006489129295435441
0.0005056000294734563
0.0003489110591700422
0.00023175869211898318
0.0003116108317304901
0.0007126693540119869
0.0012323903688496647
0.0013704846507323835
0.0009675729715350498
0.0004364277145898966
0.00013142292030634184
3.4930147732410465e-05
1.8496503160795903e-05
1.8838723204793067e-05
2.110193523024128e-05
2.3206602122883994e-05
2.4854248597801432e-05
2.5914457234492347e-05
2.630462197038576e-05
2.5993838332182943e-05
2.5006744827692355e-05
2.342029234219521e-05
2.7085340957455983e-05
6.205303134654447e-05
0.0002310261080195305
0.0006614412208374731
0.0016363462597593565
0.004469077904136192
0.014359557784569826
0.03504881284357817
0.05573271856565995
0.0605185120565299
0.05223366826819008
0.03981955589723211
0.024833554841354324
0.011965961823588748
0.0051624571148088565
0.0022681154892000392
0.0008343382669234445
0.00020648621622995725
3.161061139895631e-05
2.9422752952365607e-06
4.631547566428349e-05
7.570995499685527e-05
0.00012092814160274058
0.0001881785901454122
0.0023461606091334125
0.003241354477139378
0.005176144083404291
0.009293803190900717
0.014335531659810226
0.021651551641493183
0.03312805083877042
0.05226073499425347
0.07889076055646652
0.10535540100873012
0.12701794967536106
0.1481862877426406
0.171483756891806
0.19699612704624708
0.2259320637916566
0.2571102928933766
0.2870890728526914
0.3128665281172548
0.3323782569994083
0.34417389358904016
0.3473814153277269
0.3418608809572195
0.3282589820230588
0.30757627431695095
0.2807682768658619
0.24934108756316253
0.21557661153281743
0.19281494612320535
0.15954074636693383
0.1286467166324814
0.10120130803158016
0.07765306833594737
0.0580793513268637
0.04233596923010538
0.03008035976027054
0.020832980358878962
0.014063102359039998
0.009252283113987894
0.005932638203858613
0.003707373966132767
0.002257733826970143
0.0013398020929669728
0.0007748140056381907
0.00043693467829036164
0.00024147101665074753
0.00013366518981486054
7.697455273511832e-05
4.530406871589593e-05
2.4423268876840192e-05
1.11653478914245e-05
4.545317477884646e-06
1.8506388494594547e-06
2.1263166567219966e-06
1.4544970173545138e-05
0.00011156671962870927
0.000611929757740478
0.002203130964551905
0.005417893045102821
0.011672468210448256
0.032166711382222664
0.09414976282594083
0.20405448374054672
0.29949372012290565
0.3122586879244715
0.26220842716749826
0.19433192857958467
0.11879952775759112
0.053543435012703464
0.01830291279160338
0.007228282581015081
0.005620878707026496
0.006064265441040663
0.006714376432223644
0.007277274222805493
0.007690969526796816
0.007923494709541356
0.007957303883183416
0.007789855419363475
0.007572055720269915
0.007104030324134924
0.006497023280578164
0.005792203797086588
0.005033774475608515
0.004264462576044104
0.003521839279696509
0.0028361304015465123
0.0022307640452271667
0.0017231899756783558
0.0013171620022332012
0.0009911385866464228
0.0007156222576893605
0.0004868201412947902
0.00031665491716525984
0.00020229174747379077
0.00012792255433125165
7.951242918292251e-05
4.828383349806062e-05
2.8587143193973178e-05
1.6495844603265914e-05
9.276481665790185e-06
5.169544406742439e-06
3.460681494370884e-06
5.287974451450355e-06
1.2756819650592381e-05
2.0687885001841183e-05
3.692230178211117e-05
9.498618950226695e-05
0.0003077621283743574
0.0007205368028326228
0.001071006571391587
0.0010751289413289385
0.0008814421574523794
0.0006885583287403019
0.00046107680430762776
0.0002574476848085512
0.000274320102408782
0.0007201613778440962
0.001532720354133135
0.002094296462690878
0.001984133270972142
0.0015980134913638222
0.0012131194236822838
0.000735845658788671
0.00031307295729227785
0.00011169091162886246
6.576575730475161e-05
6.986004231739545e-05
8.338168311262961e-05
9.86545431691915e-05
0.00011342654705893841
0.00012167830306066694
0.00013407814934720294
0.00015729087486597988
0.0002209341225416102
0.00033989853588671526
0.0005251028469203406
0.0009723377548160629
0.002665410067024091
0.006794025332901231
0.012049788870664007
0.014559387507062035
0.013202964596260169
0.010571381618817976
0.007731495417353146
0.004459224416882218
0.001828496163080098
0.0006183797915109765
0.0003177010797495662
0.00025060758227943
0.00018894723782424816
0.0001399000438883833
0.00015152154327190167
0.00026515882156138016
0.0004195299505867072
0.00047303277689150937
0.0004798409810380747
0.0007417491132666467
0.0015329699449893636
0.0023435596885334233
0.0024288417262166725
0.002038313132649043
0.001684797441119264
0.0012121085657281888
0.000608729365267345
0.00019582868470870558
4.527893760454115e-05
2.881140381734941e-05
5.675132951733924e-05
7.989252705806557e-05
6.772198723575487e-05
3.433534525920526e-05
1.0409413870705312e-05
1.8870312917548667e-06
4.306767930493182e-07
2.239237101438977e-06
1.3145804669125521e-05
4.653256249440006e-05
9.882999547201562e-05
0.00015966648493679155
0.0003487765968944527
0.0011675468448502843
0.002315452438078661
0.0044283173605815145
0.005396414764721994
0.004795016332263541
0.0040486521732216296
0.0033872858627271253
0.002182328277704806
0.0009232939435719012
0.0002519656797363096
5.639202667221102e-05
2.3357293597251217e-05
1.6906877675267316e-05
1.2953700403749558e-05
8.804991810694873e-06
4.286730744969138e-06
2.911629679230585e-06
1.1893587673334691e-05
5.395733874087807e-05
0.00015794886193447368
0.0003098290319124369
0.0005116355453285215
0.001251324729505029
0.0038609781902162704
0.008989045320859475
0.013886471404793306
0.014745194243763781
0.013321836631795174
0.010740566737519655
0.008282507187485334
0.005123763387229236
0.002183613202152329
0.0006041869271076895
0.00010667577112298665
1.1963747614046983e-05
2.8174257795889546e-06
3.221204055518633e-06
5.0169849428258396e-06
7.69551561597502e-06
1.1514042182452974e-05
1.6887330037568787e-05
2.4566808287833564e-05
3.5435341336195754e-05
4.90208467997023e-05
6.489831914791444e-05
9.008343136122961e-05
0.00014970622260809284
0.0002601384069358019
0.00036791866701488344
0.0003951894938005489
0.0003675948102955144
0.0003550577878146393
0.0003444264644998786
0.000352714099021767
0.0004556367072899766
0.0006577653231050172
0.0010141455565702336
0.0010970124165475914
0.001212596721080096
0.001599811907795256
0.0020928064564260814
0.0028276306062159848
0.0039047302570013247
0.00537799210594057
0.007280029567968264
0.00963669538038252
0.012452043980921892
0.015713506744545507
0.019424738028344626
0.02355910829264973
0.027851420892762456
0.0318006390734528
0.035157511195939524
0.03796829028783796
0.04006432444672087
0.041179700582669836
0.04129439436304661
0.04048269602732327
0.03944908470571484
0.0372192121609616
0.0342788080070299
0.030760897929521143
0.026893705743578664
0.023050978105235556
0.019556134472618666
0.016359584421262036
0.013492438447138079
0.012438179127544177
0.017745392692269848
0.03203361325890956
0.045627128861069094
0.04529047655527771
0.036462684191026926
0.030693949207351266
0.026080259427387047
0.025286449037546614
0.04097065946076503
0.0666438121906823
0.07455776146073556
0.061206854191141906
0.049540833296695036
0.04181540841028275
0.02761394181427516
0.014069843236367873
0.011419068870358007
0.017556990816029648
0.027086751629203727
0.029419815427526877
0.02482144002951725
0.02038874496651794
0.016804618014386593
0.012617402561198015
0.011603867054845101
0.014992715944841119
0.01668336945860482
0.01382419437132156
0.010931336941863701
0.009366571449755326
0.006484383650567455
0.0029162838627332446
0.0008003916604767368
0.00013229109888684442
1.3134367743405695e-05
7.829940579913547e-07
1.0058734088305567e-05
8.390377920936362e-05
0.0004255033960349456
0.0013052205615762139
0.0024166007179592724
0.0030074025226585546
0.003594455616829388
0.00986853222498394
0.033463348121175164
0.07525680259457343
0.10425972413858174
0.09528487608438087
0.07386224353235338
0.06467033579144875
0.05279777327921151
0.030655913794102322
0.012713698506291712
0.0056920016466618425
0.004123568696907394
0.003034086572479405
0.0019077383118396777
0.0012620584170448899
0.0007992959346762408
0.0003650505158716203
0.00012074921643899889
7.407990985394434e-05
0.00010631060436760147
0.00012971894587974003
0.00019919620813642892
0.0006821228294667513
0.0021028972472770468
0.00345181311826232
0.004839952223151414
0.004440059464606457
0.0033985763096569172
0.002951251479527712
0.0024237827497352485
0.0013899163434566827
0.0005225237470590736
0.00017329345478453065
0.00010591367642915798
0.0001164227472680739
0.000141059852767897
0.00017056843222766323
0.0005411323526708065
0.0007929210597779886
0.001161588389930549
0.0018021186126395733
0.0026768806584258516
0.003844766010182061
0.005405370560148332
0.0074227688276489005
0.009971256180363156
0.013115685357953714
0.016876378943053303
0.021213216948566167
0.026025252076278073
0.02943107282042547
0.03473535045886262
0.04010088914976172
0.045128520479580284
0.04937145460418439
0.053045570951044264
0.057996791206978905
0.06660968608952088
0.07608438968820243
0.07750154306434562
0.06953984021606537
0.061252950259069766
0.05518339957258844
0.04653817991805158
0.03582625053059667
0.027074774314281472
0.021045568762181086
0.016512954512635937
0.012764314562440891
0.009646682337674881
0.007147587862502973
0.0052551080247115614
0.0038730934219852377
0.0028020197258317764
0.0019274225502306276
0.0012885789102247015
0.0009926744086460187
0.0006761780156860028
0.000508684666743499
0.0005841909807840896
0.0008369160303142624
0.0009506578905286335
0.001057632235994475
0.002980942557284162
0.010534251758958472
0.02442451648373504
0.03468513339795549
0.03183254534545071
0.024213368026201953
0.022534998753512205
0.021766799112803333
0.015822295208041053
0.008817332000591793
0.00509598719648617
0.004381730134427582
0.007612776931025412
0.01968470042724478
0.04099733103166085
0.05713108860984326
0.054301751257967074
0.04209755295987012
0.035692798571618035
0.033173501101131896
0.02480094006793721
0.01267496247589494
0.004178360737757568
0.000877265341123057
0.00011781129365211964
1.6925782695233168e-05
3.726746787373197e-05
0.00011516619461899293
0.0002165094250136779
0.0002474076897031085
0.00018196238687479989
0.00010587790235948656
7.008192200314225e-05
8.207171897839309e-05
0.00020303330658449345
0.0005952875207067976
0.0013168195210486562
0.0019783240136972886
0.0023107075075270776
0.0030795905736946756
0.004605488951540846
0.005254941627695812
0.004170504171566836
0.0029538479301983674
0.0026350742428770256
0.0023073706365251767
0.0015190647230303208
0.0006734161229204659
0.0002949854596984753
0.0004296819534435477
0.000885150978480364
0.0012010991228707203
0.001172493387053611
0.0019669937285524187
0.0074494438237565075
0.02204597695533782
0.040304217381185906
0.04548095427629572
0.03537279380552821
0.027437453656594626
0.02722894387428144
0.024758775722276756
0.018161858459271624
0.01259715824596494
0.008700021248677334
0.006115286089534514
0.005308249724519481
0.004784856463570032
0.0032635169990115334
0.0015692534391155602
0.0008394200129855951
0.0003271808975049332
0.0001584976247401725
0.0001002659907382503
7.689929542871445e-05
6.361802578915514e-05
5.2971059943706735e-05
4.355081700067426e-05
3.5228603128374143e-05
3.377425923720096e-05
3.171371534448687e-05
3.364141615797786e-05
4.0314261282319023e-05
5.178792154657965e-05
7.212487910047753e-05
0.0003714232477818615
0.0006161693455801589
0.0009587678658096155
0.0014383700369863357
0.0020262673800680335
0.0028439999586780764
0.004005764857465853
0.005497869358432994
0.007309282881927823
0.00951564950280744
0.012168924350327038
0.014158719597663011
0.01739883010851988
0.020869718153057402
0.02447011502517731
0.028052827792036137
0.03142815823381633
0.03434851253498736
0.0365651480353567
0.038021306916894516
0.039114665333984236
0.04072156491336762
0.04303633308305653
0.04387341977120169
0.04078426878013661
0.03527976248968703
0.030718563663476074
0.027511410349967954
0.024444067170000923
0.02122324153361792
0.017368057272461154
0.012973171645813799
0.009675729525740211
0.007905887314916996
0.006231746748974061
0.004102819377117447
0.002834783612465443
0.0016015615088879052
0.0010564758531730132
0.0008969288761301889
0.0008393136860285435
0.0006690070079583998
0.00044494585035083557
0.0003412037795587222
0.0003207042789547638
0.00024562000536055195
0.00013816773936967605
0.00014071936140520915
0.00045420095136752955
0.0012068014692879492
0.001990759352592421
0.002063305483032837
0.0020187826096961224
0.004699766532671477
0.01642711586615611
0.041030429558005954
0.06455107898400474
0.06587028416765396
0.05544908015775819
0.05920233221384666
0.06886605311980477
0.059848830735645266
0.0451576137598953
0.027217161285106494
0.020482815207085264
0.01627803275619234
0.010234201520378475
0.0056074309826534075
0.003587890032461302
0.0024386324768548686
0.0016308876558395156
0.0014859444976285505
0.0015281113776970075
0.0013319739114828022
0.0015593197812085653
0.0027816310446282335
0.003948891795171848
0.003621361890038545
0.0024701676461131267
0.0020903204157970054
0.0023174484551943667
0.0020164407411850903
0.0011510126910011232
0.0004378506114605138
0.00016065328917844163
0.0002744372819481843
0.000788051740596497
0.0014620207096264339
0.0016756336208924331
0.0014106138717785615
0.0009633634393733112
0.0009759838617040756
0.0013466090006450653
0.001623579493372798
0.0015063598023282979
0.0010685241878150644
0.001181828864252225
0.004483180042463224
0.015828947572699884
0.0350736142269659
0.047392507112467994
0.040282210699946135
0.026727167693583475
0.023804170765650133
0.026014050009264926
0.02086447502803251
0.010534509918993488
0.003398257630574912
0.0009426432383249018
0.0005301634778577095
0.0004140941695141054
0.00023604436351704362
0.00017360109652873263
0.0002800473959582107
0.0006978631975147043
0.0011686116359616555
0.0012303308200929547
0.0009411829656724904
0.0010635865677355752
0.00139395466917177
0.00164523959373659
0.001831585306895625
0.002623598535353789
0.004837987551090935
0.008945913390550453
0.01333593918180039
0.015339146769138485
0.015707420747928497
0.017690612014237442
0.021847445659413323
0.025819794797490126
0.028930685435643016
0.0323493771729504
0.0366492202606762
0.041230277072075515
0.04553416948552919
0.04922059649639075
0.05208141908656175
0.05397959040398648
0.054673330376420984
0.05484962939734179
0.054036699117336995
0.05234233706693829
0.0499182694809813
0.046943127152555164
0.043611423599164194
0.040111265191383604
0.03655859879015203
0.03297117549382434
0.02939252118511336
0.02595184071583055
0.022740777730452424
0.019767240767435974
0.017018606730817246
0.014488601835797043
0.012174611393570142
0.010096117177602377
0.008327475489206431
0.007010506498433969
0.00622146507385404
0.00569090066587362
0.004946596951600528
0.004274198959565075
0.005351591684824382
0.011345755769675671
0.018973478226554832
0.03147369551889258
0.03479658070426895
0.026081381234834767
0.01820252027104648
0.01860642078836238
0.020427069582889507
0.016720775213437174
0.011050369726204948
0.008636431498925337
0.009640560395571214
0.012309683148914797
0.015759974517061265
0.01972316275110339
0.02402300824236668
0.028530773664242275
0.033187746210464907
0.03798923176120891
0.04283631497754778
0.047085223847476924
0.049707513528192186
0.05057237507874104
0.05051332399004051
0.04984561677933515
0.04804869068341022
0.044894939366614636
0.042292318677009264
0.03808845889747618
0.03370960274502241
0.02919172010458875
0.024648886899377432
0.020278113293879897
0.016306379227041146
0.01299243590984601
0.010890698593225378
0.010785054156248763
0.012210667569745287
0.012474853661952973
0.009872842726209292
0.00661947937792233
0.00538023920225267
0.005417261317396152
0.004550743295791197
0.00264226070144253
0.0010417850041567081
0.0003064476371806985
9.19594003466565e-05
5.220398601884221e-05
8.116081343485367e-05
0.00015722008426418796
0.00021580117756392169
0.00021236684841018642
0.0001939824089854796
0.00031670458499858116
0.0006472563531924048
0.0009497447952773628
0.0009015103835168121
0.0006468350844423471
0.0010204270620572436
0.0041692257512439225
0.013457694976683173
0.02801114437491689
0.03729650541960729
0.03258746493434378
0.02172774200371784
0.0176470088055683
0.01980987675942698
0.018789650317886507
0.012035399842938199
0.005042262563306644
0.001417635510471977
0.00032928061819793375
0.00015566224728936405
0.0001482839493283829
0.00012715532813062106
8.927098148686994e-05
5.609434907776476e-05
5.237072345239831e-05
0.00013951728348483437
0.0005275940649142346
0.0014278967245436064
0.002581353114125732
0.0031858061430807697
0.0028813815517533753
0.002233114896674845
0.0019032618566798853
0.0021309346177103864
0.004027374879027776
0.011055752601996763
0.024924659329958736
0.037435147867794116
0.0365259131760933
0.025071698460440033
0.017707289838032946
0.019154861015339097
0.020516595909748643
0.015250987036385544
0.007307812509903355
0.0022683269345293126
0.0006222397032040129
0.0006341233007375455
0.0010976141767137528
0.0012448772505642483
0.0010252588536520891
0.0005909115452965702
0.0010089097974882895
0.00506592953370744
0.017878835139290217
0.03820040844012973
0.049337470893731174
0.039352091724570666
0.023122415632763203
0.01945244837613503
0.02494684370801735
0.024441312681958757
0.014873428192953545
0.005518894817019673
0.0013905598939063712
0.0006941979983718122
0.001094770768890219
0.0013678800686598358
0.0010781047952366045
0.0006305611234303949
0.0005284728826036719
0.000678040797239303
0.0006720329957412159
0.00042227319052372844
0.00017518447763868581
8.916876211239676e-05
4.921360469477117e-05
4.9700589903376976e-05
5.48358979913572e-05
5.796215562444205e-05
6.468383526217752e-05
8.828365930678547e-05
0.0001590206545867604
0.00029163096534583736
0.0004157492462410912
0.0004176418905725404
0.0003090943226204676
0.00022379097718076783
0.00022470362457240048
0.00024161200343348238
0.00019965663711873517
0.00011928800263018538
5.770007544906366e-05
2.9452542152928042e-05
1.8904979755303865e-05
1.3940247253037918e-05
1.1139607419672989e-05
1.0303758229004834e-05
1.2023066621646212e-05
1.8308778506449693e-05
3.36957875233821e-05
5.402330580023727e-05
0.0001449412830044535
0.0004205096416670802
0.0008707643741563205
0.0011263019414707793
0.0009000249719125416
0.0005098580508985161
0.0007056434033030775
0.003501697790442037
0.0132980270672888
0.03081083686551837
0.0432329397650412
0.03721558859671304
0.021856802330893692
0.01548166335885867
0.0200228674225874
0.022819469072911772
0.016537346328594812
0.007334824421898385
0.002039448452414445
0.0004562176009023635
0.00020176247553306174
0.00014644018991962174
9.031753156541326e-05
0.00010646104481960263
0.00044246060326539965
0.0010657513717327624
0.0026703930725558607
0.004044878757105918
0.0037338011373187433
0.0022747995825052473
0.0014886292413631061
0.0018509705999764133
0.0022482148190473626
0.0017702393847814314
0.0008527095931491854
0.0002544873303890457
5.2706460735747114e-05
1.1229500059427205e-05
3.21197309330961e-06
9.841363675565516e-07
9.529726196316723e-07
2.581801997901063e-06
4.993249862138276e-06
6.154516156906675e-06
5.960088272569702e-06
8.026570687611836e-06
1.572745139550965e-05
3.4877067379410555e-05
8.45506603099706e-05
0.00017083788758630607
0.00023062130369893742
0.00021702962453542873
0.00013750291381163274
7.93413910797073e-05
9.000463206862998e-05
0.0001209455419110334
0.00010986502415767664
6.304130905195385e-05
2.60820421318445e-05
1.3893381365021548e-05
1.8018296416670698e-05
3.913292374605749e-05
8.171897034256828e-05
0.0001227142668038074
0.000122953058211081
8.827984840867243e-05
6.921754530222045e-05
0.0001442427604314341
0.0005633829618491012
0.0017381985818608922
0.003401786562640503
0.004080709349259452
0.003038167058835068
0.001661808111720272
0.0013859811780466348
0.001971316556426602
0.002248633512924652
0.00204133933930902
0.0015603228863673
0.001268020792037686
0.0009274090335941832
0.00047889319874363823
0.0003061080811142522
0.0011945693207518462
0.00581050983114777
0.01798875064275817
0.03385151743989941
0.038615653727056
0.027259316354429238
0.014735177398351229
0.014067510842444623
0.021459648251953563
0.02385632270396301
0.01645840117856149
0.0071740481614094576
0.002592351425349067
0.0018912595007104043
0.002077126135053208
0.001640588045467942
0.0008335108895145568
0.00028183368489571924
7.193116971265753e-05
3.2641979716691795e-05
2.2999864269491147e-05
2.0926374607158457e-05
1.2952216327625966e-05
6.36933748118539e-06
7.902677776114292e-06
2.0610939728452783e-05
4.499102581428925e-05
7.821712287904231e-05
0.00012431961106205684
0.0001816375939445075
0.00020377215320793344
0.00017564913887197842
0.0002520028744275311
0.0007299464911333379
0.0017573046280792916
0.0032790516785246573
0.00545110971172587
0.007679989736419622
0.007843965197311367
0.0056077897252202556
0.003510052012716965
0.0032263969215560453
0.004004461810666823
0.00397203199461788
0.0025668056508577407
0.0014829670684594074
0.000449827287866189
9.55217788290139e-05
3.4373052087556095e-05
9.99534978014445e-05
0.00040625109167333033
0.0011929868945829742
0.0022536469173021294
0.002651505017267685
0.0019812506760231168
0.0011647689520844985
0.0012021226407952698
0.001975544791929498
0.002705160454546013
0.002781749226529952
0.002466985107023954
0.0026181639980789612
0.0036935780801088647
0.0049051008165311
0.005025477297404415
0.004333034053772467
0.004068865270512855
0.004663503448665655
0.005589319644599635
0.0061691722090210805
0.006295694948206848
0.006363989593445978
0.0065339277209554205
0.006856390333386604
0.007299436861727111
0.007742800665335259
0.007993735009651013
0.008009965851005432
0.007899097287368624
0.007721621157368552
0.0074549260400608415
0.007083642501772063
0.00663176844692331
0.006239893768642867
0.005791363634849152
0.005349030857455959
0.0049595566400218085
0.004664874663628516
0.004553809456138048
0.004578535975208413
0.004804714126513873
0.005269061676534381
0.005990309362613451
0.00693439505990259
0.008047101160965449
0.009316970905018233
0.010250128328733546
0.011746186132940603
0.013284596544764767
0.014775685376048344
0.01614656182150064
0.017384036208315794
0.01848083365172517
0.019233739705548928
0.019307086667825497
0.018701955745976145
0.017747503756371446
0.01665605312815347
0.015421869297910515
0.013937531888582402
0.012208527344831917
0.010433715583018987
0.008779929844171213
0.007271734304051649
0.00588330922684767
0.004659966875532331
0.0037389402518114476
0.0032387613827785685
0.003162531784783564
0.0036600627395675265
0.005141751239985086
0.006943993902153981
0.0072330052252708695
0.005619403015976686
0.003447321037295095
0.0035301039341247152
0.007013229655842088
0.012238881366687028
0.01505287178293632
0.012876624551483844
0.00792698248166429
0.004570899237403016
0.004584547483175655
0.006110277548382979
0.006334222927623465
0.0044783493719335685
0.0021231337052267773
0.0007433954321576525
0.00029364981182574394
0.0002156675688779326
0.00040154663025551555
0.001000434151078073
0.001771415845477315
0.0022804336592892075
0.003135903426390685
0.005253826108541463
0.007220412351284263
0.00673331889176856
0.005257127858827037
0.003178981566870493
0.00263363799907183
0.0033451065970219454
0.0036997123438501276
0.0027896487489811055
0.0018674520377947833
0.003140618564491015
0.007876739289383624
0.014014113736021223
0.016074404406123313
0.01194878911960197
0.006484958042153173
0.004980821164773705
0.0076354571337338695
0.010252901784295956
0.009041032090388377
0.005124129018273374
0.002023820949709085
0.0009594504470795252
0.0009851230592199376
0.0010023429877550067
0.0006954707973295968
0.0003479616459084828
0.00021706091976257262
0.000302204397449344
0.000807390194213432
0.0018174985512158996
0.0028405616728744017
0.002931784377835931
0.0019936013974670122
0.0010670245667313292
0.0009077289249965777
0.0013590767181133742
0.0016754650950290572
0.0014055532128304303
0.0008318473103033321
0.0004713974511273754
0.0004546862266663007
0.0005904858365448377
0.0007988526646038632
0.0011133200979568075
0.0014914593882735957
0.0019648600827587405
0.0025728804500785712
0.0033052348412432116
0.004174644530281663
0.005165380954149237
0.006169824123263365
0.0072277735759461795
0.008463163328799369
0.009471591556428283
0.011378389938011168
0.013598133337266206
0.01539531835538892
0.016190962794947004
0.01644686978933985
0.016948625754996942
0.017804580915778075
0.01857482070698097
0.01887902697255175
0.01881972774231715
0.018566437960173647
0.017744577450107685
0.016160276320395756
0.014352278278644784
0.012841398822767035
0.011659269467148037
0.010472186528521322
0.008965099512027097
0.007283016382421281
0.005787471074192204
0.004592820866216598
0.0036256342249324004
0.0028180445555672476
0.0021444722635314906
0.0015971295417907877
0.001295447760991573
0.0009279122050940479
0.0006735001066407204
0.0006101411882852059
0.0008614733037721954
0.0013180201633878875
0.0014754625190240562
0.0010744156834418888
0.000529737809016053
0.00030203551687196513
0.000437534306015645
0.0006920803245751664
0.0008205786277064508
0.001050700371957744
0.001780767382541073
0.0025352996466707542
0.002343130819092115
0.0013721244151665578
0.0006706009412499709
0.0007920301364566001
0.0015497802794647378
0.0021557534076131926
0.0018801953021645183
0.0010421778709196053
0.0004688859212958144
0.00039699493501386984
0.0005991089697408243
0.000808395439660293
0.0007330846672770206
0.0004811014747256428
0.00034469056994693636
0.00037612179584818264
0.00040170440402178073
0.00032749303594948757
0.00027002659357945244
0.0004777026181406695
0.0010521879891976986
0.0015841049278628077
0.0014836513316660654
0.0009045359396471035
0.0005035280777915378
0.0005352144956133749
0.0008157573207430252
0.0009717788972683002
0.000815879536065099
0.0005470801209756711
0.0004945748360368007
0.0010320746708855975
0.002867960798733786
0.006170178492081013
0.00895153216730341
0.009152326045095614
0.007101882407440318
0.00517374541063113
0.005910890489489689
0.008478180598294511
0.00996053805231988
0.008818058359923931
0.006459241628075446
0.0050805689075410655
0.005218705616608219
0.005764589856057815
0.005605134037952525
0.0048419252144683254
0.0041563832417759105
0.003768483689230419
0.003527124335312668
0.003351311717138201
0.0033740162538738318
0.003941922300698324
0.005179528553931217
0.006312679930789621
0.0060791838231043305
0.004414414492599796
0.0026954804361817184
0.002037730909047213
0.002377630388488931
0.0027581925106796856
0.0028706523920697604
0.0021736453102583434
0.0011899094208159277
0.0005333531694149886
0.00037269755477636055
0.0005203817746799273
0.0008029721400063641
0.0011609812101878877
0.002033545088064802
0.00390145100382355
0.005967006424119967
0.006475897165651245
0.005203234207681148
0.0037330885307404493
0.0034600219973517
0.004481947862911991
0.005870647339693111
0.0069245556541442915
0.009323573170884582
0.0163815220379678
0.026393983016815708
0.030109271403999664
0.0234977191276258
0.014474366857784773
0.011226233301797799
0.01172767227872102
0.016256729513663658
0.019285140355581626
0.016664604362756578
0.01100148614896078
0.006965152405583993
0.005187027208801609
0.004430337878212707
0.00393449322363807
0.0035352279495280184
0.0032359422769630258
0.0030996823367974405
0.0030963861270632853
0.003290865439252904
0.0037237183205018273
0.004345033566490088
0.004997615633183793
0.005622649262171121
0.0063199645104211185
0.007135821735808738
0.008031629398021505
0.009122834061131435
0.011203126594265053
0.015720401858979185
0.02202103758427386
0.024764486359039318
0.023343557050006444
0.01748185758293423
0.012848544476309827
0.011868476575731835
0.013831521564081404
0.016343751181801525
0.01661521685655206
0.014317597589035754
0.01088381567285487
0.0074354583813537635
0.004874460560673088
0.0036897920171469656
0.0036604816247973646
0.004013263641401613
0.003801809072169644
0.002811104860278229
0.0016572683544126478
0.0008590023318366641
0.00046947078945302643
0.0003525561996722097
0.0003687789661304255
0.00038691273691246854
0.0003246986985322072
0.00020802648535027689
0.00011463927004416765
8.54392765481103e-05
8.046519271055086e-05
8.427324764681551e-05
7.436859484349581e-05
7.202883100789056e-05
8.876909169513982e-05
9.380996309397386e-05
6.718804541023659e-05
3.154389830024054e-05
1.2441190453090146e-05
1.4661070786354177e-05
3.9588600974696265e-05
0.00010813151298575592
0.0002773033055197067
0.0005506256132453102
0.0007426723167996208
0.0006576921571491793
0.0003885022692728232
0.00017188825567844882
0.00010692407948141233
0.0001815031201167217
0.0005251921782215125
0.002057156293351624
0.006475624310891548
0.013051324793965946
0.016138712686628608
0.014140903523643333
0.007762178039184547
0.0029617812675861222
0.0022393039500949344
0.00487162843415638
0.008620949254047649
0.010805498065373755
0.011471063822141695
0.011661388509117937
0.010146368241864323
0.006622933787373047
0.0032928903067766897
0.0020758890567239663
0.003404990885110481
0.00688376141179356
0.011451275934926038
0.014619809864968423
0.013345909813435246
0.00850591009792863
0.004348782213151108
0.002824359456285397
0.003514131548981038
0.005410518236702316
0.0062703075822126385
0.004791502391683771
0.0032736553957817987
0.001636764068843574
0.0009083508567890315
0.0005987516248835336
0.0005105451135382411
0.0004718004903455357
0.0003313170749404982
0.00015723515365825385
6.572793000174124e-05
7.594662898914916e-05
0.00015556637142265874
0.00022864635181549876
0.0002118926177804896
0.00012438449559896324
4.95873117478111e-05
1.7646482462417236e-05
9.887342023327183e-06
1.097365428113483e-05
2.4001652594665525e-05
8.250740507309649e-05
0.00023774412061323594
0.0004487231070029459
0.0005298366891903788
0.00039409655805816123
0.00020025216168015878
0.00010136456265220918
9.410423865745073e-05
0.0001650333611275844
0.0003935359824140697
0.0010511022709819141
0.002444449145251878
0.003930960050357992
0.004012667888068669
0.0026614860946044135
0.0015216624309548695
0.0014719404809065075
0.0020720574875889605
0.002644559606682376
0.0026529225934451258
0.0019001927861791016
0.0010415312126227558
0.0008576459337733346
0.0016161511169278482
0.0032930422456473184
0.005238791971964478
0.005869615953906252
0.004499278135364595
0.002525412146931089
0.0015065797802340482
0.0017818290076759941
0.0029299803664566693
0.003991763944271821
0.004137378042849822
0.003482871976496169
0.002624944951571266
0.0022329095960684337
0.002274118727287201
0.0024540710156909927
0.002568555288458873
0.002586684805896607
0.002587299952461714
0.0026309962051080395
0.002691718996386846
0.0027972500445506763
0.0031506513203107835
0.004402723767535646
0.007171154113564698
0.010213771893375082
0.010650249381006262
0.008172970129396636
0.005705471390798647
0.005252192842534256
0.006656407963843352
0.008700590172925992
0.009537042100178689
0.008188063529153779
0.005944308924930875
0.004861234214161005
0.0041938925595492475
0.0041428077229102335
0.0040217662311140545
0.0035260706744195355
0.0028294566260674563
0.002236886120592936
0.0018406581667291925
0.0016415338020844574
0.0017484761191523294
0.0021412767058957612
0.002328684831173567
0.001889414468749164
0.0011548678568754666
0.0006423245470443507
0.0004715196932150387
0.0005889156188403003
0.0008377303180626225
0.0008892961108940572
0.0006449480255695185
0.00043009072404736134
0.0005747826008586577
0.0010606665404193107
0.0014473985830222443
0.0012798944992454611
0.0007310448467216528
0.00041543310707561724
0.00020569603005772826
0.0002803869188808384
0.0005355420684588667
0.0007480930664780681
0.0006737568523283677
0.0003863198813195334
0.0001549358304091312
6.460964700355909e-05
3.87264263556175e-05
2.4044499715166645e-05
2.041388839947618e-05
4.270608055475271e-05
9.423924887746341e-05
0.00014635015410979267
0.00016647790642208878
0.00015768979489805756
0.0001294256781069166
8.94672687672288e-05
6.443269838913467e-05
6.485544264961709e-05
6.834983718058165e-05
7.764331030998871e-05
0.00020992684562797689
0.0007516575425374317
0.001988368110511032
0.00308711558701081
0.004295544725635974
0.003936059373324857
0.002345202622105188
0.0009920169015409468
0.0005943173771142949
0.0010017033358526034
0.0018042878241810154
0.002313016562648507
0.0019576613911216852
0.0010672138384844282
0.0004177811899172123
0.00033743990450559784
0.0008456510662149744
0.0018260118036399335
0.0026550903252686546
0.00259713629524723
0.001747412528511311
0.00084603734069407
0.0004573364621221154
0.0007566105675136027
0.0017510445557782051
0.0031779589198719575
0.004284793228861154
0.0041532923717128006
0.002784227541966734
0.0017234040851262188
0.0006593373275088125
0.00046301257047439397
0.001241344900875274
0.0033339776601928263
0.006250634925903165
0.0077889851007387784
0.006291305423190087
0.003317780417632016
0.0013100206944864684
0.0008406148330118697
0.001564779955903338
0.0030413342222696386
0.004130976548767159
0.00381716436035666
0.0027632917788942783
0.0022308775171322403
0.0024568440551051515
0.002938472699695566
0.003254273591826964
0.003382024436297434
0.00347945764564091
0.0036285883729015034
0.0038412423981687015
0.004085285967952601
0.00421151989446379
0.004249152761560557
0.004097951321078017
0.003854473833865547
0.0035891582444281117
0.0033196406696550567
0.0030489829471948746
0.0027694322793837232
0.0024719446787274044
0.0021567665938563565
0.0018319846667802368
0.0015142986478227328
0.0012219681607335243
0.0009787172474956234
0.0008310526389736846
0.0009115470207814113
0.0014168368762533837
0.002414234107670546
0.0036280446407160336
0.0044975040049346614
0.004305519034674261
0.002986542078850279
0.0015708763260369003
0.0009879802730575046
0.0012470180481555762
0.0018773985304875618
0.0022745696050653066
0.0025061701791606146
0.0020794980864775347
0.001300998409630713
0.0007322725727465357
0.0005308347128334592
0.0005296479505244691
0.0005817227304750525
0.0006325297508254804
0.0006709380110262173
0.0006978916050221251
0.0007140344407477852
0.0007186344010151818
0.0007113439946444884
0.0006922033967927454
0.0006644350414082231
0.0006371614649692084
0.0006129998699831658
0.0005730143315289249
0.000501163415250173
0.0004150403482341514
0.0003398884877521601
0.000281820325506854
0.00023879945805922403
0.0002092776318897823
0.00018533014086262152
0.0001689276541634014
0.0001493587135181228
0.00014045440731943912
0.0001251892172639279
9.27164081329104e-05
6.032740681051702e-05
4.235639751877556e-05
3.732788482795732e-05
4.360265014904624e-05
5.997926744775774e-05
7.546885903910324e-05
7.605338322257084e-05
6.0704206869310026e-05
4.1570452234295906e-05
2.8825267485239615e-05
2.2317051880990318e-05
1.8696005538854032e-05
1.6522479377000784e-05
2.096446366499573e-05
5.858870792603795e-05
0.00021727465491264993
0.0005812488563274108
0.0009751191644126658
0.0010055419699571708
0.0006402366876306198
0.00036685809627496154
0.00012252436268435146
8.326009814758827e-05
0.00019929515248996873
0.000424734626778862
0.0005849946818570617
0.0005011768370160519
0.00026841199683808357
9.548216860406892e-05
3.1810228001258006e-05
2.783465372023839e-05
7.428146502161944e-05
0.00022406374206673606
0.0005035868980247112
0.0007986654712445878
0.0009360873034898272
0.0008490154603226887
0.0006054023867265022
0.0003806451617183447
0.00028343935143938917
0.00033573747335554607
0.0004798436886261307
0.0006072576985280747
0.0006405351017597611
0.0005819180459834604
0.0005229983203563698
0.0005667019299900884
0.0009296182236406053
0.001941077605693029
0.00354970248468835
0.004757269424889956
0.004557132921849701
0.0034082714650043515
0.00250689027024022
0.002314405523902289
0.00271342671353098
0.003549327725968353
0.004428459194302992
0.004719436129253479
0.004335035658522475
0.0038031707838502007
0.0033959726098598464
0.0030356879749077925
0.00271208540147215
0.002501068022353475
0.002457668789647397
0.002596844267063141
0.002768007102904666
0.002763267845068274
0.002641921472554044
0.002618789431199922
0.002663154206659027
0.0026048621956734283
0.002309784181752927
0.0019457999623495284
0.0017051523323197112
0.0016011278660458335
0.0016725788083841319
0.0020755699272083515
0.0029857501276013628
0.004198815355929451
0.004775968880691736
0.004102654866646511
0.0029440010928045972
0.002216949706709222
0.001942901785496521
0.00200308702468696
0.0025089773530796258
0.003127573885936789
0.003096418482564253
0.0023689136189572802
0.0016369228528889802
0.0012075418329548825
0.0009416178460858534
0.0007988270994651583
0.0008164918766642579
0.0009003300683490036
0.0009045559646029759
0.0007656749843564503
0.0005201074179158081
0.00030131796466520986
0.00017032957532378258
0.0001208732528618636
0.00013899490154665184
0.00020124402924760857
0.00024362256493781472
0.00021110222279330536
0.0001319597216611605
6.558413371308028e-05
3.3171243892732045e-05
3.0055663492904084e-05
4.266149578984833e-05
4.9068765321884485e-05
3.6861919145156984e-05
2.018549282293113e-05
2.880704209812278e-05
0.0001285680365618099
0.00043376441702213915
0.0009039461595023085
0.0011542487274992113
0.0009345182471974627
0.0006251116317861223
0.0007457529346381247
0.0010712782571297489
0.0015103263681426559
0.0014799063301656644
0.0011520229513267654
0.0008419315451750591
0.0005460177625625327
0.0003267243720458506
0.0003666687566435259
0.0006214159874338428
0.0007603730229589353
0.0005889497219835047
0.0003489180172779093
0.0003817324923315137
0.0007195024317236421
0.0010009822021020537
0.0008691034170913946
0.00046960731826676703
0.00016386900797868943
5.241414826731768e-05
7.275088510087959e-05
0.00021131343818105156
0.00044083954948125395
0.000597988043544468
0.0005848353373926068
0.0005554931141810213
0.0006119611555216361
0.0006266586491312286
0.0005153120405878767
0.000313625477666163
0.0001627773088125445
0.00011235298482615288
0.00016413329001890804
0.0003455053648241149
0.0007674483040658976
0.0014831950589202724
0.0022114268852429946
0.0024527930693981196
0.002078909625707002
0.001594849124558484
0.0015643653160497882
0.0018643498703332338
0.00213272982709148
0.0026932093100282325
0.0036579880371943353
0.003993251292029332
0.003091699843067405
0.0018376261061793203
0.001179838175378704
0.0010365095252475023
0.0010049446395651658
0.001248586338414828
0.0021714454281214005
0.0031153172187154206
0.004414009154190195
0.004608267457745865
0.0034565199081747705
0.0019186592295967005
0.0008625609133096221
0.0004357053501217567
0.000630371351338807
0.0014904635537477855
0.0025329213114037865
0.0027849918491226256
0.002040449686337614
0.0010742571931430572
0.000462853699875997
0.00021542622153284985
0.00020146267053011393
0.00032925549074426725
0.0004415841677568376
0.00039503488999484876
0.00025207788999487887
0.0001622971976311313
0.0001539218328193917
0.00017356445051557007
0.00017746955703853878
0.0001678703238462635
0.00016883214638337238
0.00019531187557802096
0.00025020134663504925
0.0003249718406033688
0.0004168291620086537
0.0005870393522199452
0.0009293559297254748
0.0014470964031876325
0.0017769324745378907
0.0015960636391821991
0.0011608346585292159
0.0008963955786240599
0.0009142704516472782
0.0012526183918092314
0.0021463516657497174
0.0037192674905582243
0.0053240042829298916
0.006025285418738893
0.005771669082141163
0.005046283974808099
0.00423351321443753
0.003697609032779716
0.003673257464741617
0.004227613472137918
0.0052144201219769
0.006333879224226894
0.0069483395677718395
0.007158165258742285
0.006241483620912093
0.00495218937497449
0.004181183116177069
0.003946797294627923
0.0038073148706790007
0.003606195234491944
0.003537246617950248
0.003512358674937457
0.0032248197932979055
0.002820443891054793
0.0026557957242093434
0.0026888065288078805
0.0025665660890955124
0.00210988181910812
0.0015568382142949237
0.0012749645230076148
0.0014666938778550547
0.0020451487819928608
0.002471601545929239
0.002245587233288127
0.0015894486815279491
0.0010020032563827848
0.0006504156533043102
0.0004983603707767288
0.0005027420523797566
0.0006798083478375122
0.0009420764969238623
0.0009870669177541958
0.0007205201165493292
0.0003897740692637155
0.00018423354247483855
9.573879696756761e-05
8.793502824229154e-05
0.00020522752257865693
0.0005521881767671208
0.0010755873643220994
0.001399496079513421
0.0012123603339821187
0.0007707246556474873
0.0006914666704022365
0.0012995744652874515
0.002145007781126932
0.002355534434095051
0.0018464183855524735
0.001257606308870953
0.0008348591600030234
0.0004893601838062196
0.00032622394689021635
0.0005228578784942184
0.0008195461729189506
0.0011889946044286574
0.0011653609218097644
0.000989765345450093
0.0010067928645105194
0.0009921870530309354
0.0006928361904752524
0.00031515309099652773
9.725490010345255e-05
3.221527947124397e-05
5.2548337862302926e-05
0.00016458498576731403
0.00036781510803191047
0.0005176762172981145
0.0004532717962921348
0.0002504815273796088
9.484695327754049e-05
3.5752629306066804e-05
2.3056107980285054e-05
1.975544175648739e-05
2.5017597271200967e-05
4.9342398669286165e-05
8.542917160397659e-05
0.00010935108865905838
0.00013332372809722238
0.00023061302389842177
0.0003472963047331931
0.0005064180727011027
0.0005345210579605473
0.0005159434952887588
0.0005964348858607537
0.0006944681562224064
0.0006223601248754654
0.0004245141814098853
0.0003158589325159244
0.0003490134566793677
0.0004195033278379708
0.0004242480566797318
0.0004638542594373885
0.0005625321437770747
0.0006360600707450752
0.0006358349787187785
0.0006444775387892837
0.0007481458069595448
0.0009543749769659956
0.0012676761032939866
0.001719884021677236
0.00238202954402831
0.0031640505407540907
0.003770667530182617
0.0040939834359137815
0.004358984552034576
0.00457441480536515
0.004880826328679587
0.005113119051829534
0.005369639661795085
0.005751749714410674
0.006216479124985087
0.006524727470356475
0.006428227597736989
0.006000520519194657
0.005529637367609164
0.005151780397870339
0.004821041134056648
0.004500717928719377
0.0042246712699475835
0.004008255424792025
0.003678079696880458
0.003145957406763044
0.002574251114637182
0.0021590270449580134
0.0019325806383812026
0.00181261177069142
0.0017464344233192718
0.001730904208210424
0.001752130704503025
0.0017822060453396757
0.0018530471699092445
0.0019558197757007546
0.002207233357952452
0.0024890255690793277
0.0026517323738579073
0.002689096778321911
0.0027580220244364856
0.0030587024213614383
0.0037822554238324596
0.004844493197222756
0.005624765026916157
0.005724735108404589
0.0056481587397005885
0.005645658789419975
0.0050803240176461005
0.003955111898041987
0.003123189460031276
0.002954526878741654
0.003127762405365846
0.0031700579989291477
0.0029433757629302518
0.0027605650722441906
0.0027219313336836405
0.0025436024469631703
0.002209522625940438
0.0018364333501095084
0.001556366884077411
0.0011496826787000425
0.0008984045322208865
0.0008082268441548614
0.0007797235726432508
0.0007899806658524191
0.000886128864447786
0.0010400512083818577
0.0011007625095044325
0.0009896623298658023
0.0008178724801601038
0.0006998904510186345
0.0006363993592438582
0.0005912818260061359
0.0005476551139604769
0.0005023463864400074
0.0004555227599250933
0.0004087828318374633
0.0003675110801556312
0.00035102148906630517
0.00039332144138095243
0.0004925898214419093
0.0005539292069142214
0.00048153145755231716
0.00031846484318293945
0.00017661942050706063
0.00011865866385884886
7.489632447318673e-05
6.4204936018639e-05
8.745419131144334e-05
0.0001487393178517499
0.00021265322189912956
0.00022319274707595282
0.00019318744674297523
0.00019233487449690827
0.00022435416563781159
0.0002139002365892472
0.0001386266987933263
5.968420372974496e-05
1.871951338481111e-05
6.65345978744935e-06
7.276088397901643e-06
1.966287771049638e-05
4.713942170998462e-05
8.592361659821659e-05
0.00017921580121061664
0.000637643867739925
0.002095084585089841
0.004637845926530148
0.006629862548736809
0.006144229661516908
0.0037460464256490575
0.0021619432426294312
0.0007122591054661664
0.00024086114116256594
0.00036123423831318444
0.0012426851106927424
0.0031945028438994123
0.00528955402501834
0.00557125985403308
0.003766146423655511
0.0016798714963157102
0.0006101401737147764
0.0004987374711886602
0.0008274791765248481
0.001137400990112941
0.0013021429441826531
0.0013906473257027704
0.0012504738224019573
0.0009132874625694369
0.0008252799455616788
0.001117039224058203
0.0013468986081304245
0.0012189473564256622
0.0008869792318370454
0.0005386976320516924
0.00026388639809425007
0.00014886735605416245
8.914831023152726e-05
0.00018380975703047073
0.00044056959878903336
0.0007369959024319959
0.0008844033925624621
0.0008404407301055588
0.0006542292102643564
0.0003967593346047081
0.0002092425454518566
0.0002674915649589707
0.0007423627877654284
0.0015784584490570964
0.002206228001114234
0.002069775636098426
0.0013975547172324603
0.0007691463084168299
0.0004110785561635688
0.0002865544887721239
0.00033078779031587224
0.0005318721465884297
0.000890369653984056
0.001202168085156693
0.001147093697759627
0.0007601009028608769
0.0004123107343975853
0.0003156928609989868
0.0003387650596364918
0.0005101137565944533
0.0008319924207962788
0.0011007904927466988
0.0009922695885107372
0.0005836462937164945
0.00023823850602372725
0.00010904497543176342
0.00014022668004251448
0.0002706442557615139
0.00046715148196039397
0.0006765035920838225
0.0007902320338487681
0.0006908471367614512
0.0004192879434885826
0.00017107436863497208
5.6512612959913014e-05
4.11622953383514e-05
7.729828298632645e-05
0.00016049987779683835
0.0002932881049695225
0.0004486563578551057
0.0005577142540241634
0.0005275308114123572
0.0003580028938493714
0.00022811294172623208
9.148419196369366e-05
3.5339519469424346e-05
2.0710035956298987e-05
2.754285263226778e-05
7.13074902029298e-05
0.00016071414311878435
0.00024369354961796145
0.00024262040796633097
0.00016267315715509005
8.080376868459198e-05
3.6234375846344463e-05
