Y :57.99999999999999% Calcite, Diffracto n :966
Y :28.000000000000004% Gibbsite, Diffracto n :693
N :Dolomite
Y :14.000000000000002% Hematite, Diffracto n :18
0.0
0.0
0.0
0.0
0.0
0.0
0.0
0.0
0.0
0.0
0.0
0.0
0.0
0.0
0.0
0.0
0.0
0.0
0.0
0.0
0.0
0.0
0.0
0.0
0.0
0.0
0.0
0.0
0.0
0.0
0.0
0.0
0.0
0.0
0.0
0.0
0.0
0.0
0.0
0.0
0.0
0.0
0.0
0.0
0.0
0.0
0.0
0.0
0.0
0.0
0.0
0.0
0.0
0.0
3.127334314253825e-36
1.084624813544812e-35
3.2151491531432436e-35
8.145900061561959e-35
1.7639789315572525e-34
3.26485631829796e-34
5.16477155020023e-34
6.983200683507555e-34
8.070014090870366e-34
7.970956270566057e-34
6.729192055953394e-34
5.508729620097436e-34
3.5798477748404844e-34
1.9883554586182414e-34
9.439301447240773e-35
3.8300288812716487e-35
1.3282523886704485e-35
3.9370916600947704e-36
9.97440066295499e-37
2.1598045741626966e-37
3.9972238243787346e-38
5.549233160295971e-34
2.7589919519355263e-33
8.44420148196208e-33
2.2143514464260864e-32
4.974879320078125e-32
9.575014989111455e-32
1.5786804684718608e-31
2.229602168696483e-31
2.697257566198619e-31
2.794894182396303e-31
2.4805282187847884e-31
1.885593988798423e-31
1.2276305398821545e-31
6.845314409296382e-32
3.2690089132216203e-32
1.336984079945952e-32
6.75873536292591e-33
2.134837474059158e-33
5.774604599076178e-34
1.3375950656862906e-34
2.653124277545439e-35
4.5061453743348074e-36
6.553150953506e-37
8.159692611865086e-38
8.698733165111277e-39
7.939176887717468e-40
6.203113785769071e-41
4.1489229479843234e-42
2.3753524945978686e-43
1.1640265950874602e-44
4.882187520656609e-46
1.7524958276042347e-47
5.383498989290478e-49
1.4151795009392489e-50
3.1832590810702354e-52
6.126615602020637e-54
1.0088637689119559e-55
1.421291863279433e-57
1.712967444183414e-59
1.7660663167193937e-61
1.5575238819769901e-63
6.09573112196699e-65
4.143392106351383e-67
2.408801030222077e-69
3.294924319268766e-36
4.768433349943417e-36
6.798758520002255e-36
9.550082906431838e-36
1.321625148303275e-35
1.8019099046094327e-35
2.4203684179290663e-35
3.2029747039561244e-35
4.175891119264027e-35
5.363749050159875e-35
6.787523733484057e-35
8.462095028399354e-35
1.0393649361274844e-34
1.2577138724565593e-34
1.4994060791278212e-34
1.7610849668658447e-34
2.0378160514226485e-34
2.323128721158583e-34
2.609186938639909e-34
2.8870928018889503e-34
3.1473128757932636e-34
3.3802025060325714e-34
3.5765899075587174e-34
3.6831729544555813e-34
3.801496406230974e-34
3.865544542419168e-34
3.872490902000801e-34
3.8220270519493015e-34
3.716385299750482e-34
4.115630332102878e-34
1.170309375793132e-33
2.007840651572576e-33
2.699457611452345e-33
3.643073668022658e-33
4.911107251629716e-33
6.576625654168871e-33
8.728790516887016e-33
1.1459394438679361e-32
1.486082091841005e-32
1.902006645445581e-32
2.4011355439838372e-32
2.988765918915692e-32
3.6671649651099663e-32
4.4346829353843156e-32
5.284974837865003e-32
6.206431119506072e-32
7.181915944534407e-32
8.188897004362719e-32
9.200022639913194e-32
9.861149389295771e-32
1.080879106559741e-31
1.1673318044054866e-31
1.2421594730970495e-31
1.302342229233662e-31
1.3453552415043046e-31
1.369344148016142e-31
1.3732575359450846e-31
1.356923284901621e-31
1.3210610389137186e-31
1.2672295387931182e-31
1.1990711148965685e-31
1.1172857550566562e-31
1.0787444891641525e-31
1.031472134001258e-31
9.715470952703837e-32
9.25175239571211e-32
8.986899688815378e-32
9.008190868610984e-32
9.396272835501326e-32
1.0119156460768468e-31
1.1279957202486592e-31
1.2927890041196267e-31
1.510449411204189e-31
1.7841052722955346e-31
2.115563296319293e-31
2.3688066761489428e-31
2.7960137392214318e-31
3.2769632793948795e-31
3.805986077787998e-31
4.374856738022212e-31
4.972771899930735e-31
5.58648874349585e-31
6.200642651398259e-31
6.798247963608889e-31
7.361368304692722e-31
7.8719248102914724e-31
8.31259381571923e-31
8.667732310201095e-31
8.924261556461691e-31
9.07243804477657e-31
9.106446960098065e-31
9.024766282905803e-31
8.830268333034195e-31
8.530048060124124e-31
8.134991227363146e-31
7.659118173441339e-31
7.118757575680916e-31
6.531617570657238e-31
5.915827464003508e-31
5.289021723405085e-31
4.87316993956793e-31
4.263345146939226e-31
3.6814525597546046e-31
3.137650378903198e-31
2.6393290835775938e-31
2.1911569036147734e-31
1.7952791120174572e-31
1.4516338427183484e-31
1.158343382967322e-31
9.121405574277733e-32
7.087941232578456e-32
5.435039535241696e-32
4.112450181116348e-32
3.070476593971189e-32
2.2620947989775764e-32
1.6444065627404457e-32
1.1794930787446036e-32
8.347659087088276e-33
5.829259322514221e-33
4.016415326327121e-33
2.7304774510544503e-33
1.8315233429267692e-33
1.2121610714711077e-33
7.915590567562681e-34
7.368501763617511e-11
1.0614556657927557e-10
1.342720602465934e-10
1.8867500251221674e-10
2.6119610873288915e-10
3.5623998769765894e-10
4.786766666306724e-10
6.336733977716477e-10
8.2644188412104e-10
1.0618979668226703e-09
1.3442402210882188e-09
1.6764654545925228e-09
2.0598517181156216e-09
2.493451549451976e-09
2.973647845989644e-09
3.4938299587048465e-09
4.044246510126061e-09
4.61208285542205e-09
5.181794771479219e-09
5.735706797211605e-09
6.254855817776761e-09
6.7200312096781554e-09
7.112936037658676e-09
7.417373410140055e-09
7.62035158663841e-09
7.713003025849482e-09
7.691226845668592e-09
7.555989852117036e-09
7.4055481644330735e-09
7.096741727376552e-09
6.700148307563283e-09
6.2320862905018765e-09
5.710920657965266e-09
3.322315235894586e-08
4.5295157186600845e-08
6.219001040631053e-08
8.536295216277246e-08
1.1653403379793003e-07
1.576762931814391e-07
2.1097730429013892e-07
2.7876774992371033e-07
3.6341229732902123e-07
4.6760321455489773e-07
6.064161644011743e-07
7.670934237736934e-07
9.495262986277345e-07
1.1591447840943947e-06
1.3956531834724078e-06
1.657598301687241e-06
1.942267167511802e-06
2.2456611496939507e-06
2.562558426928932e-06
2.8866685403804563e-06
3.1032588900288086e-06
3.423302266567369e-06
3.7306036349137454e-06
4.0174711791851875e-06
4.2766711807922385e-06
4.501759739742324e-06
4.687352494655914e-06
4.829314219788231e-06
4.9248603719353696e-06
4.9725732594200395e-06
4.972344788151298e-06
4.925264262157885e-06
4.833472590954808e-06
4.700003317144152e-06
4.528626690083245e-06
4.323706729299908e-06
4.090074324008246e-06
3.832913385194184e-06
3.5576530825861067e-06
3.269857909037076e-06
2.975108740898659e-06
2.6788716431749475e-06
2.386355923622005e-06
2.102367715847048e-06
1.8311690953274705e-06
1.7408939038531148e-06
1.627509899067866e-06
7.739626751059385e-06
1.3487816779054406e-05
1.8685887404598604e-05
2.5843220423529452e-05
3.549237685995544e-05
4.82478417756036e-05
6.479530311401125e-05
8.587068865059235e-05
0.0001122273789071942
0.00014459086546844666
0.00018360136608766572
0.00022974648274951177
0.0002832877650318353
0.0003441868141040077
0.00041203807020158504
0.00048601637948871755
0.0005648475638656945
0.0006468093186065124
0.0007297677576379147
0.0008112518940006622
0.0008885645379409694
0.000958923932588436
0.0010196264574280206
0.0010682174835074524
0.0011026554819467188
0.0011169910252031828
0.0011248614219659951
0.0011161172552603222
0.0010911439681968176
0.0010510314243158448
0.0009974950202890566
0.0009327540500602314
0.00085937933273924
0.0007801246570032577
0.0006977573596773035
0.0006149023505097894
0.0005339113710892584
0.0004567656766740354
0.00038501620647814823
0.0003197612259196972
0.00026165787679627734
0.00021096141529919717
0.00016758433983849036
0.0001311671251265301
0.00010115275355463702
7.68584352125029e-05
5.7539550015408095e-05
4.244264603261516e-05
3.0846044513311706e-05
2.2088057224550337e-05
1.5583913625097227e-05
1.2249319301053497e-05
8.431390104409473e-06
5.7180413269749725e-06
3.820816958274617e-06
2.5155095379866465e-06
1.6317606296259135e-06
1.0429119163016526e-06
6.567490512694206e-07
4.074852270660915e-07
2.491063595048926e-07
1.5004386138174014e-07
8.904551624682168e-08
5.206743926635125e-08
2.9997195290645763e-08
1.7027672010149046e-08
9.523355983387468e-09
5.2478908899312185e-09
2.8493088493241823e-09
1.524242689084228e-09
8.033938202203478e-10
4.172175134459934e-10
2.1347948827221755e-10
1.0762403061567147e-10
5.345910992759879e-11
2.61633563592815e-11
1.6114977438029552e-11
2.2470679537127706e-05
3.255558513753291e-05
4.646848346311846e-05
6.534541811948834e-05
9.053060376466207e-05
0.0001235660947084602
0.00016616014117677862
0.00022012938011807897
0.00028731135821550544
0.00036944620194781627
0.0004680295172406426
0.0005841426377412866
0.0007182707773366023
0.0008701239330666199
0.0010384788530517013
0.0012210623111069186
0.0014144956704001265
0.0016143178342478777
0.001815098062854487
0.0020106420836468433
0.002194285178808424
0.0023592556159042306
0.0024990822604183363
0.002608012882568484
0.002681405768325538
0.002708942324406368
0.0027168058871145126
0.0026843620294288214
0.0026130468167356747
0.0025059760787802822
0.002367719645722818
0.002203978028142777
0.0020211933935422896
0.0018261317434493834
0.001625473778516981
0.0014254482548434711
0.0012315344688490612
0.0010482510666781327
0.0008790380630846363
0.0007262291466223829
0.0005911031797488718
0.000473998036410201
0.00037446688320299517
0.00029145661437888994
0.00022349800384575445
0.0001688479458671079
0.0001256767063254336
9.21643321376075e-05
6.659528678226884e-05
4.741782581145766e-05
3.327696104558385e-05
2.6072965994145538e-05
1.787871817698649e-05
1.2106663426466233e-05
8.112824090676973e-06
5.401156345090188e-06
3.5979699431430567e-06
2.4276256042290025e-06
0.000128099003089956
0.00018374970373980333
0.00422815993412642
0.006844489096772393
0.012544521886697295
0.017736797031033615
0.024710911505786175
0.03392290661465245
0.0458867293260985
0.061160396780980036
0.08032341929551531
0.10394887889596341
0.13254711031464136
0.16653625044903816
0.20617460457160575
0.2515065282804315
0.3023088901881706
0.3580469874826319
0.39753025299075445
0.4593793902785583
0.5230703159087698
0.5868618108272924
0.6487820297071789
0.7067225729681474
0.7585536841772925
0.8022522209352455
0.8360318834895932
0.8584641001112483
0.868578194891905
0.8659310565234842
0.850639341133361
0.823370948215494
0.7852966372152766
0.7380066678895191
0.6834007325517892
0.6235617841501768
0.5606253941370518
0.4966559369927524
0.4335393272911356
0.3728995248504141
0.3160429720579171
0.2639319673059005
0.21718510795934098
0.17610066461991267
0.1518760129534779
0.1201554452946349
0.09366836893389911
0.07195131731470937
0.054460548804240214
0.04061856330044303
0.029851581031320948
0.021617848027161993
0.015428518773512909
0.010851307757727214
0.007521800850970198
0.005139946352001572
0.0034640958842376006
0.002304705479913924
0.0015164952634015194
0.00099054536321129
0.0006469130563962371
0.0004281138643571458
0.00029361837999772984
0.00021537928043005927
0.00017431448446723525
0.0001576240128308941
0.00015679965926264174
0.00020520743950648503
0.0002384860314533461
0.00028214777523927805
0.0019201321886980903
0.0026979049503828177
0.004694150753447668
0.006530595505549437
0.008979859679275731
0.012195612728191772
0.01636993098476947
0.021657977667069263
0.02882130585960952
0.03728564263894052
0.047825371121917766
0.060110307509162526
0.07451632725079228
0.09110816067747052
0.10986761151801867
0.13067780676818072
0.1533117795771024
0.17742716195652186
0.20257137635592445
0.2281816016466972
0.25361849656743995
0.27818409221443324
0.3011569136791069
0.32182886595622806
0.33954315197286633
0.34942368621777575
0.36100013570348405
0.36837489893569986
0.3713419431542743
0.36985599968792704
0.3640305653931123
0.354126557020135
0.3405330405761636
0.32374200682309345
0.3043194565295085
0.2828750936622744
0.2600327354527141
0.23640319405563603
0.21256093543253105
0.18902534522607875
0.16624698447456393
0.1445988374912007
0.12437225817828865
0.10577711104859208
0.08894546971792079
0.07393816385714197
0.06075344066683162
0.04933701704971035
0.03959283612866667
0.03139390235554865
0.024592650663004756
0.020756813936518802
0.01593069117849413
0.0120760729284769
0.009040805010527127
0.006684415231317366
0.00488083127449084
0.003519746743914121
0.0025069765210773754
0.0017638569246456342
0.0012261117616840292
0.0008422834953327423
0.0005719924098069553
0.0003841578754305962
0.00025530108398161505
0.0001680057167294721
0.00010957882380831987
7.092684806466554e-05
4.56417252440371e-05
3.09294573699786e-05
2.4641783152575152e-05
2.982560139173627e-05
5.365557864908567e-05
0.00010627913405281632
0.00019427674740476764
0.00031021552350410413
0.00042625149166824507
0.00048351741451567665
0.0005130627817185841
0.00046624480428318323
0.0003625047646926372
0.00024195782425073136
0.0001392662264807536
7.045955399576216e-05
3.325789900570486e-05
1.724150249535397e-05
1.2452761830075246e-05
1.2685121029160994e-05
1.5042725012812187e-05
1.8478585919347682e-05
2.2708763473743946e-05
4.048879571265515e-05
5.144542148014943e-05
6.493126928315601e-05
0.0005993965853398062
0.0008315046957329498
0.0014168211964242588
0.001937500546311163
0.002619497631634368
0.0035006528068397113
0.0046233315844935625
0.006033487457388372
0.007779146492654714
0.009153071692684497
0.011563172657687908
0.014428614977299085
0.01778194298436098
0.021642883226098603
0.026014229071392773
0.03087798252157433
0.03619213216487884
0.04188846378593389
0.047871777518885494
0.054020817650735305
0.06019110850441088
0.06621973863986765
0.07193195845325469
0.07714927091174113
0.08169852275765131
0.08542136584869836
0.088183374776715
0.08988209153980294
0.09045332704133635
0.0898763379068063
0.08817109010349324
0.08540249432892139
0.08167297782125033
0.07711698664497024
0.07369802709603455
0.06812437481622124
0.06217508453183381
0.05602735680817736
0.0498491501394032
0.043792022933450386
0.03798569778300851
0.03253679343101246
0.027519243793308563
0.02298540404552817
0.018961132078556805
0.015450233585511477
0.012438142866401632
0.009896008882469888
0.007784735764299537
0.006058929033838993
0.004670241837986066
0.0035702009513588996
0.0027217440577799595
0.00208663803886565
0.0016541858436385523
0.0014360439171469703
0.0025961294903528572
0.005191705184166664
0.011753323958136483
0.024402670472673752
0.037464067023003665
0.0642832964533284
0.09673254797983469
0.1272617114690045
0.1463481974725735
0.14727617648156266
0.12989220417085998
0.10051928640049061
0.06828425352623373
0.040705266163024396
0.021281725117647716
0.009768610658468442
0.00396620287490366
0.001465111038058781
0.0005361820935673449
0.00023427757895654036
0.0001407552357761587
0.00010739381278446848
8.993541959268888e-05
7.71815912646432e-05
6.735630181987191e-05
5.984225361492235e-05
5.494862769156016e-05
5.254404278151409e-05
5.271427299329644e-05
5.5425354092253564e-05
5.86076818748176e-05
6.535680930548378e-05
7.433052938026945e-05
8.531198664751904e-05
9.802205225194834e-05
0.00011211595652044112
0.00012718372061990403
0.0001427557359089431
0.0001583142930539621
0.00017331115206745305
0.00018719616067941456
0.00020030394636927064
0.00021077425028553492
0.00021883089243043873
0.00022420141233731465
0.00022673931125647372
0.00022643476088907762
0.00022341578819327614
0.00021793950540945596
0.00021037391765005924
0.00020117174825360812
0.00019083847159795148
0.0001798972552745281
0.00020366257617203387
0.00020691003214834484
0.00021196007252575073
0.00022499488590522814
0.0002459580017407882
0.0002829056750074279
0.0003273854483555839
0.0003856998489983344
0.0006802946654614261
0.000870080690239747
0.0011953265225069284
0.001582378166399118
0.002043594559930006
0.002624855325555795
0.0033480897336926924
0.004236193178977491
0.005311917738571863
0.006605305302478007
0.008120276779874175
0.009875441249802256
0.011875690806645961
0.01455046522718931
0.017205645194732333
0.020329345457185313
0.02358005603592642
0.027070490950990823
0.030766416875822246
0.03462732419827327
0.037274551457009385
0.04131225791828289
0.045396381865270584
0.04948119985927298
0.05352855296044018
0.05750355812276064
0.061375177430128075
0.06511458544084377
0.06869261241658738
0.07207674768859303
0.07522810030015109
0.07809899654096146
0.08063174893177898
0.08275905126589841
0.0844062452088377
0.08549544204890647
0.08595120196252164
0.08570800636204426
0.08471436029389298
0.08294306009933583
0.08039379587986584
0.0770966668371047
0.0731126745149
0.06853161762816282
0.06346756464888482
0.05805235906732249
0.054317013150201494
0.048640258549931814
0.0429861627182002
0.037488889562985156
0.032260980721182476
0.02773193789380253
0.02343850418817931
0.01978525411059634
0.016711144002119482
0.014184880370024529
0.012287007691735425
0.011009001111955614
0.01034714529417487
0.010297935013324853
0.010851809763759816
0.011996355958619254
0.013714958139176529
0.015984430286743016
0.0187719662845726
0.02203185776257208
0.025702493188099782
0.029704164791274735
0.03393816400191555
0.03828757038281381
0.042619788009167825
0.04679475273710153
0.04941407305394616
0.05299069682134305
0.0560215495100363
0.058507456072300054
0.06017982559302237
0.0610276667416631
0.06112739734360236
0.060355541138170425
0.05882772742365866
0.056635035063300004
0.05389859618816645
0.050761854101794956
0.04738142434335083
0.0440667434385023
0.04073343483555116
0.03762988439787592
0.03487699921196125
0.03901276471809223
0.039821363986918684
0.04489923838560539
0.049961090361324546
0.05734159600384338
0.06739488282654846
0.08051745144821396
0.0971238024955072
0.1103403464409156
0.13369613097391056
0.16164213293189308
0.19452419900055215
0.23259773456821678
0.27598684634904486
0.3246420259139319
0.3783000250856343
0.43645014541489585
0.49831135018973827
0.5628243910455624
0.6286622978552558
0.6942613703496506
0.7578730742476145
0.8176352856192202
0.8716592866950351
0.9181271150100879
0.9553919657994256
0.9820747554921224
0.9971479054071501
1.0
0.9904754078588489
0.9688854051240886
0.9359897967425598
0.8929506397042992
0.8412620938623249
0.8028491299429199
0.7406837430947856
0.674777315530586
0.6070328657726967
0.5392425862599463
0.47301484747750755
0.40971285371926885
0.3504276780653688
0.29595768443092796
0.2468156925765985
0.2032490493011375
0.16527170861942383
0.1327221654471415
0.10526795482733614
0.0825053968210746
0.06396934164868487
0.04930224347983754
0.037741902435721945
0.028822669034852963
0.022059534140881132
0.016810324523152655
0.012766193838009485
0.00970886482729497
0.007519331039919806
0.006103679064070215
0.005350508387363695
0.005154040531308074
0.0052280466298086185
0.005655920717417714
0.006363264810343792
0.0072975840324734625
0.00841941552828837
0.009695034443056052
0.011091759569569823
0.01257526730705176
0.014108255571197052
0.015650090085079612
0.017157247733411565
0.01858442417702774
0.019886164921129983
0.021018854667757887
0.02194287776771715
0.02262475094540969
0.02303903236008149
0.023169830347791864
0.023011770478101976
0.022570328236253018
0.02186149213778154
0.020910950028574488
0.01975194901326534
0.018424130726290636
0.017466426321496267
0.015959305581648958
0.014398944750623548
0.012829823636295508
0.01129431223796175
0.009820433988424854
0.008437815436927253
0.007166417334594052
0.006020303942577335
0.005007072183987481
0.0041404309924721605
0.003399594017869572
0.0027865513624790858
0.0022993777406750356
0.0019170714070694704
0.001633006476005959
0.0014356100234529166
0.0013134663194494715
0.0012556515915084837
0.0012519320646639906
0.0012928492274828106
0.0013697200289624568
0.0014746095155248632
0.0016001385171849662
0.0017395303676148533
0.0018864373085134836
0.0019855913718605385
0.0021319490026572067
0.002270708358484451
0.0023968755233098314
0.0025058974061285947
0.0025937510481755716
0.0026570517507235564
0.002693168370895455
0.0027047080764364467
0.002695783577607556
0.0026739681673710654
0.0026617995857682753
0.0026842840418360085
0.0027568630201117244
0.0028594564224927936
0.0029334714707597753
0.002899085374625436
0.0027057302304337527
0.002368409978885755
0.001959813560772723
0.0015699161517066375
0.0012510633663656606
0.0010190390121671566
0.0008592869590271482
0.0007647780180546038
0.0006957577158114044
0.0006648164486813485
0.0006447425039602259
0.0006414154365569073
0.0006584757423654552
0.0006948743994366256
0.0007495847775670556
0.0008215612718462419
0.0009097357381382869
0.0010134629990629993
0.0011308024216259097
0.001260707835805003
0.001401551623979265
0.001551349295733532
0.001707674658848613
0.0018676003152119848
0.002027677505370795
0.002261438255326145
0.002569345614434537
0.003089172969666948
0.003975369420745297
0.0073622277235313345
0.01363378000176383
0.02695420638185653
0.054055955013916406
0.10048783859717698
0.14393399311458976
0.22394524250943867
0.30773222232614167
0.37305924671330987
0.40058898614386224
0.3834081736981123
0.3290033065478845
0.2538982977380171
0.17610120325161918
0.10943418681692474
0.060843352658378265
0.03055634199956231
0.014466127901563357
0.007257026888065475
0.004620613900599899
0.003944560754712418
0.003974050304019798
0.00421517556915817
0.004501154753171121
0.004777412404921964
0.005021284784805459
0.005218200276392465
0.005357171086749587
0.0054299574366513444
0.005431456914664487
0.005359963859225772
0.005272469694711379
0.0050847945301589585
0.004835769156840145
0.004534776413643273
0.004192977068016558
0.0038225535043021172
0.003435941536536101
0.003045113093670934
0.0026609624865218317
0.0022928342680317445
0.0019482135090544508
0.0016325819140934326
0.0013494595697746425
0.0011004309139562823
0.0008855353013309762
0.0007034717811253399
0.000551947030441739
0.0004294764498871652
0.0003304229284611375
0.00025245224511796744
0.00019295174876527357
0.00014770703586768725
0.00011455178115686414
9.118636150476965e-05
7.865345135349082e-05
7.085415175737447e-05
6.885881992556193e-05
7.087609646200457e-05
7.736769812972395e-05
8.795037250526093e-05
0.00010268727492061384
0.00012567083112403145
0.000150169242675998
0.0001791703710066014
0.00021279641080139628
0.0002508295533968658
0.0002931884542446501
0.0003395965117227509
0.00038963803065849
0.00044697345237259655
0.0005050352409037696
0.0005649207597774714
0.0006287695933852276
0.0006920908541119451
0.0007557927156933763
0.000819279379495761
0.0009031005378821273
0.0010163725994412822
0.0012184453916848532
0.001604233861263096
0.002303648044499719
0.00461237268178277
0.007037441608456227
0.013881718491663756
0.027948903750440214
0.05454897386581194
0.09569526221299049
0.15011921432679784
0.20859232355566218
0.2559230760915974
0.2788226811415737
0.27257221807488163
0.24172744186464298
0.1961917519702792
0.1472531996828046
0.10413307097710504
0.072896838417368
0.05441283221320518
0.047190677929677426
0.04811904808921997
0.053727692916156616
0.06202816880193676
0.07186711446852505
0.08269069364874893
0.09420420901093585
0.10618339853442334
0.1184000659265178
0.12655509877970697
0.1385976122059354
0.15016264385403777
0.1609619712058118
0.17071326379520788
0.1792451698462609
0.18618179567337134
0.19139656618244266
0.1947946581704823
0.1962230549841572
0.1956888146349457
0.19322836265021548
0.18893548980995079
0.18295647091719724
0.1754844701807619
0.16674786757387955
0.157004222914921
0.14652728299696668
0.13559427602723237
0.12447194161960035
0.11341328523766064
0.1026013638246216
0.09221886321242267
0.08241021532342088
0.07329411025048752
0.06556396952594776
0.06063402946134349
0.05401393396316456
0.04832676725561964
0.043921213714369495
0.04020631239176618
0.03737745504164824
0.035425819711806354
0.034354659306823805
0.034121236825289246
0.03473454158453202
0.03619644859267569
0.03849230128199859
0.04160877632008817
0.04551157404588341
0.05014183730159021
0.055410320773832976
0.06119439761952374
0.06733453172799463
0.07364024606072679
0.07989378881040185
0.08585972166233971
0.09132550680090354
0.09601230839172653
0.09972877451444209
0.10231253460900223
0.1036138818373696
0.10373557095718945
0.10278228414293192
0.10049535522461042
0.09696126923315043
0.09231856102193808
0.08674787868487674
0.08045957710067407
0.07367998370902577
0.0666375348595742
0.05954990709531924
0.052613082270986794
0.04599301991479831
0.03982030328204614
0.03418781666201289
0.029151235622548764
0.024731895166744355
0.020921458339567538
0.01768774342951127
0.014981075419416774
0.012740740576822457
0.010900263955741039
0.009396413468925896
0.008160712680365013
0.007142136071853751
0.006286783149877165
0.0057885303373583046
0.005125196574920219
0.004540800654210321
0.004017482638737281
0.0037037465117297614
0.00334215619084866
0.003068125525693855
0.002923209659782253
0.0028205113579328816
0.0028225450940112815
0.002943923716530606
0.00395420028376492
0.004788390018037179
0.005817196549764142
0.007456540142254188
0.009424121950599943
0.011769623156586832
0.014641672229223104
0.0180989689303013
0.022190678600049817
0.02696432222378007
0.03245252305213
0.038674047276253586
0.045626979881900585
0.05328396590647151
0.061633713799013695
0.06753587702913962
0.07686933750202844
0.08674833330327711
0.09712348532284615
0.10786139357843602
0.11885075563795063
0.12926792838786383
0.13864657333421482
0.14656014815107177
0.15269835058914463
0.15702192285765568
0.15962248690761752
0.1606262021630776
0.16016320074513268
0.15836643026291905
0.15535766950691302
0.15123421477911952
0.14609066336698567
0.14005238181619284
0.1332895118280401
0.1260071777303348
0.11842420303818865
0.11075170116395183
0.10317709128220202
0.09585371693391836
0.08889517711519891
0.0844961450818057
0.0782862701837084
0.07254772195434454
0.0672583965511782
0.06237460799837462
0.05783576629588839
0.05357835300637247
0.049540300136045136
0.04566826232120942
0.04192083687988297
0.038272312839860954
0.034712778756214945
0.03124485925221735
0.027894580790437364
0.02466835051119791
0.021601103300554213
0.018742193739544076
0.016089369515453793
0.01367759792603
0.01152602812510077
0.009668557013122829
0.008107995132290068
0.0068711174153237705
0.005956361196326432
0.005721125617010633
0.006123050644676978
0.007066646556518977
0.010116786008131035
0.016108959890821912
0.02525252526424713
0.03663050689232496
0.04773530242404759
0.055766523863172046
0.05851753036923795
0.05607116747949907
0.049845659745850736
0.04170933889950573
0.03295915156814837
0.02499549868481795
0.018790913874021514
0.014847912448771207
0.013069781980438625
0.01295544898402817
0.01389480041023931
0.015456030599239487
0.017406503353042637
0.019640257555850204
0.022112787986023345
0.024793337802758015
0.02764464907937835
0.03061587289347659
0.03263147368265386
0.03565003572221041
0.03858544017708831
0.0413441102732062
0.04382997107795346
0.04595000154659891
0.047621041406683134
0.04877130429831962
0.04935023143790234
0.04932873074510485
0.04870177645570866
0.04748872118375393
0.04573230343397814
0.04349357951944961
0.04085119105456645
0.037894279562218525
0.03471847999051029
0.03141816365438427
0.028084823412650575
0.02480143109843151
0.02163999828881702
0.018657950055933882
0.015899507072258953
0.013394311804256738
0.011158599893371403
0.009196702621115658
0.008038429956153002
0.006516249786005676
0.005236234690835863
0.004176187720789841
0.003311489806362064
0.0026165418927791605
0.002066094687052513
0.0016368787709346397
0.001305947542996128
0.001067071865861108
0.000886715235076998
0.0007540715592568976
0.0006605551960864699
0.0006257335441540516
0.0005988350809496229
0.0010880680907844197
0.0013863309513325994
0.0017447441599102427
0.0022155615449133935
0.003143004479922961
0.004070328012265003
0.0052564278322857014
0.006749148877774878
0.008600750171465953
0.010858036725577195
0.013569008636608378
0.015648966027402976
0.019202895733648435
0.023294294352917192
0.02792740198675221
0.03308585734388911
0.03873010606329025
0.044792940814233094
0.05118199758013886
0.05778871369948696
0.06445343303957426
0.07103453490049311
0.07735908269753104
0.0832824040770297
0.08869869875661986
0.09397070078877194
0.09834981653532288
0.10198978875633333
0.10471526786578059
0.1060770885665068
0.10588098097878965
0.10422008114263515
0.10133391263608185
0.09755695595790888
0.0932059831737379
0.08858353199182532
0.08551375753285331
0.08110834570739925
0.07715664785872473
0.07380083495276298
0.07111011819170991
0.06908231607637803
0.06770005770644869
0.06691239885867853
0.06665449853187615
0.06678917941827703
0.06718492807578422
0.06768791586118886
0.06814465131074679
0.06839130472509385
0.06829018691111659
0.06773198740325258
0.06663868949459441
0.06497056056171445
0.0627249827361935
0.059938633781464724
0.05669190738257881
0.053065721659337435
0.0491768422094108
0.045132139684778
0.04102878779332481
0.03693544287418378
0.03425665434980443
0.030355100634748586
0.02667689460250674
0.023297950885247398
0.020270968098113375
0.017612784924126056
0.015541177574868057
0.013714552651816097
0.012206059002798062
0.011016807817359114
0.010256525276012797
0.009706177188000717
0.009441066093914716
0.009458785635141421
0.009760525745008063
0.010352263830335927
0.011237871472942845
0.012422552506511949
0.013908297437944262
0.015690014117869848
0.017753210627568662
0.0200773467263355
0.022614625311257523
0.02531373871934086
0.028107928290360632
0.030921212439077524
0.03275974030225772
0.035395229890217816
0.03779907066096081
0.03987879073508804
0.04155031375604219
0.04277839525123828
0.04346012703901167
0.04358387745995276
0.043147229160576804
0.042185279770816396
0.04072029610989958
0.0388184212807511
0.036582752539591354
0.03407101216317097
0.03139402658202697
0.028648215108376146
0.025924729750715015
0.023304973626412956
0.02152547432921356
0.019680048219934517
0.01812672704703755
0.01698757124222812
0.016584901405617775
0.016618169332102483
0.017117238406082744
0.01777216050167188
0.01925801516846382
0.021370509199743076
0.024133947399252564
0.02756501396992356
0.03167698397060466
0.03647206526639329
0.041938172565194914
0.04804967497419904
0.05474444777429018
0.061945505344289636
0.06954348727313536
0.07739940999638563
0.08534587834759885
0.0931919890010795
0.10099110117286388
0.10810758181981718
0.11450580516585253
0.11999388143239764
0.12451985756364503
0.1277624164004905
0.12982473075166054
0.13048088114412285
0.1298086640353285
0.12790365961169553
0.12493877999772594
0.1224231754563904
0.11797401782203372
0.1129459216374599
0.10757641555836414
0.10210327797332422
0.09675093319583351
0.0917180461717412
0.08716804636254002
0.08321829692585239
0.07993949267767114
0.0773520553800096
0.07542853244564601
0.07409768856310833
0.07326239298414916
0.07277482917974004
0.07248908943916832
0.07227065034619753
0.07193953517614608
0.07136930966810935
0.07044613190853175
0.0690860679558681
0.06723754642352747
0.06549361138174538
0.0629899285872374
0.060064841692270665
0.056882551534819664
0.054675804468122355
0.05174516291840708
0.04866308613310947
0.04587518717863387
0.043538225037213794
0.04179991628126122
0.04079284511522271
0.0406282138022632
0.04139074705673391
0.04313433559159636
0.045878543646864695
0.04960605618432829
0.0542611810428848
0.05974956217291486
0.06593928657020172
0.07266357002721939
0.07972513456701968
0.08690239303656819
0.09395847731975754
0.10064635562626251
0.10672499623659015
0.11196695141832955
0.11616965043180807
0.11916565428903597
0.12083123291039238
0.12109235410553791
0.12047372957773225
0.11837439935614685
0.11493465635124075
0.11027046477157866
0.10454170643734506
0.09794242348938285
0.09069088093718741
0.08300783693953032
0.07510489844606771
0.06716611431601148
0.05934487530394919
0.05177629385977965
0.0445904520124041
0.03790895952352226
0.03183069269423974
0.02641354328229914
0.02167363048152791
0.017592011618359195
0.014128023415552202
0.011229485980187307
0.008838391416204525
0.0068945756961724365
0.005337334440183279
0.004108358067531468
0.0031529699893375622
0.002643278508843922
0.0020363144634916084
0.0015939167711231416
0.0012852612167854323
0.0011073458866457187
0.001072870921158185
0.0012003607525952053
0.0014827046241879254
0.0018514309144647778
0.0027684323579153618
0.00417733310344336
0.007216866371726655
0.01344696383899104
0.024483084572353018
0.04023648669358109
0.058179840126490606
0.0735968905135808
0.082107126937737
0.08234577920562228
0.07630598132400807
0.06713410442547253
0.05672540855670586
0.04546587068007498
0.03363182567713901
0.022340563016560552
0.013353437852233422
0.008846402070803585
0.00448914829509539
0.002391972770521461
0.001685934135231574
0.001855438053540402
0.0022954512082331417
0.002965676149200548
0.0038316938732579396
0.004900729796233227
0.006191093836519668
0.0077261106678335936
0.009509451799930627
0.011547333711247155
0.013833582069510655
0.016348788825245732
0.01906377289206827
0.02192437108597164
0.02487175445303414
0.02783172316439349
0.03072025358929584
0.03344789624311644
0.03592258215910972
0.03805731131240553
0.03977358234536103
0.04100646213423896
0.04170865848362196
0.04186793643597562
0.04163786641768741
0.04085647459347259
0.039557014449171896
0.03779238275673656
0.035631596200030924
0.03315523383976045
0.030450587011760823
0.02760659179388457
0.024709087698078343
0.02183676607688728
0.019058005354326474
0.01642874091932335
0.013991398408353842
0.01177482021767504
0.009795050083282403
0.008056757977471329
0.006555069538077421
0.005279456008819255
0.00420954749095225
0.003325675287341362
0.0026053459325844756
0.002032474492628397
0.001574963223664527
0.0012177000041074283
0.0010262588575462401
0.0007978147755067778
0.0006281221560252133
0.0005062321388588044
0.0006163324267219258
0.0006906967861741434
0.0007979748456861301
0.0009708174055138193
0.001217315798194755
0.001678192130883853
0.002167948706089187
0.0027945997600891917
0.003581991737554913
0.004550522778087941
0.0057163784208449355
0.007087951105755115
0.008669177427251139
0.01045956590206451
0.012453910176932223
0.01463896938120484
0.01698921326067177
0.019487222083830337
0.022042017229127416
0.02460365342452994
0.0270984338326071
0.02945558254154911
0.030907997338728985
0.03285043140044496
0.03445284122530804
0.035657686562142875
0.03642205149092155
0.03672061323919265
0.036547157581340785
0.03591492877542389
0.03485558233260212
0.033416893595076914
0.031659428465053464
0.02965252434730916
0.02746975264517745
0.025184701254722792
0.022866876357047025
0.020578405598303793
0.01837141019302347
0.016286811846867474
0.01435489476467151
0.012591308948825862
0.01100423529968552
0.009592344180561952
0.008347597489907009
0.007257982505513435
0.006306936469766092
0.00547843839140919
0.004986135312450399
0.004326428009022742
0.003749096672007844
0.003242395713780855
0.002796689045149678
0.0024048024196908946
0.0020599267713335982
0.0017576795314879939
0.0014942590078554608
0.0012664296030120506
0.0010712514511673481
0.000905909030113117
0.0007831638428689989
0.0006782415745087228
0.0005957261012224393
0.0005351949406084666
0.0004948080026101465
0.00048069870232648115
0.00048301736710937504
0.0005015388162225527
0.0005431318462511438
0.0006009255981732672
0.0006789407820697905
0.0007780935273664852
0.0008991951617952584
0.0010427265831758807
0.001151342373980806
0.0013319124798268956
0.0016957379829479115
0.002012257850240499
0.002363119097364532
0.0027729558395841202
0.0032664215175099588
0.0039937605828304695
0.004830280977070543
0.005886255774955388
0.007144038928621069
0.00851060371664328
0.010391518915050385
0.012792832266803807
0.016898134219713663
0.024377107344660295
0.03683623806969624
0.054688523845600454
0.07515762326051088
0.09335642849643892
0.10440705342493865
0.10665213758815312
0.10246934935304361
0.0958378421526491
0.08907995792029376
0.08443598939269337
0.07637302080199299
0.0667035886194055
0.056566643531110065
0.04772980593495178
0.04125576127431279
0.03705837439856028
0.0343621989673252
0.032350964429186974
0.03047372018375953
0.02849180455330742
0.02638517729160947
0.024133652068066953
0.021815648799129256
0.01949577767609897
0.017235145921236546
0.015108345898325487
0.013128056878425198
0.011342794821239595
0.009776178308643291
0.008442604350537305
0.007347100220241831
0.006486597215595172
0.005851189741954065
0.005425082065720636
0.00518825033537961
0.005135080991578488
0.005166173472399711
0.005318982780575636
0.00556718165045298
0.005881920249297232
0.006244897921226955
0.0066163175396223494
0.006983379993600934
0.007316217492019865
0.007602234849028057
0.007839632713683415
0.00800057653297737
0.008089883021221295
0.008104278706474679
0.008052958728296554
0.007944180798272025
0.007784782229173454
0.007589724765575196
0.007371081858482156
0.007144847982243663
0.006923704218399957
0.006720264539611204
0.006547469827113832
0.006416075710057753
0.006332403010648105
0.006297909977003483
0.006297405518398235
0.006315473238962295
0.006333678004206471
0.006335272003919825
0.006315731462153369
0.006311317901990168
0.0063140457277126045
0.00635747883106705
0.006447183128107065
0.006563235360778345
0.0066648889074725015
0.006683027143737434
0.006584068724408747
0.006384149966831045
0.006130140298337869
0.005944111760642511
0.005729927552972947
0.005519724046392463
0.005321758102129942
0.00515429671221768
0.005079385267087178
0.005084432067347467
0.005182509209943329
0.005384865135446737
0.005691979833961204
0.005950421676246597
0.006418006204656398
0.006980438622674692
0.007632953017265864
0.008369604776537348
0.009183845192497389
0.010059947402308195
0.010984998478661297
0.01194098195191253
0.01291465658218502
0.013873150373620679
0.014797792986276863
0.01566448320366583
0.01644909813654266
0.017131031110235343
0.01769166639401585
0.01811164988403352
0.018624041558542467
0.018880669069276174
0.01900004555503965
0.019014371635690884
0.018923353235442662
0.0188348196371218
0.018689403456160717
0.018570098712130157
0.018618124155592043
0.018825310756892952
0.019487744145859253
0.020592026304556216
0.021991613522614906
0.023466929242870013
0.02480579289155494
0.02608822370299212
0.02752356930992611
0.029482371866952517
0.03228606274069413
0.03611155101929797
0.040902400804545325
0.04621131847538887
0.05119552721224779
0.05498783358176199
0.057179527290399525
0.05809527571720156
0.05836029031506329
0.05843003822934646
0.0582089415218955
0.05732974743009277
0.05560644393692137
0.053194379763957696
0.050461202572105755
0.04770320312239721
0.04501551551965025
0.043243278991650744
0.04055905714454113
0.03780693571722993
0.034993888479364105
0.032164190667509196
0.029376719681706298
0.026689147499360803
0.02415847080941606
0.021808767424897072
0.019667821058698326
0.01774639000524138
0.01604419868341154
0.014554732565145617
0.013256659857209542
0.012128471911047422
0.01114611727399662
0.010284746952866354
0.009520566147771914
0.008834383138583046
0.00820587286488433
0.007634197277749103
0.007093138730390245
0.006582629244727407
0.0061010842391821555
0.005650105093703046
0.005233599107142516
0.004974336013915947
0.004613810937037089
0.004292054104033479
0.004011072054750748
0.00377182572942551
0.003574055021375307
0.003416351330590091
0.0032962358030828864
0.003210342957982031
0.0031546036230789658
0.0031243609899479557
0.0031146141040534208
0.003119618148666635
0.003134858486801735
0.00315321398376885
0.0031697507272281213
0.0031794557193383245
0.0031777807274113216
0.003163008278838335
0.0031338098049665387
0.003082148606088254
0.003011894869060032
0.0029201387547144776
0.00281091659015703
0.0026853552782860617
0.002596737093798844
0.0024547042685067917
0.002375554051184204
0.00226290706872385
0.0022245658544084645
0.0021810690668932716
0.002171669266964529
0.002235249720032966
0.0023552215234876584
0.002547082902279285
0.002861445232849425
0.0032482028324185177
0.0037404763523801645
0.004348806127945012
0.005079624093458732
0.005936524056546917
0.006920321160762953
0.008027986284059483
0.009252150150170968
0.010680144957702385
0.012151342050448022
0.013692779916946772
0.015291611159436988
0.016927768093981346
0.01856157102869128
0.020231366103861816
0.02128617049444695
0.022805417880930254
0.02422581736746712
0.02552823949549715
0.02668947357409482
0.027699851791247544
0.028553583110382395
0.02926495323032767
0.029817277329894688
0.030230729255252175
0.030518867375501857
0.030696506816763693
0.030783085421500926
0.03079111571247471
0.030724142907126006
0.030593184457189084
0.030400740573835357
0.03014459457537376
0.02982255057918379
0.029421474225206988
0.02893248993298244
0.02834589627988781
0.0276539134341166
0.026849110297638194
0.025928648013858562
0.024894376006097795
0.024144626779601636
0.022937252141753014
0.02164892479990094
0.020289091607459463
0.01888056031544445
0.017446100920800685
0.016008283933110226
0.014589136232862723
0.013211738775101012
0.011891208262704142
0.010642775778421763
0.009479450612390744
0.00840942826050873
0.0074377730042023285
0.006566528104785811
0.005794856956791554
0.005119491809904978
0.004535200974256066
0.004035619547825731
0.0036124064776519743
0.003274542059796619
0.002987955366794948
0.002753762210184264
0.0025653880931010833
0.0024159765034358687
0.0023346384686318325
0.002244701418053229
0.002174756030020429
0.0021257788309819612
0.0021019324417949465
0.002103387252501412
0.002143862412293392
0.0022437269915829214
0.002424440984048764
0.002690215668814165
0.0030113514997805115
0.0033082955492760185
0.0034999258596162255
0.003820461020286674
0.00439684116295189
0.005896356097656983
0.009249317583844672
0.01528236182807238
0.023995209304313102
0.034068149864523084
0.042462197082320456
0.0464976997701593
0.045361202984275116
0.04080323555565346
0.035785462753782284
0.03226727591982202
0.030723534449412795
0.028509199570906134
0.02514638475095886
0.020334564893244155
0.014990823294918758
0.010369272211472021
0.007195779906538214
0.00547359838911477
0.004793947163363996
0.004709190453790017
0.004913616409631378
0.005250039837336001
0.0058266476470003594
0.0063634766526858965
0.006931752963630469
0.007543215230669642
0.00819325250195734
0.008878378437291185
0.009688566175526278
0.01049384947107776
0.011337703661141276
0.012238334608119005
0.013204912282737452
0.014247649436794895
0.015376634844043516
0.016600325369499173
0.017471510127142733
0.01886232532441822
0.02035009856620831
0.021923636574761974
0.02357040093469136
0.025263698774329404
0.02698356049577545
0.028703729825634898
0.030394177092449376
0.0320015625012849
0.03343593329561977
0.03457692222924976
0.03531000971758115
0.035803970205239045
0.03616460428638781
0.03702369327892415
0.03915253175554311
0.04337943250383535
0.04983182856872761
0.05738595395522084
0.06344205177565779
0.06547602692292943
0.06255625791555142
0.05621444454838429
0.049335688786535555
0.045587319325978724
0.04155542472409768
0.038366210293413375
0.03446816257853164
0.02924460381176847
0.023359004343900477
0.01801430715312775
0.014061619963424227
0.011650134267011036
0.010444958390636937
0.009991019471735491
0.009935447245836131
0.010068793725932605
0.010417585241038987
0.010717440754670234
0.010997659010618952
0.011247621623848169
0.011451452078642198
0.01160135746519604
0.011772160405282426
0.011848068336980143
0.011896429861217285
0.011936146018842145
0.011989372747928108
0.012080653206681533
0.012234396176139226
0.012382739667830225
0.012688165756204938
0.013105788566361529
0.013643351235159704
0.014301104904008833
0.015072264020419914
0.015940706207183637
0.016880247929322512
0.017861039563702115
0.018847380997782232
0.019800102458837433
0.02067930933752574
0.021445029256749057
0.022061284221332952
0.022497036833480907
0.022788251693438392
0.02283425309074765
0.02265756947279995
0.0222691227941244
0.021683151019421486
0.02092223901845824
0.020040684931657282
0.01904552446025549
0.017978155842351826
0.016884736161863232
0.015807030055764004
0.015120548682973417
0.014154469574389086
0.013295928892374739
0.01256847024091485
0.011987181796741905
0.011558688092963596
0.011282989028484272
0.011202854938837582
0.011229270943641513
0.011370915989174418
0.01162086064424138
0.011949777843812402
0.012332483820011272
0.012759639374964344
0.01314474786715826
0.01346593558589503
0.013704652828912605
0.013859115543907802
0.013949902198026453
0.013994957786846429
0.014001991694524922
0.013963550402185769
0.013877862311921082
0.013751471570124756
0.013599870229469676
0.013439719719488841
0.013334337518458098
0.013179241603737133
0.013024836793106745
0.01286395932449935
0.012686967477708491
0.01248411742651397
0.012245755841245709
0.011963051300428096
0.011628652285823129
0.011237462665359523
0.010787553763384333
0.010280805859244832
0.009718961554770625
0.009109780192345422
0.008462945708236608
0.00778988576388033
0.007102928505391197
0.006415993308586341
0.005740913770937468
0.005089883860930625
0.004489648501610478
0.003926772723928471
0.003415434908762224
0.0029608074828242383
0.0025633022182530055
0.0023340056250512236
0.002030964929501867
0.0017918645689159495
0.0016018754820946808
0.0014680973570360336
0.0013892773510837313
0.0013641235204216238
0.001386327734554466
0.0014512627070295875
0.0015546895047729343
0.0016918163155306334
0.0018576196936737229
0.002046688149100755
0.0022531281032811736
0.002470545597089915
0.0026921033905399666
0.0029106440768237544
0.0031188778478802442
0.0033096229893506157
0.0034761605140230046
0.003612247876262398
0.0037136061950646575
0.003775012431387852
0.003794524747089444
0.003771176343042043
0.0037055934576922652
0.0036395022919079923
0.003509066359675774
0.0033457861980794898
0.003153836717650747
0.0029398648023150516
0.0027368157491153306
0.0025138753254552505
0.0022906758521663946
0.0020770930400199825
0.0018811263170560597
0.0017118553696384826
0.0015726184405490528
0.0015115442215337114
0.0014664037448128132
0.0014680520132574087
0.0015239827567125827
0.0016374784577811285
0.001813526213852986
0.002062436819308645
0.0024096848519696143
0.0028003822596088393
0.0032550805316801817
0.003775209832741196
0.0043568112090026844
0.00499421519348476
0.0056854381339126224
0.0061843165547286255
0.006948399336493794
0.007732435380307323
0.00853109480350567
0.009332382905529513
0.010124644764674342
0.010898739413422672
0.011640698526882624
0.012340234723922776
0.01298882683494441
0.01357784457894576
0.014100919297659232
0.014555935772628656
0.014930329045000695
0.015222128221156728
0.015427889401819906
0.015543728514840024
0.015567488978296858
0.015500763510731092
0.015342467061862698
0.015097123328900086
0.014770954699325566
0.014370033124287418
0.01389907298626495
0.013360519889252643
0.012964752224937948
0.012318709907952387
0.011617537962062916
0.010896136540895345
0.010181287540255268
0.009535915187524465
0.009042764479294314
0.008779079587563302
0.008762393834295832
0.008886729644176344
0.008937673419239758
0.008661765977843018
0.00796832530892427
0.006988866262156431
0.006000204442885523
0.005241353044709504
0.00475672439158713
0.0044356122528139445
0.004062790557307474
0.00355088818208799
0.0029336614977116876
0.0023241618516342366
0.0018281053429116444
0.0014889281700519589
0.0012868754373633142
0.001184165491857606
0.0011545583774627568
0.001151430517402649
0.001186943554749213
0.0012550882101513697
0.001359793912014624
0.0014884769697221063
0.0016459995240339037
0.0018233313297340106
0.002018412836369712
0.0022269282604638237
0.002443517090992799
0.0026666231749587705
0.0028865760446092716
0.0030967179468509545
0.003292824263615026
0.0034706224677112404
0.0036263586313662497
0.0037572326707157764
0.0038614793664121533
0.003938313846346161
0.0039878969209174876
0.004036143300877977
0.004049150084541656
0.004041369198055361
0.0040186280017341655
0.003984716608876481
0.003957535558067829
0.003912751488703571
0.0038765313784456796
0.0038404319023194818
0.0038082513593117773
0.0037861585729218627
0.003776987744630781
0.0037853265484258424
0.003809967358991657
0.0038536348805661385
0.003916064943651249
0.003996856801264126
0.004094293673444047
0.00420546508243545
0.004327368968872401
0.004453908265418554
0.004579687399328497
0.004698155280449328
0.004804064473032204
0.004888426697591253
0.004945688912528374
0.004970949178174942
0.004961300282671836
0.004915890193744756
0.004837611446049089
0.0047321228320992385
0.004650234768018252
0.004514939745648837
0.0043661039008177265
0.00424143946007532
0.00406104314639962
0.003834325836905194
0.0035757458904174255
0.0033340838893175413
0.0031691256213011165
0.003224494489646919
0.0037336791384059704
0.004923815133337938
0.006940771790328233
0.009608486709982078
0.012300447687930847
0.014139231022185778
0.014509978137067881
0.013522180763809458
0.011970394710821052
0.010841095076640592
0.010699844623492572
0.01142697296653561
0.01242112981349071
0.013050839967030898
0.013015576871560026
0.01265647014935483
0.011836359744564817
0.010978308013743419
0.010325885524823478
0.009981281192402975
0.009919638361093558
0.01002392961164415
0.01013505835748261
0.01011434743645985
0.00989729556615701
0.009502601329331327
0.008998029470927437
0.008449891418680308
0.007894050087230719
0.007337515504975859
0.0067747240012899675
0.0062023163462795565
0.005623644210553191
0.005046503597674297
0.004481111990226946
0.003944764166088096
0.00343505859630644
0.002962373526855191
0.002532343249757792
0.002148145446857293
0.0018110852587520634
0.0016127130159024235
0.0013536312734369167
0.001144181649100419
0.0009736951801235981
0.0008426782943345802
0.0007478202873403945
0.0006856626085568407
0.0006527317988012397
0.0006455895471220416
0.0006610575195328959
0.0006959001410767995
0.0007511849787599607
0.0008187478067680054
0.0008979918360194451
0.0009865558667425114
0.0010809130482365883
0.0011767456778338198
0.0012694373325552013
0.0013571661307961518
0.001436192074156651
0.00150633125492926
0.001568143569124587
0.0016212827726740085
0.0016648838884852062
0.0016979383288304871
0.001719763312337674
0.0017279825042197335
0.0017313163026180525
0.0017265753112364942
0.0017118939184978155
0.0016879337358709575
0.0016566577348553786
0.001619415058395301
0.0015773917275820595
0.0015317413821478087
0.0014847754707428278
0.0014358743724398938
0.001387616959184379
0.0013392770086312733
0.0012925577530892517
0.0012482381649682173
0.0012070256474063612
0.001169529060736386
0.001136103740218113
0.0011069865383528414
0.0010832579121578477
0.0010629841111683754
0.0010466397030865103
0.0010333573570055893
0.001022490571713493
0.0010129516314655457
0.0010068420373269497
0.00099731890340805
0.0009864272686339287
0.0009749062939234165
0.0009596092434084972
0.0009719566891495746
0.0009667082014184792
0.0009613479315808
0.0009603380150940456
0.0009707040751512281
0.000996194062173609
0.0010432660965077997
0.001117516828470239
0.0012371831091456628
0.0013578297613237214
0.0014903132096819591
0.001637073893397212
0.0018101146572063248
0.0020576137764109145
0.0024001923876477193
0.0029249358351260404
0.003763538881090933
0.005052326995359774
0.0068364798059839076
0.008887084969595276
0.010744518381309692
0.011605381338071413
0.012082794751572043
0.011664849845102961
0.010828469506052119
0.010174869572344893
0.01007087312563125
0.01045598920612463
0.010970420415351761
0.01120061762960146
0.010936633022971654
0.01025520060863408
0.009407708497835439
0.008634891416258159
0.008049080149493659
0.007637714076975722
0.0073336427879633105
0.007072219254352726
0.006814383050323106
0.00654542249781746
0.006263313821132781
0.005970877410197446
0.005673034632963538
0.005372282628851174
0.005072453969900233
0.0047758289716578715
0.004484365355999493
0.004293602377107954
0.0040135887386528995
0.0037608813154085155
0.0035077218503444577
0.003264679848157343
0.003034728275772359
0.0028191168572760912
0.002619198351714888
0.002436375664035444
0.0022836171170949847
0.0021474850827000822
0.002032279533051318
0.0019419655742076256
0.001877909036018562
0.0018472515670859052
0.0018418973463842324
0.0018664410841676125
0.0019193027299410058
0.0019995907585383596
0.0021060814638774834
0.0022363649694844417
0.002389431741560543
0.0025589669070282674
0.002740703058013657
0.0029303151954688253
0.003058517077416816
0.0032494808998260504
0.0034377058357092
0.0036122799455263464
0.0037699520470933297
0.003906477713200543
0.004017896328132025
0.004100999967296354
0.004153454642011579
0.004174095038234091
0.004165046948643747
0.004123712538730081
0.0040543530896712645
0.003960761010325936
0.003846619127647853
0.003714557383673889
0.0035651957895582753
0.003397446398072798
0.003211954210684622
0.003012999071095328
0.0028075034035719895
0.0026152499649253944
0.002447710383215365
0.0023374891257621527
0.0023337360930439847
0.002483933754468342
0.002682501452188295
0.0030956203701509345
0.0035334945657609835
0.0038022976212009037
0.003755059454129738
0.003393828121409839
0.002863348153575481
0.002382306694222979
0.002111542149541281
0.002075405381056492
0.002176199186500413
0.002256883092979665
0.002211736575664385
0.002032918962404997
0.0017878463486583247
0.0015863019704731196
0.0014758044436118927
0.001472713283047887
0.0015590718171446675
0.0017036212845335556
0.001882864368103023
0.0020821788057937968
0.002297534097351274
0.0025293163558556065
0.0027633003674960278
0.002999516441176763
0.0031563520592638866
0.00338763156346887
0.0036124099313672733
0.0038336232754487953
0.00405084440494306
0.004275629024423342
0.004519996908870202
0.004801100817911464
0.005120189594177978
0.00544578424148604
0.005713736694446894
0.005855252045981961
0.005834405836207983
0.005680608542766618
0.005468953929787904
0.005276477672736766
0.005141698121225629
0.0050510776213997174
0.00495556659290811
0.00480195652876431
0.004573863335628873
0.00427053767442531
0.003933409150955351
0.003600721972386905
0.0032937291782158575
0.0030164489193724602
0.0028457216242576797
0.0026071934848531982
0.002388089255897685
0.002191177786839307
0.0020123369617260295
0.0018658404943065212
0.0017423575102471752
0.0016468791741279993
0.0015753608232675993
0.0015257994844360375
0.0014968748515614369
0.001490871631184241
0.00150952470153533
0.0015679890932295067
0.0016471072801598746
0.001748650146391278
0.0018684659433011166
0.001999621371699729
0.0021418995895094626
0.0022880078795638505
0.0024383422005292
0.002596895828304078
0.00275417318100654
0.0029108319870036897
0.003065649997325447
0.0031650043735216354
0.0033459228279577925
0.0035007522492345087
0.00364775403125448
0.0037913470475407635
0.003932694711773737
0.004072536350733055
0.004216024068193835
0.004354727991580606
0.004505946678009213
0.004653249082358835
0.004803506449433636
0.004968592066399846
0.0051626288824849825
0.0053920629488540765
0.005674806278378708
0.006028538529269338
0.006475370707270237
0.007022198592563749
0.007632088168713524
0.008216419005976722
0.008682083445095344
0.00896895221069353
0.009140317790492122
0.009366302002149586
0.00984321544136496
0.010358289001569973
0.011391926142433778
0.012512704525210258
0.013333617799361309
0.01353627851953049
0.013019421423562914
0.012022264499958893
0.010951348572232811
0.010131151565533096
0.009685857852168557
0.009514923713533059
0.009385553939726985
0.009075178919911987
0.008492384891085458
0.007688934076981014
0.006825662909501996
0.006048206853446557
0.005425262266459552
0.004960210156024647
0.004617801700599337
0.004361150690507225
0.004165303629881793
0.004016934547116481
0.003908654808484129
0.0038359854304600973
0.0037927584988376108
0.0037767933268496134
0.00376810330057632
0.0037719158461812195
0.0037817590232329954
0.0037915957397400757
0.003795814712271665
0.0037897055962706275
0.0037694114294149227
0.0037320433285049992
0.0036757143281057163
0.0035994065735222413
0.003503065647159687
0.0033874059164772986
0.0032559207103247637
0.0031075320224656254
0.0029462775856345723
0.002774299324643814
0.0025971297674166607
0.0024146014521427253
0.002230938932010705
0.0020493565405240674
0.0018734905482967578
0.0017049560194661406
0.001546294874783376
0.0013994182060303542
0.0013095525685679534
0.0011861209390638908
0.0010775815678914524
0.0009845536192621765
0.0009070140903854634
0.0008445787026320156
0.0007964169860261527
0.0007616495292007792
0.0007387616492610729
0.0007266289409775476
0.0007246157971359968
0.0007313843723476989
0.0007461799412714666
0.0007695574816938337
0.0007975670415981748
0.0008285375082620276
0.0008579404512667331
0.0008781792089317203
0.0008811138124391185
0.0008646565952142917
0.0008278921798657781
0.0007813567612153347
0.00073378545196684
0.0007171198079056826
0.0007424546836762482
0.0008707296252585745
0.0010582420093957203
0.0015732763816484387
0.002423912060186713
0.0035427937348009686
0.0046700420916188055
0.005421044852263685
0.005506967722351268
0.004910127264578274
0.003930057924761405
0.0030032785097499626
0.002472541413837267
0.0024443531560857596
0.0027824287596489774
0.0032027660983346157
0.0034196827445787826
0.003281990453702456
0.0028349492291955118
0.0022571369603753165
0.0017356246605072262
0.0013724282863040492
0.0011732901462920202
0.0011490806766530455
0.00115847779648969
0.0011969464648349745
0.0012622384186348104
0.0013370663721227834
0.001395371084556232
0.0014990987665102493
0.001628376793734849
0.001786369260231482
0.002005640149760831
0.002260312505642466
0.002557242608346652
0.0029141056005187885
0.0033288889153113505
0.003805324738342124
0.00434893562990496
0.004953244058732159
0.005615043301940625
0.006327065340368621
0.00707926340808432
0.007858276796916763
0.008649735208516574
0.00943711627408353
0.010203240228538068
0.010927862759590788
0.011620976366982179
0.01222003625430838
0.012737522954158021
0.013156825479267683
0.01347618591385864
0.013689928138686235
0.013769714990990833
0.01378666902239109
0.013673537356896817
0.013432950076415602
0.013105178392698745
0.012684820403761853
0.012224207083876405
0.011757076446405426
0.011312447814522645
0.010978277818763092
0.010884657397392168
0.011211490479137848
0.012078710700788434
0.013394967701532935
0.014765672963292478
0.015609234929472648
0.015475770727219888
0.014336301400023439
0.01263263630520904
0.011015911067777173
0.010000945402426784
0.009765654160889155
0.010138013762692523
0.01071135219207003
0.011034550964498563
0.010957563786494375
0.01036512752456697
0.009372872945975975
0.008281023353328639
0.007332884753872224
0.006620675128539148
0.00611209414562056
0.005726769013106842
0.005395038330580413
0.005076939964825583
0.004756625839739496
0.0044309789787100855
0.004102450712292736
0.003774634410644257
0.0034514714267734246
0.0031368757081331505
0.002833763769631901
0.0025450380480432316
0.0022816701231415776
0.0020323734914386342
0.0018029350250243386
0.0015951865288197933
0.0014096823107638318
0.0012466623216283576
0.0011095346081111581
0.0009932995801158894
0.0009281743211198366
0.000852589016432419
0.0007981357778183378
0.0007645106927563922
0.0007519387348508266
0.0007633861928032274
0.0007918088490510659
0.0008398283252365616
0.0009038543103325725
0.0009823509507469919
0.00107344922574501
0.001174678803853547
0.0012833158410559184
0.0013964820732257066
0.0015129154009081729
0.0016276505614408595
0.001737961837992777
0.0018418264957014096
0.001936642084913197
0.0020204022824294766
0.0020913874292098913
0.0021482295705015555
0.002189926034573236
0.0022158627820547507
0.0022257127134550267
0.0022195294138596822
0.0022067508792587487
0.0021748874312263636
0.0021284842498903002
0.0020691925705919965
0.0019974458418459337
0.0019155650259403817
0.0018244591305988393
0.0017261374812289113
0.0016224842001676142
0.001515344813143946
0.0014064633543917598
0.001298345424650625
0.001191540666205841
0.0010882672276021819
0.0009928029739253103
0.0009012704095613466
0.0008170591148444401
0.000740659519907919
0.0006729997213882201
0.0006145483473140097
0.0005659366521489117
0.0005269553323423294
0.0004987166934558023
0.0004806987265300817
0.0004730615460035691
0.0004723950550143772
0.0004788507743157758
0.0004936989894012393
0.0005161786013988162
0.0005454888966965594
0.0005804486740123375
0.0006203447711634898
0.0006636581697261113
0.0007089118941243944
0.0007546388635011451
0.0007994796075137098
0.000842042352017906
0.0008809958082605309
0.0009152598531076648
0.0009438173910021921
0.0009658738893325098
0.0009819663503949014
0.0009922940496200476
0.0009992353471503688
0.0010068773016130013
0.0010195367235670228
0.0010383851716518739
0.0010575337460216134
0.0010635684043374216
0.0010418830277775632
0.0009862046837410378
0.00093230575205369
0.0008377000474624462
0.0007417387741885084
0.000656364660718933
0.0006073306224581679
0.0006039527600790832
0.000714844622059854
0.0010428137460723418
0.001734287191269053
0.002886863398360137
0.004415818794017535
0.005967845381891684
0.007012562225683197
0.007121200988569233
0.006266250980190798
0.004808944466581393
0.003337409866436544
0.002336068762156993
0.002022215483859177
0.002333309540786977
0.002993736192013455
0.0036190691608545024
0.003865116825489679
0.0035827738049041386
0.0028765548459667454
0.0020123395921695223
0.0014801138024485225
0.0008629882790519582
0.00048595752188594946
0.00029386406917066574
0.00020961653802869466
0.0001752533033532979
0.0001593316645614486
0.00014859150998480447
0.00013861119858075396
0.00012830151422845262
0.00011758601219221856
0.00010663852988749334
