Y :34.0% Calcite, Diffracto n :366
Y :42.0% Gibbsite, Diffracto n :109
Y :12.0% Dolomite, Diffracto n :777
Y :12.0% Hematite, Diffracto n :440
0.0
0.0
0.0
0.0
0.0
0.0
0.0
0.0
0.0
0.0
0.0
0.0
0.0
0.0
0.0
0.0
0.0
0.0
0.0
0.0
0.0
0.0
0.0
0.0
0.0
0.0
0.0
0.0
0.0
0.0
0.0
0.0
0.0
0.0
0.0
1.1385366231561065e-34
1.1734580999016641e-32
7.089332489969493e-32
2.927118868883022e-31
6.096547090708126e-31
1.3338458683055604e-30
1.993177580243558e-30
2.034137837245592e-30
1.417759221538333e-30
6.748546779496695e-31
2.1937839046937865e-31
4.870187692160696e-32
7.387496360188108e-33
7.741483716261223e-34
7.025419508660294e-35
2.714099853202865e-35
3.555768585294523e-35
4.929216544328916e-35
6.584774169756161e-35
8.457238724002498e-35
1.0442987049076536e-34
1.2397358112517632e-34
1.4149523324867473e-34
1.5526112480551753e-34
1.6379170458994676e-34
1.6612283460634188e-34
1.619850816573569e-34
1.518549527924637e-34
1.3686460832511043e-34
1.2563271259515427e-34
4.281402191537425e-34
9.016729642344818e-34
1.5027274433617303e-33
2.479510393436771e-33
3.988196427542415e-33
6.206725187900286e-33
9.313790052001671e-33
1.3455283231908678e-32
1.870078876788803e-32
2.499731881999625e-32
3.2131703043944273e-32
3.9714986652355906e-32
4.720018750399529e-32
5.393819950939847e-32
5.926663515354782e-32
6.261583407381732e-32
6.360887005888432e-32
6.213132211517792e-32
5.835295006022479e-32
5.269559344126027e-32
4.57556806073562e-32
3.8201020293982865e-32
3.06664932682839e-32
2.36707748027544e-32
1.7567906946585164e-32
1.2536801564817474e-32
9.795593999569908e-33
6.547810623353901e-33
4.208434620071858e-33
2.600783373112097e-33
1.5454212290749385e-33
8.829754720903435e-34
4.850756204641409e-34
2.5622958006481607e-34
1.3013917601350536e-34
6.35544213677092e-35
2.984299231468294e-35
1.3474038841511384e-35
5.849409091153205e-36
2.4416584187636086e-36
9.799783061436114e-37
3.78186991167443e-37
1.4033151071562098e-37
5.006822790332121e-38
1.7176218421353824e-38
5.665667769548889e-39
1.7969366501597108e-39
5.479897444433163e-40
1.6068301781706877e-40
4.5302825509196083e-41
1.2281127206301962e-41
5.0332148879894547e-42
1.2780685695092403e-42
2.194738313932845e-36
3.0441865131984036e-36
4.1719490059658844e-36
5.6491864851136654e-36
7.558089175581639e-36
9.991191684721941e-36
1.30497367130606e-35
1.6840903487881212e-35
2.147376536230754e-35
2.705391983106119e-35
3.3676843063401337e-35
4.142015563218627e-35
5.033513742436369e-35
6.043798407507173e-35
7.170143707907792e-35
8.404752505593859e-35
9.734220450648873e-35
1.1139266764601261e-34
1.259479812189127e-34
1.4070353082773887e-34
1.5530947793696325e-34
1.6938311011731545e-34
1.8252460819839004e-34
1.9433540324662576e-34
2.0128209174583483e-34
2.1005560264311903e-34
2.16592084586007e-34
2.2066328119088244e-34
2.2212464218139954e-34
2.3357877659889903e-34
7.104225407507494e-34
1.1750804860239643e-33
1.5260467455194028e-33
1.98742068640393e-33
2.589609519749605e-33
3.3580441068018006e-33
4.3288664629520435e-33
5.5380781736148215e-33
7.022575671666409e-33
8.818423660408189e-33
1.0958700264779409e-32
1.347096764626188e-32
1.6374471078202289e-32
1.9677220747817104e-32
2.3373158225463753e-32
2.7439647110965263e-32
3.183554813938383e-32
3.650013705099603e-32
4.135309458837573e-32
4.629574053689549e-32
4.958467499487445e-32
5.441633149570228e-32
5.900838840844393e-32
6.322631220526093e-32
6.693979262738749e-32
7.002674561216764e-32
7.238346135354782e-32
7.392821468175565e-32
7.460647729587581e-32
7.439411199266e-32
7.329879935391699e-32
7.138686779540375e-32
6.879520101235896e-32
6.581055873724153e-32
6.270882760290108e-32
5.93251464403438e-32
5.502712347821626e-32
4.970092873088981e-32
4.3966480699217907e-32
3.849394356292673e-32
3.3687287274163694e-32
2.9445130857962467e-32
2.568101433887106e-32
2.2397847526979616e-32
1.9628823623811e-32
1.7401948005795171e-32
1.6226578737031692e-32
1.4930810099611234e-32
1.4190807523848523e-32
1.3991896295959844e-32
1.4310487363432717e-32
1.5114752485751878e-32
1.6364932558638367e-32
1.8013385631438166e-32
2.0004532885647688e-32
2.2274889727701784e-32
2.4753372231181596e-32
2.736204620351164e-32
3.002078456334607e-32
3.263737066461222e-32
3.524027082800157e-32
3.7649933087726494e-32
3.9738314580313965e-32
4.153765944383446e-32
4.315584322330897e-32
5.253642014438923e-32
9.03858585185494e-32
2.159268331576149e-31
4.912391387997339e-31
8.570372790164453e-31
1.0751065345194756e-30
1.0329061845421377e-30
7.3142182028260475e-31
3.7544396411748646e-31
1.5197780294765404e-31
6.343747058445373e-32
3.954758527494261e-32
3.4347776763483995e-32
3.2697872466688585e-32
3.1569556070997434e-32
3.055834494477367e-32
2.9603823813273624e-32
2.8668851094968823e-32
2.7714752372839867e-32
2.6704119114284904e-32
2.560487883752543e-32
2.4393648567024292e-32
2.3058010762807451e-32
2.1597546903453597e-32
2.0023611819085896e-32
1.8357971064214247e-32
1.6630538290512594e-32
1.488074213386171e-32
1.3140882256435466e-32
3.869455527067884e-11
5.388251144695375e-11
7.413528801724053e-11
9.109809372061159e-11
1.2285280310220534e-10
1.6369673978290859e-10
2.1551334558526792e-10
2.803415606320977e-10
3.6031304301287967e-10
4.5756380122808206e-10
5.741197856001972e-10
7.117583121966677e-10
8.718499769399031e-10
1.055188749442316e-09
1.2618209179670225e-09
1.4908861226442841e-09
1.740485465323453e-09
2.0075922404469353e-09
2.2880198870225434e-09
2.576459146207487e-09
2.8665921345020975e-09
3.151285334482395e-09
3.4228568042758456e-09
3.673405840198458e-09
3.895186644602362e-09
4.081002039401892e-09
4.2245896441086705e-09
4.320971754141303e-09
4.366741701702956e-09
4.3682528102557485e-09
4.326955939032436e-09
4.234833692427106e-09
4.095146336253646e-09
3.912746127280859e-09
2.3425646660812625e-08
3.080032015627222e-08
4.064515531749543e-08
5.360303415491166e-08
7.041431067589592e-08
9.191008261062213e-08
1.1899701776321815e-07
1.526321285397258e-07
1.9399998930803812e-07
2.4369314811086705e-07
3.122282576632995e-07
3.8973031136561987e-07
4.7593199490435377e-07
5.748306756331703e-07
6.8667515033368e-07
8.113279168027922e-07
9.482092962898634e-07
1.0962584747057584e-06
1.2539163849988713e-06
1.4191341113858998e-06
1.5322601125792743e-06
1.70431917266827e-06
1.8764378229407698e-06
2.045277172946305e-06
2.2073848400532207e-06
2.359322914301158e-06
2.4977972156222755e-06
2.6197799304709018e-06
2.7226184833612767e-06
2.8041249119968415e-06
2.862641877966524e-06
2.8970835096976028e-06
2.9069512772926207e-06
2.8923268039879523e-06
2.8538447535219486e-06
2.7926496113813556e-06
2.71034031061453e-06
2.608906335260428e-06
2.490658323293342e-06
2.3581554703301368e-06
2.214131379606785e-06
2.0614195455647833e-06
1.9028794670649964e-06
1.7413244600767846e-06
1.5794525130105183e-06
1.5253110332300606e-06
1.4469779693756997e-06
5.363592179049826e-06
8.808217915926893e-06
1.1594368234610809e-05
1.531093479226883e-05
2.0181012464305743e-05
2.645756014597995e-05
3.441980499675548e-05
4.43666304233143e-05
5.660650721857593e-05
7.144371746574385e-05
8.916089669251457e-05
0.00010999827358152107
0.00013413039790723824
0.0001616415826120126
0.000192501699458604
0.00022654430553244263
0.00026345038451210714
0.0003027338052696089
0.00034374468835796166
0.0003856745465056601
0.00042757656392866623
0.00046839633551033094
0.0005070128602840746
0.0005422878376210111
0.0005731203972280344
0.0005907046658970033
0.0006119669234957265
0.0006264557132139118
0.000633662060543383
0.0006333299291869036
0.0006254713156873202
0.0006103655245462201
0.000588542683815303
0.000560752857079936
0.0005279232608343074
0.0004911069883059409
0.00045142718671639095
0.0004100207925221599
0.00036798570254872377
0.0003263346957655042
0.00028595860317613074
0.0002476002563141607
0.00021183973977751934
0.00017909053462158474
0.00014960535269855447
0.00012348988544033876
0.00010072235168352577
8.117662571352998e-05
6.464683145824792e-05
5.087155649856739e-05
3.955621552727198e-05
3.3227101177823354e-05
2.53271390669822e-05
1.907623081705241e-05
1.4197502374022996e-05
1.044105526075454e-05
7.587346642491001e-06
5.4481426235814726e-06
3.865625987725638e-06
2.7102147847168696e-06
1.8775852553676161e-06
1.2853077662986359e-06
8.694115425673472e-07
5.811036892399927e-07
3.837875159873279e-07
2.504585836199058e-07
1.6150561281275812e-07
1.0290692045227737e-07
7.18563873680323e-08
5.052252441954496e-08
3.1442526728141937e-07
5.58889930726276e-07
7.871093843360306e-07
1.1015442164885386e-06
1.52389028258874e-06
2.0793237037905382e-06
2.537251345219571e-06
1.628469739848873e-05
2.244405350086835e-05
3.056350377018412e-05
4.112580458482375e-05
5.468461844500494e-05
7.185958728303751e-05
9.332553901682222e-05
0.00011979475187687699
0.00015199147008927513
0.00019061829754331587
0.00023631469669566896
0.0002896085723393366
0.00035086278466697475
0.0004202193484881764
0.0004975449464973637
0.0005823821061974418
0.0006739108453870301
0.0007709256677264758
0.0008718323971897109
0.0009746684269722692
0.0010771485286234263
0.0011767364905682547
0.0012707406699145245
0.0013564292464570964
0.0014311588046778008
0.0014736813617799308
0.00152493408448622
0.0015596110006601913
0.0015764756296963805
0.0015748978363063237
0.001554893167358079
0.0015171245388116454
0.0014628659084648457
0.0013939307103624516
0.0013125706936316032
0.001221353099753516
0.001123025597941548
0.0010203789493211512
0.0009161169721142433
0.0008127421279940025
0.0007124631324101751
0.0006171286592318196
0.0005281887383235446
0.000446683098261953
0.00037325370707446364
0.00030818329483343004
0.00025142086463228664
0.00020266826488049355
0.00016142239630685296
0.00012703958597829086
9.879132966951195e-05
8.298987481418113e-05
6.326735888920154e-05
4.766497308868666e-05
3.54928752289722e-05
2.612777378897946e-05
1.9021629062986454e-05
1.3704236210403747e-05
7.469546490499753e-05
9.761218151937337e-05
0.0001300542370244838
0.0034124567964666903
0.006137512172513782
0.008432532041495919
0.011449507320168077
0.015362353800638875
0.020368571616653196
0.026686408090365807
0.034549664815525516
0.04420189273002759
0.05587809276781035
0.06980140942053611
0.08616055324664981
0.10509311790746113
0.12666641315781438
0.15085856800525563
0.16838312717496273
0.19659650456962482
0.22681625610517364
0.258579263418952
0.29129586337048163
0.324261982209945
0.35668006439502536
0.38768833216119575
0.4163971315566172
0.4419303758621841
0.46346947441753333
0.48029671375512456
0.49183490079664927
0.4976802194825976
0.49762569354078345
0.49167335430332454
0.4800341159592
0.46311536886433496
0.44149730861302827
0.41589991874530235
0.38714322613936836
0.3561038833677314
0.32367126749223957
0.2907061216590161
0.2580043398868181
0.2262678692896484
0.20594164477788518
0.17705670476654287
0.15041957804043604
0.1262759001269691
0.10475169477836296
0.08586704455240925
0.06955325600781875
0.05567165545687451
0.04403380095186715
0.03441638827006589
0.026581963298413756
0.020288352898895377
0.015302508673213082
0.01140661819536017
0.00840366961759327
0.006120241968186125
0.004407371470352464
0.0031399455604439624
0.0022150599340521296
0.001549727048915047
0.0010782596938198172
0.000749639252400381
0.0005247291877676841
0.00037419806871239895
0.0003016210838987919
0.0002503026225267026
0.00023244681969985566
0.0012584737560144077
0.0016702086307847576
0.002822842766716952
0.003788229901278601
0.005044970629227479
0.006656068757350247
0.008704529187753152
0.01124681409751916
0.014772273882987805
0.018717722109629804
0.023682928132402917
0.02937919351114443
0.03604175449710701
0.043724414544414315
0.052455571469993335
0.06223177166358409
0.07301196124101678
0.08471297042150089
0.09720675383989692
0.11031984332583532
0.1238353504024835
0.13749768923472322
0.15101998923639035
0.1640939477780824
0.17240385468558744
0.18402530951548834
0.19436532390470046
0.20314574107724753
0.21012727563400715
0.2151204140753162
0.21799386829228348
0.21868398717798215
0.21719875393633448
0.21362801754687616
0.20811662357368654
0.20079966503544436
0.19179194974060612
0.18130046682757012
0.16968133168976915
0.157319056744684
0.14451937142592872
0.13153037100835774
0.11858576285220918
0.10590693940801375
0.09368978446400783
0.08209673925136952
0.07125431458129604
0.06125327294618739
0.05215037173741403
0.04397125047586494
0.03903184801578884
0.03237684886160812
0.026591770074883152
0.021623234079212825
0.017406784099110575
0.01387074754327342
0.010940236357106446
0.008540042002611409
0.0065972375717363915
0.005043089383139345
0.003814437533970868
0.0028545327159499433
0.002113435081260171
0.0015486373473264387
0.0011229160199832861
0.0008066028370836476
0.0005744786910544496
0.00040691612367711743
0.0003014017752366356
0.0002254173925516385
0.0001862779834181283
0.00016635699365965753
0.00016614605404816337
0.00018261800135034232
0.0002137347883772783
0.00025815444302138143
0.00029472008489902276
0.0003595946770273253
0.00043619071951205165
0.0005246459403911395
0.0006244044952375882
0.0007355236678826628
0.0008573790189474273
0.0009889553344568716
0.001128575519641242
0.0012736578018952374
0.0014207134141113512
0.0015654212831085095
0.0017028279788991805
0.001827653786207783
0.0019346692554917154
0.002019092968481017
0.002076972161798006
0.0021054943310059803
0.002103206313291476
0.0020701192797624316
0.00200769431063202
0.0019187149337226597
0.001807063535469964
0.0016774267161053526
0.0015349598481829727
0.0013849429012346738
0.0012832636347016053
0.0011375314284450561
0.001025245640061454
0.0010354565846806096
0.0015826269177361691
0.0036779084186583065
0.010718536860267152
0.02875972992493044
0.05998598809128266
0.09200147007225397
0.10436660043781089
0.09014293849835361
0.06053131915939555
0.03132971455379455
0.012108848760673861
0.003396869334434348
0.0007028340687067932
0.00013429290204081113
4.7214448600863486e-05
3.245688607634958e-05
2.594852079118722e-05
2.1602126748389786e-05
1.778884465163964e-05
1.4777874760615543e-05
1.2463171727250571e-05
1.1269151725152036e-05
9.9616308789453e-06
9.201043168591003e-06
8.962692883653962e-06
9.574379048047688e-06
1.0498056756163674e-05
1.1977459126002266e-05
2.710359752432642e-05
3.679793719656352e-05
5.53308237208932e-05
7.382831455517527e-05
9.792236994084597e-05
0.00012884364171062917
0.00017068152581826098
0.0002217020824903465
0.00028532953265824083
0.0003637006296290098
0.0006458747188026469
0.000905685290977591
0.0013715102616642838
0.0019682806610458185
0.0028093454589839307
0.003961999580391346
0.005489230584506498
0.007435953104123319
0.009812373236775524
0.011617672178815529
0.014588387516811345
0.017737744300469045
0.020857071050406746
0.02369661513711071
0.025997238672442587
0.02752925327603568
0.028130432194773965
0.02773448524490457
0.026383065187462505
0.024218302793546902
0.02145774902599361
0.018357879118608672
0.015174663670464003
0.0121295436630724
0.009386766199047136
0.007045350371575538
0.005139441489967785
0.0036552320637670307
0.002544919793038363
0.0017435743747307474
0.0011831779708812733
0.0008011739733985234
0.0005457985957131573
0.00037710232458426223
0.00026621280943132795
0.000214313401524749
0.0001591508048177592
0.00012291962821172432
9.946432637975175e-05
8.489844526312686e-05
7.672182385002342e-05
7.326130741179567e-05
7.333418008774452e-05
7.605264612396885e-05
8.071206233163074e-05
8.672680766041679e-05
9.359291886412934e-05
0.00010087006827874723
0.00010873732603926861
0.00011590102867130222
0.0001224784698750627
0.0001282160363771496
0.00013290904382454307
0.00013640585260596096
0.00013861127553085496
0.00013948833731896744
0.00013905769412977568
0.00013739431495533717
0.0001346213402897158
0.00013090133927157372
0.0001279887939320382
0.00012315585660111487
0.00011789614806665426
0.00011243966861046224
0.0001069772299642181
0.00010574597535151224
0.00010228772371939247
9.971175768695747e-05
0.00023891444691382497
0.0002934788839166955
0.0004349774679031799
0.0005599384504216073
0.0007236918120480041
0.0009348577366654171
0.0012030519907785355
0.001538696137311814
0.0019527092197397075
0.0024617383348480206
0.0030671549025667955
0.0037823965062017064
0.004614914036885318
0.005838478748870345
0.007020019415124651
0.008509083041834736
0.010179704707867245
0.012367845013874787
0.014266590912453263
0.017704132264960624
0.021029294420343778
0.023160596906566543
0.02418920581181634
0.025215603941146997
0.02692916454374105
0.029207917891267712
0.03171767517739295
0.03426997301490324
0.0367933124865841
0.03925227971194166
0.04161697485177599
0.043856982156325094
0.045940508398235956
0.04783428393770035
0.04950376760769915
0.050913697261504944
0.05202903057017013
0.05281627260091519
0.053245131032311474
0.05329038606121686
0.0529338179975473
0.05216600802876093
0.050987821381739164
0.04941139896920495
0.048152837558372845
0.04597222269462695
0.04348181262234025
0.04073735213341509
0.03779022026947193
0.03470662852401129
0.031551467301012937
0.02858759251111902
0.02555512880953466
0.022723873016866347
0.02008394225624342
0.017658118325374575
0.0155158554504876
0.013702515420541307
0.012224106892823192
0.011105679618161658
0.010357355773650177
0.009982946650217796
0.009980402298243584
0.010342064004604547
0.011054686944935938
0.012099246721191987
0.013450588108917463
0.01507701207691847
0.01693992356012131
0.01899369131929869
0.020443210082639645
0.022695163541879126
0.02498691402514158
0.027247847485207054
0.029411030331489948
0.03140869869721023
0.03328333026713473
0.034799504459017895
0.036035615752212896
0.03687609586353373
0.03733413965987455
0.03740326328229863
0.03709270742120367
0.036427050288156494
0.03544491187200234
0.03419776242890522
0.032747411680160356
0.031165333230101726
0.02952286473597493
0.027875766896042348
0.02626128287750275
0.024730728496868273
0.02333164953740452
0.022123693085549137
0.02112143468170205
0.02056825170512045
0.01990209052488599
0.0194151845390467
0.019081152008398793
0.018866745050944274
0.018734043118365584
0.018643096931441595
0.01855455821720983
0.01843207614138696
0.018244315801370845
0.017966494007154055
0.017581473902871306
0.01707980909793356
0.01646012374318642
0.015919541430558418
0.01596006370779583
0.017990502898018675
0.024613359208057274
0.040757573405750085
0.08856796295220368
0.22701341876313838
0.5014264791628198
0.8249200391903128
1.0
0.9440175767037626
0.7442424577105963
0.5800971379658536
0.33460272468651503
0.14642205723716098
0.04701839273909793
0.011984704549933039
0.0036032896388821217
0.0020446531442772985
0.0016402678169685756
0.0013996091010663684
0.0012081418677565247
0.0010524359982201103
0.0009251067890815027
0.0008203135336580886
0.0007322151555983457
0.0006556424243656785
0.0005865447863198386
0.0005218452607930576
0.00046008371129593905
0.00040097094886966123
0.0003451841053590267
0.0002939647404589368
0.00024868880739234016
0.00022367715854451165
0.00019912439476815473
0.00018460458500190626
0.00018028480982668145
0.0006444973997017986
0.0008669534133529645
0.001179587365229695
0.0018833800132931002
0.0025758997050916448
0.0034890928689338954
0.0046717072821722844
0.006176404949969904
0.008057349373925464
0.01036685851527198
0.013151164600091341
0.01644543731651938
0.02026835908159632
0.024616674156424972
0.029460246944242853
0.034738236195644555
0.04035699997109578
0.04619027563228414
0.052082024014630725
0.057852093973740075
0.06330457304784051
0.0682383747588479
0.07245931437424884
0.07579268667093074
0.07809522070886947
0.07900550242625001
0.07938829150302357
0.07858024481093479
0.07661737236502389
0.07359011600762967
0.06962339426288676
0.06488597398558676
0.05956959498407949
0.053871276112016406
0.047991988542978155
0.04211808918991889
0.036414750545969786
0.031018735930060888
0.026042481057593176
0.02154775970266354
0.017587819148475205
0.014203123995660706
0.011405006861304523
0.009223375452147586
0.0077687955706175465
0.007781101635319701
0.010584903338810094
0.016041002959847818
0.02084962311858236
0.021560366911817962
0.018659558810498356
0.015891735591646
0.011310546657815597
0.006801003393077444
0.003517543402461817
0.001937280317802113
0.0014680622617002067
0.0014168055404956425
0.0014678096590595526
0.001545784953572268
0.0016641113193179963
0.0018531277572907798
0.002081038620972297
0.0022137154082404686
0.0021521980771149326
0.0019673653949301858
0.0017980759472292402
0.0016966926193844793
0.0016335405741323725
0.0015950388095211157
0.001544479961054944
0.001488751149426753
0.001443535450304027
0.0013940645228695486
0.0013527511304795533
0.0013196334095142168
0.0012989781890215635
0.0012936495052639873
0.001307882066296516
0.0013399487251767256
0.0014062480900962591
0.0015038334585024736
0.001635279457741132
0.001807892948693116
0.002311582106109746
0.0028703947220053874
0.0036254034587167596
0.004878658070945987
0.006522567595774983
0.008812446447529453
0.011918599655460063
0.015997571523732178
0.021156945209246117
0.02741338193645605
0.03465205182668035
0.042598335075199445
0.050813122895737244
0.058719961643935
0.06566610388181193
0.07100770310225506
0.07420993049285203
0.07493363757823003
0.07398630402849757
0.07054563512154712
0.06497255334825341
0.05782501387762939
0.04976374951032848
0.041424236697505445
0.03339417807277628
0.026114565153955133
0.019861848637289518
0.014752397722063902
0.010768891847531402
0.007801522022117303
0.0056886989289442105
0.004253148215396512
0.0033274672031202695
0.002768940751846927
0.0024650810625116057
0.0023326689858192136
0.0023131619417428133
0.0023667955079676403
0.002466918105722482
0.0025953519387392657
0.0027390180041483307
0.0028877304463775406
0.003033015028446746
0.0031671335599221685
0.003246996043492794
0.0033479379076608454
0.003421595190734431
0.0034637457239322694
0.003471441138435236
0.00344312875192126
0.003378703304941035
0.003279479247542102
0.0031480840028775404
0.0029882803607013406
0.0028047321041158113
0.0026033282369922793
0.002388770582901877
0.0021671665971817393
0.0019440036139326763
0.0017413472835826169
0.0015403021580503897
0.001352271180540314
0.0011906001582879478
0.0010504571861982988
0.0009351745192070314
0.0008486804218837117
0.0007934183336097626
0.0007715921014753925
0.000784100937624827
0.0008318310989422668
0.0008834457328152856
0.0009903460757281991
0.00113372445335279
0.0013082890294922695
0.0015124041462558557
0.0017425318610540263
0.0019916526103273763
0.0022534124264196463
0.0025197532634902366
0.0027817778069514046
0.0030325401503361674
0.0032714915475663612
0.003521262016964256
0.0038235673062189425
0.004167889946532864
0.00441050608855407
0.004386089767538647
0.004128872788341281
0.0038214525560498072
0.0035991470998730365
0.0035436147950813845
0.003797426436135703
0.0044245411784191785
0.005459933893391176
0.007711263373533807
0.01620984981759315
0.02963222330004976
0.06333414399369267
0.099287233079697
0.1135037816295035
0.10312878266490126
0.0847564041253743
0.06566343743000153
0.04354348973332286
0.023294487816944816
0.012033831549617312
0.009426349175651053
0.01116469107500766
0.014667258880661862
0.019074197903267573
0.024179773551182025
0.029579392158910284
0.03501155598843315
0.04008396247203336
0.04468821287515047
0.04798168996336142
0.04992757135580644
0.05057264319853043
0.049748022721211295
0.04778923203021423
0.045049655550311644
0.042996366640815506
0.039895686114361444
0.03712093505935785
0.03499199591808277
0.033724630548927936
0.03341733762813786
0.03407010187788864
0.035600281720187046
0.037869338343656835
0.04077044551887488
0.04402283636700638
0.04749567008151214
0.05105660967670757
0.05450971966734103
0.05774839480440181
0.06066257483887342
0.06315893180077557
0.06516272301703967
0.06661708037217821
0.0674838209316796
0.06774389805417096
0.06739746285935978
0.06646331608359288
0.06497840191112436
0.06300290897307805
0.06058550436430228
0.05876847229439971
0.055793221716273
0.0525907826558491
0.04956255329120897
0.04632256617450239
0.043094048976466605
0.039987838907830656
0.03730594572294846
0.03477521334648143
0.03253169567742686
0.03065888552390413
0.029228081066430274
0.028219452567046326
0.027682192563632014
0.027640164195000018
0.028102205682609835
0.029077628413752762
0.03056470429639588
0.03255122892921455
0.035012557880081834
0.037910194726871974
0.04118859174723344
0.044776645086525374
0.04858636242107408
0.05251443293215267
0.0564629269939215
0.05902718952227794
0.06268890786589558
0.06601451955155949
0.06889119363956968
0.07118986588637406
0.07282404797492947
0.0737223752331308
0.0738401996217736
0.07316208041864089
0.07170255140890368
0.06950509299307916
0.06663938986838844
0.06319709823188635
0.05928646566034738
0.05502622995794445
0.05053926294358018
0.0459464193560734
0.04136254267453781
0.036894563163933365
0.03264922117408615
0.028728420415432557
0.02518125389987099
0.02194577758763605
0.01892151590328201
0.016130616124612144
0.014450072614778242
0.01225804940630355
0.010442852074042537
0.008942902310854988
0.007699280218870316
0.006675995692681766
0.005842121883830675
0.00516987765678984
0.004728906425189041
0.004360225611739279
0.004169331469204498
0.004355008989473638
0.005089754881121996
0.0062030834175019825
0.007438154291180437
0.010011249605408976
0.02078643284530782
0.05030585789419869
0.09729578801774212
0.13538245999054282
0.1387346902478453
0.11806186415136351
0.09872944614858595
0.08126591239494074
0.05661511683511774
0.03142588162278144
0.019918143303933614
0.01176601997204795
0.01006905329539941
0.010503151269112885
0.011362695142854241
0.012239423320275635
0.013054761125612109
0.013776278606872775
0.014378902231807007
0.014942752175976666
0.015304923076380508
0.015503280273797253
0.015548707527222075
0.015523177231346054
0.01532421124944337
0.015016926859128754
0.014631597729114062
0.014204425116997212
0.01376717479652084
0.013352314666204103
0.012998169337667476
0.012738044897889728
0.012601282726929832
0.012611676368086567
0.012786151859464152
0.01313359605698536
0.013461843279589795
0.01409383304680716
0.014879749953498398
0.01579652507375065
0.01681344969579753
0.017893431479263554
0.018994607555662294
0.02007242146380507
0.02108108205840138
0.021977506786689506
0.022719639698909003
0.02327306268526057
0.023610061190176137
0.023710951770562247
0.023565760091572255
0.023173939098398325
0.02254479022991335
0.02169646714561552
0.02066057061597701
0.01945597699143396
0.018123985333350443
0.016721014978948272
0.015295907273452
0.01385960254029627
0.012466899044302857
0.011173946971933708
0.010396968155834846
0.009425557564854326
0.008632700553958969
0.008085814846365395
0.007819946895657764
0.007894571223126822
0.008238582942282652
0.00885977742064356
0.009713656114330496
0.010734837073113398
0.011843097236028485
0.013122081584975067
0.014217954721280141
0.015190233787580701
0.016006383728694583
0.01675624947460411
0.01730280465322021
0.017783544042250174
0.018238199193829303
0.018724372821468025
0.019303231398741134
0.02002565641836956
0.020895160441285844
0.021913258136700028
0.023067498824355256
0.023898655686378438
0.025213096990163008
0.02657652301773038
0.027953510295322566
0.02931182928470748
0.030623458973191624
0.03186439819580992
0.033013698018927055
0.03405217208073488
0.03496118449352606
0.035721806894209084
0.036315699109388734
0.036726434401567296
0.036944988368769714
0.0369649843681566
0.03676044418221954
0.036277496080343086
0.035482252756375225
0.03440267890591038
0.033095359557882995
0.03159350085042315
0.029912645066762892
0.028072665329918412
0.02610573922218861
0.024050300273462912
0.021947149640432546
0.020538075353819712
0.01844266037398942
0.016400420087324327
0.014456316691585685
0.012677652617396212
0.011214306077020175
0.010232534154713842
0.009616291316095602
0.008935079528591416
0.008402777301899735
0.011010063119227531
0.023416545410529944
0.05016362616930408
0.08092932090030046
0.09345198666088508
0.08195826247726613
0.06572638011488319
0.05729158580091228
0.04801500059721335
0.03140274866409778
0.014680741875666464
0.004937942624643495
0.0014035429151681778
0.0005615492281709971
0.0004290399798195597
0.00042669625629566406
0.00044200691966410414
0.0004792555038548501
0.000532366363902161
0.0006034658405272587
0.0006896469566943077
0.0007927442313809834
0.000914545503762501
0.0010622166959826055
0.0012566252859861065
0.0015372960886620706
0.0019066075425740495
0.0022585559115722163
0.002450925068628557
0.0024929599500306825
0.002516216132849728
0.002612027094307295
0.0027677904720701096
0.0029400371991068455
0.0031063336609597827
0.0035168313346585164
0.003749421185371113
0.003996892862450719
0.004281654370033279
0.0047443193797294045
0.00516004543148916
0.005478978103865068
0.006038886911084526
0.00670455686693324
0.007488634278932514
0.008411282998415448
0.009496107994746214
0.010746875470735835
0.012181207700968333
0.013809807071508374
0.01564174842176352
0.01767243512117255
0.01989223598972281
0.022281819483598364
0.02480959142280428
0.02744823558126917
0.030116647771252593
0.03276179275217092
0.035313072709651595
0.0377049535260059
0.039849637333752026
0.041683915111167195
0.04314694076921772
0.04418935301346916
0.04477606102776199
0.04488800672456978
0.04452837033856853
0.04402879460992113
0.04291230949388171
0.04139294927826441
0.03952590901669472
0.037368595869620345
0.034992758248157965
0.03246266745027563
0.02984998779184817
0.027219782274690973
0.024667586434810235
0.022186515921615912
0.019843899515569887
0.017876067248358163
0.015994567818462542
0.014335035671576613
0.012922874684527692
0.011870884043049718
0.011013500078383727
0.010422901510653329
0.010101319050476561
0.010047258016040998
0.010259274094613764
0.010729904735269576
0.011453667894796326
0.012420751763448899
0.013617363577289052
0.014533601010178277
0.016072397532604206
0.01777586371722491
0.01961087762029166
0.021536756035535953
0.023509206014735055
0.025472061468743413
0.027372896314311952
0.029156150140247836
0.030767414164801176
0.032155761911915756
0.03330367194243419
0.03413243086769827
0.034629688125448914
0.034781837050303195
0.034599886291477096
0.034067183551136616
0.033213933421432834
0.03206988307792063
0.03067348498857096
0.029069910091933944
0.02730879796899075
0.025441886317737254
0.023520662606094388
0.02159417117695373
0.02032921014799298
0.018490349891699003
0.016751610878989253
0.015139552148461135
0.013672766506901851
0.012361928476074837
0.011210234052597344
0.010214169671784378
0.0093652782504167
0.0086487103100017
0.008048043164423929
0.007550846343699698
0.007155050021708992
0.00689321999021547
0.0067994107166562835
0.006793519606400302
0.006646107978253593
0.006358989474836664
0.006552143709408621
0.00910068502568256
0.016447916841865765
0.027882168111641948
0.036285323158765634
0.03492246455930281
0.027401852429156447
0.022513373806043572
0.02169645067739716
0.020129470624222268
0.01494226429274104
0.008487716680798245
0.004195808588146332
0.002440130422926704
0.0020494416197638695
0.0020410461827259957
0.002180126658174998
0.002418089066321489
0.0027557216459462475
0.0031995699556832038
0.0037556468324367914
0.004429046494613111
0.005225606388160212
0.006165571292174636
0.007329687724027975
0.008885150420779248
0.010909070033193542
0.013031932574630409
0.014552460986732425
0.015915289122707545
0.019501382748887623
0.03149943861262932
0.05848476080456634
0.09501076388105244
0.11313181415240295
0.11529201693876791
0.09494524153972987
0.07919867075496467
0.07705872421533563
0.07304613167200419
0.05750141639940898
0.03878703979694806
0.026604991735713124
0.02134879271670233
0.019280662111049805
0.018001168099019187
0.016798742485225268
0.015615722969038568
0.014622710957986132
0.014022131897998573
0.013680643526479266
0.012962747739716457
0.011641829660354859
0.011116967106055128
0.01595833246791278
0.03387155487149676
0.06739693473791425
0.10003787508387874
0.10584998041380825
0.08454558044241905
0.06916479447144362
0.059898188588402984
0.059549372455838086
0.05007648373333011
0.030689169102210125
0.013595977977507752
0.004884531690714133
0.002012254022195124
0.0012954431812426672
0.0010735591743207735
0.0009354000872491015
0.0008175471204077832
0.0007138617501951367
0.000621907190661973
0.0005416008590820619
0.00047199059867462386
0.00041369488226719543
0.00036407756017004954
0.00032295916426509317
0.0002896247605383217
0.000263670816044011
0.00025337580304876433
0.0002444056034121545
0.00024134338170733792
0.00024486838350203983
0.0002529844939689504
0.00027500657251359524
0.0003020821251071238
0.0003392930147136265
0.00043049692526521427
0.0005109936670063368
0.0006128763030621053
0.0008359390213149215
0.0010808816083492541
0.0014029346546982054
0.0018261110351190611
0.0024218490645761016
0.003172818889732388
0.004132790494102894
0.005327950776485839
0.006770287878606975
0.008450042518590507
0.01032935789630305
0.012343059061243042
0.014388635015715518
0.016350291097154766
0.018101681051366565
0.01952524055647857
0.0205225804697278
0.02103807719658806
0.021047455828364522
0.020784771319491118
0.02002943083897253
0.018914646095128995
0.01753973525421119
0.01600951634425832
0.014424696659573993
0.013073879090282094
0.011689024479855906
0.010439808686071594
0.00933381973034349
0.008456574319978828
0.0077527527579156095
0.00723007164497043
0.0069035586555875736
0.0067664124407092385
0.006816819011643552
0.007056927340601199
0.007495363318125973
0.008173717450121406
0.009023132678483495
0.010074728240277567
0.011324505534449263
0.012778882397760203
0.01438934840382976
0.016146474559726447
0.0180204194141631
0.019317162793719783
0.021303647133346496
0.02330085198851598
0.025263415604301672
0.027149722420778646
0.02892590511552581
0.030552942554681255
0.03195762962850119
0.033045549223189
0.03377239076198855
0.0341645595261664
0.03425422700465413
0.03404084616185465
0.033514559235033374
0.03267993626821496
0.03155693558249825
0.030175496464269765
0.028572090062483287
0.02678770396324711
0.024866118789119197
0.02285221052189389
0.02079031035662915
0.01872267278093085
0.016688175675443468
0.014721160363316709
0.013462009745876054
0.011669219777498772
0.010008327640805753
0.00849249381475015
0.007133480920678319
0.005926293753032474
0.00487172689786014
0.003963377557814858
0.003192136755340949
0.002546670125660479
0.0020143914008398482
0.0017256545065866846
0.001465891595747154
0.0012802177535339374
0.0011837988997446492
0.0011723620064220252
0.0013379275299343798
0.0015291768860684412
0.0018151895443522484
0.002202783375680044
0.0026984434611147987
0.0033101788785208646
0.004044440296791839
0.004907362699252706
0.005903219274206713
0.007033374974796594
0.00786063005807933
0.009206603537428157
0.010677894233362406
0.012233058869092489
0.013855304245787235
0.015521818043493079
0.017201870455695836
0.018865694380357657
0.020458020307969334
0.02194269230535999
0.023278884503443783
0.024428679532980217
0.025358685125728617
0.026041915554778045
0.026459091478064935
0.026599670063762414
0.026462368584620963
0.02605516027826237
0.025394769849538194
0.02450557558881168
0.023418317495151265
0.022168330315649545
0.020793704287594486
0.019333263365947855
0.017824985116369256
0.01630508355967814
0.01530046502200267
0.013827354544837397
0.012415382962663419
0.011082517981917372
0.009841771458657918
0.00870002591684187
0.007660700959886181
0.006723194174974057
0.005883982656982885
0.0051374311004256604
0.004476547386365131
0.003893642901331762
0.003381212077072
0.0029311112685823583
0.002536505225383015
0.0021910055879309693
0.001888956052139425
0.0016274664241491697
0.0013998283975081218
0.0012038201688512084
0.0010529505002833122
0.0009186460141203574
0.0008110584351645614
0.0007289647409389029
0.0007288084117760248
0.000762603970524087
0.0008118388769551003
0.0009545452516389464
0.0012069546610575933
0.0015786050693447505
0.0021252612966031906
0.0027930185016767596
0.0036560203135057316
0.004754693173391377
0.006089269490210556
0.007621661057534798
0.009448020318425968
0.011215060505783137
0.012934682843316156
0.0144956475840403
0.015794337377808172
0.016849045230525835
0.01745347616580347
0.01767229910953046
0.017541597596127695
0.017133175546106324
0.016550077390658724
0.015887902051959914
0.015259410753547815
0.014762075829422398
0.014471981861447518
0.014416472415824133
0.014550812552491271
0.01494288279426475
0.015582140739155351
0.016445164519589356
0.01748757808783239
0.01865050674703746
0.01987165766078189
0.02109091433949817
0.022251752446886
0.02330321688611435
0.024201565750746137
0.024908960005982157
0.02539928037079235
0.02565526106574955
0.025662581106919016
0.025411635461894636
0.02488695448603902
0.02411140106077006
0.023154362985970973
0.021997980069979124
0.02070015128337448
0.019288358690733417
0.017802641158879254
0.016298267278171293
0.01478581030714869
0.013797299565029977
0.012367178654991113
0.011025064973000024
0.009793714537180732
0.00869033739292403
0.007726570352388617
0.006908434781098264
0.006237054498150833
0.005718799535150185
0.0053295645922931
0.005066047653128258
0.004915560353223166
0.004867574146901846
0.0049301913987112415
0.005102238529390717
0.0053753041228063346
0.005647790720214752
0.005811589791661615
0.005877177295008588
0.006013026068831489
0.006557821488276747
0.008361732585690111
0.012419552562348158
0.01791989535054503
0.021196890349836836
0.019454922944835293
0.016462320252513905
0.012815390016912603
0.012406597109588802
0.013607781824351019
0.01328566723180319
0.010777952785777253
0.007927191843835753
0.006186985707790073
0.005493126473527506
0.0052680235356391296
0.005175186486286004
0.0051146388022606055
0.0050667047378444375
0.005026290177235018
0.004995637432572719
0.004989898194627062
0.005061375871992609
0.0052737312348139585
0.005567573565825544
0.005692120533370423
0.0054583237969844725
0.004996771827191643
0.004907022679315944
0.0061505784000572975
0.011167369141917157
0.017887658004367365
0.031627165960639976
0.04158208511918644
0.03906740905317768
0.02756247096046869
0.019009776167469444
0.019103166606362507
0.02257219316669594
0.021548256466154943
0.015029514174955858
0.008011560726409975
0.003996382786225796
0.0026278124083008157
0.0024151569913132697
0.0025069082835247674
0.0026298475911206132
0.0027297694391882994
0.0028142447492569543
0.002884752639021646
0.0029223381252110165
0.0029093623650759503
0.002838098527311772
0.0027114105497473193
0.0025387922895862007
0.002329781903432968
0.002100838359485266
0.0019649961254362656
0.0017461988514519305
0.001545029120381812
0.0013727446599130042
0.0012361150592779349
0.001147150532349053
0.0010965522942106144
0.0011067632290677615
0.0011441076244749697
0.0012178134044045239
0.001327888101220021
0.001472876464580664
0.0016616088374593362
0.0018820613062245652
0.002135772390861905
0.002425659967529404
0.0027532092527582618
0.003120334094983643
0.003526989471603561
0.003957363216052292
0.004381658006974704
0.004789322320020129
0.005175890628918675
0.005585805460092927
0.006107400459754311
0.006905392548236031
0.007697481094045385
0.009137825143005174
0.010195376165822759
0.0101766894778874
0.009405190437099352
0.00883413295540229
0.008946409247715042
0.009345826908218613
0.009373504613133372
0.008878871275930964
0.008250910826508768
0.007822799054210064
0.0076020736017525245
0.007471556749925939
0.007360767295181906
0.007256744640680365
0.007151077277923827
0.0070493555292647486
0.006953586354413389
0.006864652305744984
0.006782237816961543
0.006708347309217259
0.006636743241296637
0.006570753455291659
0.006507282971724667
0.006432359040998376
0.006365942079783919
0.006236948994259755
0.006079083984620579
0.005915505592256794
0.005735202305845361
0.00554491094474844
0.005336719019622139
0.005116261941595537
0.004889779967403205
0.00465867154137684
0.004428263891332878
0.004208600331559602
0.00399927077315218
0.003807461679927074
0.003637270600796756
0.0034919585871946825
0.003373783558649409
0.0032839120638369413
0.003222420873427816
0.003188219219749135
0.003179339622714908
0.0031930771371923225
0.003224642826585858
0.0032716942766547186
0.0033360483649626208
0.003396931261739469
0.0035386813966611684
0.003747235474218675
0.00394452778954381
0.003989989074912734
0.0038593585602224745
0.0036680604606276436
0.0036544510918263143
0.004204199522800811
0.006438098440065043
0.011564557095397146
0.018278653902998262
0.021804986852666727
0.01891540939231583
0.012719343605976183
0.008920001351879163
0.009490826407201933
0.011679586913928243
0.011667303609490117
0.008714670334872927
0.005185509042644681
0.003029708820062159
0.002247654801153627
0.0021106923886440943
0.002174840306401642
0.0023104173904721333
0.002433554047452865
0.0026651095959376995
0.0029176311416415765
0.0031263197587011312
0.0032683815203161555
0.0033843566237373897
0.0035578956197750487
0.00391460798959966
0.004867503752571542
0.007002380687582308
0.010078062340550534
0.012204244562263863
0.01155377205028513
0.008905230554213765
0.006790546310557141
0.006582504111073792
0.007515431603312605
0.007840269805343372
0.0067767777155030295
0.005092542436047883
0.003782712841547695
0.003045605113634196
0.002638106753586152
0.0024032282653168313
0.0023838528518557193
0.002957097845342511
0.004031872008867615
0.0069977595317070995
0.010486706901745243
0.011815522189316363
0.009785727742004377
0.0065321608169624425
0.004916464880490713
0.005582791248125701
0.006922987652246083
0.006981193295095173
0.005483726442731616
0.003722554997556506
0.002698416193100422
0.002367064674648285
0.0023426414199439454
0.002393621548157914
0.002449471226590679
0.002498098245014194
0.0025344197252811953
0.002557505747434325
0.0025676955383526342
0.002564785388001012
0.0025491872977061675
0.002521789189054579
0.0024837648009917285
0.002453200050232948
0.002400683641516498
0.0023416321224996746
0.002278714511762661
0.0022189542832418557
0.0021783467977388644
0.002157674427797991
0.0021644550954851034
0.0021608903816060744
0.0021019080099312464
0.001998137340332798
0.0018999932877515999
0.001874071722183921
0.002045454341501005
0.0028028702620155016
0.004673724546294434
0.007395021053777638
0.009225412571423416
0.008625398997399987
0.006314946690913227
0.004564083498635032
0.004586200544612298
0.0057908745945793386
0.0066684963126782395
0.006367388312064136
0.005418452974394737
0.004960463363193256
0.004872891928976388
0.005340615972243991
0.006056253556997886
0.006838090681365961
0.007599089867262813
0.008280063142767503
0.00882978402264492
0.009208529216731586
0.009386098473091057
0.009353033859131195
0.009116286700535837
0.008697364066869143
0.008130847696489397
0.007453206103493767
0.006705332168706385
0.005928350122620651
0.005158214047874213
0.0044256513958190885
0.003753948785990234
0.0031588930277510583
0.0026485688378557345
0.002300629457605459
0.0020005170856193704
0.0017857958928121965
0.0016902357797756722
0.0017028244639780876
0.0018453982062470128
0.002082246986299595
0.002222126724893511
0.002228241131853525
0.002244567730993718
0.0024298883453955184
0.002961536434894345
0.004502969225646072
0.008538107601132718
0.01599968634563236
0.02409980682912532
0.027000698820607096
0.02278168807213522
0.01644522466059637
0.013817510209759427
0.01613148392078795
0.020279864825922908
0.02199570337719562
0.020000717999677984
0.016765304920938865
0.01480794861160018
0.014393225036882494
0.014684646775832286
0.015081536815270582
0.01529360219095215
0.015549165578243939
0.01561367870412029
0.01552878224492571
0.01533775119195072
0.015013163951463805
0.014590534772869193
0.014131402579744871
0.013624148224734983
0.013129329870812665
0.012702395815331523
0.012343863541086995
0.012087105850240495
0.011955903425027756
0.011964856562844363
0.012106700029843365
0.012353518549542641
0.012666519924902524
0.012998980023952361
0.013306991630626834
0.013551861285050329
0.013704634215401723
0.01374867931217427
0.013678545854295615
0.013497891068532518
0.01321829909276956
0.012983562212081174
0.012569607945495543
0.012095504945051093
0.011577995976290332
0.011032981859905134
0.010472830918873027
0.009906304235374915
0.009338735933163533
0.00877350098921162
0.008211837568269485
0.007653777008845466
0.007099075472185444
0.00654807514326506
0.006002425837231972
0.0054646761340070415
0.004939903233911517
0.004433020409520568
0.0039474450354617585
0.0034892959998669253
0.0030653604866525304
0.002688805098771234
0.002382273774503103
0.0021558280307441588
0.0019673549379140513
0.0017395896415308618
0.001500464803217709
0.0013243464602370669
0.0011157448169954686
0.0010180355246107858
0.0011523449006928532
0.00198744184705007
0.004327596225624725
0.008239029477714101
0.011553405450614826
0.011546813138552964
0.008426132407294182
0.005230311610813329
0.004316930151407342
0.005714174514223047
0.007753062500125769
0.008438413921063644
0.0073301920360650434
0.005765182734849558
0.005003280149190617
0.005062899085715851
0.005538385667719298
0.0061495536602506895
0.006790246437960438
0.007433731688738046
0.008081456234232629
0.008703666962952897
0.009289981198543889
0.009658343639144256
0.010173340017620028
0.010632051264271448
0.011030789885019276
0.011367502949159822
0.011639480643320313
0.011848248507804842
0.011996665829118009
0.01208887330739828
0.012129955142363643
0.01212551915145396
0.012082107233079887
0.012004197804514912
0.011897389795475484
0.011764051482315206
0.011602480520971226
0.011410334648425906
0.011188736402533445
0.010940174675117204
0.01066436584331426
0.010358706953450286
0.010022259118437696
0.009651365109850256
0.009246907591378434
0.008810332800165558
0.008502637840568464
0.008018986692764159
0.007512832017804114
0.006990532226468078
0.0064579286614989745
0.005922136292648242
0.005403656835548271
0.004890145931681575
0.0043950948493473654
0.003926003499116095
0.0034884601077308157
0.0030917547580184873
0.0027367196286613264
0.002423243991101409
0.0021531756538867406
0.001928671975909174
0.0017495621786876073
0.001617002538501624
0.001531429779774708
0.001484564586900636
0.0014764585102466999
0.0015048393357135357
0.001566572787936451
0.0016582312667952656
0.001776075133729646
0.0019199022655242422
0.002024601489464557
0.0021942675010071487
0.002375255155884763
0.002562797339056864
0.0027523061029256887
0.002939061136317152
0.003119011958893313
0.00328682362158322
0.0034397449468068384
0.00357811751924074
0.0037062279327426417
0.003822681683639174
0.003910607074267839
0.003932657205403271
0.003891128762708929
0.0038138407261339054
0.0037444670319884583
0.0036633790102580375
0.003629902370352947
0.0038276118001777945
0.004568831731438917
0.0058825475218241205
0.006977402072060361
0.0068190547852417195
0.00544884526457385
0.003997952440013989
0.0034600238983755185
0.003450741780202293
0.004079880717799171
0.004650155320191354
0.004567973001945828
0.003943252706013668
0.003356673767432252
0.0031334499909210166
0.0032049255478570574
0.0034084456524255177
0.003660833241332782
0.003940386290067967
0.004228564838289048
0.004520878750986783
0.004810882915383724
0.005093129506666
0.005358431241054123
0.005603005821855261
0.005817708378792902
0.005996022190117306
0.006132307349941779
0.0062207744026896
0.006257612168492142
0.00624317281320928
0.006170888649275752
0.006092471600208339
0.005932756043890302
0.0057276646337953135
0.0054843038031923246
0.005211489591516092
0.004920314077622596
0.004618066460510626
0.0043220643906505705
0.004051569689243841
0.003812502808660283
0.003577370214741712
0.0033114787879146798
0.0030242601576357187
0.002759909124750672
0.0025439796722320144
0.0023859143790053144
0.002333310377843733
0.0026140318699583785
0.0036712509410522128
0.0056553552138628085
0.007565204713401174
0.00776905582861257
0.0060331228640909534
0.0038725863415887186
0.002714128388298507
0.0028647224630875706
0.003469721253167765
0.004429511202591551
0.00455720802901516
0.0036341262418220824
0.0024260999875563736
0.0016241590893064815
0.0012781696514974406
0.0011553176138984936
0.0011015459624949687
0.001070576671067977
0.001045291974995064
0.0010305629069663215
0.0010283201451208952
0.0010401986592403268
0.0010675759249824932
0.0011114740403305426
0.0011795804352726558
0.0012646856468082185
0.0013656038334289205
0.0014839651234264538
0.001627712865629056
0.0017829182049387967
0.0019517415102743275
0.0021387214985867783
0.002340753960926824
0.0025588209557054257
0.0027139874328168563
0.0029651267630597536
0.003233840814037759
0.0035178573478157026
0.0038135950177257544
0.004113307201586439
0.00440600336381488
0.0046995367160788904
0.004948340670871156
0.005149827200177995
0.005296204881489931
0.005381774889549307
0.0054057300969557924
0.005371846509502218
0.005299872491497261
0.005179384559515944
0.005031977601954994
0.004866270914228314
0.004693430334519402
0.004525318038748093
0.004367833818960851
0.0042303564859890825
0.004118879711933936
0.004039581309456183
0.003993602675115334
0.0039816312049420445
0.003992174649692734
0.004030572457768276
0.00409130305206043
0.004167204048823647
0.004251729889631391
0.004338855283051187
0.004421172376847606
0.004493954998340721
0.004560954225331271
0.004621187322547414
0.004640441707027003
0.004576158194374374
0.0044365584904819495
0.004270036013343182
0.004104597347672674
0.003936164516106455
0.0038115271953787335
0.0038868321346068675
0.004598730055013652
0.0063866949562882466
0.008703858850383023
0.009743120361368159
0.008362141449572192
0.005676059697111747
0.003576865596446832
0.002965016239717476
0.0031844738871829275
0.004245895003382988
0.005087808491027667
0.00475200608309243
0.003421080567647869
0.0020897877842649703
0.001332871762683233
0.001043649811348556
0.0009600016911989558
0.0009616103936728616
0.001072776644093026
0.001383264166830326
0.0018779291240723843
0.002278567947921696
0.002263137157745625
0.0018838266913191368
0.0014948876239982943
0.0013393625784515165
0.0014386357466372982
0.0016969166626035718
0.0019241768923486421
0.0019292992186212142
0.0017230499771782248
0.0014899683816767045
0.001352579118658263
0.0013073625228221556
0.0012592142936240706
0.0011998313209994778
0.0011275249175186405
0.0010533562527412412
0.0009802647700321956
0.0009066219858333285
0.0008342959800656681
0.0007601033460036875
0.0006869220184142148
0.0006166026658039332
0.0005506743716629328
0.0004902020569750734
0.00043608897339983665
0.00039056934820832373
0.0003518079240089015
0.00032105644340096423
0.0002983663869384461
0.00028357714971168356
0.00027634255664039806
0.00027613036274489903
0.00028226127722924343
0.0002939155449037357
0.00031304634499634343
0.00033430086725632496
0.00035806845111088857
0.0003749430316627974
0.0004010085280299002
0.00042707415472142865
0.0004523715945583917
0.00047638720703572395
0.0005013401691184365
0.0005265628915000407
0.0005511153018267147
0.0005696280986013742
0.0005769751056927001
0.0005759037968611124
0.0005735483540254896
0.0005735099748760077
0.0005752307578849448
0.0005793327164655816
0.000583460384653319
0.0005899152194115537
0.0005969005729251978
0.0006055250251428852
0.0006160293611908633
0.0006283394892395566
0.0006429065094260703
0.0006587291363236864
0.0006763745871339871
0.0006962299373219606
0.0007125114669325964
0.0007453572118918128
0.0007869792886598412
0.0008223896483436272
0.0008339486895562022
0.0008243963653974007
0.0008128953843540243
0.0008104371472971668
0.0008150700719975807
0.0008282093339239423
0.0008747115506075723
0.0010595120931344685
0.0015819842137441528
0.0025094514026197416
0.003396391836632325
0.0035188630258496186
0.002768139379085484
0.0018039930398215276
0.0012221323986876702
0.0011519850206051267
0.0014876200021285777
0.0019755542360000472
0.002197320467817242
0.0019169268726231133
0.001370631773304422
0.0009310541416248449
0.0007637388406806571
0.0006478124544425398
0.0005996409518823182
0.0005699128564957424
0.0005465753857879543
0.0005271875329348723
0.0005128089520852162
0.0005040259037501359
0.00050261116908302
0.000507996296629052
0.0005299837658874663
0.0005550457831044515
0.0005879024403718775
0.0006347383068411891
0.0006890735798508675
0.000753531978733235
0.0008292743891053041
0.0009188642435888073
0.0010280959240936225
0.0011495422239701462
0.001289731048756704
0.0014515207279894137
0.0016296000388699176
0.0018217523143019866
0.0020257591801943037
0.0022376589506292385
0.0023788570430986217
0.002585959684721216
0.0027778010788950887
0.0029476108784138614
0.003090370952805245
0.003205433181387097
0.0032893751009779927
0.0033445815394808256
0.0033740328997063605
0.0033797816356053805
0.0033644405142089543
0.003330017994873224
0.003278387391150479
0.003212998919539502
0.0031350022083576623
0.003052624725035781
0.0029771223008919928
0.0029132974081140543
0.00284224429226819
0.0027343632884711594
0.0025897483523768137
0.002439955760461235
0.002311742612573927
0.0021986600429909436
0.0020934904749535504
0.002039007391002847
0.0020196355226135086
0.0022725079555167044
0.0031334948498983745
0.004649592658012562
0.005971276531767341
0.00591732958755289
0.004473821027881937
0.0028136189055247094
0.0018458567663783843
0.0017067533854571914
0.0022286711711338404
0.0030664754454874997
0.003552254480034436
0.0032054424556254837
0.0023277851101401854
0.0015700106052091685
0.0012069608997493546
0.0011184864924392464
0.001133972905889914
0.0011696063208557629
0.0012044412145160528
0.0012422265768902822
0.0012909958748188123
0.0013455147727894476
0.0014025866064939472
0.0014409132369866142
0.0014973863208507957
0.0015518559093424702
0.0016038262494725455
0.0016526922542432325
0.0016989323388349224
0.0017414197099499412
0.0017795936526266334
0.0018120576079695035
0.0018373306807413312
0.0018534591661076814
0.0018582647018693093
0.0018522980151644587
0.0018310165832835933
0.0017953421616476169
0.0017506139291551782
0.001691965566701118
0.0016242147425421197
0.0015498558892944178
0.0014798727881637362
0.001405294647456247
0.0013312648430272242
0.0012607730174139817
0.0011981957132635374
0.0011432547015895783
0.0010979634198316696
0.0010745104972553347
0.0010543002006886176
0.001048567661139961
0.0010703921130026397
0.0011064294879570464
0.001159725765374158
0.0012329982384849329
0.0013248966896213265
0.0014348067872736936
0.0015615989338713249
0.0017058624058338791
0.001868977805504252
0.0020398877776428926
0.0022202808185439317
0.002408680555348916
0.002602455379375407
0.002800091047363003
0.0029973556751688134
0.0031890685955739176
0.0033694562687034487
0.0035384236973223316
0.003697580244178365
0.003845089413951048
0.003978638028703364
0.00409658667953977
0.00419627397878505
0.004251468729021454
0.004317310194311063
0.004365169012920433
0.004395438236082423
0.004401094529337197
0.004374968207645572
0.004319654362236528
0.004243262003913744
0.00415286672329128
0.004042276433622465
0.003912131926085739
0.0037678067040577737
0.003627219866717564
0.0035486715334236392
0.003622236764487253
0.003844690561770135
0.003981212731478171
0.003747927801353213
0.003181943669263265
0.0025991104465838298
0.002197811862329003
0.001996079345955063
0.001958794526459286
0.0020380107995673765
0.0020950425054219583
0.0020388405640317723
0.0017985923522103582
0.0015138474237613375
0.0013143481153434357
0.001224940528642257
0.0012029749133901204
0.001213574067049651
0.0012468597079151227
0.0012951136148540397
0.0013589380255720174
0.0014420487630322028
0.0015352286402406353
0.0016394098883508834
0.0017551720025379127
0.001882988328761371
0.002022964133047061
0.00217202244180316
0.0023312016791553394
0.002501281630896657
0.0026796264904351288
0.002872015527305349
0.00308848729897224
0.003311721216267393
0.0035032997828791375
0.0036278508281314056
0.0036954269004986166
0.003728042756513326
0.0037755392495769455
0.0038153161926266603
0.0038386177946944915
0.003844061430868716
0.0038750226931159324
0.004060265978574367
0.004757474140762989
0.0063103203169198145
0.008269061214069206
0.009187068475536195
0.0081673316439501
0.006073818258486894
0.004354766677792286
0.0035506394938265543
0.0035259480837787727
0.004144957720400503
0.005134939823245361
0.005756843463971485
0.005390676124378166
0.0043131035905682995
0.0033192526492202648
0.0027818126159323744
0.002573615132593956
0.002490660402140965
0.0024362168541614483
0.0024021125683670787
0.0023534308548975656
0.0023041877719780666
0.0022559005264370046
0.002210831094475172
0.0021735257865750576
0.0021405231735691773
0.002114270673392224
0.0020955761413468848
0.002084697598685969
0.0020817698871369193
0.0020871348157590467
0.002101558225770521
0.00212622934443395
0.0021575459878601416
0.0021879703022442674
0.0022129049075974836
0.0022336166342444273
0.0022611297606782055
0.0022931921182626994
0.0023378723749326448
0.002406604272370159
0.0025044523594701853
0.0026021104811843124
0.002646184567168312
0.0026507975012026543
0.0026980320093390525
0.0028500851588668763
0.003008684241281853
0.0029962438863420536
0.002801425557461977
0.0025716259351864115
0.002524541505710998
0.002922675633438675
0.0044492633775557715
0.007648040838920282
0.011387628039799598
0.012818378891676857
0.010564479432554412
0.006582109462068055
0.003514200445523383
0.0021502176438409487
0.0021335833044906732
0.0032469002928249583
0.005121285999246562
0.006488838225901002
0.006061952622624334
0.004166028550642159
0.00226775661680987
0.0012020145727158688
0.0008103972868339754
0.000723269907801287
0.000677390753607977
0.0006628418305645805
0.0006575121574500162
0.0006575595054285901
0.0006610293074315622
0.000666147914849971
0.00067187188106803
0.0006806396535079891
0.0006954868248765989
0.0007269721728228473
0.0007720082101683126
0.0008010290484433703
0.0007838023911055252
0.0007281904314019733
0.0006715872626335637
0.0006353523023088639
0.0006142419352040586
0.0005983964714243434
0.0005850568206773933
0.0005933625502158858
0.0006944283784294249
0.0011324851738870707
0.0022877807843298863
0.004127171263304541
0.005602183118243672
0.005718708073131629
0.0044921118220254495
0.0026640343406556157
0.001395301926159891
0.0009198991911685887
0.0010344055607235249
0.0016664028909531372
0.0026665414973295444
0.003426357724643741
0.0033033858062703914
0.002436758382843509
0.0015455122987623492
0.0010523211128552214
0.0008870256160915639
0.0008636671400558253
0.0008667551261105954
0.0008719172583290498
0.000876440367623053
0.0008791003995574805
0.0008805049141187762
0.0008816969906896018
0.0008844871309488969
0.0008888947795678096
0.0009017608850994337
0.0009153703966977458
0.000936874568367028
0.0009545031490179436
0.0009876807419424366
0.0010289450586250242
0.0010785922383354648
0.001136978105469925
0.0012042212096273841
0.0012804665095900764
0.0013632623045034358
0.0014498301004779745
0.00153605359482547
0.001621454638223679
0.0017073771410018265
0.0017940454454968946
0.0018789595065464727
0.0019589435195437876
0.00203034110489128
0.002089962096091073
0.0021363931329273136
0.0021696270494652495
0.0021894936363028297
0.002195266197606956
0.002186313070757405
0.0021624858069017854
0.0021240670855887872
0.0020716792040597494
0.002034509340393981
0.0019652184249615142
0.0018894914768419644
0.0018083416431178526
0.0017266393469080733
0.0016488919061438232
0.0015792208952802023
0.001521223284330161
0.0014784429037505637
0.0014575718961025326
0.0014582609254456932
0.00147435920251759
0.001491916818728299
0.0015006764961855426
0.0015015241186913904
0.0014933363581105176
0.0014735564536898387
0.0014382435638563209
0.0013867420606109005
0.0013218900649901166
0.0012528903708515517
0.0012000853090648612
0.0012237931219135185
0.0014173976415737936
0.0017791085070540222
0.0020672578146257578
0.002058746327387019
0.0017091450785863722
0.0012049367963147925
0.000826367595399973
0.0006345725566325846
0.0005767812324744285
0.0006345077447811439
0.0008070470601526848
0.0010053319071784365
0.0010443365577848453
0.0008757213360475059
0.0006411498886798278
0.0004872251508752746
0.0004353423972117299
0.000439103672251167
0.00045252000594584075
0.0004628355819659988
0.000475445533010649
0.0004929397452413151
0.0005169127509231903
0.0005469033415312792
0.000583571525151645
0.0006273813755852184
0.0006755796966176647
0.0007317553645685549
0.000793213095235409
0.0008378171358857811
0.0009099498157725664
0.0009878555989154903
0.0010707329215253727
0.0011575394814811759
0.0012489468770831996
0.0013407310571755746
0.0014320952797672285
0.0015217907643848175
0.0016079349304873871
0.0016889328638995341
0.001763213377713925
0.0018293156822770525
0.0018859567600762407
0.0019320139692653865
0.0019666259421178235
0.0019891932855713246
0.001999396614516275
0.0019969638616379125
0.001982053391725518
0.001955612529287488
0.0019173353682528263
0.0018687052957279634
0.0018100972795268046
0.001742851844458005
0.0016938308779223784
0.0016150019878098118
0.0015309643469390308
0.0014438099819549595
0.0013540935334117813
0.0012632624265485975
0.0011759946126897545
0.0010886998500260398
0.0010041900188560945
0.0009238699789971326
0.0008487275652759431
0.0007795936593557193
0.0007175648284955274
0.0006630808593907333
0.0006178933054973763
0.0005810572859955437
0.0005508694217889991
0.0005275003244171124
0.0005121021751574071
0.0005050428190358158
0.0005059748641005954
0.0005140218423150609
0.0005284762300879706
0.0005489257820462466
0.0005742627158942886
0.0006036353488580328
0.0006248144597731307
0.0006584434614090004
0.0006934369057242039
0.0007287502619237362
0.0007677636189696244
0.0008035398887567324
0.0008381086241746801
0.0008720555791025882
0.0009046484310517575
0.0009326701207431867
0.0009530772470652981
0.0009666774727396004
0.0009767921900435518
0.00098997278662427
0.0010003672218742124
0.0010119840814578332
0.0010249236343552691
0.0010419552214859051
0.0010656567268815355
0.001098590283545751
0.0011428403124049702
0.0011994422764869763
0.0012677827249660816
0.0013451084629081923
0.001426310509604823
0.0015041295267198814
0.0015498551404797998
0.0016024674068255442
0.0016284649495780185
0.0016214153499767292
0.001578078680601428
0.0014990459249293905
0.0013886853057450267
0.0012544098920295134
0.0011054509570196372
0.0009514329982672774
0.0008010661250213549
0.0006612021452747232
