Y :24.0% Calcite, Diffracto n :151
Y :15.0% Gibbsite, Diffracto n :446
Y :37.0% Dolomite, Diffracto n :294
Y :25.0% Hematite, Diffracto n :524
0.0
0.0
0.0
0.0
0.0
0.0
0.0
0.0
0.0
0.0
0.0
0.0
0.0
0.0
0.0
0.0
0.0
0.0
0.0
0.0
0.0
0.0
0.0
0.0
0.0
0.0
0.0
0.0
0.0
0.0
0.0
0.0
0.0
0.0
0.0
0.0
0.0
0.0
0.0
0.0
0.0
0.0
0.0
0.0
4.77956086273745e-34
1.515164931572003e-33
3.841647318553106e-33
8.680816834857824e-33
1.748181805483341e-32
3.137571352050277e-32
5.01857519547941e-32
7.15396019617401e-32
9.088493990448712e-32
1.0290045318078245e-31
1.0383636447162567e-31
9.339067964173171e-32
7.488464149396743e-32
5.357199682855913e-32
3.4266260256952223e-32
1.9711599037204154e-32
1.0350208939849663e-32
5.1271367794188434e-33
2.536315596768288e-33
1.3275336084477615e-33
7.384839155305853e-34
5.024084929293866e-34
2.694430335951209e-34
1.3058559926518568e-34
5.551074750651694e-35
2.04084900042478e-35
6.448475376587554e-36
1.7461764939765417e-36
4.047104804318475e-37
8.023503487556475e-38
2.0355090136765703e-35
1.7005736684172563e-33
5.533320299588724e-33
1.5422158746790485e-32
3.6818149646603826e-32
7.528839047381672e-32
1.3186745808042669e-31
1.978276825162535e-31
2.5419907754059694e-31
2.7976731372506565e-31
2.6372735305922346e-31
2.129353384066933e-31
1.4725616981331598e-31
8.722291393979386e-32
4.4250294309205025e-32
1.9227645559822258e-32
7.155744861447664e-33
3.3969728151815876e-33
9.764917837921156e-34
2.404034956434993e-34
5.06870065809999e-35
9.152134440193468e-36
1.4151499309662616e-36
1.8737842722862608e-37
2.124491456316202e-38
2.0624737423405294e-39
1.7143457984415757e-40
1.2200073014780427e-41
7.432877734515475e-43
3.876662200577174e-44
1.730775297820677e-45
6.614243792049739e-47
2.1634724506175185e-48
6.056602927267294e-50
1.4510703688873467e-51
2.9751226671213347e-53
5.21980335987469e-55
7.836328798157582e-57
1.0066011373155229e-58
1.1062828425368418e-60
1.0402014187673193e-62
8.367400333085352e-65
3.0801717790241225e-66
1.910033017611386e-68
1.0131594853606807e-70
4.5968588343249615e-73
0.0
0.0
0.0
0.0
0.0
0.0
0.0
0.0
0.0
0.0
3.577535743958023e-36
1.1420168584516965e-35
3.0895492887335336e-35
7.083563977920619e-35
1.3763934368321861e-34
2.2665611737551146e-34
3.1631979943370745e-34
3.7412728972070277e-34
3.7501313439703284e-34
3.1857203453941814e-34
2.293521941290143e-34
1.399368935984324e-34
9.182471818179762e-35
4.252187435851638e-35
1.6687807268158202e-35
5.550348213052105e-36
1.5644989105357027e-36
3.737355234410448e-37
7.566369975013213e-38
1.2982096912984579e-38
1.887714014538317e-39
2.326278103868139e-40
2.4295237302163465e-41
2.1503776495459206e-42
1.6130298680459309e-43
8.167554521173613e-36
1.2578242249647971e-35
1.8955451609981378e-35
4.92906046574935e-35
8.977250012429123e-34
2.9719115145417958e-33
8.18916794271484e-33
1.9324858657402237e-32
3.8920719182716715e-32
6.680407935719138e-32
9.766944904218921e-32
1.2160718247270801e-31
1.2894685913458e-31
1.2265270775354062e-31
9.958750559050413e-32
6.898682308341299e-32
4.088760785417794e-32
2.0885985489277857e-32
9.383511654803357e-33
3.9277357519856735e-33
1.7630272797921386e-33
1.0308010983381182e-33
8.058376516899895e-34
7.247807168631861e-34
6.717491283335519e-34
6.171594575466692e-34
5.564286919547083e-34
4.912019589004065e-34
4.243703714505074e-34
3.587771646047363e-34
2.968193213187722e-34
2.6715415762207724e-34
2.324577730004892e-34
2.047805066833485e-33
3.324478054736934e-33
4.955570954581505e-33
7.29272181838934e-33
1.0548953728580986e-32
1.4965604153684337e-32
1.8687030900389804e-32
2.562290761669412e-32
3.5218293276791186e-32
4.7893936485650716e-32
6.558181727057798e-32
9.064036198233879e-32
1.2495450800536242e-31
1.6771892501990698e-31
2.1348205064218685e-31
2.528931441833607e-31
2.7706583387272856e-31
2.8281303797710154e-31
2.7428546113829565e-31
2.5954821101641034e-31
2.453022813872947e-31
2.3401203689451312e-31
2.2460442649464364e-31
2.1480454483414987e-31
2.029072752572411e-31
1.883086292122502e-31
1.7127043035461952e-31
1.525173409608144e-31
1.329361119022176e-31
1.1339970238487276e-31
9.467027895948499e-32
8.293581304913805e-32
6.679202434459232e-32
5.264224317065108e-32
4.060422386827241e-32
3.065031807199707e-32
2.264256609881474e-32
1.6369791213440982e-32
1.1582103107733324e-32
8.019706155540961e-33
5.434457263502284e-33
3.603964804716811e-33
2.3390068426119445e-33
1.4856242356798788e-33
9.66376953005174e-34
2.0082314339226907e-33
4.996420885268592e-33
1.1996874265654435e-32
2.680293350964143e-32
5.39877508089191e-32
9.734928000196709e-32
1.5687986269293264e-31
2.25845956968973e-31
2.9041511929449503e-31
3.335639874546628e-31
3.422137779777837e-31
3.1360679349144154e-31
2.7789350273826653e-31
2.109986549079107e-31
1.4311565249308807e-31
8.67185927913227e-32
4.694219121392875e-32
2.2700998418549147e-32
6.997615728404442e-11
2.2346932578770362e-10
6.048112034622137e-10
1.3872534568846631e-09
2.6966580776432257e-09
4.442526542191975e-09
6.202521215106494e-09
7.3390621457779076e-09
7.359476988637457e-09
6.254425414041871e-09
4.504659443804622e-09
2.749606772717524e-09
1.422372325590209e-09
6.235769858734353e-10
2.3168661407138814e-10
7.295345871829764e-11
1.9468160145216448e-11
4.402891803292423e-12
8.438887475131495e-13
1.3707758937881955e-13
3.7224464201199797e-14
4.589159833768157e-15
4.794816508012013e-16
4.24565674899514e-17
3.1860445702286576e-18
2.026249375086176e-19
1.0921141158870098e-20
4.988583279756748e-22
1.9311700285466727e-23
6.335747751403203e-25
1.7616082001908925e-26
4.151020211750813e-28
2.2115397205983657e-08
7.43759335145191e-08
2.1198454296242886e-07
5.120472524587513e-07
1.0482140215666957e-06
1.8185446521128667e-06
2.6738192953135923e-06
3.3317638868838464e-06
3.5187048544724647e-06
3.149788089296324e-06
2.4074477396401194e-06
1.601201047843119e-06
1.0121800073450512e-06
8.189115093725551e-07
8.476713594346747e-07
1.1934500246879715e-06
1.703218726375707e-06
2.16271332696208e-06
2.366129491440563e-06
2.2156868981737954e-06
1.7736125052039429e-06
1.2133746265155525e-06
7.093993611165176e-07
3.544096953133333e-07
1.5127384500472234e-07
5.5150712490873436e-08
1.7167842518769803e-08
4.561142733542092e-09
1.0337508938058569e-09
1.997636439423986e-10
3.289581807276666e-11
4.613738127236133e-12
5.508368084292921e-13
5.5953981817924005e-14
4.833608860468133e-15
3.5494035500675515e-16
2.214680945105222e-17
1.1737762135657025e-18
5.2825262008174865e-20
6.10236996602247e-21
2.0899396812922795e-22
6.073871140952221e-24
1.4976561046995987e-25
3.132586842027211e-27
1.294073127783214e-07
4.2852903071381946e-07
8.097759761313959e-06
2.7810110266102967e-05
7.493248461438854e-05
0.00017308355581340117
0.0003424150604374017
0.0005798264891432374
0.0008401335170372227
0.0010414822995687978
0.0011046324756844516
0.0010025034369637823
0.0007785728414037975
0.0005174650756759256
0.0002943175818643108
0.00014323190450699598
5.962545147358006e-05
2.122354733996996e-05
6.456202395371376e-06
1.6774524759338431e-06
3.720085721120319e-07
1.247773426739667e-07
2.1220689942530263e-08
3.0748345210346136e-09
3.7935113741063827e-10
3.982504822752006e-11
3.555714995618724e-12
2.6985967782297087e-13
1.740198191218493e-14
9.531078757028593e-16
4.432239545742721e-17
1.7495151407353988e-18
5.860291121843205e-20
1.6654723641337123e-21
4.0150982320771797e-23
8.209775212990569e-25
1.4236041800020103e-26
2.093446199561872e-28
2.63618413992056e-30
6.513888467111615e-32
5.246684970567342e-32
8.960695451102185e-09
2.5023400309166612e-08
6.22412778821359e-08
1.3789173889214574e-07
2.720981360089774e-07
4.782340073535306e-07
6.531123873128565e-07
9.464886875970206e-07
1.221716684861336e-06
1.404601581440393e-06
1.4383460059281393e-06
1.311901295768345e-06
1.065777434982068e-06
7.711865588343341e-07
4.970269670760779e-07
2.8531724684254445e-07
1.4588265785418115e-07
6.643652071414426e-08
2.6948690344347807e-08
9.736346439184168e-09
3.1331554568194645e-09
8.9803950000512e-10
2.2926433809020115e-10
5.213209077368187e-11
1.0558478756093718e-11
1.9046936273443766e-12
3.060387910484421e-13
4.379811275143562e-14
5.582926206454778e-15
6.338637977830354e-16
6.409993363681352e-17
1.3046766009110159e-17
1.0878703062797944e-18
8.079396886447022e-20
5.344515404304627e-21
3.148946588658362e-22
2.010238044859673e-05
6.628800474478616e-05
0.00018524926166592825
0.00043874492302875567
0.0008806468823841804
0.0014980474840586443
0.002159650313725312
0.002638611030143046
0.0027321301885814557
0.0023975158453766487
0.0017830177305109775
0.001123786775823195
0.0006002694654708001
0.0002717331772550939
0.0001042493032568445
3.389516364065759e-05
9.339774451405298e-06
2.2376079881091793e-06
5.861700055557295e-07
2.3976452985113893e-06
6.743211039383231e-06
1.267302790461316e-05
2.892950060447256e-05
5.931754079395295e-05
0.00010916186232619188
0.00018022535707637178
0.0002668698504442944
0.0003543711796802412
0.0004219600205925316
0.00045055313413637
0.00043142616975254134
0.00037049377751572954
0.00028535872936025236
0.00019712599109378956
0.000122130433347087
6.785623555055592e-05
3.3804296376974026e-05
1.509638347766784e-05
6.04185004329938e-06
2.1662993342568486e-06
6.955962359852979e-07
1.9994636298733877e-07
5.142904979536547e-08
1.9136753727828222e-08
2.664515965625262e-08
6.845714273648898e-08
1.619775769780688e-07
2.6332439642977596e-07
4.7574034636170576e-07
7.284708125878489e-07
9.453455545412605e-07
1.039688565791787e-06
9.690586064923368e-07
7.654748020220341e-07
5.124433185369068e-07
2.9073334864035403e-07
6.708720004800039e-05
0.0002334213208376412
0.002341283766461986
0.008383523604599735
0.026158979739402295
0.06703910480001561
0.14851393188094658
0.28367501511263904
0.4664399824282134
0.6597179585192796
0.8025031739616446
0.8397856937722931
0.7563177401030102
0.5864391457501044
0.39158335718754117
0.22518418916048472
0.14332718025505428
0.06431276242915597
0.024963958100278235
0.008487420560308084
0.002619220425615591
0.0007948345932442239
0.0002641779194122046
9.898005949449469e-05
3.815857427793525e-05
1.3653232064237092e-05
4.287056167991583e-06
1.1549859925309348e-06
2.648338916611715e-07
5.15388789887258e-08
8.504439164445134e-09
1.1894988197493004e-09
1.410073008949079e-10
1.4166477868961975e-11
1.2061996931322446e-12
8.703854759390177e-14
5.322779625987321e-15
2.7586686279350305e-16
1.2116988819006167e-17
4.510492573555241e-19
1.4229424038158248e-20
3.804387555418792e-22
3.1028267621604027e-23
6.296198713936074e-25
1.0827630055624204e-26
1.5780575057588776e-28
1.949305226193531e-30
2.0600892864119848e-32
3.090795725231987e-08
1.0502299283581704e-07
9.008868786423038e-07
3.1553420681294925e-06
9.630756102819013e-06
2.4529211572143677e-05
5.421893483028621e-05
0.0001036351540325977
0.00017091500543617739
0.00024294582060747826
0.0002975907294637529
0.00031425139182774043
0.0002862532283235298
0.00022504938145001676
0.0001527445864529741
8.947895732300639e-05
4.5209112863387385e-05
1.9676974578190735e-05
4.862157608379397e-05
0.00013528315404154887
0.00026549206410219413
0.002582483899208029
0.007879722087192833
0.020208472531969883
0.0450664885357111
0.08703147583547509
0.14517442050003582
0.20889150579576884
0.25924479523016214
0.27847241868224587
0.25965844341570954
0.2131509460743363
0.16012795691419993
0.12070968927291767
0.10425981885528467
0.10692586365920773
0.11622903184152314
0.11908859002743012
0.10867584783043731
0.08657543661116714
0.05983201077648965
0.03580144462480979
0.018537500994963416
0.008313429033788042
0.003247735241841333
0.0016234675743276546
0.0005448291689945234
0.00020140599763616364
0.00010653300845407567
8.151311323518534e-05
7.242248815292422e-05
6.582756454297363e-05
5.909286483591599e-05
5.200312543143854e-05
4.479888993954765e-05
3.776811420015202e-05
3.1158552777341664e-05
2.5154588810887265e-05
1.9872101199247914e-05
1.53623159930563e-05
1.162133118595117e-05
8.602829820353545e-06
6.231793503745007e-06
4.4174439181056925e-06
3.0641872642523224e-06
2.0799161631521844e-06
1.3815373310785873e-06
8.979779809022361e-07
5.711563618883112e-07
3.5549264332450147e-07
2.1651724129281805e-07
1.5371062157649194e-07
9.038599257793173e-08
5.223135945409448e-08
3.0201905289729434e-08
2.36713074857283e-08
3.1947604819919464e-08
7.085857287626876e-08
1.6228574463277707e-07
3.377090846453364e-07
3.5218406072025695e-06
1.0638504705494913e-05
2.881134315459113e-05
6.83684528055457e-05
0.00014040097562232503
0.0002479612604839437
0.00037545907670234714
0.00048669860962699844
0.0005397138500830774
0.0005118242179230476
0.0004150086839229254
0.00028769707888476494
0.00017050490399306666
8.715304998728918e-05
3.947232039879727e-05
1.878862691634957e-05
1.4913824288463435e-05
2.1995170648721264e-05
3.577201230653749e-05
5.629049163659643e-05
0.00024051719385977842
0.0003592599249270916
0.0006075321424809539
0.0008746979247138739
0.0013334703178085727
0.0019965137041230404
0.0031045829234412595
0.0048726387269552056
0.007650208832865956
0.011732125359094063
0.017188058681810257
0.023664788089401173
0.030320006016960655
0.03600593761299443
0.03967837956356667
0.04083036272943423
0.039693069920743264
0.0370817859388736
0.03399331035332856
0.03120097901627955
0.029049619675646943
0.027491138300184362
0.02626180902175549
0.025477325619842575
0.024183382268987752
0.022639788626623917
0.020820118960274022
0.018770802864116788
0.016576428305448414
0.014333717869360503
0.012134848342909028
0.010057751567999672
0.008161192885750653
0.006483225231290608
0.005042114404210026
0.003838998396073523
0.002861582743011553
0.002088224755366542
0.0014918667858681179
0.001043431502777916
0.0007149942118152664
0.00048081591698687315
0.0003199479864911159
0.0002162607275971443
0.00015783260243081091
0.00013439082526727804
0.000133932215675695
0.0001414355354420636
0.00014336232875181333
0.0001342361180704363
0.00010989538170103756
7.739072049581308e-05
4.8343053715419754e-05
2.9701392666931996e-05
2.6586817803658197e-05
4.186807521237987e-05
9.338829017263343e-05
0.00018221195482113575
0.000334721678929859
0.001181831481443579
0.002954892422963509
0.007440048819147068
0.016796054610144016
0.03389751090664872
0.06028417994976744
0.09385733048261048
0.12762166220958876
0.15154031151025713
0.15730732982498527
0.14296159229054026
0.11388409770180186
0.0795564021975539
0.04871590815752133
0.026203741179610367
0.016196905921123474
0.00739097469610273
0.0039098796725228445
0.0036533407542964015
0.005500675849702475
0.00890364576203901
0.013414830074558614
0.018319649164572207
0.02258415390936145
0.02512508588336094
0.025234346216690334
0.022892687769088822
0.018768211203564242
0.01391246165686981
0.009334296418356248
0.005685206520481351
0.0031715187483845934
0.0016583791655784335
0.0008535971264844973
0.0004642495015401686
0.00027952239512523997
0.00018271461239758167
0.0001238534911964356
8.543607205806482e-05
6.017523833649891e-05
4.292821677679263e-05
3.3996977276177305e-05
2.296655002176413e-05
1.4290412871931993e-05
7.985951575118993e-06
3.94292476637914e-06
1.7011635910658327e-06
9.819912524017877e-07
1.4391028346187021e-06
3.790573670446804e-06
9.58986376424946e-06
2.082069365506355e-05
3.8358081287611185e-05
5.9901675975086685e-05
7.928584875614638e-05
8.894463683289254e-05
9.273688287972118e-05
8.080720559735068e-05
6.574018743720752e-05
5.5427515183719114e-05
5.460436462819442e-05
6.435526042183891e-05
8.39187909233705e-05
0.00011244194001618607
0.00015661331906199828
0.0002174030833269411
0.00027357178690338546
0.0005092579556108483
0.0009713611505743042
0.0020307533909495142
0.0042369216711080375
0.00823838157567789
0.014426779681340046
0.02229979031223193
0.030162386424647566
0.035617460651706075
0.03676331812780561
0.033257466452042826
0.026466871984196946
0.01863431478123448
0.0121861244647635
0.008252047607401385
0.007927361083275913
0.011766888448295931
0.020271018508214084
0.03294923413545156
0.04747650808399864
0.059785635998939254
0.06569361486639869
0.0631110682186114
0.053149891859766527
0.039328359166594835
0.02997093671295376
0.017963854683036354
0.009561778558725146
0.004603097739613421
0.002087110479931379
0.000951486646021635
0.0004613503270760449
0.0002361167875319381
0.00011981508536647394
5.675651861152907e-05
2.4328664123077165e-05
9.404261769167205e-06
3.3473654433418037e-06
1.1457037816480106e-06
3.9779378398972076e-07
1.4535396358814997e-07
5.627284023438232e-08
2.294587196370912e-08
9.817200930567236e-09
4.373676501105862e-09
1.9954440354823387e-09
6.636782673116049e-06
2.1936997249855656e-05
6.145759568376403e-05
0.0002664918478513272
0.0007671922675989217
0.001443552963913721
0.0035481126846008
0.007719626883635331
0.014847601711277717
0.025053740497978472
0.03691320019319115
0.04750741505672054
0.05359471888510835
0.05327922793736352
0.04694163471426615
0.03684288967996032
0.025867993646209127
0.01630782447995389
0.009269040959967863
0.004773188870673993
0.0022383955636666782
0.0009604820908884035
0.0003802040595629556
0.0001431284573484014
6.118216107256778e-05
4.325792733200409e-05
5.943921690056675e-05
0.00017740205697571392
0.0004587645388080462
0.0011073430674300767
0.0025530134327066364
0.004148872925171685
0.007773431390827858
0.012813087888944454
0.01840889766450358
0.023144608102783362
0.025506452588989485
0.024880735419118588
0.021747126566242093
0.019236498006752176
0.015875060635301
0.014624291873031364
0.014671260943531538
0.016566559922167004
0.02029785968794088
0.025989314064973054
0.03388769144059391
0.04426105942778994
0.057259666381057214
0.07284702302258415
0.09080109415506658
0.11075543788747877
0.13223064969894946
0.1546289571201522
0.17720722587631696
0.19906603939328518
0.21273653372690615
0.23109568622233043
0.24595919845068048
0.25642644964186045
0.26183601321946226
0.26183605672012605
0.2564178409147957
0.24591236739103578
0.23095342710249794
0.21241256491793611
0.19131460552153645
0.16874420839204005
0.1457550071858525
0.12329149215370643
0.10213117551872822
0.08285104973419677
0.06581857970094568
0.05120403261104314
0.03900852266426275
0.02910129332878264
0.021260030192733332
0.015209703013852587
0.010656590361196155
0.0073137613508908435
0.004920355332518765
0.0032526627938968657
0.0024513670830165024
0.0016026651969139507
0.0010684304341936162
0.0007544151228563592
0.0005818782148267246
0.0005075610775754033
0.0005213112273766277
0.0006400801761425052
0.0008780096410323832
0.001204092637142077
0.0015209235965401283
0.0016967654620921315
0.0016411443194928952
0.0013653487328912953
0.0009737091363481702
0.0005943591985034698
0.00031031893065023235
0.0001385400272355101
5.288060470055051e-05
1.7256892429472893e-05
4.81509164782054e-06
2.052983249773132e-06
1.6334079047584047e-06
2.1590686569314538e-06
3.1444441644139264e-06
4.072929302748817e-05
5.428106598630992e-05
8.206988562115942e-05
0.000141621365748044
0.00020827741394433938
0.00030096410919697235
0.0004274001019768081
0.0005960079568341392
0.000814508135825643
0.0010877420606372563
0.001415509447665835
0.0017917208432547097
0.002205731496469054
0.0026452634057326516
0.0030991389847877483
0.0035572051857865462
0.004008823733992322
0.004440005412073949
0.004839985695423418
0.005187935666713099
0.005478214054887434
0.0057094821731667935
0.005885490014631152
0.005998860977193978
0.006020466865164116
0.0059048930442094074
0.0058721083998228285
0.005710211285399234
0.005712968592710256
0.006193832553831607
0.012499694631295483
0.02362119059169345
0.046904550703289825
0.09425879993829377
0.17327286291092125
0.2936677280631604
0.4546363077487773
0.6399873946073393
0.8177671559517289
0.9485796277224795
1.0
0.9596071566789532
0.8394467507492643
0.6700138651046934
0.487972615948981
0.32404382745236754
0.1959807755213427
0.10789538292021848
0.05419014745035426
0.02504711050391012
0.010882848167393218
0.004619262362469453
0.0026374671759815953
0.0011875431029638782
0.000565477912367566
0.00028481921147503286
0.00015772727220225024
0.0001065068374132244
9.512479335813652e-05
0.00010894593674703761
0.00014002418682509634
0.00018221660400482371
0.00022576813244618702
0.00026539962321813827
0.00030368451563534543
0.00035752407100092
0.0004359012996965465
0.0005504132360645059
0.00071366789709117
0.0009365690320895728
0.0012335661521808898
0.0015879145217917948
0.0019297656740912884
0.002153330219318926
0.002172816889406753
0.0019720689183145334
0.001607788394465418
0.001176427495497455
0.0008990809875324326
0.0005499758793434923
0.00030864562569389976
0.00016953579535662085
0.00010229953681383103
7.225834971496011e-05
9.052430183027822e-05
0.00016213813471914064
0.00038309610769679845
0.000907262705354293
0.0019135860934557224
0.0068897030920614805
0.01587162611511927
0.035104303024187135
0.07177851681641324
0.1321081754501392
0.21594344599677728
0.3109286828331167
0.3939064493563835
0.4406439021100319
0.4378904271000365
0.38893911006890886
0.309949729801778
0.22157979699461866
0.14149588629639032
0.09820964912727469
0.05111935277289671
0.023293965959065056
0.009233959949807082
0.0031710069769296145
0.0009423206362703129
0.00024348799752688466
5.57242173944626e-05
1.1860853470022064e-05
7.364447814476615e-06
1.4128123917160163e-05
3.4029731593538695e-05
7.55325231570672e-05
0.0001495833226712605
0.0006004039035813022
0.0012986848152322919
0.0027034110978898154
0.005239542988043054
0.009345627559655402
0.015279472225390367
0.022762985501369955
0.030814604677438726
0.03789390003462284
0.042384877428426795
0.04322201686963849
0.04028888313984726
0.036615821804641034
0.029525334794685117
0.021861866808861964
0.014876754246657738
0.00931747328243249
0.005393563213631181
0.0029140860533844733
0.0015008343978221246
0.0007700544080459777
0.00043005064482738367
0.0002953866032298572
0.00025966524674284557
0.0002631315776094661
0.0002744810396844661
0.00028952133257870643
0.0003080017887437402
0.0003436306247205091
0.00039979045229776686
0.000465419950935688
0.0007194753663178636
0.00085100472066808
0.0009953866629274697
0.0012834185976136059
0.001600892219032365
0.0020590175502863185
0.0026995588302746727
0.0032934973384264143
0.00441812703541248
0.005962245220414175
0.00807422676310994
0.011647968138522105
0.017264720773343324
0.02694379527473684
0.044654797790018595
0.07553056504118702
0.12353744161906839
0.18735465144971794
0.25672034750253064
0.31455105269133243
0.3446451916589589
0.33967735102574576
0.3035448848440365
0.24768603192214506
0.18552870640176045
0.12840841905308348
0.08360323409639721
0.05321448774174478
0.035787358184748944
0.028228583012738877
0.027437753477899594
0.03126128878917388
0.037306694761395434
0.04172154192452833
0.047364828050578
0.051721672242280546
0.05623618998954432
0.06324460920444985
0.07437346895781911
0.08873385289563522
0.10263181311456869
0.11116605098721588
0.11080714015962712
0.10107331618813609
0.08429502067908409
0.06417702333528157
0.044408128298662086
0.027761040144700683
0.01564994792030414
0.008066958878999216
0.00412850824671792
0.0027783508270172804
0.0032448118390919164
0.005067223703870644
0.007810104036408647
0.010780477039626962
0.01310021959601002
0.014074153049066597
0.013858586651065409
0.012419358034453628
0.010103168983514871
0.007475970479696259
0.005012549233120658
0.0030355502001942094
0.0016700782659492895
0.0008854658542857179
0.000567256666012722
0.0005986840993985392
0.0012012241237709137
0.0024836095832596965
0.005156152995909698
0.01063740090941499
0.02042183160716553
0.0353253359974484
0.05383291677421083
0.07181528718768841
0.08419865993233362
0.08764203425186562
0.08207237798234952
0.06994916899293221
0.05458639947556381
0.03903304888136426
0.02560123705222065
0.015558956736765961
0.010834186569303345
0.0061984270827447445
0.0036023249736157775
0.0021576732434995575
0.001308108013320133
0.000790295724901512
0.000492101671176049
0.00038079417999924625
0.00047060996876450637
0.0008078104159640555
0.0014185098867023403
0.0022677333719088007
0.0032001092355410537
0.003980725361654315
0.0044079963539278375
0.004414051351019382
0.004048916283064831
0.003442058547956547
0.0027443299044678173
0.002110387565582419
0.0019579387219240962
0.0023888790522771947
0.003854591220203218
0.007025599159087874
0.013098615711041038
0.022683493259879554
0.03130324535608014
0.047118699484599555
0.06459712509665026
0.08057468349139778
0.09182560002057251
0.09560025657668983
0.09148910490194558
0.08091247040993729
0.06635412232214086
0.05069206261405533
0.03642283658020353
0.025172259212399337
0.017681640524137045
0.01379066542554025
0.013032588761693737
0.014931385403526147
0.01911281595248504
0.025186402248717172
0.032369036945027324
0.03941605855773365
0.045022946076237885
0.04840631655412972
0.049536006080069236
0.04888284648647996
0.04704215223252726
0.045423806891887686
0.04274813320116431
0.040060535778675806
0.03749321487726219
0.03498453131966881
0.03239177732491722
0.02961153771251832
0.02662847320314252
0.023501203151240352
0.020325989786103355
0.017218466361093584
0.014296836297690943
0.011664922505601997
0.009390772675514318
0.007715914379370903
0.006635517114865164
0.006524459178301935
0.007903532776385898
0.01111144227215338
0.016012259200257402
0.02159914767881756
0.026341508946068223
0.02890054689004838
0.028937455384190302
0.02702438999750602
0.02404872112279518
0.021863136530838077
0.018677078528811
0.01586144970745662
0.013476697523225944
0.011390437081998633
0.009428061686471813
0.0075057146415517546
0.005652388683453677
0.003961478768612138
0.002539674541520007
0.0014641679882525596
0.0007480008865444571
0.00033547354723069254
0.0001330741424943108
5.192475151055449e-05
3.324054468124058e-05
4.814588295555182e-05
8.564190996928357e-05
0.00013861802547399216
0.00019639440559554314
0.00024382238552821936
0.00028062525274282786
0.00030549989904011025
0.00034699004665984497
0.00045991403223914355
0.0006876618950260242
0.0009221879392462261
0.0014191995403193026
0.0021077454968237838
0.0029675757832926955
0.004101153684602592
0.0054680315353830165
0.007338772179650609
0.010427749081440152
0.01602496436566022
0.025009373752713355
0.03721083144961317
0.050472757052877903
0.06131103580993429
0.06678794386063759
0.0659403932665736
0.06008691987668255
0.05175822531207366
0.0437046647139668
0.038019242007560905
0.035737721070219816
0.036201390551972766
0.037453295067187926
0.037539336528743424
0.03564172111993552
0.03209418091089457
0.02763926316294355
0.024466639958090692
0.019720777398483935
0.015329502000719163
0.011618205638073878
0.00872180203069363
0.006532195673492204
0.004817915381219767
0.0033986380194324494
0.002223073642551152
0.0013193946400309176
0.0007044497667364146
0.000341600522484322
0.00015587071541151856
7.385584486121219e-05
4.318286821954729e-05
6.651225314821215e-05
0.00011986144175555463
0.00024112729489455102
0.0004739218571339449
0.0008680432665325643
0.002100853749350759
0.004174865326059331
0.008008973131623952
0.015033085170404425
0.027668019822657403
0.039728786334442795
0.06403994754976484
0.09457336041909453
0.12732918655929307
0.15616429639354726
0.1750631487892672
0.1804124545072997
0.17206765329646012
0.15284190511815787
0.1270749228061977
0.0992894305529422
0.07334887770508068
0.05197731423548231
0.03649250798291042
0.02682538727802088
0.02190176199862947
0.020225445139950105
0.020398976139932294
0.021394567745939622
0.02256943430412433
0.02359200250903695
0.02433554962433638
0.024800547662029805
0.025017724826905636
0.024976906353840776
0.024569430272183973
0.02401403770732012
0.022672109281644336
0.02074216726375235
0.018384600981540728
0.015813211811809072
0.013217826084737806
0.010748873701972889
0.008535060951040003
0.0066686711727851665
0.005178763216240318
0.004026183730811468
0.003137649890321094
0.0024628000584246876
0.0019751536097355592
0.001694389654261175
0.0017085507717705156
0.002155967206536808
0.0031211066731768626
0.004683170160257233
0.006644384263931018
0.008991902149102749
0.01216171240895163
0.017136226996478057
0.024619793666244286
0.03422737889667258
0.04388692879777144
0.04892332101127015
0.052739126804105536
0.05165940841356014
0.04673399782583643
0.03952226524731523
0.031216127998485294
0.02276817282780189
0.015174935813750024
0.00931469984941517
0.005534413699517009
0.003537452916285462
0.002669528983340655
0.0023318719320884387
0.0021460417843246252
0.0020136725920237063
0.0019731271830924824
0.002084230008354947
0.0023512852702479822
0.002692457202179868
0.00296343476341949
0.003039965376378489
0.0028900364298914674
0.002569909306984459
0.002164249748630903
0.0017330443230705954
0.0014654631472563102
0.0011555427577777458
0.0010301709404311643
0.0011152265376527034
0.001353194059252616
0.0016116038540951274
0.001770539911371171
0.0017984959877146974
0.0017526353669329664
0.0017089176308189387
0.001982944710419966
0.002750653944429233
0.004499628545754784
0.00816482827074943
0.014570316538866588
0.02389651031223953
0.034922394739443974
0.04550536653766778
0.05348254556902925
0.05768968220326054
0.058049225954406494
0.05498150322251523
0.04903044740512939
0.04100182354040206
0.032083569092313
0.023539009054871392
0.01851666537378869
0.012322080095590283
0.007776492806598993
0.004710572814461871
0.0028467943440422085
0.0018556150540467876
0.0014025887036405204
0.0012118968426573296
0.001132187085003106
0.0010923455980300938
0.0011254603920472863
0.0013255324502739884
0.001821974032127707
0.00266415888190166
0.003747891762933457
0.004783201734316104
0.005440452838721071
0.0055518454504059015
0.005202389065202068
0.004568232633589942
0.003824747140101499
0.003081112989960153
0.0024346097462619436
0.001990138146038216
0.002507350154842608
0.0036898206601409795
0.005244225948477597
0.009309976732250312
0.016592339530871122
0.027538185140462426
0.042145242745944805
0.05886168017051349
0.07487175067789986
0.0869224746621933
0.0927386099335667
0.09172823687488435
0.08486515390810323
0.07394338513878856
0.060883081728322755
0.04741483202270057
0.035015169758682185
0.024798369923003244
0.017337231547386003
0.012785761533458884
0.010344496367553878
0.009472303277284636
0.009569406836957877
0.01033217790019756
0.011487598794516309
0.013001118348961477
0.015135177516030355
0.017110443694178735
0.021239348321236085
0.026799175441579004
0.033174266158404166
0.03904535836708481
0.04307291474559847
0.04471678567917364
0.044418957962581294
0.04300869257725881
0.04103677947119331
0.03868862596646211
0.036121566756045206
0.03364288589826586
0.03154478203754891
0.029891443153187123
0.028507030174381387
0.027148135132488083
0.02565558570910767
0.0239827296398442
0.022167077019067692
0.020248205728748244
0.018234088492879046
0.016119440692100338
0.014066263459034578
0.01199276782047975
0.010070053332977653
0.008928847564683099
0.007470678228624004
0.006438949150882632
0.005715599740970346
0.005380756048379829
0.0054410535016844825
0.005888082189228509
0.00670497787296202
0.00787022348314926
0.009355455158577499
0.011121790517931192
0.013118019109278161
0.015279393642453076
0.017526130640040268
0.01976359443368118
0.021886246630982775
0.023785081797143007
0.025356558531089323
0.02651231050637625
0.027185321658143604
0.027337882248599323
0.02696384189830264
0.02608803667949498
0.024761486034473954
0.02305436296064575
0.021049907851282
0.01959402253681824
0.01730404330448987
0.01497624208566908
0.012704814692386626
0.01056757156465659
0.008620764784429934
0.006898453548628348
0.00541669536070153
0.004177465953354738
0.0031724614992427406
0.002384440473716368
0.0017872682570554343
0.0013503861748762887
0.0010392841244407887
0.0008277749798325943
0.0006996618792602255
0.0006454855120247197
0.0006526822751985477
0.0006969222062169045
0.000740828470562146
0.0007435179779168718
0.0006792113322000407
0.0005520097033613609
0.0003945479136077945
0.0002480866446748113
0.00014035919888208254
9.349324662608894e-05
5.369120807204708e-05
3.6709736702550516e-05
2.9085558143574246e-05
3.218936308342072e-05
4.791539496376436e-05
0.00010249921735557319
0.0002379309316638767
0.0005044582407256826
0.0009282795978911952
0.0014652214088860822
0.0025655436084300485
0.004193787538360507
0.0075662528544595134
0.014539344687789793
0.02725172315610688
0.04630174411870764
0.06913296903522886
0.09020578276499193
0.10353975422930785
0.10634827832642035
0.10028536316111755
0.08929210142965402
0.0762773826519158
0.06245514195029268
0.05324183409252319
0.040807568768133407
0.03226419696765448
0.028955594120005673
0.029922833674331472
0.03231284765644228
0.03335601192522942
0.0319978609362556
0.02887394972821377
0.025018073430513574
0.02086665108194066
0.016398528224784655
0.011797432152781909
0.007656673946624797
0.0045601517256572055
0.0026756386226017242
0.0017466874383622823
0.0013715313341764526
0.0013360161957810392
0.0014785980004985357
0.0018723914555680366
0.00270708905920388
0.004250117453375238
0.0068407750311062394
0.010456918792729874
0.014808575626657522
0.017769136429500017
0.021624285137920328
0.02407426386406048
0.02473037566414366
0.02371190815859446
0.021457482154496003
0.01844724393241719
0.015054513019222409
0.011570735733496663
0.008278596503674627
0.005450303506547577
0.003272294667067113
0.0017827040471883608
0.000881813019684124
0.0004003049469998554
0.00017245195286413287
7.643638757941864e-05
4.008645674276546e-05
2.776959143880841e-05
3.034690935409897e-05
4.3533040535966116e-05
7.705246272613739e-05
0.00014397968388094086
0.00025429101209214187
0.00041077506745222723
0.0005789180146269621
0.0008444725312329772
0.0013528197019042575
0.0024512639001868165
0.004745755172608864
0.00884368031502045
0.014771710450163778
0.022323578513402362
0.029344460782809334
0.03518759407960331
0.04051194315383014
0.04758773097274403
0.05808365630349449
0.07192864472136816
0.08658262495372925
0.0984044889614812
0.10452687850568115
0.1040350415292016
0.09786852541785772
0.08786645360459805
0.07573717301229477
0.06262256834692549
0.049365344774656046
0.03682737341904164
0.025938992774515376
0.017401209770263302
0.013146640712777187
0.008767450826155668
0.007057336301898002
0.007077754867930335
0.00920876628243667
0.014164169341827565
0.023116159829467853
0.036767913327899616
0.054555853202169505
0.07419731469461487
0.09204761122498517
0.10449833701517877
0.1095600306931157
0.10740123790259787
0.09967343101211429
0.08829626493210913
0.0747244995484714
0.060036601339119075
0.045347969683875076
0.03191371031554155
0.02081053493586724
0.012559011617843178
0.007033665012570202
0.0036780469173484536
0.0018140923266950601
0.0008586435544290477
0.0005168887566316491
0.00024489411144166916
0.00012197747134982808
6.628686608956856e-05
4.308479824977761e-05
3.844143512722679e-05
4.443390122358875e-05
6.01088665982509e-05
8.42772586003522e-05
0.00013557636988599045
0.00025633096984900556
0.0005035727757361639
0.0009188468508645835
0.0014658618306795698
0.0020186297166501803
0.002408671274060217
0.0025305065148436656
0.0024196026116650705
0.0022090018230794756
0.002014347898435988
0.0018584625622401752
0.00170196722098256
0.001560833626164143
0.001497816407349879
0.0017763744397288688
0.0028515816365697003
0.004286077046967087
0.007811256578357109
0.012947516299003009
0.018622102137083693
0.023237836376712517
0.02546051779108398
0.02516346304664109
0.0233746307589408
0.021221493963916475
0.01903457171747135
0.016440713408840665
0.013177246558431216
0.009597811030370704
0.006396630802257465
0.004079044164049799
0.002714820443336336
0.002101950156357206
0.002002109224357038
0.0022125349120704642
0.002519115028483939
0.0036013989462967853
0.005387124984981458
0.009623733001785005
0.018541497122483437
0.034116262855463424
0.05595350570183554
0.07210328183026071
0.09386656863221653
0.10694093958313833
0.1085904261867668
0.10137728502412217
0.09047650996131229
0.07940948712587273
0.06838802304080271
0.056223630628345816
0.042897166317048645
0.030057434969295835
0.019609375830411953
0.012377882561265634
0.007998147674620398
0.005577413294322638
0.004262173769203768
0.003438887206118454
0.0027488594910072927
0.0020751455446336095
0.0014571204559968277
0.0010052421232637756
0.0007929190178245289
0.0008244743686198267
0.0010463008173966276
0.0013482891827426278
0.0015343326727620715
0.0017211668650502193
0.001781600206312629
0.0017847914929923446
0.0018193066602492306
0.0019581023830300276
0.002143799946420606
0.002353966151004635
0.002581129674676303
0.002823931393846214
0.0030649441951008816
0.0032141292465306336
0.003233761170844498
0.003152094819572946
0.003049876519755224
0.0029888438137379188
0.0029684849551434174
0.0029578771607785184
0.0029418838935220777
0.0029468880250439334
0.0030141246105655595
0.0031711989799282692
0.0034042251426848157
0.003681561398963233
0.003971821109181185
0.004252747703425933
0.004430250024971527
0.0046627942761729565
0.004815699458415827
0.004835825986051516
0.004693939333566253
0.004412180822974218
0.0040932884862821765
0.0037362132467674536
0.0033796008648112274
0.003026270577019963
0.002683271026797998
0.002398806839017104
0.002193741867584172
0.0020953220544658604
0.002117574805136088
0.0022572558412329922
0.0025138521083229817
0.0028856539937686903
0.003378385388062986
0.003994482452150147
0.004726880896415624
0.005551471228145925
0.00641669335635079
0.007255745196406289
0.00800577563115838
0.008628912610676883
0.008967463506900869
0.009358522586730138
0.00960280684006908
0.009684513866625215
0.009592223955329974
0.009330324642908894
0.00892716833248569
0.00842929374047493
0.007896741844213344
0.007410538944570201
0.007057248188479308
0.006904312237680178
0.006960862764930434
0.0071529538531780595
0.007315281485966755
0.007302227589731783
0.00715168665449545
0.007139151499905807
0.007623167859037195
0.00871930778056484
0.01008521208268203
0.011070824152961338
0.011158455576208762
0.010334911781737744
0.009054304016315266
0.008212818745390172
0.007165563438475111
0.006300485921739419
0.005397591974427072
0.004349345069728079
0.003278939253514652
0.002420211858200847
0.0019236022588783872
0.0018293208296417398
0.00208690133300534
0.0026219004520706894
0.0033496452752412335
0.004131990105782247
0.00476015021924322
0.005029797495840124
0.0048625377304372195
0.00438685590349682
0.0038379840033371643
0.00337676593310357
0.0029976872852612844
0.0025971536093540902
0.002109663420657909
0.0017370657224200867
0.0015838757300466956
0.0020459850422210888
0.0035252676754831415
0.005225849822833041
0.008832557094502496
0.013122482205888242
0.016911455398565648
0.019014797102497087
0.018986442853264774
0.017411318550860436
0.015370682455783215
0.013575540990170276
0.011986447311330488
0.010179970757870504
0.007976129000367765
0.005667070583502902
0.0037549262469629375
0.002559036100150432
0.002046322685803983
0.0019359824700238381
0.0019191967738198543
0.001821703756499454
0.001634758565126273
0.0014321632298335103
0.0012635579017011614
0.001113013226415292
0.0009359164015883149
0.000717328497521702
0.00048760568124769455
0.00035180486623917815
0.00019900448398466365
0.00011222720100318942
7.830080567561266e-05
7.662549293456695e-05
9.270054601393085e-05
0.00011767572699658157
0.00014522965154099612
0.00017302661305691722
0.0001957467170046163
0.00022334298228925034
0.000297194652867291
0.00041428746686687535
0.0005888226931765117
0.0007937259014872635
0.0009749599876165824
0.0010966142858413951
0.0011773541172902333
0.0012504216273604891
0.0013922451726241464
0.0016385385418199161
0.001976912714468278
0.0023538688638012747
0.002702846124154138
0.0029919932726526852
0.003209038361797467
0.003338725065835632
0.0035525665665427242
0.003811527459918839
0.004096713502690838
0.004369640109256769
0.004585845565987542
0.004746329818097842
0.0048648394480134225
0.004954329084220883
0.005015415111692237
0.005045860148770284
0.005066566334709657
0.0050789562077688455
0.005115257990638017
0.005191150430688153
0.0052903854940589985
0.005422709907340641
0.005522566993063626
0.00567181811979295
0.006078694413645126
0.0070566629895221986
0.008901389699469875
0.011765110537356842
0.015345753475596628
0.019033588260810877
0.021135729441360506
0.023210977220124128
0.023710820668128126
0.022850902033436954
0.02122665102212185
0.01939273493698373
0.017553628887194306
0.015592592266053121
0.013353813690507461
0.010888483564703413
0.008463280747717662
0.006380878663912661
0.004803037780977064
0.0037092059733039814
0.002974107727170332
0.0024797127327678583
0.00212691283186201
0.0018846727347473142
0.0017518023313097036
0.0017405909282224164
0.0018467915241240538
0.0020187138637917336
0.002161226869037632
0.002389168378710319
0.0026579846078926663
0.0033133022613885945
0.004213797372853499
0.006683280918787257
0.010892983630968281
0.017011291916729752
0.024326425208502776
0.0315730449330284
0.03716408262798437
0.039929418328604666
0.03972793668147729
0.03742327977790596
0.0342520918380265
0.03104137839641983
0.027862691907985015
0.024318188744337436
0.020107361333809894
0.015442653054427987
0.010947267958375907
0.007256330526308613
0.004664050732654343
0.0030650798372983323
0.0021246190292374023
0.0015413378009899435
0.0011631691940244809
0.0009487486653180204
0.0009220394347947537
0.0011011567660981244
0.0013309446681605453
0.0018027041902650665
0.0023373026125926262
0.002799509755803067
0.0030663512352427516
0.003542661094208291
0.0043515019588699555
0.006540687954140049
0.011409520440779105
0.020073698383445783
0.032482924772888076
0.04638410157933091
0.05773605746366228
0.0628522292638906
0.060867601688396174
0.05440173449910736
0.04747136282676144
0.04246334984429388
0.03887173157267045
0.03463515650695506
0.028430528001624752
0.020762474065458256
0.013388005894224494
0.007767684127236089
0.004605011592923591
0.0038472246277608856
0.0044511335364137644
0.006621163531508504
0.009542549804093838
0.012063412801518463
0.01321362782411785
0.012716240532275254
0.011181156821552577
0.009599757557049417
0.00857186241413422
0.00796081166477415
0.007220308402033739
0.005985168245640461
0.004360492961474124
0.0027737870191513283
0.001559729664958304
0.0008413984024778604
0.0005648489710171931
0.0006308628908646072
0.0009830463782578693
0.001613076044854069
0.0024487801676560794
0.003352773603632549
0.004123785639685776
0.004789811698197236
0.005493958909410063
0.006300837704242412
0.008922186698201323
0.014579484809968369
0.0244579674329618
0.03831433517930728
0.05346799555191372
0.06537054704356682
0.0701375237255577
0.06718255782376716
0.059724566871503154
0.0522984595720358
0.04740801582483797
0.044250997076920415
0.040318564882676815
0.03399871126306929
0.02580572675581227
0.01760098035341866
0.011049637147709977
0.006734844169840614
0.004301249012243839
0.0030515619202149645
0.0023967383062321805
0.001989884327864631
0.0016753236835516474
0.0014163625390393236
0.001189107501248962
0.0010600149946913431
0.0009000718048035574
0.0007731995257728222
0.0006710470541174512
0.0005974336202800028
0.0005534552750295754
0.0005474437373332278
0.0005851705726801407
0.0006650617468786298
0.0007848481138886926
0.0009368949531334206
0.0011190613502887912
0.0013321501689356377
0.001581219219608022
0.0018694827618204307
0.0021972013445623302
0.002552883465427045
0.002908700884074159
0.0033235216179160155
0.003743929427565614
0.004287036295215222
0.0051665772392536806
0.006739274072688353
0.009256783126163872
0.0128915133986741
0.01583329488578891
0.02058305203473202
0.02498505943800351
0.02811581103257709
0.029276756006884563
0.02837217571401355
0.025966151951945446
0.02299419198177093
0.020224715912415557
0.01787096096538789
0.015639445323655524
0.013141848537521284
0.01029402792594051
0.007389481573909028
0.004910070248274456
0.0031390851078132915
0.0022053152649822738
0.0020958863854102085
0.002740280413294208
0.0039551400141846224
0.0053740515256751635
0.006458966531682007
0.006823743717779724
0.006458971214612623
0.005720229790870112
0.005042650592595662
0.004738138525430445
0.0045085278977029224
0.0043188990570204484
0.004076641723127102
0.003910584153372521
0.004100593932630791
0.004864774232208048
0.006200666352885301
0.007770834752801681
0.009122987086756056
0.009862106769323652
0.00985083086569529
0.009251698220138022
0.008390711861033703
0.007548664926162141
0.006817267067761922
0.006113267219449638
0.0053091141827029285
0.004358877522973146
0.0033399277859126482
0.0023949165369632815
0.0016440586684090455
0.001226386200557961
0.0010758219767405995
0.0012472671239812984
0.0018085718161301952
0.002461135301236621
0.0039033852208448802
0.005898531366771134
0.00821872152157338
0.010451173867134227
0.012135979653482933
0.012954454845116212
0.012866783999906104
0.01211251437787952
0.011065972122185323
0.010029209911338351
0.009092411835051564
0.008147963483600208
0.007036825064796545
0.00570837160999062
0.004276033649452068
0.0029439812230262954
0.0018811933403421399
0.001142571821467224
0.0006786064250033461
0.0003987777764000071
0.00022753544516238746
0.00012319078701630715
6.342452321851157e-05
3.710694811699601e-05
3.685654918769268e-05
4.8603803802567585e-05
8.238052977174566e-05
0.0001340111498679216
0.00019827426882364717
0.0002639929962717383
0.0003149081701128492
0.00040781982606565237
0.0005259415805360621
0.0007730047679544701
0.0013283444921707685
0.0023559740229187357
0.003997686892251227
0.006277922671055613
0.00895661643347273
0.011543836300057154
0.013448645130335316
0.01421597545344991
0.01381604366156532
0.012689744356459786
0.011471929379004849
0.010583201828946854
0.009995503671207408
0.009354868826998868
0.008330783919846775
0.006885890936331729
0.005809613703870779
0.004284892596507493
0.003091905027032368
0.00230007281659655
0.0018239389972553677
0.001545587305574255
0.00139187094800857
0.0013410111303550588
0.0013853307997086744
0.0014932608444741642
0.0016033216826230954
0.0016420923296744403
0.001573935626357457
0.0014204407376187899
0.00124293789226307
0.0011003613394960348
0.0010101907849177142
0.0009577433423457762
0.0009258570893010489
0.0009127184256078861
0.0009337124011033814
0.0009996324745573995
0.001071672872614896
0.0011167428366811675
0.0011218215026504643
0.00110728016284635
0.001102770217986103
0.0011146192908140673
0.00121879177570374
0.0013759385603400094
0.001706682867260251
0.002438313110492548
0.003889718121113367
0.0063516911597173
0.009881052910957425
0.014182003751176496
0.01839619145598271
0.021567125165067452
0.02297031065226217
0.02252302654979835
0.020820746017491204
0.018763517151116408
0.017025667902014163
0.01573196756127663
0.01456412801853896
0.013096845446943298
0.011193784897166199
0.009074957777526446
0.007136406958654213
0.005672567062659897
0.004713163467630932
0.004071253619636763
0.00370745344859717
0.00317059800403333
0.0026635851355904525
0.002272840721744364
0.0020402396980895125
0.0019147499230586693
0.001823249140710547
0.0017113317824200757
0.0016796951066399396
0.0019249881427299289
0.0026210567046546355
0.003763288011193469
0.0050792235500642414
0.006101727269809001
0.006427937031675061
0.0059940951586255654
0.005123944448650963
0.004303223226538438
0.0038469193719915264
0.003723537968353089
0.003650199048946711
0.0033644252604802384
0.0027962442986508877
0.0021245099962304836
0.0016288108830793888
0.0015078473873982427
0.0016926547282389134
0.0022086270690663077
0.0027906786184639897
0.003124375078502837
0.0030457468291886476
0.0026313960944730668
0.002135882448761985
0.0018053809487979856
0.0017135856247278384
0.00175038583434257
0.001738865762720934
0.0015768528765292794
0.0012900909612326742
0.0009778416158629224
0.000721386453878223
0.000540748252943683
0.0004147032404383232
0.0003210855812330593
0.00025503684717883657
0.00021910526648085874
0.0002096320701839982
0.00021173515634272344
0.0002086567681634228
0.00019195359850522875
0.0001643882450815856
0.00014415046748991956
0.00011667676175208812
9.56276277393171e-05
8.076617943960162e-05
8.056170870824226e-05
8.432841196709975e-05
9.91311744706267e-05
0.0001357347675145701
0.0002094689638797041
0.0003368532370797274
0.0005258215633914682
0.0007505721033324297
0.0009633505608052113
0.0011087454372247993
0.0011663684763295013
0.0011762179963276274
0.0012172750136687505
0.0013593557445858388
0.001619779822662606
0.0019542824045123398
0.0022838743535168494
0.002530614311991452
0.002721786633820369
0.0028515851055422744
0.00305533843216749
0.0035177548482994685
0.004067208222041581
0.005356738337704704
0.007192618428616699
0.009354497631063604
0.011368013345834866
0.01269793899978386
0.013003528784461461
0.012314849689599955
0.011026728552080492
0.009673668932697655
0.00863249618659324
0.00795708425459239
0.007424251331950902
0.006750256250412923
0.0057935594267988595
0.0046246296331164125
0.003447339982229522
0.0024559313896834046
0.0017386004942580077
0.0012713517756052439
0.0009750939488019264
0.000829330486620998
0.0008244524871037724
0.0011019243762613899
0.0019357769857746626
0.0036688938828400666
0.005451861270653903
0.00899269492923697
0.01297706866714999
0.01633500744193329
0.017925283527857726
0.017404750285257706
0.015403757240534284
0.013106209079648835
0.011511321718057079
0.010868945334308242
0.010710679082305623
0.010318108911569509
0.00925182171833502
0.007567487336830448
0.005647961858662423
0.003888636460464242
0.0025002230179020225
0.0015174676743464925
0.000885881128087463
0.0005283763228627485
0.00036482760375010814
0.0003145440785152132
0.00030475599549540576
0.00028650617029445737
0.0002425444457890485
0.00020510421361827165
0.00015510861253498974
0.00013642451591970803
0.00016513525955719717
0.00024051722551346238
0.0003436896916267072
0.0004412131581882014
0.0004982247011802956
0.0004957887019973783
0.00044246594776721075
0.00036951437725686685
0.00031133003836664495
0.0002850850304277868
0.00028346425629709204
0.00028389972670245635
0.00026616308956863434
0.00022446868188014357
0.0001685348278538375
0.00011454534767539045
7.504757982678759e-05
5.380009281442216e-05
4.699167001466637e-05
4.733217148226393e-05
4.912884252500322e-05
5.078363480049082e-05
5.3789391258827416e-05
6.042719143966893e-05
8.433701494424104e-05
0.00013189595441213037
0.0002036263927402771
0.0002886573100051128
0.0003641998728031918
0.00041011904575984683
0.00042224061521785257
0.0004484896634421177
0.000524240490372478
0.0007177956669512045
0.0011032796726891897
0.001751579911084035
0.002713210070236665
0.003971732838117195
0.005389048342087153
0.006726767735040747
0.007650351388451474
0.007951549967756011
0.007715313589110925
0.0072235129888907415
0.006995691593267048
0.007524022440522452
0.00904187210132741
0.011346113886522081
0.01375999914144407
0.01498460084359107
0.01563525512985826
0.014627459895355546
0.012399132891237443
0.009912841518729655
0.00809012772985163
0.007303466971632623
0.007269545720675894
0.007341110764326358
0.006962390587346198
0.005974830295592045
0.004612865551233149
0.0032605557926136727
0.002191054795895299
0.0014714980884395629
0.0010270637662163887
0.0007536955832296872
0.0005871136372582474
0.0004847705853188392
0.0004289108089072463
0.0003995403992831858
0.0003768388465297892
0.00034852119320517773
0.00031414105299666667
0.00028447947047063535
0.0002714767675612576
0.0002672862715776201
0.0002843857994242266
0.00032520593892502146
0.0003853864924503173
0.0004708750983953146
0.0005923766307837392
0.0007592144346677179
0.0009662800015875413
0.0011916619033486952
0.0014062350293590922
0.0015912781110308605
0.0017528755121781656
0.0019031794831401631
0.002032472291702213
0.0021055225475682246
0.0020808141433613756
0.001988203136487624
0.0018632574497877946
0.0018205812308446545
0.0019928654070903327
0.0024962969041214334
0.0034033215523932084
0.004690129773909164
0.006189193133801606
0.00761775470130887
0.008325567261361445
0.00880485988355913
0.008502712762288443
0.007602928792142257
0.006503798513845097
0.005604659265920065
0.005100526355493619
0.004913408343487718
0.004787377003271496
0.0044683611818933135
0.0038488227541210646
0.0030005804890242322
0.002100650790514404
0.0013204216264881682
0.0007516225743381548
0.00039835017854892863
0.00021102641825638063
0.00013049191629914726
0.0001150975240777364
0.00014395839528281266
0.0002149119418132426
0.0003305866843917725
0.0004946630395641107
0.0006954433675435906
0.0009225955450098982
0.0011655240731486913
0.0013312841330897058
0.0015710829402208635
0.0017723676193359633
0.0018892780964145381
0.0018818687676731953
0.0017435876802401927
0.0015363432033427434
0.0013671159631005122
0.001367401637644302
0.0016575047645487502
0.0023130453350889814
0.0033101824961970596
0.0044665898907110604
0.005450733984669925
0.005910593118953862
0.005673933809142015
0.004882085562631417
0.0039288125425707065
0.003229576015975495
0.0029878342605256457
0.00311007599593288
0.003302926290827745
0.0032765378382365877
0.00291228912125
0.0022969136122427593
0.0018440502905756784
0.0012376177300296956
0.0008021308991443988
0.000535308404620312
0.0003795034757131891
0.0002877064466408304
0.00023370290782879228
0.00022913105931873762
0.00030075613325045364
0.00047383899469399354
0.000750588073371202
0.0010826156009909672
0.001380932682387148
0.0015544223292266214
0.0015731112587125237
0.0014925123289325926
0.0014109389004743143
0.001395697245270731
0.0014419083055316154
0.0014843313161851987
0.0014596180176435704
0.0013454101912350979
0.0012231502518948007
0.0011670531791896947
0.0013092414922315878
0.0017577196439157302
0.0022598526116164195
0.0033238919208994767
0.004700748097881743
0.006216792376976197
0.007617672490210078
0.008602323662026266
0.008968499268163415
0.008721380953351699
0.008067200179803918
0.007308035317902449
0.006692228753656187
0.006308072290834332
0.006082041353667205
0.005856962672843358
0.0054711995636859065
0.004867809735612075
0.004111139916310287
0.0033550266585405794
0.0027595795971589432
0.002415054730400208
0.0023093637870243468
0.0023430390237737845
0.002376185405042985
0.0023150370990300253
0.0021551344397057527
0.0019738950727849467
0.0018893552348411438
0.0018538076968082338
0.0019028826022497425
0.001954462190514502
0.0019309047780313798
0.001795557238676859
0.0015818007509575795
0.0013513104747470402
0.0011556036121349957
0.0010124814404801675
0.0009071252993591819
0.0008335935958867055
0.000787325713112969
0.0008133392553244611
0.000988503827593548
0.001379700383507222
0.0019853700418020442
0.002698411898523505
0.003312451274539759
0.0036360030136695677
0.003614565475145952
0.0033775440183365668
0.003152685881022629
0.00310874039144858
0.0032519734226455223
0.003447705846195037
0.003517834413506194
0.0034454142157620046
0.003157134855838873
0.0027498633301219896
0.002360835781302647
0.0020871848005791028
0.0019436009931929578
0.001878006641372111
0.001818886545097475
0.0017134631570366093
0.0015427519567672132
0.001317981097587395
0.0010711785864933794
0.0008730115548612582
0.000771124004447549
0.0008507651200287429
0.00121027111938443
0.0019392012378774259
0.0030441535324183346
0.004353653076764134
0.005498981393061018
0.0060656599225824715
0.005821819984193349
0.004902858627531489
0.0037493786453772944
0.0030982166416453944
0.002546851603286064
0.00254945192831451
0.0028970649337539734
0.003239158927471191
0.003285749469150237
0.0029463301485297987
0.0023420258455384216
0.00168775469598414
0.0011540734390663627
0.0007992978279720561
0.0005946124979980051
0.00048169594456909875
0.0004167531977637663
0.00037591964609549926
0.00034698265626619917
0.0003220694537228035
0.00031493289766982056
0.0003201636118369666
0.0003677320588120788
0.0005048526687802741
0.0007918487804385515
0.0012769653159281804
0.0019554324938322004
0.0027507736373463773
0.003484229005143558
0.0038461968561097114
0.004093644201467169
0.0039659692139718105
0.0035674842056196074
0.003090769431011929
0.002729000991282094
0.002593991617761416
0.0026698992880589485
0.002855387848043708
0.0030109829936629745
0.0030448955432465156
0.0029497373471917233
0.002798754260170282
0.0026980329510247233
0.002723221168289543
0.0028795807954702583
0.003103930746890102
0.0032963508867657914
0.0033747429199555237
0.0033137930531654414
0.0031516130609579537
0.002962354327566459
0.002811098168280532
0.002721577422249252
0.0026706618647458122
0.002611564865529386
0.002546333690587761
0.0023944523935512285
0.002184721987999929
0.001942311531173995
0.0016953674785218263
0.0014621975574750903
0.0012565312633423557
0.0010836998468380466
0.0009548482692842681
0.0008868229164967167
0.0009010185499952953
0.0010121221694270235
0.001213291305462933
0.0014608565949566703
0.0016689409263227085
0.0017727732954645288
0.0017563008517419239
0.001684137281878816
0.001648285239652299
0.0017123269409213737
0.0018783105926632171
0.00209629045880692
0.002288728967882248
0.00238793733828278
0.002363503482949326
0.002330978326461755
0.0022623527201890577
0.0023399925752688767
0.002756620536500082
0.003672615990964269
0.005093356428068561
0.0067504426530922215
0.008117480904145456
0.008651732231877606
0.008106965262674508
0.006726316447352119
0.00510998399178288
0.0038720430485660734
0.003346176810766561
0.0034821727936522676
0.003931038326290743
0.00424625390695519
0.004111806571367821
0.003486299701902886
0.0025759453505843836
0.0016712505587685746
0.0009816876134337484
0.0005706168514125436
0.00039462900421530255
0.0003681460749135494
0.00041134766240519006
0.00044783034746545693
0.0004856949598854012
0.000492166139916043
0.0004760887403974644
0.00045639285146970954
0.00044513905930688356
0.000573978388834886
0.0008462022140632018
0.0014901693942709854
0.0028128732102670508
0.00509066205792905
0.008316389838579349
0.011967919459146735
0.015050886468232648
0.016564717877353828
0.01606620228909203
0.013916295463963047
0.011131797265668581
0.008797637549210762
0.007597471743084511
0.0075945132947539285
0.008293604785090213
0.00893473869749984
0.008896087955543764
0.007978563165623231
0.006438988426083767
0.005302202630680075
0.0037605647141143775
0.0026398192786085965
0.0019770642873845564
0.0016429761364337389
0.0014585510687585084
0.0012962671788284428
0.0011189939418867277
0.0009666189992171997
0.0008901764383445043
0.0009052039275884182
0.0009766285573424023
0.0010528271738629213
0.0010935885467826055
0.0010899953709945754
0.001059848233735955
0.0010257877278214604
0.0009911102908276995
0.0009392346464393173
0.0008528636462578106
0.000733538862473189
0.0006082584726059249
0.0005101853188262393
0.00045767161545017486
0.00044463848203205985
0.0004460033799522834
0.00044054528934593093
0.0004088327680608452
0.00034816877603957065
0.0002735314813781069
0.0002055942705179646
0.00015719302660778108
0.0001282126268082636
0.00011050342422878293
9.57487594629103e-05
8.267168679404704e-05
7.462044619493338e-05
7.760856301497249e-05
9.54581891603451e-05
0.0001278022520239349
0.00017036105149920004
0.00021544453419862587
0.00025545151592746613
0.00028615639390479396
0.00030672754661243003
0.0003228366341472304
0.00034502836694610414
0.0003850843841440627
0.00044840725843423485
0.0005262554127966008
0.0005931584460923999
0.0006163302033775555
0.0006051515455199132
0.0005440384506765506
0.00046277614785365036
0.00039969859631598816
0.0003792155522758621
0.00040016931288771294
0.0004386722112719121
0.00046183501380080236
0.00044471280454840576
0.00038309810923187117
0.00029456929888459855
0.00022141354887098764
0.00018414185326868823
0.00021047463417473046
0.0003189504345820913
0.0005230914612230292
0.000826380260038482
0.0012078889982810059
0.001609304572327756
0.0019392015702798704
0.0021112347183977658
0.002068352594948018
0.0018369707379505965
0.0015079079064909645
0.0011985280282548003
0.0010510264151037457
0.0009506028957381314
0.0009788416633610714
0.0010715113860037986
0.0011463771298753434
0.0011406732044162615
0.0010346416021573227
0.0008518452477066919
0.0006390329190722936
0.00044133735034768243
0.00028617596843007035
0.00018036646254605745
0.00011724247618198325
8.464052992513275e-05
7.105274250881979e-05
6.789965558164083e-05
7.300378874214715e-05
8.9468898245582e-05
0.00012521368031594794
0.00019159331227164983
0.0002988961200636026
0.0004479601633578917
0.0006219465710396698
0.0007846464319373439
0.0008892940353122096
0.0009010509855057697
0.0008552335855565328
0.0007280950721124941
0.0005767209708017041
0.00044941409658634795
0.0004044872729650889
0.00045765030242622624
0.0007005782822855028
0.0012700856016934284
0.0023630574928893014
0.0041075080853260485
0.006370122227233571
0.008633459353976176
0.010132272051354333
0.010270839865009576
0.009001193466145349
0.006893484378667369
0.004804382583355497
0.003435354652386724
0.003079018781905766
0.0035959150040020494
0.00454662578431823
0.00534419719098885
0.005569154387460157
0.005144908509714893
0.004383594502680759
0.003928545566546213
0.003622189290249465
0.003885877611554179
0.004567311222153044
0.005304028709754488
0.005752411193308622
0.005720328050499285
0.005261288727284194
0.004609500216614222
0.004026951922859882
0.0036730093692376627
0.003558884593510541
0.003593376455321935
0.0036461715968965436
0.0036048468725811736
0.0034075798250163825
0.0030584737420692116
0.002616846091092777
0.0021574401998901024
0.0017284448297798655
0.001341564371310217
0.0009947649878777336
0.0006965730161277512
0.0004664390367588893
0.0003169342868920501
0.00023986208949388661
0.00021597907072095404
0.00019924325199123437
0.00018410686314844447
0.00016266922016074068
0.00014247538724835158
0.00013942715263215186
0.0001593547552577308
0.0002010809541815763
0.00025421571559244984
0.0003079146395028093
0.0003572680785581593
0.0004021630114186315
0.0004412326548650812
0.0004692634220631247
0.00047909869519907177
0.0004682172492730781
0.00044098376852975805
0.0004041746433943643
0.00036192413098424636
0.00039646836088276906
0.0004993424209130961
0.0008045212648313114
0.0014966461543613795
0.002792493239741785
0.004847078026007027
0.0076090389321149445
0.009672412168938842
0.012624494850925067
0.01471426618672141
0.01531061198198976
0.014223803077664085
0.011801836025252331
0.008751345948737282
0.005806786354475867
0.003456262647527055
0.0018544653690728127
0.0009055468798654894
0.000409497938198612
