Y :6.0% Calcite, Diffracto n :977
Y :30.0% Gibbsite, Diffracto n :820
Y :17.0% Dolomite, Diffracto n :307
Y :47.0% Hematite, Diffracto n :869
0.0
0.0
0.0
0.0
0.0
0.0
0.0
0.0
0.0
0.0
0.0
0.0
0.0
0.0
0.0
0.0
0.0
0.0
0.0
0.0
0.0
0.0
0.0
0.0
0.0
0.0
0.0
0.0
0.0
0.0
0.0
0.0
0.0
0.0
0.0
0.0
0.0
0.0
0.0
0.0
0.0
0.0
7.293021516113851e-37
9.46815199388829e-35
4.5798839300682155e-34
1.5003928602183044e-33
4.0323695742860856e-33
8.890530941040634e-33
1.608114958338905e-32
2.3863858272120816e-32
2.9054411055083047e-32
2.902324097139591e-32
2.3799199988527522e-32
1.6068404132600343e-32
9.118496474247344e-33
4.779774031300885e-33
2.8658490448835876e-33
2.0488785550931796e-33
1.3220786834348355e-33
6.230159057271813e-34
1.9886650406004745e-34
4.205422148867325e-35
5.852472289026635e-36
5.349536988699155e-37
3.2122141339247077e-38
3.904175189157026e-39
1.1729419019760741e-40
2.3730360991830493e-42
3.437981861546797e-44
4.284984363808567e-46
6.15252013790938e-48
1.6637373796843745e-35
1.2902856469910699e-33
1.1311332832308693e-32
5.919892807701173e-32
2.0565013476678423e-31
4.738644040667195e-31
7.240518529188819e-31
7.336420720882178e-31
4.930325197383582e-31
2.198042453666456e-31
6.50168267316607e-32
1.2759581455080342e-32
1.6609993432456942e-33
1.4336012452983723e-34
8.198318238178623e-36
3.103808657888994e-37
7.771818750323347e-39
1.285772329692341e-40
1.4040118785117936e-42
1.0109016741141824e-44
2.98939596123543e-46
1.0729786581196721e-48
2.5335750340895737e-51
3.932899414165698e-54
4.011168841227265e-57
2.686515281200699e-60
1.1810927954177134e-63
3.407230655935762e-67
6.306032371171541e-71
0.0
0.0
0.0
0.0
0.0
0.0
0.0
0.0
0.0
0.0
0.0
0.0
0.0
0.0
0.0
0.0
0.0
0.0
0.0
0.0
0.0
0.0
0.0
0.0
0.0
0.0
0.0
0.0
0.0
0.0
2.8610176919293005e-36
6.767082375604133e-36
1.4814810894119385e-35
3.0019571620894135e-35
5.63023598490217e-35
9.773777207301368e-35
1.5704062002323617e-34
2.3354753977354543e-34
3.2147878735152952e-34
4.095840872067665e-34
4.830004760242353e-34
5.271883097667871e-34
5.3536775114037684e-34
5.136807628009707e-34
4.5619248403550716e-34
3.7498740336421747e-34
2.852981540248088e-34
2.009069559452577e-34
1.3094976234349689e-34
7.900019894427578e-35
4.41128771684902e-35
2.27990270360979e-35
1.09063887020135e-35
4.829023949942602e-36
1.979025891580109e-36
7.506842812753001e-37
2.6355842133062524e-37
8.56466148200672e-38
2.57606748538494e-38
2.2270090362032145e-35
8.018437085022535e-34
2.264610283140226e-33
4.81375262786254e-33
9.476511423774785e-33
1.7286601646719413e-32
2.921249418858613e-32
4.573632847058566e-32
6.634154927888303e-32
8.147823540793536e-32
1.0406070382467052e-31
1.2313142768810015e-31
1.349878850705687e-31
1.3711178879745943e-31
1.2904006614432109e-31
1.1252986320143739e-31
9.093712564107295e-32
6.810904811887415e-32
4.728924966071189e-32
3.0451404211704916e-32
1.820231888858056e-32
1.0119346544735704e-32
5.255091174973129e-33
2.5757468462187342e-33
1.2211911880056398e-33
5.909699325292133e-34
3.197800762033273e-34
2.101800189535963e-34
1.6632178554624036e-34
1.4618526341756496e-34
1.3316608490494894e-34
1.2147782110270492e-34
1.095151101675499e-34
9.713748230039655e-35
8.715692302944674e-35
8.263171021765767e-35
9.056304501613986e-35
3.7904281762459317e-34
1.2641200335495146e-33
2.6188786268558982e-33
4.963410585792676e-33
9.097112454720871e-33
1.596163320507179e-32
2.659374891420246e-32
4.1771928550343213e-32
6.150675499885297e-32
8.458152095923696e-32
1.0842085515389907e-31
1.2948781792629791e-31
1.4418903194118582e-31
1.499910525551814e-31
1.4627780595190563e-31
1.3454771649440837e-31
1.1785460686668087e-31
9.976278186994088e-32
8.329023798371534e-32
7.024872034527576e-32
6.11319561286122e-32
5.543401804269722e-32
5.214326536048932e-32
5.074758643182133e-32
4.916600832166272e-32
4.7614225825724035e-32
4.569950633950432e-32
4.326021778762828e-32
4.0291069730224155e-32
3.687936709704098e-32
3.315923813124255e-32
2.928124300962056e-32
2.541990324506759e-32
2.2207239986207323e-32
2.0519081053910097e-32
2.2371151518088075e-32
3.122165537788559e-32
5.025955785651522e-32
7.88501196632901e-32
1.092404538645755e-31
1.28389625698065e-31
1.2611049072901964e-31
1.029551943414538e-31
6.973770363061264e-32
3.92111623881014e-32
1.8359696666869662e-32
7.225971162130015e-33
2.453251754169355e-33
7.916343751654805e-34
4.50487001178295e-34
6.059855909269871e-34
1.715936076701438e-33
3.8561355735500394e-33
5.819349887015768e-33
5.779956196613894e-33
3.7660087335400684e-33
1.6090121160749423e-33
5.1379447480340103e-11
1.2002192986257685e-10
2.595048690326488e-10
5.193308779990812e-10
9.61958882372832e-10
1.6492352254027467e-09
2.6171126973122217e-09
3.8439344766507594e-09
5.225685357936786e-09
6.5754316416454796e-09
7.65806426682252e-09
8.255197641771991e-09
8.236632200817377e-09
7.606512804797237e-09
6.501824718781241e-09
5.1439725588772345e-09
3.766827724693802e-09
2.553092810710564e-09
1.887128439765866e-09
1.124385370236836e-09
6.200727442666559e-10
3.1650736997499484e-10
1.49533583655625e-10
6.538940494346896e-11
2.646608836358869e-11
9.914843428814795e-12
3.437919409584569e-12
1.1033651249178656e-12
3.2776044664035037e-13
9.011717357654418e-14
2.293360408276844e-14
5.401952843060083e-15
1.1777225641318685e-15
2.8109584732243546e-08
6.468930128744697e-08
1.377920696366802e-07
2.716625142435401e-07
4.957342642357183e-07
8.373015374298118e-07
1.3089666117673636e-06
1.8940392675862726e-06
2.536963197602193e-06
3.1451853849627553e-06
3.489198871764605e-06
3.823807278198009e-06
3.897927817209943e-06
3.721382294114879e-06
3.3686973549568833e-06
2.957926830479283e-06
2.6108471676804895e-06
2.412774188077554e-06
2.3871132184839763e-06
2.4928085269010875e-06
2.6437959679134216e-06
2.7419607207275814e-06
2.7110608321227524e-06
2.5195794667151455e-06
2.185433917625957e-06
1.7631305262739172e-06
1.3209073644156322e-06
9.182860882276221e-07
5.921762426501325e-07
3.541766403273636e-07
1.9644854563580157e-07
1.0104548227062915e-07
4.819580799005853e-08
2.131633987874279e-08
8.742052760843394e-09
3.3242744665220116e-09
1.6730645457648378e-09
5.608719316484861e-10
1.7432135318553464e-10
5.022882912544088e-11
1.3416817746221448e-11
3.322135022102321e-12
7.624874385768445e-13
1.6220767037302922e-13
3.1982208200930016e-14
2.0949675112936103e-07
4.212812380206608e-06
1.0873828249393063e-05
2.8045844723394623e-05
5.7326315434156205e-05
0.00010872635665844224
0.00019132816761542585
0.00031236388428956347
0.0004731087970023798
0.0006647605259248631
0.0008664899768763951
0.0010477309856845606
0.0011752240130569757
0.0012228550651717178
0.0011803560163003944
0.0010569043746655234
0.0008778979194067684
0.0007440419413141261
0.0005453169568816855
0.0003707531559718321
0.00023383073861730418
0.00013680240446434607
7.424263142358232e-05
3.737403929729476e-05
1.745141668849109e-05
7.55822049586481e-06
3.036115465598019e-06
1.131113045890498e-06
3.9080450101140567e-07
1.2521421271701736e-07
3.72015528040204e-08
1.8012415569403118e-08
2.9751046817713508e-08
7.826564813217902e-08
1.8207624473601131e-07
3.4911729320327157e-07
5.484626974622669e-07
7.055817083708509e-07
7.432730391441885e-07
6.411322170308916e-07
4.5283984353676487e-07
2.619023666423149e-07
1.240314915864393e-07
6.743782017287427e-08
2.2888938503118394e-08
6.361294930078552e-09
1.4476486209341875e-09
2.6976061384071796e-10
4.116154541246325e-11
5.142834556595245e-12
5.261519513840391e-13
4.407756231096746e-14
3.023581652098731e-15
1.6983358808456566e-16
7.811298235051524e-18
2.9418505382292266e-19
9.072265263741842e-21
2.290913156397144e-22
4.736955093922222e-24
8.020251118660545e-26
1.1119869680405553e-27
1.269689460653211e-29
1.984878965544176e-31
8.824244689267642e-32
9.233978237632627e-32
9.58510386293069e-32
9.771609605851456e-32
9.783148818107328e-32
9.693037034251556e-32
9.416666057118118e-32
8.98460018438187e-32
8.419153989904596e-32
7.748316017435576e-32
7.003487539142772e-32
6.217093476067624e-32
5.420307942643522e-32
4.641109551580525e-32
3.9028265020670387e-32
2.8163984444920488e-05
6.348237097280705e-05
0.00013244205501278285
0.0002557480977976411
0.0004571122256550623
0.0007562274775202597
0.0011580099333502398
0.00164295489752183
0.002159528628797401
0.0026330193845630115
0.0029827922800117813
0.0031446974456504954
0.0030879616987319
0.0028211184435372187
0.0023894327529868906
0.0018663798648217472
0.0015092580893825923
0.0010187715362014172
0.0006282187577008893
0.00035453043334908403
0.00018393185802429506
8.821511145033169e-05
3.929739992110921e-05
1.630103277685376e-05
6.297509424727251e-06
2.262783995968612e-06
7.548827951589328e-07
2.3348364482513032e-07
6.689328381779648e-08
1.7744186874573327e-08
4.357022927939426e-09
9.90264887934295e-10
2.0831971525349499e-10
4.0562429764624135e-11
7.31023700199532e-12
1.219418314437937e-12
1.8827285303721025e-13
2.6905212361165254e-14
3.5587614219334965e-15
4.356874528749121e-16
4.937020851402909e-17
5.178078130472509e-18
1.103177303571488e-18
1.0171191660060132e-19
1.0394477774283188e-08
2.3485739072893924e-08
4.91156071959762e-08
9.507110300277697e-08
1.703300512128721e-07
2.8245401384385233e-07
4.3352880005829385e-07
6.158882036597562e-07
8.098406035581256e-07
9.85623247203508e-07
1.1102890544836074e-06
1.1576436871886155e-06
1.1171911494670267e-06
0.00012261217260370024
0.0002793309508469804
0.004266483636367089
0.009796979147593442
0.023805097068198
0.04792893433690467
0.08970373963499738
0.1560312883433468
0.25218926328988994
0.37870402967770034
0.4767059116539187
0.6331584635586068
0.781195712227394
0.8953417362365066
0.9532383819084022
0.9427700616523891
0.8661908480797429
0.7393333721569967
0.5862803432803667
0.43195145248327615
0.29571187217406075
0.1881361308297065
0.11126501764850935
0.06119663026049628
0.03132767411266403
0.014947327938412703
0.0066627337539202506
0.0027852608472151547
0.0010985776204505936
0.0004124951102706885
0.00014920700909644218
5.269802432975434e-05
1.8385655918366514e-05
6.369887900736213e-06
2.183669219198216e-06
7.326814886934166e-07
3.4719896039053886e-07
1.0903313077474246e-07
3.2399148695495714e-08
9.037078127549224e-09
2.3535402993008465e-09
5.703445900821335e-10
1.2833966388578585e-10
2.6781551961548798e-11
5.17876366849319e-12
9.27535265166006e-13
1.5382541843393279e-13
2.361820904030595e-14
3.356942175286378e-15
6.541451149251729e-08
1.4508312775247597e-07
1.995370791719984e-06
4.482833236527147e-06
1.0569050771771671e-05
2.0869089467564616e-05
3.833334267853154e-05
6.548315530898103e-05
0.00010400758714479068
0.00015357200932147338
0.00021077687841940774
0.0002688867989897645
0.0003188152126966476
0.0003429236550225472
0.0003599214070713704
0.00035111917983359056
0.00031838329243601897
0.00026835252870657507
0.0002562745112930823
0.00025805844970288027
0.001313914310762223
0.0031002053135840003
0.007290148399591022
0.014688003394135528
0.027617231690624616
0.04835214772415683
0.07878439678826665
0.11938587003528868
0.16823925211369795
0.2214372572993632
0.2710538098494592
0.3094131361995461
0.33047806991987155
0.33188279473338117
0.31591183921981314
0.28859434279443885
0.2573729653829148
0.22840841783109284
0.21199550837503048
0.1917853881772853
0.17481448470855468
0.1579393840817244
0.13876169443569256
0.1166598701107731
0.09279167251264839
0.06932519403219994
0.04843780167007075
0.031571603410812346
0.01916950717803464
0.01083443439723736
0.005698914440330592
0.0027911312208192722
0.001275324844159329
0.0005467837589674312
0.00022352656269093396
9.08786126469606e-05
4.030801232992575e-05
2.2113138800176956e-05
1.5589737067773748e-05
1.2879773201164085e-05
1.1275434274397242e-05
9.945415169386427e-06
8.680026999309125e-06
7.4544653951139195e-06
6.669546657072739e-06
5.560124689666845e-06
1.0830360933095275e-05
4.68604915810126e-05
0.00019762589508192266
0.0005773027563343329
0.0011141969683997395
0.0014111889544440792
0.0011715210961837487
0.000637364576765021
0.00022734257062266043
5.328920553790603e-05
8.336762988432825e-06
9.90299188869815e-07
3.378219485803494e-07
7.019285347706966e-07
2.0279809061305272e-06
5.375107372041369e-06
1.2086106128101403e-05
2.2568410031629284e-05
3.475268963746748e-05
4.4027936563773316e-05
4.5883475561862026e-05
4.027590646231071e-05
3.151807994275943e-05
2.817206428288882e-05
5.8350492831531216e-05
0.0001709951027553413
0.0005048364168035071
0.0012970923743180656
0.002865751085516416
0.005373513245342825
0.008499423988214346
0.011321376001371041
0.012713553130052572
0.012065955048580912
0.00970010038550146
0.006614449648905748
0.0038254940615370485
0.0018777464862378746
0.0007912363813941638
0.0003044777853906326
0.0001355484235931938
0.00012517056779907089
0.00014447889590107609
0.0001914748373258592
0.00023502078589625095
0.0002834520625956317
0.00033979051021685187
0.00040955500071131515
0.000499786533209263
0.0006178695585020607
0.0007153542409293153
0.0008934987169733076
0.0011126002875838416
0.0013732810698940693
0.001673487722268933
0.0020084763609194436
0.0023708367091502206
0.0027505844938609737
0.0031353999404589235
0.003511086471181242
0.00386228152062229
0.0041733946329343095
0.004429696277333742
0.004618445023207238
0.004729924929468592
0.004758269481299002
0.004701971248750039
0.004564013915667046
0.0043516098774971585
0.00407557527344108
0.00374941773772682
0.0033882438621747877
0.003007609001091682
0.0026224301388831027
0.002256338613632245
0.0020505629374805764
0.0019568396455075837
0.0025786064744843656
0.0061233249603675904
0.017834936412431137
0.0553333737682559
0.14233805498735588
0.2674460861192098
0.3585296735502178
0.3539813966416584
0.26868496580212414
0.15827014647793228
0.0697763049901433
0.02193299539742325
0.004813462160678301
0.0008161616203046194
0.00020850889885368472
0.00021724067938142013
0.00040745672065609025
0.0009311078059283397
0.002051712966588947
0.004050401523271242
0.006908999803014707
0.010038610439780257
0.012376001917976725
0.012961453921206732
0.01222777027948893
0.00982433505097817
0.006749905622898773
0.003963233831309112
0.001984346512987582
0.0008459845235854918
0.0003081677761513535
9.752409985193234e-05
2.8067230762630624e-05
8.068993181567717e-06
2.6094999253236096e-06
9.913174095344357e-07
4.1602900434643376e-07
1.7923041377223807e-07
7.612996822367779e-08
3.1266648272345556e-08
1.2267213510023826e-08
4.556010610619168e-09
1.590567539439993e-09
5.193038171015545e-10
1.2674451393315703e-06
2.9735347728746563e-06
6.4628753507821826e-06
1.3135763455755252e-05
2.4506513497234038e-05
4.251400043759556e-05
5.8733804504761266e-05
8.954267263761145e-05
0.00012676040955751031
0.00016649853853888317
0.0002032695876859486
0.0002310075766869649
0.00024488886285768067
0.0002428348282375234
0.0002260726103692291
0.00019852247704936946
0.00016536304730721578
0.0001314739335108441
0.00010038304019401811
7.396443796685813e-05
5.2729467605012284e-05
3.6362867165419416e-05
2.4910442662268593e-05
1.7122925102621623e-05
1.3023870944111782e-05
1.2622056096302722e-05
1.615531783189463e-05
2.3911106618449812e-05
3.590004703269742e-05
5.1453838211713645e-05
6.892662765055459e-05
8.038647879792206e-05
9.502109097870485e-05
0.00010400776603342362
0.00010538798814029466
9.884516056951961e-05
8.588586131888065e-05
6.912046302471277e-05
5.163121750706835e-05
4.216268207205796e-05
3.77684671952824e-05
4.636498124450018e-05
0.00022929037169901244
0.0005269960552043556
0.0011379089236027463
0.002259240314324251
0.004141166850144924
0.007097658680235677
0.011360191962364883
0.01696586576093821
0.02362974761168355
0.03069029497063666
0.03715837191967847
0.041949066750322735
0.04416970994591537
0.04383020458673447
0.04081010625996665
0.03796993158282473
0.03337932179208296
0.029811895032818753
0.028754534960812986
0.031207380761785492
0.037450429007938275
0.04687966605475736
0.05803699545803525
0.06883930423499375
0.07704438268767104
0.08082432683872612
0.07926876525228244
0.07261927266156466
0.06214011242853287
0.04968569411942568
0.03714920760458681
0.026003491894849812
0.01707101635114909
0.01053993309760965
0.00614602588569087
0.0034056373146554475
0.0018084718856215484
0.0009300170641075871
0.00046841330836849663
0.00023330250114093814
0.00011555459984282308
7.215442248758818e-05
3.542030894866855e-05
1.7258888515022465e-05
8.365579994489648e-06
4.0670853496849215e-06
2.010295609416454e-06
9.201188013368412e-06
1.9317093819919297e-05
4.0197566703888014e-05
7.936050573749565e-05
0.0006075995368212949
0.0012746937385324781
0.0026843082932455666
0.005051716665264723
0.008845847854722122
0.014499572656115425
0.022215374867930945
0.031807150241871515
0.042585574718453464
0.053344322542922665
0.06253276027502339
0.06857128528905707
0.07026440599307086
0.06720615891252042
0.059985706465723425
0.05001948380218651
0.04271713432859779
0.031971624449704326
0.022500252101102857
0.014911681750506488
0.009316232292691856
0.005490165630213365
0.0030597929138350554
0.0016281932595795282
0.0010366660906975926
0.0008981402882782045
0.0012868318769931645
0.0021946942668468914
0.0037934648974692784
0.006249392409028378
0.009661552193224206
0.013961122979753432
0.018833607791404965
0.023708985565314783
0.02785002920958407
0.030529343406173297
0.031236811436253033
0.029838452079398937
0.026616127911327066
0.02219070231735705
0.01729309114033183
0.014121230059188434
0.009901070926097755
0.006585160039560322
0.004263407899546604
0.0028427277301548565
0.0024135072984583644
0.0023362435766202663
0.0026040690462588827
0.0032448407648217282
0.003881798201452446
0.004587802439926866
0.005368142372709015
0.006284220953717994
0.007470605506107069
0.009233211461649942
0.012032143620230942
0.01591657821647372
0.019837423760105565
0.022565628812943904
0.024419790369135056
0.02670091604888291
0.029915911497871452
0.033667255230731705
0.03746310171494322
0.041005797221616756
0.0441060027037998
0.04585105202985176
0.047889704624567465
0.04914390861221726
0.04954838087307457
0.04908169265071735
0.047768156398292336
0.04567563825163223
0.042909913860494954
0.0396057444685625
0.035917853273274174
0.03200417833773783
0.02802153864349975
0.02411118456501491
0.020393733107352117
0.01696406969524021
0.013889072514372248
0.011206950336331985
0.008926205825671347
0.0070274519037528405
0.005469386358427169
0.004201540346847186
0.003177586538917691
0.002361089098361565
0.001722477890678664
0.0012339290695347943
0.0008679039363314994
0.0006791965870907083
0.00046237559185004136
0.00030821747918627037
0.00020106364758495555
0.00012832015804361792
8.008267878669529e-05
4.882630497326962e-05
2.9042931916557636e-05
1.682972297616601e-05
9.492189532648671e-06
5.21151209601159e-06
3.288241763105633e-05
0.00012608496338394856
0.00042336474144643964
0.0011738750411215062
0.0037629774102275306
0.009865287203142056
0.024216488538354296
0.05685733620236925
0.11944106728213688
0.2184612066310921
0.3411903634891571
0.4529289812166587
0.5137477852549054
0.5030773975123579
0.45959524752091163
0.3595620654608118
0.24635427663137707
0.14662802408668926
0.07486486042611408
0.03237601494801299
0.011749235391691109
0.0035946990888755157
0.0010006244938883559
0.0004054983670370884
0.0004799544795200353
0.001016476235877917
0.002153798544033103
0.003606386524517303
0.004388775686820355
0.003937867315691705
0.002927489386741372
0.002246975178121918
0.0020658113205376445
0.002146393447133246
0.0023253406390932414
0.0025598495577735096
0.002834161535104309
0.0031159301684682995
0.003351720212266132
0.0034818220847012697
0.003486490143874237
0.0033578186120594043
0.0030837686708981107
0.0027116229374899163
0.002299492034377073
0.0018976725441763587
0.0015393953621591374
0.0012400685043193337
0.0010009579220585168
0.0008144076091601632
0.0006689869391971696
0.0005534528300161455
0.0004589476219701721
0.0004737979168532521
0.0009670912633374583
0.003238545887826393
0.009112035265318999
0.019796905153557424
0.040270748328688204
0.1076637513559321
0.30278418872082247
0.6406898045459516
0.9416908888663413
1.0
0.859250017683053
0.663252785131475
0.5180154081216639
0.2901824478148831
0.11551827602239441
0.03131016832218771
0.006055255591999874
0.0013750214171335264
0.0009917276901590015
0.0012158285455356635
0.0015452343302196055
0.0019177403660133251
0.002292083136321134
0.002615860186859922
0.0028330275920542187
0.0029007103174468946
0.0028011501645956675
0.002547911777622109
0.002183941237700649
0.0017678599902525322
0.001364331950428092
0.001030380552167809
0.000804467666911195
0.0008742359027953274
0.0012959297637774299
0.002493777521150162
0.005009843189760632
0.007639044577309998
0.012780028903215746
0.018301727288090208
0.022440256146305543
0.023840514507917084
0.022385508951730245
0.0189950066918779
0.014922398380120237
0.011245933772694477
0.008632444554683377
0.007223027858746378
0.006698168257904451
0.006550202094139236
0.006365055373986186
0.00594310599872412
0.005267488230810589
0.004417530188777122
0.0034977432195980093
0.002603081015527616
0.001809267487818242
0.0011678933322437205
0.0006989466894580025
0.00038929108024840324
0.00020374161929720462
0.00010151176000624442
4.9132507161536356e-05
3.0355102239920448e-05
1.5740713986380918e-05
1.015312061139216e-05
9.203361178893325e-06
1.069069040121796e-05
1.3367960855928364e-05
1.632729639738284e-05
1.8791339827917478e-05
2.013884178285177e-05
2.001860722558438e-05
1.8431950808707335e-05
1.5712335077186454e-05
1.2398457818886165e-05
9.425516951732688e-06
8.700350951541113e-06
1.5450068441754766e-05
3.662898437284006e-05
6.804430093578015e-05
0.00020848508775506668
0.0008276293581325879
0.0030834332765399047
0.008048143068689785
0.015331191175265265
0.027424739420920812
0.07092776124247735
0.203704103679295
0.35411585711264665
0.5946507789440565
0.6971141436970122
0.6284631251206506
0.5099557756859796
0.38855421909822324
0.24197289089842305
0.10809423172332205
0.033221159945713195
0.007943059749089203
0.003590732506126632
0.0053098638976011095
0.009400670409099386
0.01495235545168055
0.020543920419240847
0.02423153645007794
0.024848394509900534
0.02255971574103203
0.018378100620528807
0.013503602943791732
0.008947048640829618
0.005434517766907259
0.0032670729212684905
0.002291058718131052
0.002104773894662672
0.002323187186537305
0.002565250326318399
0.0029742075640144484
0.003386530519859254
0.0037813909526178222
0.004164685688998497
0.004533712899750302
0.004899267393836617
0.005264858526951789
0.005792647442916474
0.006415506572105118
0.0073027512421385745
0.008779059341975185
0.011052428572709778
0.014226841136960702
0.01840142941250322
0.023761119916794877
0.03095202576026637
0.03900629046121378
0.04750740921081823
0.05600511064713152
0.06372213998486254
0.07067054456489313
0.07704626367695741
0.08311001607601888
0.08886657535718155
0.0923202819319915
0.09627407049350095
0.0977692901990782
0.09581105980591909
0.0899217892496557
0.08036835542637566
0.0681875387421282
0.05478002155496278
0.04169048687745263
0.03021151116894028
0.021244721388730757
0.015065835261566395
0.011628163207346066
0.010552242100169775
0.011269860811056171
0.013112539462818245
0.015382667800735222
0.017427442453723817
0.018722115073374266
0.01894640527092288
0.01802954636383109
0.016145387613333166
0.013617303674006542
0.01086261659777881
0.008263053213415533
0.006086646827873218
0.00529414976523617
0.004598402675559632
0.004946785716337451
0.006735136905084503
0.010872834891235821
0.01763754407697693
0.02780312315355266
0.0417016628218132
0.058998209377235315
0.07873891175411349
0.09963631246177596
0.12044692883408842
0.13937477671848247
0.153726329075712
0.15986552772211002
0.15508107220469297
0.13969407799696856
0.11706743812247487
0.09155659106914545
0.06675461486319126
0.045168917921279854
0.028341519941460096
0.01670377248792387
0.009498981094152321
0.005440344740465465
0.0033263187985306864
0.002572009155391817
0.0020678214275048385
0.0020855864508830054
0.0024722902249216094
0.0031097784821090485
0.0038726921461340992
0.004620383622993288
0.0052119849970886966
0.0055345849632435044
0.005532141384871775
0.0052293040774481015
0.004726686403599726
0.004124589325580763
0.003474474551940292
0.0029693287481264174
0.003509772917633647
0.006660373703590931
0.01246514150358672
0.01720578072163735
0.017153477404236672
0.01409877118129262
0.011606039231523146
0.009269180454480832
0.005838057705432292
0.002567443570440389
0.001199135139342566
0.00029804422515645996
9.766856446498497e-05
9.675262765772196e-05
0.00024658162138727253
0.0005121112316485931
0.0009328437695371044
0.0016440806200975833
0.0028941529266662508
0.004773593367188136
0.007424915810146935
0.010902500979446034
0.015064942435761255
0.01955831332870286
0.023850013541234855
0.02733731089469319
0.029500124157203454
0.030042062860819858
0.028967756994167388
0.026563152819077496
0.02330960852904734
0.019751053193769158
0.016371441400964117
0.01351133247999558
0.011335549520462717
0.009848614525633128
0.009193486449132817
0.008586199453719311
0.008280326643655297
0.008123018835645191
0.00800143567943423
0.007986466814999212
0.007978822591590669
0.008094556028734963
0.008511255528654869
0.009591489552078902
0.0115037301516264
0.014626687910353939
0.019321899335573985
0.025644694293379122
0.032638919066309446
0.03925158988298362
0.047138355288554375
0.06561074422913814
0.10621404026321382
0.1597364964716732
0.18771720732716865
0.17020983498722214
0.13714755891848537
0.11473971692722167
0.09092574495361039
0.056896649316146936
0.03532132789813635
0.014203734948490908
0.0054397877321683994
0.0024857837628328183
0.0013326107337568247
0.000737837774142622
0.00039960984287431195
0.00021475322554962844
0.00012505400687611297
9.742787749811714e-05
0.00011649287312166913
0.00017572850973424556
0.0002641194186423065
0.0003711472002773642
0.000456719272963793
0.0005088430211809609
0.0005563956156764726
0.0006248115270898101
0.0007665155321510244
0.0010239615470152648
0.0014362729766477411
0.001999626200171531
0.00270960829781969
0.0035298939307599735
0.004394731313637166
0.005233089447514462
0.005729065090552207
0.006352132945833905
0.00680735596443145
0.007113767605897343
0.007498636194532596
0.008200573972909006
0.010476134403490085
0.016189381451064154
0.028367699537183537
0.04810525994691374
0.07274041756104205
0.09524023300506462
0.10928397388132874
0.11332336039302143
0.11033666425678833
0.10368683680218187
0.09479892135106935
0.08436877266273297
0.07379586956854417
0.06449588339724215
0.056771775571338536
0.04996176436609092
0.0433462797677839
0.03669077911921869
0.030179853976469054
0.026077650774519158
0.02048112835369258
0.01568433067448954
0.01172073525031742
0.00853867316149004
0.006045932820370367
0.0041411504775972
0.0027282241716468183
0.0017186091397516149
0.001029697187399849
0.0005843860826250754
0.00031369627049935455
0.00016110271069176796
8.164064189362109e-05
4.5914726483270854e-05
3.5476177180905714e-05
4.138252478102507e-05
5.742632651310579e-05
8.170976656867692e-05
0.00011262967891394586
0.0001514460862851923
0.00020621356704122012
0.0003010715739820819
0.00045308355037194866
0.0006051196196162194
0.0006786505639561698
0.0007384737595766841
0.0013551424837790864
0.003713991772459914
0.008617896444295128
0.013907414387945977
0.01544059372169649
0.012891567614647072
0.010354340077813835
0.009439695058513163
0.007965516055173032
0.005183755546046965
0.0027713206769464926
0.0017503899543558632
0.0016951273393901913
0.002030769375851474
0.002527332788302976
0.0031683954119693315
0.003951775591500192
0.004897051661832317
0.005990990817741121
0.007181549393113099
0.008374440395143776
0.00944670885848699
0.01026674305139249
0.010730850238971112
0.010787263652006407
0.010601738032885707
0.010030423439284413
0.009192132710273615
0.008198386634986692
0.007166847540487965
0.006215911619750015
0.005497869380592742
0.005138960234771531
0.004968236321731569
0.004565958402000785
0.0037622947883085554
0.002891894182759265
0.0025559165787700155
0.0026688509560680224
0.003346192214459443
0.004831921950416512
0.0076325626626148205
0.012033678108561121
0.01849575868513582
0.027154292676657126
0.03776741066829617
0.04951216477342109
0.06133832436280108
0.07211664548226479
0.08080513989172705
0.08485913692566806
0.08746077603339371
0.08507455915341129
0.07775511919966617
0.0668773958743558
0.054517548547704006
0.042382155919436656
0.03144760377501701
0.022218188823320693
0.015079340949889816
0.010145582975307769
0.0071565405831539265
0.005570812741319512
0.004865154656659278
0.004653996094598806
0.004697295954536844
0.004845319426568465
0.004992922784321676
0.005066771573774523
0.00500463201323696
0.00478231717214513
0.0044103721641023256
0.003936137891480301
0.0034204195861381394
0.0029427320593640124
0.0025568610832678333
0.0023715825013940865
0.0022176287196669525
0.0022034118156067936
0.002315338390863949
0.002723934497085367
0.003330959225655033
0.004256472013134915
0.0059223973065780575
0.008794205863461968
0.014029317156616003
0.02320020515991037
0.037585147947072954
0.05623310205362731
0.07548755212735492
0.09035101911381592
0.09768441520117747
0.0977743454718993
0.09267752421457306
0.08380586951743448
0.07173750081801906
0.0575792749571473
0.04337425480274017
0.03103929272399034
0.02142935295037557
0.014415315006960137
0.009488461754689346
0.007117152014282497
0.0046309176332713625
0.0031271261022254816
0.002336642648621111
0.001984454305119454
0.001902010716483189
0.001990700887567089
0.002233195009136474
0.002642095834100178
0.0032619804614221937
0.004124377767487248
0.005202550929355156
0.0063898209109880845
0.0075106629446028824
0.008371620630058285
0.008825838120999274
0.00881208981004933
0.00835308425791152
0.007530336220867452
0.0064582305807209415
0.005263969839419815
0.004069982378239956
0.002977699502804634
0.0020557081827965603
0.0013352500478482992
0.0009677382287734344
0.0005661794932060844
0.00031247593346776374
0.00016706768587502127
9.438723404844821e-05
6.807248300307027e-05
7.03476194030726e-05
8.993185734729046e-05
0.00011867029858477126
0.00014981507225445015
0.00018935706375906454
0.0002137461941520208
0.00023147040762075017
0.000245742466595378
0.00026855383243458387
0.0003049256562784586
0.00038061670275878635
0.000509536195815634
0.0007478101468905402
0.0013068709064215723
0.002047731627517855
0.0031917798080563563
0.004918927458151004
0.0074982913023501786
0.010988991380425722
0.015487009193558103
0.018980391564183404
0.024690320485141814
0.030436868068494355
0.03549020714715192
0.03913428397887186
0.04084741245222153
0.04042965956886422
0.03802565636846764
0.03405215874550379
0.029078085738505354
0.023747403005037457
0.018588489384452917
0.01413535738375478
0.010760970360018092
0.008429364519418413
0.006646021962760225
0.005067563906433466
0.0038947260942521944
0.0033649915030953097
0.0033697771478079282
0.0036529022010772147
0.004027424607065902
0.004398086563015866
0.004721558134245271
0.004984172031142955
0.005193380881672395
0.0053119716452182004
0.005472631607825626
0.005624918699488027
0.005774752679584357
0.005919763061121735
0.006047208167896331
0.006142072162031742
0.006187374466395263
0.006168153721406887
0.006101803183896615
0.006123842100714593
0.0065722337712274615
0.007990482429901767
0.010089446146199426
0.01110804642499115
0.010031597050353025
0.00996156393233152
0.021730638327375446
0.0659109093216408
0.15296361070580977
0.24084753225809646
0.2555392801403193
0.1964221910799713
0.14457478031077925
0.14061319756607932
0.1408463990070368
0.12115755991038268
0.07133360580900461
0.03002266395754869
0.01127787888842846
0.006285615790175875
0.005633293140934489
0.005755482349671437
0.005910805341124851
0.006000013978003821
0.006011733480351759
0.005944207886518226
0.005799947521523977
0.005582217259830408
0.005297841712405807
0.0049551647298529755
0.004564295517260547
0.004138795148186029
0.00369301411470521
0.003247208669860532
0.0028244518439237776
0.0024461612801899416
0.0021206326139515687
0.0018344713337516583
0.0016733452400858654
0.0016772211020058833
0.0019200380276744226
0.0029462132022702314
0.005066476891229753
0.008145927469968842
0.011307883708578824
0.013336577237227464
0.013572557398338644
0.01241986764144847
0.010806561808199775
0.009245769447417947
0.007611750208686557
0.005703374238238461
0.00370330816794187
0.0020253518799263825
0.0009275200614903036
0.0003638015036431621
0.00014425574719167318
9.600039844043038e-05
0.0001255474549427719
0.00019978598548002862
0.000311659612751208
0.0006898782807672109
0.0012122041696322515
0.002068675110402695
0.003496241663456552
0.005793418112428261
0.008126498160174656
0.012741783166241185
0.0189437001350801
0.026472611627978603
0.03477396079746035
0.043012206484211744
0.050856198172761415
0.05884527207711462
0.06810194567912063
0.07905750525209242
0.08941533730998176
0.09489846997185786
0.09222120259215426
0.08228239096841276
0.06936787488706407
0.0571591034104912
0.04623452122167852
0.035454152599062774
0.02463301447384299
0.015098545781074071
0.008204452227809446
0.004144363103023099
0.0021598707325653456
0.0013150270882207706
0.0010088494940293767
0.0009787095370830882
0.0010624038873047804
0.0013200685143482205
0.0016289083139464533
0.002326481640202082
0.0037099554940299836
0.007088584089757669
0.014097285324598238
0.02573101040152471
0.04057250302245318
0.0542341376089793
0.061658376282175714
0.06093366137654299
0.054751083009053354
0.04740230076940711
0.04075903639731614
0.03381600182578523
0.02549255474873446
0.016623303000515153
0.00912104138866595
0.0041718330743490606
0.001616394058163669
0.0005948695223059489
0.0003140120539211405
0.0003230997802601587
0.0005987563375648366
0.0008553541717796985
0.0014160021413880312
0.002350443937861585
0.00387524311393346
0.006327281771859299
0.009937914061422146
0.01482481585664671
0.02090080689104051
0.027721560895373122
0.0345329717403542
0.040423339281826495
0.044559125277326694
0.04640383732747411
0.04582790174913516
0.04307852386276924
0.03865193258960572
0.033164542709879605
0.027201093804456105
0.021307883177493454
0.015940314151817552
0.011434960444964344
0.007996316062427686
0.005647107439350971
0.00428952794898683
0.0037194665220334835
0.003688079050068918
0.0038450641611185864
0.004192055492602044
0.004530632023711169
0.004744953980063932
0.004757274818091975
0.004531834571571559
0.00413820255416975
0.003812325838332207
0.004138119089615292
0.005685525508664859
0.00778484905473409
0.008295363012185083
0.006210318619342678
0.004433832110266582
0.009868190804632896
0.039254333650176
0.11449728550872275
0.22129677637923945
0.28309518575037396
0.24410056393480278
0.16025773716125744
0.12353413146699187
0.14109900682674487
0.14821111670021814
0.10920983334526631
0.05359211147332358
0.026552520687000716
0.006682266041249897
0.0012675410822986643
0.00031331861300516636
0.0001827043332877065
0.00015000957579666577
0.00012903146321454497
0.00012958407766005392
0.00014460928360208599
0.00018752876073932647
0.0002752097037792506
0.0004288100692859655
0.0006799416640611973
0.0010451214065474589
0.001527981452814602
0.0021139526561031654
0.0027481364157942445
0.0033592179308397606
0.0038693322350567168
0.004219203817369962
0.004384341453713758
0.00437559460387366
0.004225893114323391
0.0042671860580659
0.004297551482449475
0.0046105693826807865
0.005090935944451251
0.006426423389447749
0.008888373764568155
0.012526538343827633
0.017393954946119367
0.02318496250744676
0.029298196167773516
0.03496062455945129
0.039396602997778134
0.042063410913868844
0.042741555282668514
0.041530106923426985
0.03874049638955732
0.03477571475400526
0.030051671217457783
0.02497090894363759
0.01991498737140045
0.015223071588323438
0.011152372284468247
0.007842885881360328
0.005313364509032819
0.0034932386763603853
0.002292617757565695
0.0016467272566489432
0.0014422149090269156
0.0014112932215744939
0.0012620930563944
0.0009040997329088816
0.0005399232846880011
0.00032727550292383287
0.0003060013627029781
0.00042766435615708783
0.0007900311357018525
0.0016558255846750053
0.0031881159956974685
0.004961171652493088
0.006107869172531331
0.006525234440300586
0.007081094058252201
0.008330676069278972
0.009796957990255114
0.01062156498584857
0.010544167381912063
0.009947313551903557
0.00917439323550886
0.008291074249595767
0.007270600695749072
0.006166936562392329
0.005071951030551527
0.004077906770130148
0.0032766884002063458
0.00287238339708665
0.00249093233041204
0.0023643668638303793
0.002448310546203366
0.0026803338783443404
0.0029760634135693118
0.003283236244103238
0.003570669969704959
0.0038413938010291326
0.004108502395875083
0.004385495175111595
0.00467675237166685
0.004968705895256647
0.005236136353160345
0.005443221329187857
0.00557380315296691
0.005642319296139849
0.005733826049000409
0.005889452482727681
0.00593220389047954
0.005647605665384439
0.0051606043813116976
0.004826558426344262
0.00485255085247372
0.006045141928134296
0.009534198700717719
0.012774292183232302
0.016990516126729794
0.020970324965117824
0.03072955871833764
0.04700395206828997
0.05659630507761075
0.04858102358850196
0.03177743859450342
0.02262835709482371
0.024607981191842498
0.0273616833576982
0.02227699066412427
0.012444863519135343
0.005010364650239935
0.0018595799415802204
0.0010451517103567912
0.0009100574375489972
0.0008847043199373869
0.0008755262973596119
0.0008498779499811802
0.0008191347627050314
0.0007921748518371918
0.0007812927123172911
0.0008071319845383622
0.0008733434577579275
0.0009424298663899518
0.0010798455515562669
0.0012414325661168014
0.0014061380861795497
0.0015552555449317325
0.0016817908843214063
0.001787334492968212
0.0018783103513464918
0.001963289230684868
0.0020455480292393717
0.0021327618706237276
0.002268471874451418
0.002436455065124644
0.0026729631780161044
0.003014184386295848
0.0034948775328439907
0.004156897856886515
0.00498249974033516
0.005982314910416839
0.0070399670963804395
0.008074084996581077
0.008985445847738843
0.009704948451159634
0.010229618091059087
0.010565229257388961
0.010756893156381021
0.010813824093777284
0.010781825781816103
0.010570984194051626
0.010141520204163965
0.009481803407791258
0.008630270344902212
0.007651702218649799
0.0066324601096040495
0.005647094686950874
0.004783700960609694
0.004053278353049506
0.003513337279380894
0.003207913117772061
0.0031872468557045228
0.0034896150204488537
0.004098954556613926
0.004950883593240638
0.005935319767984552
0.006904508867782263
0.0077077527346431874
0.008221914208841663
0.00838017721536319
0.00817952024295324
0.0076710781753900874
0.006936083926533539
0.006067499287113931
0.00544937354197432
0.00451502925911283
0.0036263278279140125
0.0028402265309318783
0.002207491150732736
0.001768858890739166
0.0015317831986831234
0.0014817125880766803
0.0015736073386845568
0.0017449058112336347
0.0019291728516348215
0.002075364596972001
0.0021494080179502517
0.0021704171798391063
0.002141018351540054
0.0021076079168587357
0.0021028666903079815
0.002140015077219243
0.0022254281945226465
0.0024027903886639375
0.002736000421726357
0.0034140369732902887
0.00471943705832625
0.006883060271321638
0.009771158063074385
0.012614877762069996
0.013915693839053351
0.014352593790144681
0.013077992199743298
0.011094490596724163
0.009484675934815112
0.008522565200502442
0.007684276805678812
0.006401749351166817
0.004656067921484628
0.0028910756469507338
0.0015425952018525068
0.0007435666031214919
0.00038264804283396595
0.00026701707372243683
0.0002698237542952575
0.00032840748976990764
0.00042740010857791335
0.00056865111431382
0.0007672288543653426
0.0010365056346539005
0.001379978937725025
0.0017459455054352378
0.0020576521518908724
0.0022438100668011065
0.002439790805764351
0.002651840010768251
0.0034663377155849627
0.00551514302521097
0.009453271001392387
0.015200715220500574
0.021364297837732797
0.025470755861449316
0.025836479262149804
0.022987721729037784
0.019283159374615513
0.016793342677579426
0.015673902551661578
0.01457045083326566
0.012314292192367569
0.009009038465727008
0.0056687407797537176
0.003172669073254992
0.0017539498103404693
0.0011512141026795203
0.0010027403319486702
0.0010664604512505337
0.0012300380718779137
0.0014562223436245835
0.0017491922709142408
0.0021659763849151896
0.0029105715258487103
0.0037487117242189735
0.00542094979408435
0.006660557314570284
0.006398173237917245
0.00503253330562113
0.0038443344130695218
0.004648567531846256
0.011073298677196931
0.03430567741961363
0.08490281634887359
0.14514248296147822
0.16640887098401833
0.1286669364562984
0.07326275809281073
0.04937410215962802
0.06384057904810847
0.08596970476436153
0.08260404999635322
0.053573867363351756
0.023886695060352757
0.008167342069298573
0.0030962440459853845
0.001985904978815023
0.0017639157821461467
0.0017034723989540054
0.0017074539237377027
0.00174085773270021
0.00183069622062689
0.0019545207991769286
0.0020875133741725385
0.0022081216567231103
0.0022995094486832892
0.0023721554857850688
0.0024612416734467375
0.002604682262081346
0.002797084179763277
0.002963214137180019
0.002991925029996473
0.00282801719319983
0.0025379043594115427
0.002283453054060912
0.0021879978561115706
0.0022679948088309178
0.0024738981482992526
0.0027405103882001754
0.0030561057431127223
0.003417587758757633
0.0037893245792871783
0.004109332594296452
0.004349294119743244
0.004647601934232605
0.005043914923598978
0.006080034662918579
0.007112630598333405
0.006989264779952458
0.005456218893909416
0.0035937772076726666
0.0025996816750093904
0.00393847077412817
0.013364686182789794
0.04305044514955212
0.09706423690212314
0.1460531172972529
0.1460423353513058
0.09861155579920636
0.05188295353350111
0.040947921051574035
0.06071085782896937
0.07974677938608443
0.07179617269157668
0.04301977458467092
0.017286416130870442
0.0049357571983514445
0.001380165256987059
0.0007948190963756713
0.0008106012282111365
0.0009024920520935288
0.0009690555918786946
0.0010731383725673903
0.0011754756879900957
0.0013590514886501212
0.001564473297304461
0.0018744420353066947
0.002399011126512509
0.0032825515341244537
0.004687312065407613
0.006783289514989006
0.00957213237737891
0.012904864864854503
0.01646116364196446
0.01976544646275545
0.022321132020687917
0.02376885899746612
0.02400325463196494
0.02327946920860659
0.021959812655099543
0.020630469846692784
0.019862044250658628
0.01997569067596969
0.020678584166143342
0.021019221742314836
0.01983971855270135
0.016884625218118714
0.014369720456872225
0.010900841400605418
0.008748200861659504
0.007901749199302506
0.0074556437637172705
0.006537376753640433
0.005070527740684818
0.0034488647769204224
0.0022656758613526532
0.0018032145938142608
0.002055736644799135
0.0029205742521376567
0.004352308121852459
0.006201882079167704
0.00833034861007838
0.010482861898527913
0.01234787003636697
0.013652414927500208
0.01428152107071045
0.01429083787793476
0.013913952005050011
0.013489662446032518
0.013370712581454686
0.01374505752087818
0.014385506432813644
0.014590653854113745
0.013905488682115334
0.011865796215843202
0.009271684068704053
0.007241476040489366
0.006271006757301611
0.006021669435842726
0.005748951831499645
0.004994461157155695
0.0039052916334928254
0.002878854921706297
0.0021316262049108064
0.0016777301163811704
0.0014531590794933532
0.0014788437708969562
0.0018898112027928952
0.002867678360533208
0.00443085478387654
0.006208621249262429
0.007473148966910009
0.00761071419212604
0.006662504446120496
0.005326783395573716
0.004398059718428928
0.0041436999239141525
0.004209970882588654
0.00415481880585802
0.003687643880752369
0.0028421100686428966
0.0019512086621697202
0.0012965564653562589
0.001032852712496394
0.0010209057559303952
0.0012170945633045202
0.001633462680464792
0.0023513029323021413
0.0034713996029067887
0.005064559173104432
0.007021738811773578
0.00918851639867753
0.011347205350403379
0.013220494577416714
0.01454265358497
0.015148299011912357
0.015059360366306963
0.014435496272420717
0.013478360621095578
0.01236024596216964
0.011241224311604599
0.010098994165242648
0.008981213936445211
0.00796717271184809
0.0074017300301281
0.006837118525441326
0.0067941513684524535
0.007373854045624496
0.008641210890623013
0.010603776041686391
0.013151253615912004
0.015935044516298305
0.01829458175948326
0.01945202405665801
0.019011992849814016
0.01732698788193309
0.015269850061469548
0.013589950152793186
0.0124286163064856
0.011387886195122581
0.010004683401751174
0.008172477259175616
0.006173791228769974
0.004395742191281888
0.003058367389069678
0.002162025872342211
0.0015926435898255948
0.0012298186986340902
0.0009894571205097485
0.0008214389222021123
0.0007359948398991713
0.0006299433823206393
0.000542778156006035
0.0004708054409807122
0.0004156505438697552
0.0003813062575305832
0.0003720961027410161
0.0003876301414514646
0.00042266214805301367
0.0004868656592846261
0.0005574033923496836
0.0006410152768097835
0.0007522257643465098
0.0009156416958678886
0.001170447540366711
0.0015370164730853502
0.0020246314523257587
0.0026079593696934997
0.0032401151561334152
0.0038556322757652937
0.0043914956314522555
0.0047859880324728835
0.004993026267320671
0.004981945844360664
0.004765615640481898
0.004540155584620241
0.004290835118334025
0.004264346668716376
0.004830098351359892
0.006320716435095976
0.008831070817235859
0.011889886872830033
0.014355450109278535
0.014911826977349728
0.013303826429336757
0.010850952235683246
0.010023837509942839
0.01288887978289473
0.01845192577769541
0.021778707789938897
0.018987889228168072
0.012248542948770988
0.006576833093580791
0.00454283982991786
0.0056973494253820854
0.007573877173492022
0.007464291496168484
0.0051644824993778895
0.0027843226725257015
0.0017555973010621177
0.0019068451387918449
0.0023769466799165376
0.0033409777665799143
0.004451517157783725
0.005568265890136078
0.006557487564702483
0.007313144584053968
0.00778065339193246
0.007965378540335185
0.007917573344362402
0.007695915153444405
0.007338124013039444
0.0068554631552291325
0.006248019827071561
0.00552719427645219
0.0047419287016434684
0.003939875921549697
0.0031907987664196048
0.002549575565184201
0.002048334714269337
0.001697815815547533
0.0014939768779851461
0.0014142157077509068
0.0014247119376888664
0.001485575407555835
0.0015546540315038784
0.0015992765222961587
0.0016119173658977108
0.0015925374240038591
0.001547282849520679
0.0015003907794419612
0.0014738825669983638
0.001481691301944599
0.001527639203194114
0.0016023729646474415
0.0016895049145183197
0.0017687876829394732
0.001819679589773323
0.0018270883297641135
0.0017859634590709503
0.0017027123190661516
0.0015914864041656613
0.0014674496875950037
0.0013410265409844323
0.001214134379632124
0.0010851914178017861
0.0009530760019991164
0.0008226336719731871
0.0007070969890858811
0.00062131358657866
0.0005776189158054281
0.0005867893557284688
0.0006427306523093981
0.0008651898378911968
0.001273904676169882
0.0016690008531718289
0.0017235844288982138
0.0015358222342702736
0.0016990708543608017
0.0027090148168078046
0.004655633873896289
0.007416959333247221
0.011751412145306638
0.020633641975975957
0.0364668356117344
0.05281873815328394
0.05593963446637264
0.04271151479289833
0.02574609623336759
0.016685023239514978
0.017533956490137233
0.02467733540264928
0.03063923416004872
0.02843919462618064
0.020101526127093785
0.013591862560380927
0.011762580064912714
0.011076203551065167
0.009723419044860333
0.006852337924219981
0.0047630673294684536
0.004350977751137168
0.005316193784820442
0.006671786136037403
0.007023354936608208
0.005863409065046167
0.004189594613179482
0.0030228202468733714
0.002498707209720993
0.002316759143988481
0.0022978485066084214
0.002424825464471529
0.0027293611867420893
0.003240653233154395
0.0039012027131652294
0.004624858401539402
0.005281330851540847
0.005744972004661122
0.005942107672551049
0.0058671993500679556
0.005586171044222303
0.005193866872282685
0.004774167657646275
0.00437020027530359
0.00411102287117926
0.003722637443941666
0.003313194659944431
0.0028754292533451358
0.0024236592413745097
0.0019863813154931253
0.001592864066242383
0.0012631756293417775
0.0010041216973036096
0.0008126981986095252
0.0006805683172916724
0.0006015101569750941
0.0005684874541971838
0.0005562098828283829
0.0005208587911679241
0.0004431435621635244
0.0003505728546039628
0.0002747517704364886
0.00023006245798420176
0.00020444052240526742
0.0002004179651044161
0.00022463449519986931
0.0002852949090708688
0.0003896970217560695
0.0005397698862927621
0.0007330531558913167
0.000874206512650123
0.0010864236468957835
0.0012708609544732016
0.0013988853348901387
0.0014541524393455424
0.0014381717674052273
0.001368098912215669
0.0012682349962714612
0.001159331707229059
0.00105166509934535
0.0009446047892649314
0.0008320043392998176
0.0007097004865219642
0.0005797927799789598
0.00045419929799319806
0.0003436368955162871
0.00026185498465048463
0.00021448410473437794
0.00019557686254971664
0.0001886572937627267
0.00017769917595967936
0.0001581596660935626
0.00013577197843638196
0.00014408207838094536
0.00021215370609010422
0.00032915736388884907
0.0007031142598404936
0.001434309070240503
0.0025542163576813375
0.0038364920635211982
0.004806818127946589
0.005017299090305557
0.004413905694396754
0.003418427565415218
0.002619174053539522
0.0023626816337597345
0.002579142848584633
0.0029133748667608365
0.0030425708293946377
0.0029173438635093866
0.0026890826053905057
0.0024369613435733586
0.0021001927156823683
0.0016382171601349092
0.0011274853861229506
0.0007128612356830017
0.00048340413488932806
0.0006550870615331508
0.0019003222169818091
0.0061951556126130505
0.015323771042217965
0.022790815466293874
0.029720987035256306
0.02599381819744008
0.0154229892554239
0.0067533432247437455
0.003908223497435584
0.006377065056340999
0.011972608306552307
0.016185332423178624
0.014883741434297418
0.009388653042853693
0.004318591417511648
0.0017849648445506054
0.000982238900665695
0.0007810774817549879
0.000710810904262765
0.0006607937334942437
0.0006230915330135934
0.0006086736600110356
0.0006306200544025174
0.0006944211898841015
0.0007869527306842188
0.0008860281225689784
0.000966762063793028
0.001016353879547152
0.0010314188609716062
0.0010529631760133426
0.0011031446476538057
0.0012893504647483013
0.0017757248047684051
0.0026989384742045538
0.003989921912161021
0.005247632179013528
0.005894926615479535
0.005578357425779082
0.004487496330779851
0.0032394976911732706
0.0024349084796602264
0.0022927443603647443
0.0025928101291473405
0.002879803875447614
0.0027910412598793487
0.0022736985130900073
0.0015553508659020216
0.0009217186038932881
0.0005267654006579901
0.00035987247459120673
0.0003382996312174545
0.0003866625812644218
0.0004605356578025507
0.0005419631633630099
0.0006003773029785947
0.0006991270389071345
0.0008202767931297419
0.0009653537127637355
0.0011313205477143588
0.001302769318795288
0.0014597163348954304
0.001576852971655436
0.0016599778475916845
0.0016977690678207152
0.0017321625851668865
0.0018122885856649404
0.001939219726864352
0.0020645558026569674
0.002182267475212963
0.0023623387040265717
0.0026262594378134124
0.0029200252123512543
0.0031650040546326703
0.00335916322218202
0.0036881608045612494
0.004814493294636268
0.007556622897227044
0.011262175153537616
0.01307510108821597
0.011103625959826531
0.008486150996374125
0.004953337299442707
0.0032239076100892506
0.003270426094758996
0.0046558843740003636
0.006349149606443382
0.00666577140956908
0.00508386201193324
0.0029445132181728207
0.0015453332591820323
0.0009654006299048955
0.0007694038233860228
0.0006946523856451334
0.000668284591676687
0.0006531385224392869
0.00060399184845534
0.0005162122310499019
0.0004305404387638407
0.0003797956838893285
0.0003712969144936071
0.000375653250404951
0.0003645025334941187
0.0003373161295417597
0.00033143094805486396
0.00039044418451780424
0.0005116955167550399
0.000624517453768343
0.0008413540418476446
0.0011231388774955845
0.0015973957450040645
0.0025621710146164606
0.004137317881404459
0.005593417779030512
0.00579527179722251
0.004706578758882448
0.0035299438191888255
0.0032250284843881112
0.004003077356923444
0.005694967943874394
0.007696459942460827
0.008835825607211818
0.008291876616288267
0.006485960361522754
0.004587952704515089
0.003400784108322321
0.0030808928873335174
0.0033689684109788373
0.0037982004519550878
0.003918830911304792
0.00353179702351195
0.0027702266568863307
0.0022081301885033275
0.00149212486255572
0.0010542022165973932
0.0008905764646389598
0.0009144579034540848
0.00101489248998914
0.0011301884780192887
0.0012554520159679006
0.0013621740673953253
0.0013707426634403397
0.001250745159226386
0.0010734234853754369
0.0009331065104909272
0.000896020913299498
0.000994391257108087
0.0012139499376425374
0.0015046359128404701
0.0018012137771677662
0.002082624136048363
0.0023774821551416614
0.0027093013974170033
0.0030761751379971285
0.0034426400614858267
0.0037555252201629716
0.003988918942507918
0.004117198425001476
0.004153833401308917
0.004166877824424736
0.00415706278323615
0.004168400673230052
0.004280357010931144
0.0045273085715259575
0.00481531135417701
0.005011270870236198
0.005111189935145584
0.005151958076585926
0.0051558666511716325
0.00533685809151612
0.006219329807832373
0.008186059308049436
0.010573419454073448
0.012863619122347542
0.015999450800405754
0.01958808434900597
0.019895912875010323
0.015279272649824005
0.009507341417310163
0.006381501774890521
0.005819553624891146
0.006442776143838945
0.007981449445682402
0.009594103655277639
0.009607999369561021
0.007332908024029769
0.003928078853611023
0.0015552628097203283
0.0005712707007056295
0.0003054653511780928
0.0002628959680433915
0.0002866366717094249
0.00035269396054154025
0.0004606129678608457
0.0006044142863983467
0.0007731824127998223
0.0009367385916921641
0.0010786392471315034
0.0011740346714882496
0.0012258138232232125
0.001252287317420862
0.0012882088004813163
0.0013710302643148474
0.001526775231946534
0.001756446757773887
0.0020468938168183267
0.002341408758590829
0.002594255483889901
0.0027730436400352477
0.0028697235069589802
0.0029022385670012417
0.0029256987305873736
0.0029622434990537057
0.003049491378741919
0.003192945733474679
0.003365619927647692
0.0035164430975539985
0.0036115818054357138
0.003633868127299415
0.00363932662657663
0.003737159269809148
0.004027958339742209
0.0044920999239006585
0.004947116817418903
0.005146749333327873
0.004966745739272971
0.004506289761429263
0.003999149468952868
0.003629899802970995
0.003462545870466978
0.0034611146631036093
0.00354190129977716
0.0036099022959025606
0.003609520019712909
0.0035497903306370144
0.0034782614514740455
0.003264263121839174
0.0028560075374115183
0.002331018344382074
0.0018586019930949102
0.001518627840072416
0.0012954072220373218
0.0011509273840123815
0.0010906581514081453
0.0012959338646636308
0.0025995946102668286
0.006712988940181464
0.014237406970559403
0.02117748866123466
0.021482225324716765
0.01509985515562539
0.007961812898112649
0.004137564897020422
0.003568559151044804
0.005454459780605975
0.009371974477079392
0.013261017719600927
0.013804699408597425
0.01052670907610245
0.006459876810727695
0.003968037422182584
0.0031931908762197056
0.002673312878351348
0.0023931784556583315
0.00217275336536265
0.002007977351042612
0.0018998746373811593
0.0018290180327082657
0.0017594246398989234
0.0016616697613830336
0.0015236955051959942
0.0013515433058337884
0.0011650978284284872
0.0009886227702863998
0.0008425337979542985
0.000734722103041799
0.0006665632573828896
0.0006295839710568601
0.0006082808010886956
0.0005871700470120643
0.000556928919661499
0.0005214479419858749
0.00048653170003245454
0.000467485731107749
0.00047383257894247316
0.0005113734303042343
0.0005698198623565593
0.0006145442553793547
0.0006803494693584435
0.0007450975468670437
0.0008202759663501822
0.0009110342505024162
0.0010203630479490406
0.0011496403460870034
0.0013563273429070856
0.0017683028670093142
0.0025214397072364386
0.0035756553381207554
0.004620912196132538
0.005276799851917076
0.005334532989777399
0.004745082529341286
0.0036785862960900754
0.0026206445969530374
0.0020619151918908766
0.002089485479019136
0.002399376683416515
0.0026060437604700473
0.002493331933890607
0.002237408745965366
0.0026017477970710396
0.005729708911968074
0.010724221525527492
0.02214994861153298
0.03150931696548769
0.0301713332960748
0.01956310255390857
0.008812315536695026
0.003182896924004142
0.0020319152228810418
0.0042444162861438265
0.009620839691071425
0.01572808050990423
0.017526151519288834
0.013295512264065628
0.00709234017728315
0.0030262782836028186
0.0014720614782790032
0.0011003305521670632
0.0010357294842052863
0.0010076308921198372
0.0009674133624906802
0.0009147763284728142
0.0008543337895587844
0.00079772380559871
0.0007553634244792207
0.0007344323766554151
0.0007368429626124276
0.0007511399202786134
0.0007857935944177829
0.0008307708294056169
0.0008791152902213983
0.0009236406732554572
0.0009799461823831238
0.0010312293937075148
0.0010939801855925392
0.001188931498815413
0.0013343308263619816
0.0015477939638009152
0.001835713757524905
0.0021819859494245767
0.0025543682002878185
0.0028943668646335295
0.0031463289280572186
0.003268071621963413
0.003250576451921715
0.003118336357533605
0.002923957571581178
0.0027263000959091405
0.0025701161183253056
0.00247173519557032
0.0024181738268292973
0.002376482361834187
0.0023112112965915175
0.002240112172562192
0.0020867666542411403
0.0018834419200218753
0.0016448942271965854
0.0013896552058171288
0.0011394077859744182
0.0009177196636732002
0.0007436158192230436
0.0006247504489730708
0.0005518743746587486
0.0005097672442288605
0.00048071393325731606
0.0004506753777240724
0.0004128651968700088
0.00036969816339534175
0.000329650299992616
0.0003001886000209658
0.0002826185812718423
0.00027343521306067066
0.00026901777994102266
0.0002679734015937237
0.00026993266082079095
0.00027382820446503555
0.00028271929242377515
0.00030026106959838165
0.0003465414070739405
0.00041070974040343733
0.0005885622992084798
0.0008808796022888848
0.0012405566418010544
0.0015383137387797252
0.0016288807322603059
0.001461131504591496
0.00112089849256243
0.0007688462581810814
0.0005365079334914086
0.0004746412068661186
0.0005590111209376671
0.0007125933162105974
0.0008328959031204358
0.0008386967442909958
0.0007166364897462464
0.0005236747144258977
0.00033763340798258136
0.00020672634180604504
0.00013507348567781818
0.00010306829237263992
9.822346763540499e-05
0.0001040241184775184
0.00013153449615494186
0.00020222700351764023
0.0003028768646076426
0.0005929778310001969
0.0010522442537357684
0.0015154747097051032
0.0017659258708791563
0.001816147359798942
0.0018460338848244843
0.0019282661781287842
0.002023217458513898
0.002074692654794553
0.002078289210043524
0.0020577033908991196
0.0022930994237647367
0.0035107963864423803
0.007708510676434325
0.01657627166084645
0.026821757107622923
0.030204995228276507
0.023520784013603958
0.013129274348593404
0.005926356291346571
0.0029901094336454524
0.0027632951692959334
0.004861218034010306
0.009622292549482228
0.015035860507736374
0.016829364201834045
0.015125713246076493
0.010538125055839884
0.0068814164715720804
0.005038529170827237
0.00392049742556866
0.0028382710296480365
0.001862229220385087
0.0012382761031222078
0.0010686082041010696
0.0012871823271475
0.001703068749933157
0.0020524796985629183
0.00211359875488317
0.0018377962834360477
0.001368448235093879
0.000912716667017328
0.0006028213646310407
0.0004590969154613678
0.0004226807797956645
0.0004292859935622248
0.0004432442083902085
0.00046830110430070996
0.0005218567172662009
0.0006101157965629028
0.0007259423831244058
0.0008103657470093596
0.000935110687193423
0.0010385126448376322
0.0011004008939745577
0.0011137392170594786
0.0010836897987493018
0.0010273093693531912
0.0009665932063098417
0.0009201869046429463
0.000896727640282797
0.0008906855770636948
0.0008866918723590292
0.000867552297160179
0.0008232322453014563
0.0007543400201887389
0.0006755184673911357
0.0006078191440273144
0.0005683711455196514
0.0005586517732285279
0.000559364384598978
0.0005438627331607291
0.0004949656958138614
0.00042919367950389924
0.00038653629598291454
0.0004023281044183666
0.00044691119839351074
0.0005362357277401804
0.0006316540178803377
0.0007230519075006865
0.0009604386008167014
0.0016525068088572026
0.003139840999867772
0.0054777594573483385
0.008121763895895818
0.010014485324489612
0.010228275157437546
0.008682474259714131
0.00619277177281493
0.003867622661183539
0.002473146737756471
0.002241705007754778
0.002987371790452269
0.0042157993396156005
0.005248015430786458
0.005498270584643016
0.00480329339789212
0.003513547041992574
0.0022036320050454693
0.001275835119440472
0.0008150832162334341
0.0006999143350527694
0.0007498098889083859
0.0009613006869357537
0.0014337008899096052
0.002347664867140735
0.003538718471761666
0.00423176016923073
0.00382848646163682
0.002744219069923707
0.0018001408434914175
0.0013075127115551165
0.001137597018069794
0.0011706128184403371
0.001439909370298931
0.0019386766180704835
0.0023500401179963543
0.002246843620464593
0.0016562379599168572
0.0010175505977057264
0.0006162990675997773
0.0004235531331519158
0.0003642301491707712
0.00042197736966551736
0.0006704626154077594
0.00119543885067914
0.002009488417458463
0.0029585775067784764
0.0035085475224013894
0.003939913652609784
0.0037248734385417295
0.0029609103792201654
0.002009468698138116
0.0012306100086597565
0.0008295055554495232
0.0008163187761057428
0.001073012651518158
0.0014107512828721964
0.0016249264872560567
0.0015798467186752814
