Y :24.0% Calcite, Diffracto n :893
N :Gibbsite
Y :30.0% Dolomite, Diffracto n :30
Y :46.0% Hematite, Diffracto n :227
0.0
0.0
0.0
0.0
0.0
0.0
0.0
0.0
0.0
0.0
0.0
0.0
0.0
0.0
0.0
0.0
0.0
0.0
0.0
0.0
0.0
0.0
0.0
0.0
0.0
0.0
0.0
0.0
0.0
0.0
0.0
0.0
0.0
0.0
1.6982933653801373e-35
2.325418561835151e-35
3.148364473274162e-35
4.214677201704926e-35
5.57877799904939e-35
6.683400732721245e-35
8.681564730535071e-35
1.115049019379496e-34
1.41607207655848e-34
1.7781656013715438e-34
2.207773400723277e-34
2.71039280218196e-34
3.29007213944024e-34
3.948881054306835e-34
4.6863867968891725e-34
5.499176460271296e-34
6.3804693577541305e-34
7.3198645613945166e-34
8.303265218175122e-34
9.31301326209639e-34
1.1242083074696121e-33
6.801646810743126e-33
9.018185867651025e-33
1.190134246000645e-32
1.5616225035036773e-32
2.0353788789806092e-32
2.632968052750617e-32
3.378106798351152e-32
4.2961044615377307e-32
5.413029011687657e-32
6.754581617655222e-32
7.785678588082161e-32
9.5531416962255e-32
1.1600441352655578e-31
1.3938097213653466e-31
1.6568033451903488e-31
1.9481724330376006e-31
2.265861691299665e-31
2.6064998850461414e-31
2.9653471985219972e-31
3.336316857564414e-31
3.7120806004035003e-31
4.084261964982051e-31
4.443714598832769e-31
4.780875459536808e-31
5.086175565619579e-31
5.350484648811591e-31
5.565561390473709e-31
5.72447851469018e-31
5.821992262607009e-31
5.85482881360903e-31
5.82186586576957e-31
5.7241953564751965e-31
5.5650624584861646e-31
5.349685624313903e-31
5.084971611495668e-31
4.7791472000833835e-31
4.556906804586531e-31
4.203076309502505e-31
3.8332329917083175e-31
3.4567166735357404e-31
3.082214268170543e-31
2.7174541493901577e-31
2.368982684951255e-31
2.0420282042455472e-31
1.7404506580658597e-31
1.4667691854285431e-31
1.2222551758315273e-31
1.0070754482707355e-31
8.204688999735894e-32
6.609402677724522e-32
5.264562162736097e-32
4.146314585342295e-32
3.22895636260003e-32
2.48634865727881e-32
1.8930487684544984e-32
1.4251529949630889e-32
1.0608673578745552e-32
7.8083736783581e-33
5.682768867561903e-33
4.089397195472443e-33
2.909768866245184e-33
2.3046360087282326e-33
1.6092914170224585e-33
1.1111352771945909e-33
7.585759409197491e-34
5.120720573622766e-34
3.417928511203545e-34
2.255769670732767e-34
1.4720630483327026e-34
9.498563865046273e-35
6.060233519714466e-35
3.8231439082462987e-35
2.3847991323807003e-35
1.4708989410850342e-35
8.970439776965191e-36
5.409342771850155e-36
3.2253372707322635e-36
1.901540730534012e-36
1.1085007515571083e-36
6.3894902549394086e-37
3.6416339663725982e-37
2.052230923131011e-37
1.1435522657144878e-37
6.300654471804586e-38
3.4325364680794037e-38
1.8490323358549874e-38
9.848581885977036e-39
6.430886655554622e-39
3.36150007097371e-39
1.7373816772209227e-39
8.878859630202987e-40
4.4866168382044205e-40
2.2417160977451094e-40
1.1074957640243497e-40
5.410076046139025e-41
2.6131509415703316e-41
1.248031225010523e-41
2.401551546007267e-35
3.374973627079319e-35
4.683858029476882e-35
6.419362472109367e-35
8.688301860536674e-35
1.161268715665693e-34
1.5327995809208949e-34
1.997987840136638e-34
2.571906224688009e-34
3.269431475418761e-34
4.104347937819108e-34
5.08827906270842e-34
6.229490021981056e-34
7.531628466244645e-34
8.9924928846226e-34
1.0602935962774127e-33
1.1751637761473574e-33
1.3569665222254707e-33
1.5473718487135103e-33
1.7425091635265768e-33
1.9459423085320492e-33
2.139333878501368e-33
2.3232713706495587e-33
2.492440936539895e-33
2.641753315544414e-33
2.7666305448989637e-33
2.863277558613836e-33
2.9289162777449216e-33
2.96196184620107e-33
2.9621249001275325e-33
2.9304298025486602e-33
2.869146018091349e-33
2.7816374713636e-33
2.8040448615960485e-33
7.636888534786178e-33
1.2288083802194086e-32
1.593371050383689e-32
2.079675073170859e-32
2.718103714055708e-32
3.5430349368450785e-32
4.592279176361662e-32
5.906085248460474e-32
6.94929874858698e-32
8.795174434840637e-32
1.1011904293378866e-31
1.3632041102422979e-31
1.6679427362520395e-31
2.0165802655116145e-31
2.4087447825407714e-31
2.842214999631694e-31
3.312680382425824e-31
3.8135968102199442e-31
4.336166677484084e-31
4.869465699018077e-31
5.401167753138971e-31
5.929556551702707e-31
6.429446060622675e-31
6.878231280857854e-31
7.269862484737166e-31
7.592220727641046e-31
7.8354950817901505e-31
7.992811498599653e-31
8.06069613979277e-31
8.03933037623605e-31
7.932571321364376e-31
7.747731469150308e-31
7.495131677674866e-31
7.2952791668050395e-31
6.958762433346368e-31
6.5914206962492606e-31
6.20823765588198e-31
5.82347327143851e-31
5.449899529398889e-31
5.098177699217262e-31
4.776414263732731e-31
4.489916230871966e-31
4.241149462577892e-31
4.029887618734189e-31
3.8535256591195764e-31
3.70752154632315e-31
3.586298264190022e-31
3.482453156337408e-31
3.3891923542557425e-31
3.2996976572330373e-31
3.207842646032031e-31
3.108541844995771e-31
2.9979884815779976e-31
2.8737768133627998e-31
2.7349138156733024e-31
2.581732507801031e-31
2.4157249171608864e-31
2.239316389912272e-31
2.0556045850434702e-31
1.930791117811356e-31
1.742753972677606e-31
1.5569167867638632e-31
1.3766225640409478e-31
1.20480325693916e-31
1.0438615523197383e-31
8.956035447955895e-32
7.612189548436318e-32
6.413025312705027e-32
5.359082659838737e-32
4.4462705583567984e-32
3.666783857815299e-32
3.010073199421903e-32
2.463793671698802e-32
2.0146741403573728e-32
1.6492667921047503e-32
1.3545535739546749e-32
1.1184014939713459e-32
9.298712677010148e-33
7.793931054061084e-33
6.588295011570478e-33
5.614479786437044e-33
4.818273479090486e-33
4.1571971359722325e-33
3.598878486436326e-33
3.119341621128981e-33
2.8346710388804902e-33
2.4507280458129965e-33
2.3349290663782337e-33
2.11617221317136e-33
1.1060448782922723e-32
1.9061927875478405e-32
2.5208435785385625e-32
3.329043993331592e-32
4.3743926801750465e-32
5.705988184620734e-32
7.377678533293702e-32
9.44677392466217e-32
1.1972150272628496e-31
1.5011705030052138e-31
1.8619173940009041e-31
2.284037670013223e-31
2.7709027656917806e-31
3.324231927764779e-31
3.9436554215226544e-31
4.6263157974593315e-31
5.366543977573406e-31
6.155647610927616e-31
6.981846348076178e-31
7.830382076513417e-31
8.683821827089217e-31
9.245893099514963e-31
1.006316376551332e-30
1.0830149985599925e-30
1.152520072067653e-30
1.2127646026581797e-30
1.2618811206345521e-30
1.2982975482997513e-30
1.320820671759562e-30
1.3287010390249893e-30
1.3216743606832028e-30
1.2999762222546832e-30
1.2643289651593686e-30
1.2159017547206553e-30
1.1562469138167642e-30
1.087261888085675e-30
1.010933931628771e-30
9.294578316349073e-31
8.450010303755796e-31
7.596418735442853e-31
6.752893049443598e-31
5.936192019558014e-31
5.1602969735504676e-31
4.436161885477617e-31
3.771652141961307e-31
3.171651091123488e-31
2.6383041814699734e-31
2.3197342754847498e-31
1.8959335599289053e-31
1.5339434264366442e-31
1.2292091191104645e-31
9.763457535796694e-32
7.695159511257535e-32
6.02751827782976e-32
4.702142591864847e-32
3.663882325246285e-32
2.8621776317059993e-32
2.251871529418526e-32
1.7935732542216127e-32
1.4536674473440103e-32
1.2040624175919468e-32
1.021762060263416e-32
8.883331978703356e-33
7.893254946702721e-33
7.13686564672556e-33
1.3686320561258732e-08
1.8897620928385713e-08
2.5793040551412434e-08
3.479949416623958e-08
4.641071979401789e-08
6.118411173143175e-08
7.973224584039078e-08
1.0270801065383117e-07
1.2081648266971175e-07
1.5265867166361743e-07
1.9067412090499228e-07
2.3541655978121418e-07
2.87314303748027e-07
3.466190828191848e-07
4.13354502343566e-07
4.872679633954574e-07
5.677903763387918e-07
6.540081771964199e-07
7.446519174018556e-07
8.381049936162699e-07
9.324349142933606e-07
1.0254479191681092e-06
1.1147658907529494e-06
1.1979224886872294e-06
1.2724735001709187e-06
1.336114748522837e-06
1.3867997401907306e-06
1.4228487210007911e-06
1.4430410531251438e-06
1.4466838315968749e-06
1.4336513613818206e-06
1.4043923582320433e-06
1.3599042979956929e-06
1.3016769593822398e-06
1.2561498630948828e-06
1.1794004724320784e-06
1.0946017092414603e-06
1.004213207669002e-06
9.106903163058734e-07
8.163764923366379e-07
7.234112281784068e-07
6.336580876144597e-07
5.486554554475092e-07
4.695906098320102e-07
3.972959048272228e-07
3.3226435694229627e-07
2.746808642690969e-07
2.2446469227728787e-07
1.8131872306819257e-07
1.4478122569826109e-07
1.1427647316340928e-07
8.916129972884567e-08
1.4161570664813808e-07
1.529091028938859e-07
3.006446522042763e-06
5.427962860943602e-06
7.414028789137021e-06
1.002260906604383e-05
1.3402471290100602e-05
1.6167126724676068e-05
2.121865356158131e-05
2.75334764253648e-05
3.5321442171419694e-05
4.479576558698398e-05
5.616291534571358e-05
6.96101663117823e-05
8.529115255389684e-05
0.00010331002040105796
0.0001237050517621292
0.00014643287539081493
0.00017135457444843083
0.00019822509889896278
0.000226687371454315
0.00025627231550962265
0.0002864057258207137
0.00031642245744274624
0.000345587853746973
0.0003731257154282642
0.00039825148812078356
0.000420208782853556
0.0004383069070661217
0.0004519568313062802
0.0004607029880468705
0.0004642485108803615
0.0004624719643322005
0.0004583535009706238
0.00044793095806615113
0.0004327399276921943
0.0004132836337604908
0.0003901887865925795
0.000364172113998113
0.00033600357988080264
0.0003064689108647401
0.0002763339450931395
0.0002463129980705629
0.00021704295468899322
0.00018906420536104386
0.0001628089144989252
0.00013859650603628576
0.00011663572816140858
9.703225773848172e-05
7.980054604338493e-05
6.487849544088645e-05
5.214357959727806e-05
4.1429153753176084e-05
3.253991503636057e-05
2.5265731719310183e-05
1.939333234456257e-05
1.471560335061089e-05
1.1038466854199019e-05
8.185486017197567e-06
6.66336008996423e-06
4.8473456393159876e-06
3.4859379495147405e-06
2.4782222228489957e-06
1.7416694821989e-06
1.2100299096119966e-06
8.31057939734249e-07
5.642496513522283e-07
3.7871809593216496e-07
2.512844050740092e-07
1.6482371440096802e-07
1.068755824564797e-07
6.850809387686236e-08
4.34120024020583e-08
2.719457322764479e-08
1.6840660490975447e-08
1.0309565996688128e-08
6.239157937421749e-09
3.732637813719513e-09
2.2075468971838604e-09
1.290649085830546e-09
7.459513517730054e-10
4.2620334389297777e-10
2.40728301158543e-10
1.3441301663957927e-10
9.056112038374071e-11
4.960539695561504e-11
2.686084975720285e-11
1.437851919172872e-11
7.608728503449713e-12
3.980278324652681e-12
2.058344841623605e-12
1.0522673115602467e-12
5.317863448260746e-13
2.656754023204467e-13
1.3121046640533512e-13
6.4060227885645e-14
3.091798951786222e-14
1.4751516677152463e-14
6.957683359357933e-15
3.2441064370345425e-15
1.4952983954951e-15
6.813383988783662e-16
3.0690218108781525e-16
1.3665926426109842e-16
7.263132535619772e-07
1.0055446547511498e-06
1.3761118569779934e-06
1.8615773856410791e-06
2.489335512109536e-06
3.2904913792083738e-06
3.937802793275555e-06
5.105711323628329e-06
6.543852959890374e-06
8.290596728497897e-06
1.0382765173113376e-05
1.2853318082081135e-05
1.5728686678282716e-05
1.9025875464518284e-05
2.2749498154318796e-05
2.6888958089769183e-05
3.141601605821523e-05
3.628300333970506e-05
4.142192994158289e-05
4.674470392053221e-05
5.21446166896118e-05
5.749916366861727e-05
6.267416533075636e-05
6.752903948045648e-05
7.192296263964116e-05
7.572155902318247e-05
7.880368168438453e-05
8.106781198935487e-05
8.243760720594738e-05
8.28661737427174e-05
8.233873249529269e-05
8.087346501974696e-05
7.939910801155875e-05
7.64966590308027e-05
7.285247235653014e-05
6.858373050376892e-05
6.382236540081617e-05
5.870832239698602e-05
5.338280959070272e-05
4.798198015934146e-05
4.26314288379043e-05
3.744178914119562e-05
3.250560698036777e-05
2.7895551345083253e-05
2.3663915258320786e-05
1.9843269732639473e-05
1.644806648496871e-05
1.3476944882853166e-05
1.0915484924274709e-05
8.739158147602919e-06
9.665498162026504e-06
9.251285723946246e-06
9.482576190402262e-06
1.0416993334537095e-05
1.2128821510669517e-05
1.4709132458723132e-05
1.8264137510093403e-05
2.1233454658641866e-05
2.667768495308113e-05
3.341951090195704e-05
4.157354588860649e-05
5.1235014976809736e-05
6.246758569411457e-05
7.613633574752401e-05
9.082976784363359e-05
0.00010707268075198649
0.00012471007903803343
0.00014351091912984535
0.0001631683127375209
0.00018775453203795408
0.0002096050396420654
0.0003549062272048251
0.0004456119930665265
0.0006153016910743606
0.0007591468411452438
0.0009394749482897701
0.0011648791685523452
0.0014530206578340684
0.0018020556036427314
0.0022294843796466382
0.0027476174567895814
0.0033686526272634497
0.004103989159866599
0.004662642184724954
0.005609036719015693
0.006689791476799704
0.007905895544583078
0.009253364925738576
0.010722498640271024
0.012297355407300706
0.01395552677171485
0.015668269933216655
0.017401042911394746
0.019114457013152838
0.02076562881497067
0.022309878851535462
0.023702690345279023
0.02490181229087596
0.025869370493752583
0.026573840556339184
0.026991740040679023
0.027108913476883077
0.02692131241326623
0.026435210784287434
0.025666839834043158
0.024641472293442067
0.023392027908356323
0.021957307574457473
0.020379987955335264
0.01927116091730447
0.017554899029798565
0.015813017498890282
0.01408518851171059
0.012406466011252866
0.010806312491050232
0.00930803325910911
0.007928604386056338
0.006678853505475044
0.005563932543394377
0.004584009241913953
0.003735099988432483
0.0030099691433488848
0.0023990283667595777
0.0019028356928180285
0.001490966239540078
0.0011599963194629085
0.001318323905750304
0.0013591235690992797
0.0017150749331331075
0.002048299349485417
0.002556897806530162
0.0032688646075013043
0.004217607368014357
0.005441113020878443
0.006980598276729056
0.008203488283700862
0.010363674173355054
0.01294920801358497
0.015996925789260416
0.01952211800468902
0.02353642483452544
0.02820296370837129
0.0332119125348883
0.03872838932918139
0.04453280971415498
0.05059568873605751
0.056800921016510755
0.06301405970193241
0.06908727887512049
0.07486571460995838
0.08019481652175033
0.0849282139569794
0.08893551363551211
0.09210941245712473
0.09441729840562112
0.09573944826463385
0.09609951905119973
0.09729658365074553
0.09650993964833146
0.09606122691038367
0.09512755218935644
0.09358464406641269
0.09206961944269108
0.09081849968360275
0.09007300458675617
0.0900720880039126
0.09104359102794266
0.0931961058991712
0.09671107374914001
0.10173511232084612
0.10837259474303794
0.11667857635424667
0.12665228234783465
0.13823150459468359
0.15128838518670024
0.16562715856366397
0.1809844572915801
0.197032739031847
0.2133872546376394
0.22961675289935193
0.2452578226750165
0.25983243626452296
0.27286791589159104
0.28391823913632847
0.2925853689275499
0.29853917232771293
0.30087598925546916
0.3018107940328419
0.2996003091560012
0.29427516913039753
0.2859719598700587
0.27492552926897884
0.2614560669980956
0.24595192290571863
0.22884943292148
0.21061119909989032
0.19170431404082838
0.17257993224323703
0.15365538882249338
0.13529977735139065
0.11782355822093787
0.10147241401671879
0.08642523392704637
0.0727958241294247
0.06063772585151905
0.04995138796678927
0.040692887469649476
0.03278341149005082
0.02611879488110541
0.020578530333291833
0.016033814745996872
0.012354348610249045
0.010319362855343732
0.007804921530788487
0.0058377172835567806
0.004317933648768414
0.003158397880245021
0.002284627003041258
0.0016342594949612398
0.0011560687237930655
0.0008087287976016618
0.0005594721789507005
0.0003827455347226613
0.0002589390472293328
0.0001732369230726666
0.0001146142476413403
7.498798974737026e-05
4.851762068337573e-05
3.104285647794926e-05
1.9641650145089068e-05
1.228989250406976e-05
7.604518422177373e-06
4.65316614854125e-06
2.8156476093745855e-06
1.6848475594707146e-06
9.970000219557677e-07
5.834204180661167e-07
4.056446027238873e-07
2.3299747548395445e-07
1.3234504396746206e-07
2.6661336321348437e-05
3.742441904214345e-05
5.193097680684049e-05
7.119145931898555e-05
9.639473907034732e-05
0.0001289023884940865
0.0001702292786410854
0.0002220070021294083
0.00028592729365961513
0.0003636637849073082
0.0004567721182526414
0.0005665706159431894
0.0006940062338943496
0.000839513209894083
0.0010028743524721786
0.0011830969618079198
0.0013783165643814726
0.001585741650090922
0.001801651187089725
0.0020214537632164266
0.002239812856281454
0.0024508372644871977
0.002648329620683782
0.0027693976147523504
0.0029306744517033608
0.0030627014480178734
0.0031607967516124073
0.003221389937699548
0.003242237661561094
0.0032225615098333267
0.0031630962402479537
0.00306604424184042
0.00295943767183032
0.002808447285187415
0.0026367066814931596
0.0024510744531233346
0.0022587571348051125
0.0020669929870160025
0.001882758305444745
0.0017125109128327775
0.0015619801500281229
0.0014360071777067623
0.0013384344518250204
0.0012720394274854663
0.0012385052473892016
0.0012384205009742183
0.0012713009661740181
0.0013356282197999978
0.001428902626307701
0.0015055169268873136
0.0016390380888977188
0.0017906132406066311
0.0019548648641244523
0.0021259239826724756
0.002297606388007462
0.002464276116025532
0.002618689790070699
0.0027554931963123777
0.002869451531897122
0.002956136718632031
0.0030121193722694845
0.0030351171461506132
0.0030240875653205516
0.0029792572091335407
0.002902083843689058
0.0027951533433871337
0.0026620184050543455
0.0025069905926504575
0.0023349006828600723
0.002150844279451499
0.001959930070843348
0.0017670469514762355
0.0015766637163707718
0.0013926715089782296
0.0012182750796253475
0.0011085879404624244
0.0009552782138146308
0.0008164635654238276
0.0006926841357018551
0.0005838870209761382
0.0004895310040434992
0.00040870020170281636
0.00034021776356422083
0.00028275225991739766
0.00023491124711918663
0.0001953184695525664
0.0001626730491856301
0.00013579067300178107
0.00011362811299563278
9.52933532740831e-05
8.004415110695271e-05
6.727805791949914e-05
5.651683250819342e-05
4.738786673187203e-05
0.00018425454314378718
0.00023573590753773655
0.00030800102860206903
0.0004062245459873099
0.006711146896971994
0.009342880674292463
0.011571951139918034
0.019207223544613777
0.026056208969835775
0.03492053378590931
0.04623332434314019
0.0604676269831165
0.07812274377418041
0.09970443921724635
0.12569879036298376
0.15653999970976243
0.19257316047656
0.23401370963270948
0.28090605435304394
0.33308452234130703
0.3901402653378551
0.4514231116494437
0.515940419577162
0.5824907155505021
0.6496065057763146
0.7156232431552976
0.778737980852635
0.8370884926768977
0.8888426032172456
0.9322928595239789
0.965949805191699
0.9886267829206444
0.9972257295941375
1.0
0.9905716120407155
0.969288774253138
0.9370606783697988
0.8948176977964948
0.8441222429330413
0.7866666557828484
0.7298098159925969
0.6664726434680854
0.6025747585130135
0.5432779806552559
0.4849227344064918
0.43144468502136063
0.38418047353044654
0.344222380425268
0.31241639114414926
0.28936951771996233
0.2754625773926446
0.27086478301358907
0.27554711041560065
0.289292367055839
0.31170105394793607
0.3421933334408273
0.38000853469141
0.4242045100202911
0.4566667087043283
0.5089196001351032
0.5641884416148312
0.6209379376815046
0.6775189625247761
0.7322298730144093
0.7833617162226155
0.8293782113408253
0.8685880951933628
0.8997089566900971
0.9217506396488533
0.9338166069719559
0.9355282843004668
0.9268166165567693
0.907971188434653
0.8796286522408001
0.8427313902746433
0.7984759052502277
0.7482483291111688
0.6935526816902559
0.6359368573281216
0.5769212324985208
0.5179342850533101
0.46025877280523275
0.40499094293717564
0.3699287249595434
0.32052545050952286
0.2753853353808611
0.2348005618294366
0.19886684203010874
0.16751046409110187
0.14053622427381168
0.11760247227516962
0.09833518623176767
0.08230905247732816
0.06908616797026404
0.05823835518496434
0.04936427821625668
0.042101369948315794
0.03613293047552192
0.03119100957784798
0.027055841145455055
0.0235526634886968
0.020546750527870646
0.01793741203908852
0.01565161439130074
0.013637743627873756
0.011859895331494421
0.010292942664480451
0.008918514368472035
0.007721914279248236
0.00701643813409394
0.006086956305070054
0.005299922226786055
0.00464102832064494
0.0040951810551964375
0.003646812762700149
0.0032847469894978806
0.002986817059538622
0.0027421708334501864
0.0025382397930739636
0.002364160534410394
0.0022109472786489056
0.002071542309651534
0.0019435720049879722
0.001818997314381282
0.0016979331410235069
0.0015797175629513507
0.001464642378040498
0.0013536618468568324
0.0013856438172068668
0.001337925753688337
0.001321227840973254
0.0013296507239741197
0.006311275362588027
0.008250627798878635
0.011069848990232962
0.015713209962140682
0.020740070765757186
0.027315369313661478
0.035541001688993636
0.04582805116222651
0.05852419589487022
0.07398788209077466
0.09257358356641097
0.11461324654417916
0.14039427634412227
0.170134811556985
0.20395744506976884
0.24186295108622174
0.28370591659141536
0.329174404928519
0.37777585130408337
0.4288312674319318
0.481479493444759
0.5346926795317626
0.5873034325803328
0.6380431753316391
0.6855903111398471
0.7286258569174278
0.7658933980196716
0.7962596251883074
0.8121900545726574
0.8290477877352536
0.8369928014271455
0.8357636816455146
0.8253997373755936
0.8062388781973333
0.7788992812250338
0.7442462361592229
0.7033466499725607
0.6574145475157398
0.6077514457841083
0.555685668210723
0.5025145006431498
0.44945260926271197
0.39758940998001496
0.3478571870193003
0.3010108028763539
0.2576189173016523
0.21806582104463462
0.18256235162653695
0.15116392913153284
0.12379353983921156
0.100267491036842
0.08032867263065105
0.06364770916875906
0.04987988768327193
0.04214157110618817
0.03242949787874932
0.024965940962052714
0.018977133797955233
0.014380649173508649
0.011075353034201008
0.008612455805794743
0.0069250071083097045
0.0058744631433951915
0.005352337398355093
0.005276094001958809
0.005584719224166706
0.006234209052760414
0.00719314860185786
0.008438512230579901
0.009951782052321596
0.011715464974590504
0.013784594024317757
0.01601472317758762
0.018430905062698868
0.02099778792153396
0.02367244332248205
0.029749599363710043
0.03374518004406551
0.038085656509019
0.044531311628219473
0.04833357618615813
0.05461323778241251
0.061708749169750596
0.06978491585401608
0.07903240846258497
0.08966838246691548
0.1019084203998384
0.11598242744682198
0.13210316774928063
0.15045285761356167
0.1711639734627147
0.19429933492907753
0.21983288384598082
0.24763276726416034
0.27744839933258186
0.3089030974307552
0.3414936490375484
0.37459776984778226
0.40748988058295965
0.4393810541638862
0.4693924388859191
0.49667106699016894
0.5203816740648962
0.5397593298248322
0.5547788648816692
0.5640258723563378
0.5669654363309429
0.5664958952450716
0.5606539206605576
0.5489306391237727
0.5320718633292097
0.5106759177399569
0.48548446926106414
0.45791184688726294
0.4279497577559442
0.3969503077440696
0.3661206092300296
0.3358668172987901
0.3071710656318442
0.28068238142163215
0.2569174028610793
0.236238081860629
0.21885120755502258
0.20481296848968453
0.1940401737611117
0.18632691217511904
0.18136526951919424
0.17876866398523863
0.17809638594956392
0.17887802572389164
0.18063662613505735
0.18212218545464923
0.18449636842738473
0.186692925501512
0.18836551104572744
0.18923007839628792
0.18906923004196874
0.18773311373594864
0.18513729246192517
0.18125811903093447
0.17612620158634773
0.16981855574494448
0.16245000785276537
0.1541643506185854
0.14512566812151195
0.13551015345329262
0.12549864973293498
0.11527006238331691
0.10499572277027677
0.09483473260937958
0.08493028394636853
0.07540692776864233
0.06636875097305138
0.05789841197879535
0.05005697605960201
0.042884480261046076
0.036401144028164654
0.03246353197297691
0.02712565519547227
0.02244865138262391
0.018397997354305036
0.014930279608173253
0.011995868028755017
0.009541435600154769
0.0075122304275078485
0.005854030802365368
0.004514740717794138
0.0034456096939926855
0.0026020848049397773
0.0019443226944523902
0.0014374040776590057
0.0010513023620434402
0.0007606618235785936
0.0005444399468849989
0.000385464097812816
0.0002699457872862762
0.0001869875298867493
0.00012810868592279265
8.680848002984564e-05
5.8177154062087004e-05
3.930236444245294e-05
2.630346720683205e-05
1.7790990179095205e-05
1.3918564205809195e-05
1.0071122218898983e-05
7.947375250684784e-06
7.05544856628557e-06
7.075257834547994e-06
7.806364836001783e-06
9.129656208727976e-06
1.0979291402439711e-05
1.3322124630672699e-05
1.6142483782777035e-05
1.9430770528206797e-05
2.317482589009631e-05
2.7353387206580788e-05
3.231385845213386e-05
3.738145763217905e-05
4.276963740974262e-05
4.8398681692267074e-05
5.417234732943835e-05
6.394005546612833e-05
7.122575963308092e-05
7.88214847766969e-05
8.673723613338988e-05
9.501029990367842e-05
0.00010370954465327949
0.00011293721425172836
0.00011944761424373272
0.0001322549192087884
0.00014449618349291258
0.0001581337451729657
0.00017340700090668384
0.00021175399513924186
0.0003284382615655897
0.0003970943799709535
0.0004806206470610202
0.0006248819013332672
0.0007682420869439966
0.002046852529354555
0.0026972443976814786
0.0035376965800796136
0.00510835590605932
0.006664984010389406
0.008626759685787062
0.011069443375616413
0.014073169004740036
0.017719488943542246
0.022087436832923697
0.027248637863925642
0.0332615935589302
0.0401653789531631
0.04797310474054046
0.05666560284086934
0.06292569035364205
0.07294551269979463
0.08363086848000256
0.09476434701166743
0.1061509012621921
0.11753843858820404
0.12864548383977095
0.14015151593617792
0.1501642924658125
0.15911432124647648
0.16708936753336506
0.17350357003800243
0.17822362917901344
0.18129232612444424
0.18272300784419043
0.18260509690207882
0.18110046503836086
0.17845443458591123
0.1749117187576073
0.17079768353638533
0.166438665595557
0.16215577375030477
0.15886101146272627
0.15590398892732651
0.1537766201992239
0.15269361980167476
0.15296341610188663
0.153880157293923
0.1559076874453134
0.15893645537471793
0.16280173529780623
0.1672969656486656
0.1721889598984694
0.1772337703524502
0.18219199136973452
0.18684239258122887
0.1909929651165592
0.19448872690499494
0.19721594294396505
0.19910274482775694
0.2001164506112804
0.20025816189163267
0.19955542427425754
0.19805386120706467
0.19580871940548358
0.1928771967862729
0.1893122712878153
0.18515853063877247
0.18045024535682058
0.17521165999066696
0.1694592308468039
0.16320533854166125
0.15876368346897907
0.15170508575254155
0.14419335306460862
0.1362647299217364
0.12797001948242556
0.11937554897068516
0.11056250534638988
0.10162473514302135
0.09266526084813739
0.08379188341912283
0.07511230749049358
0.0667292403511362
0.058735881995021624
0.05121215070430179
0.04422188926843268
0.03781118501830574
0.032007825821386275
0.026821815485826787
0.022246794029531638
0.018262155776196002
0.014835632480173187
0.011926107794006774
0.009486449178756594
0.007466178192253901
0.005813843831977008
0.004891698544335146
0.003741732714779537
0.002831500986172289
0.0021197286038009367
0.0015698333273733165
0.0011542844431937371
0.000839391393355436
0.0006071798845666446
0.0004370130592960804
0.0003187734854157088
0.00023528716640338593
0.00018024407163679722
0.00014701537666896554
0.00013072634605581381
0.00012788227178517833
0.0002903371362207154
0.00036664460919543353
0.0004702092157538732
0.0006051015468148358
0.0008642193333046439
0.001110730766698096
0.00141635715001509
0.0017904635559129014
0.0022428476709848775
0.002783346564336097
0.0034213474114450407
0.003905036771422174
0.00472518206972273
0.005659800930259754
0.0067125144015634484
0.007881953211970699
0.009162448406901513
0.010560319707182707
0.01211380824895686
0.013682375813318765
0.015301441342814375
0.016966958647766303
0.018618617281092816
0.02094501747404671
0.02276480807284027
0.024576248891237315
0.02637429709921999
0.028565203309304985
0.03051288698893136
0.03254129124873125
0.03468558378262873
0.03700347454913738
0.03955626050932107
0.0424226123487709
0.04564501440773879
0.04929179326807836
0.053409516421418814
0.05643127559835822
0.061385591152277034
0.06733675561166834
0.07341985464491751
0.07993177847416078
0.08677548033219329
0.09410221325682737
0.10130963218977077
0.10843428165798216
0.11530397702831906
0.12174664683650648
0.1276000968962907
0.13272142231412787
0.13699527489810853
0.14034026449026246
0.14271907642189854
0.14411730269382425
0.1445724810743445
0.14415060301675406
0.14294393307181813
0.1410619658080466
0.13862295118620502
0.13574408376675545
0.13253316548038702
0.1290817219864786
0.12668829385137753
0.12298400179125844
0.1191753107720665
0.11527263421195183
0.11127093686644451
0.10714390629452307
0.1028661409098629
0.09840954103124504
0.09375376595556063
0.08888275084131964
0.08379960567252674
0.07852136557987736
0.07308078495996033
0.06752494099438139
0.0619125547557198
0.05631038802248816
0.050791848218301947
0.045422892504271464
0.040271655715133636
0.03539667415197037
0.0308462342380511
0.026656668133249132
0.022851574155787716
0.01944190347550271
0.016426790820751526
0.013794964705448769
0.012243830995665216
0.010203316104208571
0.008479473479570777
0.007039385416292362
0.005848745510285268
0.0048734213439443706
0.004080709400537409
0.003440267043693006
0.0029247328179321224
0.0025102416868144455
0.0021758902707565263
0.0019045288853831441
0.0016819975630036111
0.0014969403695203854
0.001340444933881882
0.0012056670249556561
0.0010874655839102022
0.000982065788340098
0.0008867607707797653
0.0007996568701164381
0.0007194628913446999
0.0006453207628942061
0.0005766730773339238
0.0005131620797534908
0.0004545777763493536
0.00040071908436080264
0.0003673825482781964
0.0003211388203563324
0.0002792892153288496
0.00024168099409996134
0.00020813515850954007
0.00017844420528838236
0.0001523732015041931
0.00012966335793027051
0.00011003740258059327
9.320612566373012e-05
7.887551121350152e-05
6.675391441965186e-05
5.655880296321253e-05
4.802266204530704e-05
4.0897764942052434e-05
3.495962669713124e-05
3.000907761368973e-05
2.587300440508007e-05
2.2403900398349553e-05
1.9478435000840042e-05
1.699529318274444e-05
1.487254801421795e-05
1.3044816450060797e-05
1.1460415980891597e-05
1.007869414274774e-05
9.254050451414933e-06
8.142364598949225e-06
7.161952813591734e-06
6.295073991476029e-06
5.527076934295506e-06
4.84565556636859e-06
4.240334050012754e-06
2.4006921140453607e-05
3.17455020251052e-05
4.8949321480178986e-05
6.585053006496101e-05
8.818325942478294e-05
0.00011720708839820591
0.00015433370262653404
0.0012070940787128435
0.0018691384781797519
0.0025849716498326236
0.0034905828965048403
0.005153956947251484
0.006836048366167575
0.009122082871213863
0.011836203433534417
0.015180461592453636
0.01924428252363258
0.024113151864086954
0.02986304982293849
0.03421630793505699
0.041557131664895434
0.04988501816152942
0.059183740070815574
0.06939667106219423
0.08042216217865873
0.09211094856530991
0.10426613072335647
0.1166461369633452
0.12897087405239846
0.14093102429059237
0.15220017047304205
0.162449152600616
0.17136181221198496
0.17865375079013818
0.1840780406422863
0.1874518308889525
0.1886586568881794
0.18765701117753747
0.18448271280502854
0.1792467831130369
0.17225344733012163
0.1635393503086871
0.15348052652550598
0.1424157317430454
0.13070283476436448
0.12264869683331062
0.11048011309208251
0.09847229089751806
0.08689208586189551
0.07597105909992942
0.06666665944495923
0.057973315260297864
0.05035824183625213
0.043979649071756596
0.039190379139792245
0.035632837711479216
0.03330475435989933
0.03228714318535541
0.032553017018295285
0.034067260449534946
0.036787890577586156
0.04066575002583766
0.04564278487112791
0.05164920307831723
0.058599928119386156
0.06639085007051299
0.07489542573701548
0.08396218448364945
0.09341365356551927
0.10307195491237249
0.11267182493020363
0.11893034168851337
0.12792034921066572
0.13620801293010265
0.14354641818974023
0.1497057021621979
0.15537079794492603
0.1590783869645662
0.16114973062461715
0.16165236661863314
0.1606186367368674
0.15877291834022728
0.15524733130427526
0.1507200032631187
0.14546201428337713
0.13977810083568873
0.13399203963428297
0.12843083990051177
0.12340864440880102
0.1192112299830912
0.11609424449688485
0.11422666491725648
0.11374299259965474
0.11469923888242059
0.11707903157333943
0.1207943384529913
0.12393890912121858
0.12997834531502403
0.1365149340488052
0.1436212908916515
0.15096910359278662
0.15841373940942838
0.1654469490850919
0.17178123876755833
0.17721191395315514
0.18152953905728084
0.18514087859084488
0.18703974112120192
0.18761253845439452
0.18690599132773592
0.18527721466252356
0.18247512450504386
0.1788813935440551
0.17472501776927082
0.1702478877488152
0.16569023056929516
0.1612767322079304
0.15720418601218783
0.15363137317633074
0.15067169541794057
0.1483897322239829
0.14679693718283462
0.14610234903056454
0.1455567324988674
0.14550910572568387
0.14582080048080873
0.14633028013769547
0.1468949549069351
0.1472856973512079
0.14735529870956124
0.1469489260321308
0.14594490254323142
0.14422628479641592
0.14172131492716122
0.13839558689396647
0.13424590671610484
0.12930289055659536
0.12362590636256314
0.11730183769426812
0.1104386057311885
0.10315987612158484
0.09559813065364481
0.08788994119820547
0.08016936302440344
0.0725667174798627
0.06519085952454336
0.05814259116374242
0.05150334070955675
0.04733564021241052
0.04150747897733733
0.0362080042654117
0.03144895178783935
0.027225161545645284
0.023517331665495484
0.020295115016709275
0.017520034976468812
0.015148348831395262
0.013133703993391052
0.01142964967920113
0.009990900431708739
0.00877657841134676
0.007749592603887602
0.006874233782226664
0.006123932647418288
0.005475480570327497
0.004910145795388268
0.004413163098244033
0.003973132098472918
0.0035813867695094273
0.0032313865445637363
0.0029181658866748454
0.0026378656870559873
0.002387357524284131
0.0022355677770078027
0.0020288881400737347
0.0018453528338258534
0.0016827146089260306
0.0015387766207131278
0.0014124340929639123
0.0012999195606193624
0.0012000299538184884
0.0011109467231354981
0.0010310094411884014
0.0009587343500118233
0.0008928251511572871
0.0008321763929458374
0.0007758704616653434
0.0007231693926128166
0.000673502631421327
0.0006264516469799928
0.0005817320529313378
0.0005391737249882642
0.0004986993503148862
0.00046030191345069376
0.00042402385054517996
0.00038992706859706096
0.0003580821964676031
0.00032854366164182714
0.00030133609461722446
0.0002844867151276584
0.00026110584132556724
0.0002399095057165202
0.0002207580653794536
0.0002034729817361365
0.00018784673232479792
0.00017365495380228748
0.0001606695318672847
0.00014867136154158073
0.0001374616372960574
0.0001268707731676285
0.00011676436355251005
0.00010704593561872013
9.765657439216055e-05
8.857178698858062e-05
7.979618766850481e-05
7.135671595294499e-05
6.329514297162266e-05
5.566058383208287e-05
4.8502631400764136e-05
4.1865579799091835e-05
3.5784036327958215e-05
3.028004959790119e-05
2.536172717556355e-05
2.1023191022220762e-05
1.7245630849467132e-05
1.5024541148074538e-05
1.2111137528016671e-05
9.660972409379243e-06
7.626721455090752e-06
5.9591283083383905e-06
3.139687802868786e-05
4.0427262136829276e-05
5.292913036477291e-05
6.968299551828378e-05
9.16038616072944e-05
0.00011973666026882177
0.0001552417177091444
0.00019936824377475034
0.001536822642708512
0.0020753567288472174
0.0027738568445789206
0.003669122451302959
0.005190046254475358
0.0069194759997290725
0.008927945506462878
0.011401395535824947
0.014410487424493319
0.01802606043282786
0.022315826547412383
0.027340393955805897
0.033148730864818766
0.037473224991998115
0.04464943065573231
0.0526455034507454
0.06142588545560775
0.07092253753192801
0.08103178564535413
0.09161273835733177
0.10249124826405737
0.11346092732587812
0.12428916724660306
0.13472461760820692
0.14450695025790708
0.15337561144568185
0.16108367568890974
0.16740775802415336
0.17215894930803238
0.17519241770244487
0.17641459773984078
0.17578801099793606
0.17333316380205666
0.16912742310448636
0.16330095738687192
0.15603004044002383
0.14752819881068968
0.1380358224094582
0.13128340966383092
0.12071167751949334
0.10983637712656018
0.09890169341023944
0.08813030530172437
0.0777167449407907
0.06782283581980351
0.05857524942782139
0.0500650713433448
0.04234960042803657
0.03545350249351068
0.02937496359222439
0.0240888718653361
0.01955230056039449
0.01570847725745447
0.012495986384433784
0.009840033291113683
0.007672761520321858
0.005925779727381158
0.004534668743250974
0.0034404312408289916
0.0026004217831106964
0.0019537307746538557
0.0014659560334295847
0.0011053728535661853
0.0008449997528050821
0.0007200647807409478
0.0005836657449519561
0.0004984051557097071
0.0004542399278586698
0.00044264295757976926
0.00045722069974515775
0.0004932094380829625
0.0005470443391985679
0.0006159985318732174
0.0006978871183015697
0.0007908300581767416
0.0008930678404237916
0.0010028243777938295
0.0011182122951569479
0.0012371764777730323
0.0013574722267183895
0.0014766745401674328
0.001592214879537355
0.001701441329449553
0.0018016974102258504
0.0018904140750186206
0.001965208760734913
0.002023984901030958
0.0020650251702149488
0.002087508228886841
0.0020901975062548616
0.0020808657949453906
0.002053772652678729
0.0020059423181845956
0.001941068258303363
0.0018610798656057367
0.001771124626807077
0.0016708079924726144
0.00156266351316919
0.0014508474248509167
0.0014580441587473223
0.0014135064269539398
0.0013792996750515878
0.0013752380197077868
0.0014088658061972936
0.0015986059881793215
0.0017948253750355936
0.0020534274936999555
0.002403664684680253
0.002853031283066879
0.003444287557634611
0.0041391868699090315
0.004968194573975886
0.00593820077337943
0.007052105096383018
0.008309369198707103
0.009307930447855819
0.010833877048077752
0.012477744257623774
0.014235003814151785
0.016085266194062038
0.018032063853435365
0.019977513153192263
0.021918890618291182
0.023819910146281806
0.025682043685922862
0.027409449049707407
0.029138868568891356
0.03101342959730908
0.03247801202650248
0.0338342012399747
0.03506405678394577
0.03620161727607827
0.03756027046123228
0.038721473895690785
0.039937680578501944
0.04126442317468765
0.042758780014188744
0.04447607838959648
0.046472214098260335
0.04877887469480822
0.05142921907792311
0.053394424287883796
0.056639820040402564
0.06022278375156338
0.06410539395508241
0.0682276490560889
0.07266581182551855
0.07709053714036289
0.08146616572199454
0.08568941067265812
0.08963534226873023
0.09324218173162568
0.09631834095648867
0.09876340058961296
0.10051314657370697
0.10150821589419272
0.10171620715397112
0.1011340254877039
0.09978612271811028
0.09772546988352285
0.09502870878025649
0.09179189731471511
0.08812470845373004
0.08414420547984568
0.079968244153054
0.0757096560987343
0.07146937697972945
0.0686960831810045
0.06466911542865034
0.060848579529420584
0.0572684986006582
0.05394352319966287
0.05087002745009793
0.048030324525334116
0.0453955466462909
0.04292979758586581
0.04059412506885526
0.03835019322109079
0.03616341238414813
0.03400535362198206
0.0318553521475367
0.029701280105292677
0.027539537974723586
0.02537437007964478
0.02321664986796276
0.021082303253079013
0.018990543699209647
0.016962082769642357
0.015017457594213534
0.013175585918662613
0.011452624086230809
0.009861167297797839
0.008409798094537268
0.007522406978270703
0.0063124131936655855
0.005245690225265642
0.004316990728318522
0.003518421949849399
0.0028401094859501533
0.002270860989024988
0.0017987865371623414
0.0014118443514221479
0.0010982924916087956
0.0008470380493712421
0.0006478844854444988
0.0004916847436001444
0.0003704125220186985
0.0002771691114337248
0.0002061282448340659
0.0001524658222182955
0.00011224836011482242
8.231999538350554e-05
6.0186285871505276e-05
4.3903119621701795e-05
3.197510638266407e-05
2.3265936238271793e-05
1.6921689316016267e-05
1.2306971198846112e-05
9.954297822948701e-06
7.243689120143516e-06
5.274799675569502e-06
3.845318606985286e-06
2.808488477995807e-06
2.0578846997624943e-06
1.516222315569882e-06
1.1272168820630083e-06
3.3788273383052266e-06
8.648740997955194e-06
1.1617493587791652e-05
1.564466499518687e-05
2.0974304674290503e-05
2.789100080044966e-05
3.673358589191228e-05
4.782114389610974e-05
0.00013959674498218344
0.00019850566945534812
0.00047067760261089485
0.0006362118392443486
0.0008508627835469835
0.0011257482611164817
0.0015226565571522322
0.0020428621805460077
0.0027420622706488527
0.00351861752821588
0.004121906639794144
0.00518644529219074
0.006450516209137954
0.007936243065503942
0.009697538325319813
0.011700657483760276
0.013951890260076014
0.016464153537383605
0.0192192934692709
0.022198673112112367
0.025369949021602126
0.028689915802832564
0.032105001217347814
0.03555238818590812
0.03896175733188227
0.04225759576700844
0.045364505487959936
0.04820110707025279
0.05069594466287518
0.05278285807697717
0.05440575283031117
0.055521114898164844
0.056113897679416984
0.05614819205838688
0.05570896756473993
0.05470999494049367
0.053768423558643676
0.051985393006987526
0.04980938780468506
0.047307198112279986
0.044583566753783804
0.04215406376677179
0.03939550114114838
0.036635433207775056
0.03401225543185912
0.03161001721116509
0.029507393859269804
0.02807279200243449
0.026885783000056836
0.026219712680436828
0.02612472514496964
0.026640304556401834
0.027794595883521345
0.029602122033182316
0.032064299952193544
0.0351672907514373
0.03888118021234562
0.043159124587495545
0.04793683813313076
0.05313257285627997
0.05864773415732508
0.06244621269407068
0.06823359192121181
0.07400819602012719
0.0796277705467045
0.08494669996317597
0.08982094041220504
0.0941133053401892
0.09769882631562671
0.10046988024289959
0.10234076697349358
0.10325144017781336
0.10317190751945356
0.10209721185110723
0.10005719938365054
0.09710578736860197
0.09332488213196725
0.08881715477653698
0.08370205319840775
0.07811044603551917
0.0721915250568277
0.06612618918538549
0.059962224544071505
0.05389828011264235
0.04798287896568975
0.04234523740472343
0.037066403980319615
0.03380494403015693
0.029277559523359496
0.025256642212341286
0.022348440438776526
0.019574103663252334
0.017384378501909485
0.01577968838920053
0.014754619334786633
0.014482377097232827
0.01472968056949722
0.015494431558279547
0.01682087152706656
0.018698573201698158
0.021112050380641935
0.02404472231516264
0.02747419290310651
0.031371326398834214
0.03569857906005003
0.04040849320509332
0.04544251368554942
0.050730276517521294
0.05622575048700074
0.061782066764031154
0.0673140653407569
0.07271538894180864
0.07787119609017047
0.08111459978360697
0.0856053172787898
0.08957454095718033
0.09288103412660748
0.09545957486014928
0.0972416582439007
0.09818172632354046
0.0982566932452399
0.09746775202485307
0.09584053612853628
0.09342354212408015
0.09033659669793635
0.08658576527177746
0.0823094569716144
0.07761957882086003
0.07263276641476873
0.06746894424680087
0.06226095522898222
0.057073129250154404
0.0520172399722042
0.04717737870828604
0.04261050597255083
0.038368527480819814
0.0344845556328426
0.03097702351246151
0.02885084762838619
0.0261257553308738
0.02367563950149366
0.02158966384637445
0.01984580267308909
0.018607216514513154
0.01757183414827001
0.01688300567345868
0.016419138703874268
0.016218850761971902
0.016270364335799006
0.016645844393341883
0.017242685115041984
0.018064252532142982
0.019129644720649642
0.020439760950292766
0.02199139524674704
0.02377824193749209
0.025788450937537555
0.028003757789906398
0.030398004349951567
0.03293641677958288
0.03565270405434588
0.03838062406096059
0.04109973656020143
0.04375472293051225
0.045456227284127064
0.0478593733104398
0.05001843777870676
0.051925731667201935
0.05344150231490849
0.05455989878051585
0.05525012098916134
0.05549719505456971
0.055297915843912346
0.05466636052355097
0.0536314143163749
0.05223422692747417
0.05052626616672102
0.04856637100588186
0.0464174793237687
0.04414326524838869
0.041804920680855194
0.03945829543006374
0.03715157299810851
0.034923608597081275
0.03280299766713094
0.030807882685000728
0.028946448941810456
0.02721801107943749
0.025614555232404964
0.02412257894284986
0.02318154196458653
0.02183669388114519
0.020555341114393832
0.01932009884874207
0.018116103595673328
0.0169319034396214
0.015760480207662714
0.014597433940176622
0.013443414643236532
0.012301996171563204
0.011179337655872486
0.010083433883160218
0.009023254441083109
0.008007954692346365
0.007046170000836057
0.006145439329097726
0.005311780941157759
0.004549427402724888
0.003860724972973686
0.003246252674007472
0.002704523305584087
0.0022328455730038516
0.0018271896780129085
0.0014825865987148073
0.0011934328386545335
0.0009538033246921497
0.0008185531044468337
0.0006480394991370383
0.0005116906650487242
0.00040355434738553655
0.00031896761126502923
0.000253647479120484
0.00020382656816572597
0.0001662876805019682
0.00013849652963018958
0.00011804437724439086
0.00010315845932258953
9.248004701755674e-05
8.49211238076067e-05
7.965695168611404e-05
7.607548360978841e-05
7.373184723176562e-05
7.230853753529453e-05
7.158153398696615e-05
7.13922544788245e-05
7.162505108275895e-05
7.218981843597812e-05
7.310646400970383e-05
7.414400959048081e-05
7.530007063153563e-05
7.649933907304618e-05
7.728412501415143e-05
7.8379731960579e-05
7.930640369639622e-05
7.998742019501537e-05
8.035291123064169e-05
8.034333725477741e-05
8.321483095050389e-05
8.405659532796387e-05
8.488239153554667e-05
8.561561895096707e-05
8.665459113150289e-05
8.83421722818785e-05
9.19382770245686e-05
9.628522065225643e-05
0.00010175715652799541
0.00010905237524670862
0.00011850040261808826
0.0001304129110157931
0.0001450656545944085
0.00016267911996355162
0.00018339876766449562
0.00020727595151702078
0.00023425077414895566
0.000264138239194239
0.0002966190667472614
0.00033123642743934157
0.0003552151440662713
0.00039201944619211783
0.000429121613805113
0.0004658343375622809
0.0005009957117710923
0.0005336873746885994
0.0005630364980307599
0.0005881844676574616
0.0006083746430772267
0.0006241506252832944
0.0006331980749904683
0.0006361111750664816
0.0006328698242984628
0.0006236628100119563
0.0006088782892190168
0.0005890839262687531
0.000564997968597422
0.0005374531189235198
0.0005084969051049306
0.000518200060196522
0.0005083687833148786
0.0005008682351274306
0.0005031888971198903
0.0005162483767927683
0.0005434564594653235
0.0006023515289962152
0.0006516847062059457
0.0007395687505506129
0.0008899809384760297
0.0010535563489685188
0.001251283831543343
0.001490140358886539
0.0017746285499949434
0.0021521353119290606
0.0025474748331604843
0.003013995269577919
0.003530195354080021
0.0040964146543856625
0.004715894242560483
0.005400888365665314
0.006127745217016813
0.006891624980052619
0.007743854287938488
0.008598593328823387
0.009474397927922039
0.010369216379238988
0.011275529279689389
0.012185795384572096
0.013092545039724362
0.014014997691515298
0.014914401591245402
0.015497997428472889
0.01635280720279096
0.017177983315624437
0.017968041174904
0.018717441192892054
0.019420456644413327
0.020071060315178798
0.02066284583406116
0.02118899764370969
0.02164232068312748
0.022015337128245147
0.02230045306344771
0.022490192877509866
0.02257749370388421
0.022556046670106904
0.02242066650162043
0.02216766664006079
0.021795214011449928
0.021303636394989927
0.020695656347013328
0.01997652897079684
0.01915406638051624
0.01823854466903245
0.017242461019733455
0.01618087075047477
0.015068587766218644
0.014307529269586096
0.013149159452754938
0.011986005023163994
0.010834653931404101
0.009710606984013125
0.008627819560439643
0.0075983326855123615
0.006632008436210457
0.005736376972626015
0.004941841714434502
0.004213868496219435
0.0035662037238754787
0.003000992763266528
0.002516356267662381
0.002109210153391551
0.001775574684453271
0.0015260794681983343
0.0013314008147682843
0.0011973261402407679
0.0011194492275055123
0.0010933448448343854
0.0011147919758036598
0.0011797510108559376
0.0012842957672568429
0.0014245138954857585
0.0015963864021091045
0.0017264719337402405
0.0019415170481008176
0.00217613349752806
0.002428468989111867
0.002687269076604764
0.0029489625592605487
0.003207246440036191
0.003455682922320653
0.0036878865353447117
0.003898257246974794
0.004080334081472615
0.004229598829820779
0.004342160974771433
0.004415038929908319
0.004586428214817869
0.004647859166955898
0.004673402756645296
0.004683034570057453
0.004685588515253657
0.00469106498308777
0.004731834975831225
0.004869971217400954
0.004997606637182529
0.005190348093796313
0.0054632941144456245
0.005830652449547745
0.006134331989578661
0.006694378852447195
0.007375236484161701
0.008184539280616611
0.009122892349110998
0.010188389494880892
0.011372873255182112
0.012663076017552236
0.014040631595209825
0.015482323525114354
0.016960582560202598
0.018444230900945466
0.01989945408771628
0.0212909645261832
0.022657774289742732
0.023856409908159182
0.024893690140388783
0.025751891074379623
0.026411645829040757
0.026860762912541334
0.02709199352914873
0.027148850029170852
0.02697306175259364
0.02661028901764765
0.026082750995659484
0.02565270678271102
0.024912322113129423
0.024085940247322375
0.02320603517824717
0.022304138232953585
0.021436093636545292
0.020587323136098432
0.019792003969582084
0.01906817405136853
0.01842524611725072
0.017866604853439407
0.017390515724435972
0.01700013621419758
0.016670439166703018
0.016387981454320515
0.016140197678488247
0.015910703238271255
0.015683725162515958
0.015445090916846012
0.01518300582457655
0.014888580868237014
0.0145560952149689
0.014194857688303166
0.013787960026358284
0.013344452596822168
0.012870873444805234
0.012541785057819508
0.012033705424619123
0.01151526691143757
0.010994126909993426
0.010485275756393622
0.009981972368749294
0.009494914886911773
0.00902790930433222
0.008583513765426314
0.00816313319009041
0.007767172134410593
0.007395219693037284
0.007046242585628155
0.0067187670577258584
0.006411036031305042
0.006121134185146648
0.005847079517851716
0.005586884788316559
0.0053413769248158525
0.005104118894611217
0.004875361057958436
0.004654083835423689
0.004437731598600034
0.004225397288925343
0.004016425250510605
0.0038090669561891555
0.0036716010518584633
0.0034662803913621163
0.0032619425513179417
0.00314470359497596
0.0029871766555212838
0.002835198283377856
0.002701077096450111
0.002591826988813085
0.002508746100896231
0.002458718312745925
0.0024820736758714894
0.0025424193157495252
0.002648657506793254
0.0028168083975150214
0.0030534894263080244
0.0033623454670093918
0.0037469488973751065
0.004209272443420635
0.004749071169316208
0.00539434225516751
0.006094416929741289
0.006857789949618129
0.00767739394349569
0.008541343110227242
0.009435237662907284
0.01003978950935974
0.010962330145342827
0.011863285693521176
0.012727315408818989
0.01353996221997826
0.014283614917415715
0.014942844886143782
0.015504333075902004
0.015959505082161075
0.016298498954766184
0.016517370262533207
0.016615956906720127
0.016596727703143237
0.016465051985330614
0.01622877978982042
0.015897731475154886
0.015483135227598054
0.014997051931570696
0.014451824569799026
0.013859584123202817
0.01323183657228021
0.012579146922831672
0.011910927098914396
0.011235325920489057
0.010559211930549726
0.009888234079808841
0.00944605606070427
0.008793341383150938
0.00815722458103413
0.007537988907104491
0.006938604158427257
0.006360747143100571
0.005806579344422023
0.005276338155000682
0.00477178672126303
0.004294130310912376
0.003844485887253984
0.0034238450797203375
0.003033024957831884
0.0026726144958248957
0.0024014049149776824
0.0021331768787070677
0.0018980770515294944
0.0017031021579696868
0.0015788197885187628
0.0014836949581841943
0.001434146967864988
0.001456767235771202
0.001527980771227681
0.0016520159609445088
0.0018377610435316464
0.0020983434008434087
0.002308057316602963
0.002676296849612827
0.0031132987301944514
0.0036183161500591343
0.004188959702058511
0.004820536353258335
0.005506081994091034
0.0062362692181862685
0.006999330132545746
0.007781326126139762
0.008566375239444594
0.009337114878860017
0.010103365498278368
0.01080480097142376
0.011452278136256827
0.01201181020940244
0.012477174363112747
0.012839373976104851
0.013091459835340241
0.013230244297158427
0.013274317755651915
0.013204123790108064
0.013035012963485889
0.012779276471241203
0.012452915832044224
0.012204177865373991
0.011797209348012034
0.01136565483983297
0.010926529979267744
0.01049561594481935
0.010087141678564452
0.009712549766290076
0.009380256739057251
0.00909539464331329
0.008859742523437185
0.008671844441209935
0.008527299530849066
0.008419199694108684
0.008338682502991187
0.008275561202200235
0.008229637003004251
0.008174211452835776
0.008104681200979366
0.008013362495044583
0.00789320911280511
0.007739141473947065
0.007548224456519441
0.007319709466647691
0.007060046906169558
0.006766194170733663
0.006443566316669879
0.0062163518922800495
0.005862606765031312
0.005500043307939242
0.0051363702634743755
0.004779143123379581
0.004435107595959231
0.00411032871164939
0.0038096941366139174
0.0035368184321070417
0.0032939625719939224
0.003082028253735341
0.002901201061823967
0.0027490502195175208
0.002623982957677432
0.0025217316985424194
0.0024387479415058405
0.002374025158866678
0.0023186578378677322
0.002270145052257657
0.002225336931918224
0.002180676470324247
0.0021339674700020955
0.0020827062329883557
0.0020259404037873715
0.0019645665276210545
0.0018968896487500458
0.0018485943442368951
0.0017725775381447991
0.001693502029581945
0.0016129658599159631
0.0015326806077905282
0.0014543477838485047
0.0013795797201733408
0.0013096861172210725
0.0012457633425160088
0.0011885432021923779
0.0011383902949585454
0.0010958672072915597
0.0010596939711545893
0.0010296452710599612
0.0010047935984958836
0.000984060486203956
0.0009662425601543903
0.0009500960712260915
0.0009355261909714639
0.0009197506904868445
0.0009023882379864392
0.0008827979199798981
0.0008605552763246803
0.0008543443470163394
0.000835501168897104
0.0008143464369651045
0.0008008717933800721
0.0007814628265702966
0.0007645468160987206
0.000751755607463275
0.0007459535425349677
0.0007543497149991689
0.0007700838967726958
0.000795496749667999
0.0008362193563875756
0.0008908134396317179
0.0009613193341503927
0.0010486196344138526
0.0011529612731838062
0.0012740511072510583
0.0014110376902032853
0.0015624672691108437
0.0017677326184482008
0.001962729725085758
0.0021659348827859693
0.00237923799348314
0.0026003775385930886
0.002827106193936924
0.0030573121860332556
0.0032891362727295883
0.00353853457435471
0.0037030770898177777
0.003943262278125883
0.004184699249931015
0.00442808842921239
0.004674881374666226
0.004925646113535618
0.00518216054225609
0.005445064121890435
0.005716737352935576
0.005994504642474686
0.006278571779568233
0.006567388808839395
0.006857428162642663
0.007144826503358701
0.007424503374589081
0.007690499254526401
0.007936214274147762
0.00817235153117666
0.008372877976985414
0.008529814470488842
0.008643242476621517
0.008776755577730666
0.008828965223849055
0.008844287572315227
0.008817542668468027
0.008765872791205217
0.008719961630172485
0.008633499256187602
0.008541209645714346
0.008480402085023894
0.008433873887790716
0.008416790792716976
0.00845418477155144
0.008551471947184405
0.008718434082521882
0.008963660626030495
0.009291049202807353
0.009700670101562465
0.01018854352172789
0.010746753503248172
0.011362750953933584
0.012020797660267458
0.012701832295352891
0.013384378011325576
0.014045448772583029
0.014661564468285497
0.015209815629592031
0.01566891379539109
0.016020163879336392
0.01624830033688337
0.016342139001897273
0.016301370274339772
0.01619202216489425
0.01591188480724711
0.015496089898071231
0.014955418450712974
0.014303817098371627
0.01355721493835166
0.012734398442893159
0.011855150919219348
0.010942811816447948
0.010013334526207182
0.009085852143963662
0.008180065800070186
0.007308579884919265
0.006485288743547637
0.005720326151903532
0.00502111910024497
0.004392412584885614
0.0038364231368993268
0.003353049477134148
0.0029401593831686165
0.0025939182064627624
0.0023091418195427785
0.0020796557568328994
0.0018986443622998187
0.0018179448433484366
0.001765109315935507
0.0017077210296518384
0.00168219158222337
0.0016845389495681244
0.0017117408668334336
0.0017617870933548945
0.0018336645658186292
0.001927276489571799
0.0020791297562385903
0.0022321747510352795
0.0024146725765153074
0.0026292702679953785
0.0028784936143536307
0.0031644196859461184
0.003488349820666261
0.003850501933437543
0.004249842787654505
0.00468351330426228
0.005147197494212257
0.0056347703397524465
0.00613842841288468
0.0066490284227944925
0.007155716912245616
0.00764715258122739
0.00811139792477233
0.008536840221964211
0.008792919151730454
0.009128412739891113
0.009399575404123322
0.009594029187828581
0.009708245730291568
0.009741097801717665
0.009688022044272812
0.009552162296031229
0.00933740152944138
0.00904975268436436
0.008697066501342976
0.008288669943022667
0.007834958313430293
0.007346964003928533
0.006835924295678775
0.006414293206775868
0.005943380767294137
0.005486602594128217
0.0050655760299677674
0.0047960518089223275
0.004532826151361637
0.0043422946713782265
0.004245674793126101
0.0042547641344839945
0.004445008357134307
0.004721873827229809
0.004984842463877418
0.005502960983915764
0.006234112953516861
0.007085542103797802
0.008101598116883924
0.009280148416927444
0.010614659399771994
0.012095353198589074
0.013702943511306893
0.015434174875059213
0.01723709184286182
0.019087454208689247
0.020952477881439772
0.022794172269710408
0.024573050341555495
0.02624935644138555
0.027786006280041978
0.029145036638177732
0.030306769375001884
0.031228165499831092
0.031948522285614046
0.03237875577895754
0.03254152079496633
0.03244570381472148
0.032102854755931144
0.03153122697707596
0.031034711840956814
0.030137579903933228
0.029085538246356398
0.02793457243387349
0.02674639413387317
0.02547674205781124
0.02419468154415516
0.022938119892891504
0.021736625160465643
0.020615546122636358
0.019595373270358103
0.018691314406159138
0.017931535511684745
0.017297559475475788
0.016790598854224646
0.016410604714169958
0.016148285362078234
0.015991171099186678
0.01592313789644052
0.015926870381517345
0.015983621419377123
0.01607429931522437
0.01617980128552268
0.016282128950325797
0.016364587987850867
0.016401078432478452
0.016418327303501897
0.016380731637464743
0.016279406491375104
0.01610793460646299
0.015862361223761806
0.015553570081560815
0.015163966972879667
0.014703004946539085
0.01417708891125555
0.013593005091057278
0.012959179748036495
0.012285134256619935
0.011581186028130703
0.010858468321642467
0.01013295717987147
0.009408696988403856
0.008696518602272644
0.008007549530275578
0.007350244062775718
0.006731852493521114
0.006158207195032204
0.0056335919594419975
0.005160698947491718
0.0047410374135462225
0.004373520269141803
0.00415678146769133
0.003871924650424767
0.0036443243586111516
0.00344912628541721
0.0032923607950849114
0.003165051033879121
0.003063177195255678
0.0029815197426516474
0.002915175604342101
0.0028598106848294015
0.00281179079457408
0.002773739741096364
0.002736852525168969
0.0027005318250377807
0.0026658859564138698
0.0026331636708539783
0.0026030629878331965
0.002576569278753647
0.002557143034096635
0.0025461191999631328
0.002539851576313503
0.002541177513947435
0.0025506995236104966
0.002568208765844723
0.002593012242635619
0.0026239513424817177
0.002647224568252731
0.0026859461803699445
0.0027269806644489433
0.0027691317175875738
0.002806527021256125
0.002839340550352866
0.0028683679687000487
0.0028878169468106287
0.002898875007578479
0.0029000454266626024
0.0028913089303688536
0.0028729539678740263
0.002844947224612102
0.002808150749818623
0.002763472528735745
0.0027119789189507214
0.002656769456843339
0.002682502070203155
0.002661515203235595
0.0026418617470724197
0.002635055541024107
0.002645075354246144
0.0026761132073818247
0.002732509770359732
0.0028186609566473383
0.00289476807159217
0.003072068757149671
0.0032822879631227587
0.003532771733571742
0.0038359094359959388
0.004194465979990834
0.004610007020797567
0.005082617752916216
0.005610644506859503
0.00619048128022074
0.006816423570285738
0.007480618727623543
0.008173082593590607
0.008881896094282637
0.009593467329009944
0.010292921165733425
0.010964587068426712
0.011592558544095894
0.012161295677253924
0.012656236293177591
0.013064379708111066
0.013374808463216842
0.013579117754670597
0.013671728999064459
0.013650072390109628
0.013514632533584928
0.013362714083545956
0.013046816057559654
0.01263222278769479
0.012129097722651663
0.011549253129344838
0.010905774455348823
0.010212530348062836
0.009483691224275302
0.008733275984146662
0.007974742710268386
0.007220635266131433
0.006482293895100558
0.00576963439875399
0.005090997324559783
0.004453065831607727
0.0038608485089646014
0.0033177213692993216
0.0028255215227929557
0.002384683670808012
0.0019944095853787975
0.00165286020872186
0.0013573599579704899
0.0011046032703636393
0.0008908543519836224
0.0007121324355150338
0.0005643765075414867
0.0004810938963520067
0.00037613771846315813
0.0002919045042070176
0.00022502994049224004
0.0001724920191854263
0.00013163105871230875
0.00010015108533719206
7.610648316752665e-05
5.787782109967956e-05
4.414051194820488e-05
3.382952458056276e-05
2.6102825749374746e-05
