N :Calcite
N :Gibbsite
Y :100.0% Dolomite, Diffracto n :387
N :Hematite
0.0
0.0
0.0
0.0
0.0
0.0
0.0
0.0
0.0
0.0
0.0
0.0
0.0
0.0
0.0
0.0
0.0
0.0
0.0
0.0
0.0
0.0
0.0
0.0
0.0
0.0
0.0
0.0
0.0
0.0
0.0
0.0
0.0
0.0
0.0
0.0
0.0
0.0
0.0
0.0
0.0
0.0
0.0
0.0
0.0
0.0
0.0
0.0
0.0
0.0
0.0
0.0
0.0
0.0
0.0
0.0
0.0
0.0
0.0
0.0
0.0
0.0
0.0
0.0
0.0
0.0
0.0
0.0
0.0
0.0
0.0
0.0
0.0
0.0
0.0
0.0
0.0
0.0
0.0
0.0
0.0
0.0
0.0
0.0
0.0
0.0
0.0
0.0
0.0
0.0
0.0
0.0
0.0
0.0
0.0
0.0
0.0
0.0
0.0
0.0
0.0
0.0
0.0
0.0
0.0
0.0
0.0
0.0
0.0
0.0
0.0
0.0
0.0
0.0
0.0
0.0
0.0
0.0
0.0
0.0
0.0
0.0
0.0
0.0
0.0
0.0
0.0
0.0
0.0
0.0
0.0
0.0
0.0
0.0
0.0
0.0
0.0
0.0
0.0
0.0
0.0
0.0
0.0
0.0
0.0
0.0
0.0
0.0
0.0
0.0
0.0
0.0
0.0
0.0
0.0
0.0
0.0
0.0
0.0
0.0
0.0
0.0
0.0
0.0
0.0
0.0
0.0
0.0
0.0
0.0
0.0
0.0
6.952385899256174e-36
9.813522592367679e-36
1.3674056445529233e-35
1.8808371533687396e-35
2.553797203144909e-35
3.422969299832586e-35
4.5289860830885653e-35
5.915348737533334e-35
7.626778011206004e-35
9.70696007280634e-35
1.21957009316169e-34
1.512556734468146e-34
1.8518165724337832e-34
2.238028662999113e-34
2.670021186009546e-34
3.1444533464320642e-34
3.6555858607181984e-34
4.1951762105129865e-34
4.7525293849382995e-34
5.314725020823466e-34
5.867028166368398e-34
6.393474421754001e-34
6.7219403136653605e-34
7.1688427248387844e-34
7.547182266870024e-34
7.843357478914892e-34
8.04638049454323e-34
8.148553225840566e-34
8.145951743009697e-34
8.038676364257462e-34
7.830845235979798e-34
7.530331975953412e-34
7.148270679528236e-34
6.698371666909731e-34
6.196106561324465e-34
6.249820271780714e-34
2.273417533936842e-33
3.862622018885384e-33
5.1371894194493605e-33
6.848304007889316e-33
9.105016408151376e-33
1.203085683764033e-32
1.5761709083632423e-32
2.0442033077750037e-32
2.62192104807886e-32
3.3235908666893146e-32
4.162053013230975e-32
4.8022490854234237e-32
5.889765947708262e-32
7.132519057877305e-32
8.527964377073749e-32
1.006662333877357e-31
1.173125955476124e-31
1.3496440125797979e-31
1.5328587197125925e-31
1.7186596294920556e-31
1.9023055723404768e-31
2.0786049015666237e-31
2.2421465056479516e-31
2.3875684320762025e-31
2.509846157709194e-31
2.60457919265173e-31
2.6682533389114132e-31
2.6984568429779423e-31
2.694031906777777e-31
2.6551482807760664e-31
2.583292411470873e-31
2.4811731050560626e-31
2.3525520491716213e-31
2.2020139701378855e-31
2.0346959888211602e-31
1.855998393381325e-31
1.6712993729186409e-31
1.5473674155000066e-31
1.3637487625446737e-31
1.1865166228517566e-31
1.019088265403663e-31
8.64068697928046e-32
7.232413093790245e-32
5.976083217953104e-32
4.8747067255034195e-32
3.925353506393578e-32
3.1203798406140243e-32
2.4486941436314584e-32
1.8969679515685894e-32
1.450720670752454e-32
1.09523153789146e-32
8.16256028126037e-33
6.0054445696297505e-33
4.361764430961517e-33
3.127357392448102e-33
2.213558834450301e-33
1.5466884847603734e-33
1.0668732941508351e-33
7.264755903215667e-34
4.883457142172355e-34
3.2406482003573365e-34
2.1229243918093714e-34
1.3728885411390838e-34
1.0193506713975005e-34
6.451903224484849e-35
4.031346570082857e-35
2.486625972946857e-35
1.514149695727404e-35
9.101755362287139e-36
5.401065921384479e-36
3.1639655818941564e-36
1.829708701702409e-36
1.044551997807794e-36
5.886756322433589e-37
3.2750649292939883e-37
1.7987118944976647e-37
9.752166573634572e-38
5.219614175661081e-38
2.757867867252469e-38
1.4384879999948252e-38
7.406904431984486e-39
3.7649994880100616e-39
1.889255768096691e-39
9.358671846070267e-40
4.576519115432897e-40
2.2092960284686535e-40
1.0528586836761372e-40
4.95317606234894e-41
2.9747265122815526e-41
1.3696928079588465e-41
6.225822495710921e-42
2.793622302319188e-42
1.2374737839663431e-42
5.4113005416963995e-43
2.3359556847773236e-43
9.95462274482002e-44
4.1877643902463427e-44
1.7391492949613022e-44
7.12998549144412e-45
2.885609414856589e-45
1.1528784686300446e-45
4.547016753345513e-46
1.770380372292341e-46
6.80461541039082e-47
2.581888658124267e-47
9.67093182906469e-48
3.575987402418713e-48
1.3053303718101347e-48
4.703722244449898e-49
1.6732453021325515e-49
5.875897846775167e-50
2.0369740326597044e-50
6.970971981383296e-51
2.3550369501295817e-51
1.1341946579558667e-51
3.750185848958582e-52
1.2240929737224516e-52
3.9443222868902733e-53
1.2546618948455292e-53
3.939828352432766e-54
1.2213049672645372e-54
3.737378867975166e-55
1.129032017298089e-55
3.3669872335702076e-56
9.912260568238164e-57
2.880712567482579e-57
8.26462341599108e-58
2.340680212168321e-58
6.544205325944749e-59
1.8062069771126665e-59
4.9212318405376927e-60
1.3236580075760138e-60
1.245663339388096e-08
1.7548246332648667e-08
2.440327681763434e-08
3.349993432707847e-08
4.539637240688254e-08
6.072670673878968e-08
8.01899041274331e-08
1.0453002253190253e-07
1.2384177208084535e-07
1.5798801750325886e-07
1.9895851289469e-07
2.473331268613511e-07
3.0351728935861577e-07
3.676765797390932e-07
4.3967308861391645e-07
5.190093557347742e-07
6.047862015545018e-07
6.95680686353296e-07
7.899496376188284e-07
8.854626503739433e-07
9.797662491473812e-07
1.0701781701986736e-06
1.1539077387525388e-06
1.228195407765559e-06
1.2904620507801548e-06
1.338456900349492e-06
1.3703923627090048e-06
1.3850544702621394e-06
1.3818794616243465e-06
1.3609897550783738e-06
1.3231861155071703e-06
1.2698967134962945e-06
1.2030875941368425e-06
1.1251423790024256e-06
1.068299076843757e-06
9.777745506886988e-07
8.834174848941278e-07
7.879064163400419e-07
6.936887778770139e-07
6.028872306739664e-07
5.172361701077455e-07
4.380493842881513e-07
3.66217122826333e-07
3.0222863066515605e-07
2.4621468143464746e-07
1.980038674791022e-07
1.5718633417015045e-07
1.2317917279368666e-07
9.528864821849969e-08
7.276565347037298e-08
5.4852078244686675e-08
4.081700408803758e-08
9.984486007659711e-08
1.19859053684851e-07
2.865587938220222e-06
5.25878635295747e-06
7.316779453966937e-06
1.0055445565111548e-05
1.3646355959057236e-05
1.660966724408433e-05
2.206759177739256e-05
2.894590933082301e-05
3.748423356347147e-05
4.792197105443531e-05
6.0484343914686225e-05
7.536545642837174e-05
9.270904599025373e-05
0.00011258796171367809
0.00013498380339994098
0.00015976847613922358
0.0001866896152095661
0.00021536186005384638
0.0002452657660923898
0.0002757557219571102
0.0003060775989216382
0.00033539604212095024
0.0003628303932509855
0.00038749730934978076
0.0004085573222037337
0.0004252619761935646
0.0004369978794932967
0.0004433240625766531
0.00044399947399405753
0.0004389982235585873
0.00042851122917242866
0.0004186598836465695
0.00039999937742241196
0.0003772909378011023
0.0003513277937955422
0.0003229741053106667
0.0002931176330876059
0.0002626244872379859
0.00023229908873936717
0.00020285176745123485
0.00017487554128516478
0.0001488326851747331
0.00012505081185171355
0.00010372743755221827
8.494145576120063e-05
6.866962048016713e-05
5.4806045912088676e-05
4.31828345470043e-05
3.3590204758700957e-05
2.5794847165957584e-05
1.9555640367852506e-05
1.46362517195473e-05
1.0814499166814459e-05
7.88863082413783e-06
5.680878432133117e-06
4.038759225579851e-06
2.83464706016781e-06
2.222792174713892e-06
1.5270293833611568e-06
1.035653238391904e-06
6.934253725165855e-07
4.583565294427628e-07
2.99106183724953e-07
1.9269283924074867e-07
1.2255298992141386e-07
7.694853052454886e-08
4.7697406336252774e-08
2.918818817008554e-08
1.7633453391355568e-08
1.0516843080854402e-08
6.192287511994689e-09
3.599435893475275e-09
2.065548011907732e-09
1.1701824262585734e-09
6.544691459961261e-10
3.6136160733081004e-10
1.9697538711440899e-10
1.0599830690767139e-10
5.6312238813711375e-11
2.95340797495624e-11
1.529187560145111e-11
7.816540996350395e-12
4.96152512065453e-12
2.482349904243899e-12
1.226103114773258e-12
5.978703970771568e-13
2.878081063084529e-13
1.3677753323073208e-13
6.417149221653944e-14
2.972247601542059e-14
1.3590741554912702e-14
6.135027118746639e-15
2.7340397422494264e-15
1.2028403800358882e-15
5.224272807929297e-16
2.2400525024330825e-16
9.482107523126659e-17
3.9624674302829716e-17
1.6347092013930947e-17
6.657774753437281e-18
2.6768947277786664e-18
1.0625439477441068e-18
4.163664574366427e-19
8.410853116357855e-07
1.1790227876396135e-06
1.6314949523613378e-06
2.2285924507429966e-06
3.0050863839209405e-06
3.6415508474248295e-06
4.805607823538534e-06
6.260249736588796e-06
8.050379919179965e-06
1.0219331311941393e-05
1.2805895904680353e-05
1.5840863086753916e-05
1.9343234577465584e-05
2.3316359452431336e-05
2.7744299905016495e-05
3.2588786116232765e-05
3.778713651684374e-05
4.325149926807248e-05
4.886970701490217e-05
5.450792998136518e-05
6.001516832636743e-05
6.52294554236549e-05
6.998546655459157e-05
7.412306286313552e-05
7.749616943319842e-05
7.998130776747853e-05
8.148509023313486e-05
8.195004299419704e-05
8.13582513853032e-05
7.973250540866517e-05
7.713484324886914e-05
7.490991002740061e-05
7.09234915362186e-05
6.628607820427234e-05
6.115555717127455e-05
5.569688602752842e-05
5.007342377959303e-05
4.443907853983744e-05
3.89317734924622e-05
3.366857347796535e-05
2.874263825224815e-05
2.422199595059364e-05
2.0149979586195312e-05
1.6547053799242577e-05
1.3413685898125479e-05
1.0733885816865843e-05
8.479049973074283e-06
6.611786231459397e-06
5.089461082033536e-06
3.867284984347578e-06
2.9008277484625216e-06
2.1479248892108703e-06
1.5699926704818126e-06
1.132811226831121e-06
8.068612322776795e-07
5.673114369311022e-07
4.453641065530309e-07
3.064598216249256e-07
2.0816766042394563e-07
1.3958358975267039e-07
9.239252798272329e-08
6.036993694906189e-08
8.127837544517706e-07
1.111585360599969e-06
1.522261854249208e-06
2.0716089974637375e-06
2.791484640597552e-06
3.7183441581819066e-06
8.710217789559852e-06
1.1731991251173586e-05
1.5625120379587212e-05
0.0001867881172711679
0.00026013981367683646
0.0004505853589417421
0.0006161482921053471
0.0008322080609477864
0.001110189603608008
0.0014627259375469312
0.0019033256460727753
0.0024458675704597623
0.003103911431237045
0.003889828191044454
0.004489953253576906
0.005509951106944301
0.00667686318334383
0.007989288462481274
0.009439468536211677
0.011012463358058904
0.012685665478979136
0.014428754361590324
0.01620416804956747
0.017968132700759434
0.019672243758087897
0.021265540034706217
0.02269695927916673
0.023918017123198746
0.02488551684396323
0.025564080225165528
0.025928293269787683
0.025964285450732694
0.025670605722185904
0.025058318214072797
0.024150308909254622
0.022979863984248953
0.021588643065494174
0.020024219531989625
0.01833739015161623
0.01657946522133965
0.015392511988203031
0.013623637757767058
0.011904918084527406
0.010270913329768122
0.008748642665459177
0.007357341565918668
0.006108709609560402
0.005007559097444644
0.004052756097178991
0.0032383396080056057
0.0025547101124043987
0.001989793268738954
0.001530104790305026
0.001161665464343088
0.0008707379458252484
0.0006443771906222645
0.0004708027052068718
0.0003396124863425783
0.00024186557726562377
0.0001700630616284638
0.00011805686274341136
8.09128671387362e-05
5.4750594448794316e-05
3.657672053489987e-05
2.412487882988355e-05
1.570976670150751e-05
1.171888074082642e-05
7.4701711649482365e-06
4.701306084080091e-06
7.089839016344068e-06
7.634470736391067e-06
9.168428909407036e-06
0.00017701601575126775
0.00024709527618133764
0.0004277367073577347
0.0005863334282374322
0.0007936966859269908
0.0010608681511044497
0.0014000581624605663
0.0018243169121798305
0.00234703903990478
0.0029812911014046
0.0037389662299169716
0.004629789047137342
0.0056602152607391236
0.006832292426433137
0.008142568448419124
0.009581149549650793
0.011131016648149507
0.012767705745948424
0.014459442406541288
0.015599110673706887
0.017294417465182538
0.018930946100885932
0.020459681794922906
0.021831597358126592
0.02300022863276013
0.023924271745133074
0.024570001072726264
0.02491331101819732
0.024941209359774952
0.024652633214628683
0.024058516176717438
0.02318110072290618
0.022052556177974084
0.020713021956801813
0.01920824195191157
0.017586984090371044
0.015898446904433976
0.014189842692344157
0.0125043171521489
0.010879322818392882
0.009345513940245997
0.007926179634734206
0.006637185745326624
0.005487358184270592
0.004479214406986395
0.003884626656098961
0.003104223487067179
0.002449151421339238
0.001907818882127536
0.0014672947890379936
0.001114182152482404
0.0008353211156989221
0.000618313884877523
0.000451879498116696
0.00032605749196010453
0.00023228621099673626
0.00016338423708510904
0.00011346296281570281
7.779560685664425e-05
5.266386689403224e-05
3.5198718271309594e-05
2.3227212139504676e-05
1.5132934015534703e-05
9.734298767050263e-06
6.182175591012262e-06
3.876437318923285e-06
2.3998195058363796e-06
1.466825249260511e-06
8.851803128742624e-07
5.273977308563659e-07
3.102397656746281e-07
2.1626597925704145e-07
1.2453771009196137e-07
7.080517183154229e-08
3.9744773065553885e-08
2.2026499497418475e-08
1.205204762336246e-08
6.51066795754253e-09
3.4724744013237767e-09
1.8285245248310612e-09
9.506270720965271e-10
4.879402304676147e-10
2.472689211759047e-10
1.237138395743934e-10
6.110999647678558e-11
2.980237114352079e-11
1.4349386168235232e-11
6.8211738779028445e-12
3.201308656429247e-12
1.4833305499678878e-12
6.785621351749814e-13
3.0646572303519024e-13
1.3665140769643522e-13
6.015691192775065e-14
2.6145411445235765e-14
1.1218718330912402e-14
6.3370135432887526e-15
2.6617086566726118e-15
1.1037540684695975e-15
4.518760444751328e-16
1.8264206129990615e-16
7.288128808378175e-17
2.8712057416729693e-17
1.1167215519177746e-17
4.288022607273377e-18
1.6255491085768271e-18
6.083776577591771e-19
2.24789400440877e-19
8.199872293780135e-20
2.953019496137672e-20
1.0499117263045182e-20
3.685240097836965e-21
1.2770403063285026e-21
4.36886400240973e-22
1.4755598970464593e-22
4.9200424960760824e-23
1.6195854221309722e-23
5.263336889771924e-24
1.688651821159284e-24
5.348599519822248e-25
1.6724790022102216e-25
5.16300156593259e-26
2.3415233779298388e-26
7.075436227601582e-27
2.1109235183523796e-27
6.219880203492972e-28
1.811958142158253e-28
5.23946884087812e-29
1.5254023969235301e-29
4.689958075294205e-30
1.728043727087196e-30
3.084459005760484e-05
4.336563913652564e-05
6.018577893386332e-05
8.245621677493905e-05
0.00011151526200100466
0.0001488766536637225
0.00019620057373261063
0.0002552438769915022
0.0003277870391808936
0.00041553691125390267
0.0005200065598515057
0.0006423761709872423
0.0007833419911612411
0.0009429632729270534
0.0011205197955627157
0.0013143943207463754
0.001521994908507877
0.0016662881175611658
0.001888309877480401
0.002112408067949434
0.0023327261362242778
0.0025429105182124215
0.002736401287996202
0.0029067647123052205
0.0030480448811156875
0.0031551079348102317
0.0032239512735928676
0.003251951822216414
0.003238031889618433
0.0031827280038565246
0.0030881565932739546
0.002957879574036961
0.0027966817440621817
0.002610279374424367
0.002404984718192042
0.0021873538032545366
0.0019638446739164224
0.0017405103891514947
0.0015227460786350906
0.0013151029281180365
0.0011211749471433257
0.0009435575846490371
0.0007838714018818295
0.000687766430687033
0.0005591817985350598
0.00044879340244247026
0.0003555668679903874
0.000278084955352603
0.00021469161670170398
0.0001636191243645978
0.00012309330344866418
9.141472875140204e-05
6.701612431135529e-05
4.849799966970655e-05
3.464573103737773e-05
2.443188738828996e-05
1.7007704104448264e-05
1.1687341930680181e-05
7.928064849973625e-06
5.308844721269202e-06
3.5092494201476577e-06
2.289864772585683e-06
1.4749823388012328e-06
9.378754968312498e-07
5.886876758681689e-07
3.6475905640677683e-07
2.2310464291633457e-07
1.3470773009134723e-07
9.554185561293559e-08
5.645640547245238e-08
3.293170075109692e-08
1.8962538792052976e-08
1.077854624163335e-08
6.047909465986131e-09
3.3498993505080766e-09
1.8316378986278441e-09
9.886188080251246e-10
5.267438831669244e-10
2.770457668848712e-10
1.43841737897833e-10
7.372244149869156e-11
3.7298887851718215e-11
1.8628309320611636e-11
1.1447704985264485e-06
1.6184340649620068e-06
2.2586788042308794e-06
3.111686550527958e-06
4.2317380039488535e-06
5.680978517306151e-06
7.52850821070618e-06
9.848636355403911e-06
1.271817110493344e-05
1.6212672533756546e-05
2.0401680573282456e-05
2.3609423332499986e-05
2.9075845612421155e-05
3.5347663667139764e-05
0.00017364758623325855
0.00023586684452437187
0.0003179325439877797
0.00042505162131414626
0.00533875387176878
0.008292306017396577
0.011502276805660266
0.018982407515693616
0.025857679885820904
0.0347903671921143
0.046231412420624875
0.06067444248738903
0.07864120745336378
0.10066033287336455
0.1272391294762527
0.15882881940032942
0.19578429348255988
0.23832035390935388
0.28646723786210454
0.34002895569147124
0.39854849520130753
0.4612841287899672
0.527200820613817
0.5722722935716007
0.6404336715727763
0.7077216005810748
0.7722657275224184
0.8321208798617546
0.8853620350101629
0.9301859464878681
0.9650120480623957
0.9885748046587652
1.0
0.9988585526350511
0.985193242652297
0.9595176031957788
0.922778401020032
0.8763051334218176
0.8217255700531508
0.7608724139056746
0.6956817166001962
0.6280919570125908
0.559950999079529
0.49293691325955546
0.4284969510979751
0.3678070259553302
0.31175210444607954
0.2609261584868988
0.2301155297398285
0.1885928695162584
0.15262770266369985
0.12197685533688528
0.09626490450466813
0.07502747683319029
0.057750635082479164
0.04390455032447533
0.03297048659132557
0.024460856755133282
0.017932693984373516
0.012995298996205166
0.009313070350226632
0.006604621989705127
0.0046392691322625305
0.0032318552182200038
0.0022367331496382556
0.0015415333369201336
0.00106117241174939
0.0007323959029833852
0.0005090148824319083
0.00035789400936313883
0.0002556757088069909
0.0001861788267187725
0.00013838501557065385
0.00010491694997335693
8.808613671407558e-05
6.856115842636218e-05
5.3898244409568455e-05
4.2597781722414555e-05
3.3704275873375245e-05
2.6602977029038976e-05
2.0888182514367573e-05
1.628034883499632e-05
1.2575570766009585e-05
9.61589589269169e-06
7.272593112719749e-06
5.43713750534719e-06
4.0165417501647585e-06
6.2648436146524345e-06
6.785438169182349e-06
7.969436005066511e-06
9.88854073647329e-06
1.2641814786004408e-05
1.6353073395088636e-05
2.782174458142398e-05
3.659463261454719e-05
4.771616809869319e-05
6.159035471163879e-05
0.0002911912496720541
0.0004346151245587342
0.0005912895176581807
0.0008102639936068581
0.0011298704689797693
0.0015059091361373578
0.0019850669975855794
0.0025875408289205656
0.003334803089694262
0.004248788425749008
0.005350795495702017
0.006660111426745652
0.008192395845602931
0.009957895383613649
0.01195959472059771
0.01419144250683833
0.016636815147136486
0.019267393636625687
0.02204262423748207
0.024909910014561106
0.027805636434752732
0.03065707228201867
0.03338511167671047
0.03590774111092778
0.0381440360000204
0.04001842390681881
0.0414649053535309
0.04243090512217793
0.042789444621321754
0.04288391446116781
0.042444343389329654
0.041486713883897186
0.040045966009235295
0.03817386897637829
0.035935920371054794
0.03340753275387731
0.030669817566679136
0.027805294252926285
0.024893837947162357
0.022009135642365205
0.019215855219446087
0.01656765298905953
0.01410606305211857
0.011860234857705619
0.00984742118836689
0.008074072399208659
0.006537366336507054
0.005226996613936327
0.004127052313753239
0.0032178456873906244
0.002485739402478301
0.0018951769693137382
0.0014301245312805183
0.0010701389964356402
0.0010944276861247016
0.0009943264501021051
0.0009651879427322582
0.0011253680039764473
0.0013676310632057685
0.0016980262193421834
0.0021606488043004837
0.0027725986293066617
0.003553607593767945
0.00452487668460715
0.00570762631519569
0.007121375770719655
0.008781997183758458
0.010699624519157255
0.01287653476996023
0.015305152168149176
0.017966351315899326
0.02082824643105743
0.023845646911779688
0.026960331360519698
0.030102242638847174
0.033191637858133775
0.03614214478310865
0.038864587854820484
0.041271362630601556
0.04328106720499586
0.044364816150271165
0.04556293385667942
0.04621031979316821
0.0462829052080966
0.04577798490966692
0.044714383566855816
0.04313128980811661
0.04108585884942246
0.03864978816860588
0.03590515217904999
0.032939832725201706
0.02984289828213925
0.02670026611730081
0.0235909326097224
0.020583984964794418
0.017736522325317642
0.0150925260293859
0.012682637044824174
0.010524731104253
0.00862513385798113
0.006980291640394743
0.005578707639185802
0.0044029655311298415
0.0034316886236132756
0.0026479123151305103
0.0020168582750030137
0.001671933608712819
0.0012516793285036634
0.0009463865996048725
0.0007111485272573765
0.0005423571609481175
0.0004273021211599199
0.0008078884844090962
0.0010337581481349141
0.0013108934121263342
0.0017077877009807035
0.002601403631041681
0.0034481156928033493
0.004538889201612603
0.005918515952338081
0.007635042016099889
0.00973772407079217
0.012274370653627876
0.015288088251149436
0.018813519652840775
0.022872738671720103
0.027471043882177845
0.03259296506238189
0.038198848945150556
0.044222415106318094
0.05056965938817094
0.05492220285010874
0.06152731956225323
0.06808026357875327
0.07440480052206286
0.08031584473836824
0.08562819139683568
0.09016601869197656
0.09377249172658261
0.09631874131188538
0.09771150245618848
0.09789878162402986
0.0968730728404127
0.09467184571810312
0.09137526197032593
0.08710131532763306
0.08199880674084806
0.07623873892445601
0.070004824218012
0.06348383803980312
0.05685651648866648
0.05028959909852187
0.043929471509093515
0.03789768751036406
0.03228846674889719
0.027168093271549322
0.02257599728140664
0.01981641077719712
0.016127631557310833
0.012962520068597296
0.01028917126157793
0.008065703363818056
0.006244155503584318
0.004773901276570216
0.0036044581025573286
0.002687644594230855
0.00197909847473055
0.00143921273912494
0.0010335770090977704
0.0007330255078127
0.0005133951932118509
0.0003550904172808346
0.0002425372503113678
0.00016359427907486723
0.00010896968307162851
7.167849079894094e-05
4.6560240568507946e-05
2.986636181498494e-05
1.8918541769410534e-05
1.1833920718593838e-05
8.363786443641288e-06
5.936391712859904e-06
4.730625398673888e-06
4.423521298707118e-06
4.536944085681392e-06
5.219371179067427e-06
6.402033895517712e-06
8.064721801050578e-06
1.0217279918078654e-05
1.2885901216006916e-05
1.610246523595253e-05
1.9895779005186436e-05
2.4284059284384086e-05
2.9268372030300048e-05
3.482702807448235e-05
4.091113104259471e-05
4.7441588465244024e-05
5.4307932378914e-05
6.136925512631999e-05
6.845745674533612e-05
7.538283480434921e-05
8.194184428794856e-05
8.792663795778934e-05
9.313579365171135e-05
9.738547170841422e-05
0.00010052014730659483
0.000102422046323932
0.00010301848694528701
0.00010267739938229791
0.00010107231694342932
9.821345017137169e-05
9.420871917093635e-05
8.920570215801147e-05
8.338261628527869e-05
7.970799206820166e-05
7.398732985998261e-05
6.84547402324383e-05
6.341259523506253e-05
5.916181852793675e-05
5.5994991951370334e-05
5.419014896961162e-05
5.4004888991335787e-05
5.567033671501749e-05
5.9384464663341454e-05
6.530440544323619e-05
7.353759736981867e-05
8.41319106320205e-05
9.706525371857633e-05
0.00011223551240250798
0.0001294519712351808
0.0001484295562350671
0.0001687872719547136
0.00019005205719436599
0.0002117049387001813
0.00022601705994102132
0.00027746957637563523
0.000309255974946505
0.00034319928523493764
0.0003797851847433414
0.00041974979626998487
0.0014448410791825079
0.002053410528779896
0.002712150109697163
0.003576555214716342
0.0053784923529850625
0.007085427057043224
0.009260847976294726
0.01199516755978872
0.015383272891715614
0.019520525574427447
0.02449754951177549
0.030393891555008358
0.03727077265839489
0.04516329224297149
0.05407259124533361
0.06395860171680746
0.0747340930929517
0.0862607485686579
0.09834795451704309
0.1107548536310149
0.11906434364742989
0.13135183176489315
0.143125586812586
0.15403574159875708
0.16373677985701346
0.17190549411217704
0.17825876479228286
0.1825698035850799
0.18468156372413363
0.1845162120998566
0.18207986691182576
0.17746219912001443
0.17083093409279773
0.1624217237152761
0.1525242415570286
0.14146564412945117
0.12959271147669307
0.11725401740654054
0.10478338702615735
0.09248569537185915
0.08062577592064067
0.06942087863154882
0.05903678244415413
0.04958736196440715
0.04113716003410453
0.033706344652591376
0.02931144077748566
0.023525314483926682
0.0186485255084639
0.01460033520263013
0.011289864576430155
0.008622245092875274
0.0065036281968036385
0.004844986622203252
0.0035647466031607806
0.002590368009427833
0.001859038424666864
0.0013176697943221912
0.0009223871379130304
0.0006376836494948448
0.00043539112583885375
0.0002935843185064478
0.00019550675423215654
0.00012857687089569612
8.350886387691227e-05
5.3563299150141e-05
3.3928401652988366e-05
2.122350364347036e-05
1.3110660369409485e-05
7.998011628625252e-06
4.818208729159914e-06
3.4128940662889833e-06
2.0133901323527865e-06
1.1729210658997907e-06
6.747477595922297e-07
3.8330283085666895e-07
2.1501394201205058e-07
1.1909989075790413e-07
6.514369738726875e-08
3.5184058090693027e-08
5.3472778765413636e-06
7.46848768662182e-06
1.031115068214761e-05
1.4060039086641703e-05
1.892916558310525e-05
0.00017560735570930702
0.0002694492362294762
0.00037243660404797323
0.0005084531706075009
0.0007816894613237579
0.0010482580085404754
0.0013887014680115867
0.0018173915875496374
0.0023495236255120346
0.0030005177024289816
0.003785224468100505
0.0047169441550500455
0.005425152667649574
0.006623587870856846
0.007987972412374433
0.009515645958551477
0.011196840308569569
0.01301384581481664
0.01494055345168967
0.01694247489166946
0.018978235163493066
0.020997427246860812
0.022946888574789773
0.024770164405040665
0.026410800251974568
0.027815211776026652
0.02893557983648544
0.029732553799220067
0.030177550309487874
0.030254460262164513
0.02996062174555937
0.029306976943197453
0.02831740002738405
0.02704305625789483
0.025503455558564998
0.02376178189728799
0.02187416508434435
0.019897906540169652
0.018558813292540482
0.017147388358662655
0.01543518722524417
0.013896333454867566
0.01258580616350491
0.011879862968638888
0.01130263178944352
0.011133474727468444
0.011418904065649585
0.012201748983826564
0.013520344636536771
0.01540712740859587
0.017886600957484185
0.02097272710143
0.024665891261996937
0.028949684090498976
0.0337878182430729
0.039121786409759315
0.04486833158868737
0.050920183547055305
0.05714647342393467
0.06339576656490635
0.06950676868468526
0.07529385237028195
0.0805809514264833
0.08374274702672707
0.08782242241847076
0.0909869490943164
0.09311649052363705
0.0941375154285353
0.09401335915744849
0.09275326416275341
0.09039878075079717
0.08703892289618237
0.08279383671360861
0.07781032585725574
0.07225351057675258
0.06629785763440926
0.06011825024151027
0.0538850799513338
0.04774509567353672
0.04183240255788376
0.03625457998146516
0.031093135290842473
0.026403337381115576
0.0222155628618681
0.018537845162030598
0.015359269779118242
0.012653850334999535
0.010384544816422439
0.008507121315609552
0.007449606892711358
0.00611833818289647
0.005050685130082187
0.004201670306084122
0.0035304744370919816
0.003001206338599635
0.002583444300725055
0.0022513125465959067
0.001984325788288
0.001766161419466134
0.0015842321999797859
0.0014290653973623828
0.001293704929911871
0.0011731687773271764
0.0010639797401798636
0.0009637761718547823
0.0008710008228599856
0.0007846603258942441
0.0007041447664639048
0.0006290957406397564
0.0005593117535708879
0.000494681224819463
0.0004351618884778146
0.0003806520470408846
0.00033109771827968343
0.00028639656929476667
0.00025922362233144814
0.0002222730416631483
0.00018969630161120928
0.00016123231571852717
0.00013658219405116958
0.00011541778791384706
9.739213310099486e-05
8.215078628410337e-05
6.934305124907413e-05
5.863219550193769e-05
4.9703947258806396e-05
4.227280817712257e-05
3.6085982603947275e-05
3.092497503193238e-05
2.6605115841856758e-05
2.297342301791308e-05
1.990528689841483e-05
1.7300478705607703e-05
1.5078941962445944e-05
1.3176744315339894e-05
1.1542463094362657e-05
1.013416783492421e-05
8.917060934939147e-06
7.86175366679527e-06
6.94309455249738e-06
6.395749197062108e-06
5.658249018174758e-06
5.006348605181343e-06
4.4260633825201445e-06
3.905949260975604e-06
3.436915688045859e-06
3.0119850086441685e-06
2.625995256965926e-06
2.2752604781979093e-06
1.957212497252046e-06
1.6700512339970115e-06
1.4124284984477548e-06
1.1831843760853435e-06
9.811475983897538e-07
8.050032678813981e-07
6.53224196945911e-07
5.240567178401796e-07
4.1554848613023804e-07
3.25604516682422e-07
2.5205816941061465e-07
1.9274558530282802e-07
1.4557464599172466e-07
1.085824027499285e-07
7.997768954492918e-08
5.816801324795066e-08
4.177163962244391e-08
3.326118233613727e-08
2.3382817099554922e-08
1.6229083514176454e-08
1.1120342971077818e-08
7.522471125797192e-09
5.0235865740501925e-09
3.311864088143631e-09
2.1554191215556155e-09
1.3848024598111793e-09
8.782896744852374e-10
5.498942213003676e-10
3.398677896999612e-10
2.0736180093416104e-10
3.986423584505938e-06
5.601748161570623e-06
7.770511911157539e-06
1.0640425167861363e-05
1.4383034718191857e-05
1.919215771564289e-05
0.00014531723085823228
0.00022130452746084876
0.0003053357309283137
0.00041621319798052045
0.000560509496706781
0.0008356058482270067
0.0011059753983286467
0.0013244257985339132
0.0017183844769849007
0.0022029545669155367
0.0027904355941863524
0.0034922841270959384
0.00431826339496251
0.005275487303657801
0.006367409935545294
0.007592829206040724
0.008944987695537426
0.010410862322224879
0.01197073522697407
0.013598129357503838
0.015260173064271408
0.016918429072872082
0.018530186342668724
0.020050171712313446
0.021432596044600308
0.022633411555331707
0.02361262785278688
0.024336517953434344
0.024779544914133558
0.024925855718790746
0.02477022068194024
0.024318340948488518
0.02358649913378806
0.022955501750037865
0.021818653666970958
0.02048789677549496
0.019006224060596953
0.017419027626572856
0.015771822410447146
0.014108140998958102
0.012467729764383387
0.010885140853888186
0.009388773734177252
0.008000378660106765
0.006734996814409215
0.005601281262590904
0.004602121393551227
0.003735481992317829
0.002995366130826692
0.0023891544513092995
0.001879800643865974
0.0014672433185660327
0.0011396581215468362
0.0008855631687606795
0.0006942656029348208
0.0010074078238184068
0.0011715106393119287
0.0013981025273508074
0.0016182526110840125
0.0020845833797692873
0.0029190122463798136
0.003910458169215314
0.005098104103663896
0.0065929504736440036
0.008441881776358002
0.011196644989486259
0.01417975216273626
0.017674675318311166
0.021788233723885816
0.026562874170208688
0.03238074217739354
0.03868956138773061
0.04573827531769957
0.053505100010808555
0.06194340347035805
0.07098036225266625
0.08051676095952041
0.09042802984809048
0.10056752734875886
0.11076643494939835
0.12084314144710706
0.13060555193334575
0.1398576599950204
0.1484057140682258
0.1536212360314438
0.16062403940272835
0.1664490465295667
0.1709774509280904
0.1741071487420573
0.1757640176835175
0.17593083547196217
0.17456731556792873
0.17172233583131608
0.16746455424515833
0.16189643220273606
0.15515106837997755
0.14738784473215055
0.13878713550161625
0.12954351031700603
0.11985947220784718
0.10993782922321149
0.09997465146323199
0.09015260155010504
0.08063510291402942
0.07156658663269243
0.06305229265723442
0.05517797360753111
0.04799857288507405
0.041540626132952584
0.035808614584078656
0.03237793684787426
0.02779442545899692
0.023841471108248892
0.02046192542964683
0.01759242053355588
0.0151677615861876
0.013124222687939623
0.011402108310441177
0.009947543229188754
0.00871351854000243
0.007660273292381854
0.006755127709743042
0.005971904096950799
0.005290076315889132
0.00469378044745668
0.00417080113016788
0.0037116236294353496
0.003308614449545137
0.0029553663514086236
0.002646219443719482
0.0023759502726944993
0.0021396064665257135
0.0019324557019018277
0.0017500141700742995
0.0015881205184876065
0.001489735809772505
0.0013539976235116774
0.001229934896225663
0.0011164324213555248
0.0010098204792720147
0.0009097642193070388
0.0008155645751015668
0.0007269175480635674
0.0006438182923863868
0.0005664625189616626
0.0004951531154454549
0.0004302180647074227
0.0003719436371490916
0.00032052473913196156
0.0002760324565076706
0.0002383973941873822
0.00020740645258078886
0.0001827101982880185
0.00016383791963288553
0.0001502212588639877
0.00014120434329947817
0.00013608531028460854
0.00013412957121831622
0.00013459554309453928
0.0001367566439350831
0.00013992172528693933
0.0001422721734238397
0.0001457288129007767
0.00014865355665337544
0.00015062563456465003
0.00015132368708379676
0.0001505297866581326
0.0001481291108149405
0.00014410517332433067
0.0001385308123529797
0.00013155544832763394
0.00012338941619440422
0.00011428640614440172
0.00010452518202539896
9.439176975216432e-05
8.416321725448816e-05
7.409383651492109e-05
6.440457320705975e-05
5.527584434942576e-05
4.684387562907912e-05
3.920029113161637e-05
3.239448549816699e-05
2.643815851610628e-05
2.131132055772624e-05
1.6969079806490775e-05
1.334858660029055e-05
1.0375619136012835e-05
8.714068776357153e-06
6.642597283803427e-06
5.006425647888669e-06
3.7318852867254333e-06
2.752332689038757e-06
2.0092464985116673e-06
1.4525817451890548e-06
1.040560273191581e-06
7.390702340598058e-07
5.208279390375388e-07
3.644281222336184e-07
2.533786657758591e-07
1.7518682111230853e-07
1.2053841852172208e-07
8.259082513606723e-08
5.638488300274746e-08
3.837044583245208e-08
2.603373068506595e-08
1.7611610322138403e-08
1.1877272414484719e-08
7.98253300526066e-09
5.3438346545235695e-09
3.5610763706019687e-09
2.360566544125792e-09
1.5553521934831925e-09
1.0178534126670049e-09
7.640458046777156e-10
4.935541891948423e-10
3.160599814669535e-10
2.00520131965659e-10
1.2596892410497023e-10
7.832089967125508e-11
4.8174814444106815e-11
2.9304570936006646e-11
1.7623470340887515e-11
1.0475540893241435e-11
6.565279989366844e-08
9.22217556874369e-08
1.2788185555045027e-07
1.7505384142809713e-07
2.365473775069802e-07
3.155346103198775e-07
4.1548721281985777e-07
5.40069778985559e-07
6.929845378555952e-07
8.777657429209606e-07
1.0975267328416887e-06
1.3546683285111086e-06
1.6505634904656102e-06
1.985239362870096e-06
2.3570831667898535e-06
2.6239857536954277e-06
3.049012069382176e-06
3.4973427725458387e-06
3.960031498094002e-06
4.426296134969497e-06
4.883865303263968e-06
5.319468897461909e-06
6.363872198797388e-06
6.979268057110788e-06
7.625381538237704e-06
8.316778170313658e-06
9.074676990342435e-06
9.927272966177185e-06
1.0909513005155158e-05
1.2062214146823774e-05
1.3430449221826987e-05
1.5061177038501608e-05
1.7000159049548363e-05
1.928827861736764e-05
2.1957456706026567e-05
2.502643164130918e-05
2.8496731834536188e-05
3.2349209973389124e-05
3.654151672143614e-05
4.100686495973087e-05
4.565436881950921e-05
4.879895318402889e-05
5.349001894119777e-05
5.802461637860916e-05
6.225460307804425e-05
6.603143767192033e-05
6.921442543597969e-05
7.167894573635076e-05
7.332401269013597e-05
7.407854935205344e-05
7.390584897025411e-05
7.280584639777038e-05
7.081501324480673e-05
6.800390093625398e-05
6.447256287146191e-05
6.034426721511007e-05
5.5758045959455124e-05
5.086070049136793e-05
4.579889350048982e-05
4.07119044247006e-05
3.5725520882618194e-05
3.0947397361458516e-05
2.646405349930243e-05
2.264503851383082e-05
1.9045375048739547e-05
1.5909984691668275e-05
1.325293257284981e-05
1.1748108228228498e-05
9.884781706084709e-06
8.48098985332667e-06
7.517554397110336e-06
6.972676878447577e-06
6.8235624658395484e-06
7.047266142776287e-06
7.620783871145825e-06
8.520484825283432e-06
9.721041444070549e-06
1.1194058774058464e-05
1.2906631061872839e-05
1.4820060192133027e-05
1.688895657140442e-05
1.9060908735345417e-05
2.4398569168158035e-05
2.786662269022689e-05
3.16852526788829e-05
3.6255399125768525e-05
4.108879661004017e-05
4.65378240936388e-05
5.273518029263488e-05
5.983818378324883e-05
0.0001819211887581791
0.00025462473515368853
0.0003054473104999287
0.0004007525671192761
0.0005238327918452672
0.000680840886684908
0.0009551386173266716
0.0012312703737206111
0.0015728527806361972
0.00198962510983937
0.0024914164551172336
0.003086138122892388
0.003781048369353357
0.004580806934456287
0.00548698170659694
0.0064973096709489905
0.007605054803785155
0.008798531886487044
0.010060863299380588
0.01137002668433031
0.012699234745027021
0.014017665116454865
0.015291529873013203
0.01649197393309637
0.01757320554009133
0.01850634607492546
0.01926143434673282
0.019813635388048135
0.02005970577790766
0.020236758162472647
0.020179204154213797
0.020091012830471402
0.019694520145143
0.01910775413129852
0.01838579425964603
0.017569350546178426
0.01670406122480659
0.015985496336897404
0.015228655157259087
0.014589870982436458
0.014119724546054094
0.013864443425208506
0.013864655975936684
0.014151176993751945
0.014746842858495356
0.01566302487987742
0.016899033429185983
0.018441370763604074
0.02026340338498477
0.02232609406301553
0.024576799420477816
0.026953085970610757
0.029383417840654128
0.03178987165414379
0.03334085760743025
0.03552746624055103
0.037475845998731175
0.03911382594365639
0.04037880453344184
0.04122107542777176
0.04160626361371545
0.04151694415718605
0.04095332245392726
0.03993292642405244
0.03848933828688674
0.036670068305271315
0.03453373747477823
0.03214678414384462
0.029579936658788598
0.026904698539977925
0.024190075240340524
0.02149973539865284
0.01888974966163104
0.01640699265150721
0.01408823478637718
0.01195989619184038
0.010038389521430536
0.008330945253604357
0.006836793396763421
0.00554856934194025
0.0047981706787356485
0.0038236430100029735
0.0030145155147182114
0.0023517275803026107
0.001815918275993441
0.0013882861253629187
0.001051224039965382
0.0007887429437664456
0.0005867093071502545
0.0004329318825888764
0.00031711467210899055
0.0002307516592286687
0.00016694189909636568
0.00012018786079123149
8.618346742980093e-05
6.160901828901014e-05
4.394292603309089e-05
3.129593899582737e-05
2.227015670831015e-05
1.584269334734751e-05
1.1272216384448474e-05
8.025652206712625e-06
5.7219514844173325e-06
4.089791258923988e-06
2.93632204496803e-06
2.363807817979505e-06
1.7234619749988155e-06
1.2779297456537293e-06
9.712390273904662e-07
7.630708668844473e-07
6.242524293254305e-07
5.336014367550448e-07
4.7570999675455045e-07
4.393799047537474e-07
4.1651023647112425e-07
4.013000067419357e-07
3.89671210598324e-07
4.0806031784469006e-07
4.082019157973466e-07
7.052318258371702e-07
8.303974541522002e-07
1.001049211237155e-06
1.2301119206642944e-06
1.53271551764553e-06
1.9259652692986545e-06
2.4285355298453623e-06
3.060049859842594e-06
3.840222041015892e-06
1.8278579940825082e-05
2.4812497590655236e-05
3.3366299777400046e-05
4.04268998775009e-05
5.345409837751004e-05
6.99330832718137e-05
9.761853425751618e-05
0.00012579034528853932
0.0001603449737962157
0.00020216136281518525
0.0002520727655846101
0.0003108104707075907
0.0003789395915397802
0.0004567900202995017
0.0005443868532829407
0.0006413856265452256
0.0007499133415959517
0.0008641475788112622
0.0009845047419356485
0.00110893808695509
0.0012350054550473075
0.001359944917438737
0.0014807784632850875
0.0015944386976559826
0.0016979109914611343
0.0019034306917331382
0.0020420445674943096
0.002169282195241422
0.0023003875843136475
0.002392286473756659
0.0025413808776019228
0.0027754587619247813
0.002999890603827188
0.0032708590679545626
0.003600676977134898
0.004001557514455949
0.004485168196292992
0.005061810790015481
0.005739536225555323
0.006523245369734068
0.007413836956227125
0.008407470998788923
0.009495018202815607
0.01066176202117589
0.011887409344784928
0.013146448332221596
0.014408868345593002
0.015641229010884453
0.016808035466646283
0.017873347856736402
0.018802528225941174
0.01956401016988917
0.02013096825478041
0.02048276678909263
0.020590860685778024
0.02055839600750989
0.02029321007246247
0.019803690452529
0.019105864548742794
0.018222447523883013
0.017181549278536577
0.016015141251994377
0.01475739714994653
0.013444440862344073
0.012107690169544954
0.01077944566272252
0.009487501452424881
0.008255333501008691
0.007101618078470753
0.00604006405469137
0.005079528055001592
0.0042243652362705065
0.003526713607729527
0.0029086565144176907
0.0023905930852610585
0.001972492263263826
0.0016481531687540286
0.0014110636950074305
0.0012859119306637963
0.0012172478048468926
0.0012130286094173132
0.0012657160026761437
0.0013869156225077947
0.0015741631041771766
0.0018252673012370119
0.00213794031030504
0.0025093852527787903
0.002935878439490803
0.003413991636081364
0.003934508688534209
0.004490106595385462
0.005070434711501196
0.005663315665167515
0.006254983499724923
0.006830478877519646
0.00737418343533268
0.007870462353635773
0.008360533590979519
0.008749817798902512
0.009055092469379468
0.009275819021829173
0.009409372067002934
0.009457003143773388
0.009449171776362389
0.009365106856821955
0.009220719664810976
0.009100947026289597
0.008900708786056115
0.008692676320125431
0.0084960642358062
0.00832927297636999
0.008208802629722012
0.008148252566307836
0.008157469425360882
0.008303297218505855
0.008497357104373542
0.008766253670447711
0.009109713745663496
0.009517331480715395
0.00997547539783935
0.010503197420237555
0.01102730701991732
0.011555745280892022
0.012072715522396324
0.012564144468509788
0.013018379387595935
0.01342664504196354
0.013783228932973035
0.014085388447318563
0.014332999815871224
0.014527993549679303
0.014630341407706944
0.014745218276989228
0.014817063071135023
0.01484897917009378
0.014842834043589978
0.014798895247723778
0.014715702665312223
0.0145901849637878
0.014418001745991066
0.014194069115661265
0.01391341501978924
0.013574944508693804
0.013169434451291838
0.012698253028415523
0.01216240553966075
0.011565452421636188
0.010913538327370674
0.010215212278865248
0.009481060755468519
0.008723191645161903
0.008075252371109657
0.007375925620224906
0.006698899427873286
0.00607335585356293
0.005515732931144762
0.005041442349855371
0.0047785419630819335
0.004556451082174155
0.00440163298214848
0.0043839554084279435
0.004512916741509714
0.004795740674057104
0.005236989794168091
0.005838112488380379
0.0065969428488472474
0.007507191224888757
0.008557978731524531
0.009733479994687693
0.011012742613547382
0.01236974785524482
0.013773764476385467
0.015190026860789635
0.01658074153067479
0.01790639514369287
0.01912730563383057
0.020205329792811488
0.021105618766879355
0.02179830049332778
0.0222599668453549
0.022474853742556578
0.0224356238986801
0.022143692122244665
0.02181328663660161
0.021126406318155093
0.020230734805217122
0.019155055453379033
0.017932646609050824
0.016599576687269732
0.015192959736766761
0.013749284695322685
0.012302917527043168
0.010884854373922755
0.009521778334833605
0.00823544527943846
0.00704241153714818
0.005954003117416737
0.004976663200332011
0.004112398982070152
0.0033597082120702866
0.002713282161432802
0.0021661473449162087
0.0017095342365898583
0.0013337423414755663
0.0010287181522048872
0.0007851286424634764
0.0005926516412246719
0.0004428966776738342
0.0003281444185538111
0.0002676945768686976
0.00019668346103987678
0.00014475861502421318
0.00010802839828501889
8.248193317959821e-05
6.564736816285847e-05
5.539682885561705e-05
5.0091569685623144e-05
4.848361500055471e-05
4.962879932080157e-05
5.2812591077269454e-05
5.748890468176586e-05
6.323129527288557e-05
6.969542827792746e-05
7.659145176811429e-05
8.366480464646958e-05
9.068400802565119e-05
9.743406360113483e-05
0.0001038400618107102
0.00010951681538667948
0.00011438893322798701
0.0001183165157401076
0.00012118766343378552
0.00012292279609997463
0.00012347801763141458
0.0001231880024550369
0.00012178157142431423
0.00011926206456512427
0.00011571984352965603
0.00011794581188068411
0.00011541057493144843
0.00011317611130302368
0.00011164581095760088
0.0001112596632581016
0.0001124834250109485
0.0001187722442425647
0.0001258607825497912
0.0001363805315443912
0.00015084791841027094
0.00016972630362588827
0.00019339809063720584
0.00022213478417292375
0.0002560664433518451
0.0002951524668016593
0.0003391560501285762
0.00038762489646735915
0.0004398807715135074
0.0004950202277499878
0.0005519282605480782
0.0006093058202674965
0.0006657110473584902
0.0007020200881932792
0.0007533869945534349
0.0007998078513907906
0.0008396295376300128
0.0008716686056650397
0.0008948769178352161
0.0009084880482373157
0.0009120564093227109
0.0009054789234911557
0.0008889977468909218
0.0008631840144088553
0.0008289040167542702
0.0007872705032726016
0.0007395828110672263
0.0006872601705315781
0.0006317727898031224
0.0005761390561526263
0.0005192520659947995
0.0004635082708704841
0.0004100534661143014
0.0003598507290063739
0.0003136664861565885
0.00027206797712299257
0.00023543041731907317
0.0002039516617448558
0.00017767193081608983
0.00016299839227026873
0.00022059224939759565
0.00023768303499145912
0.0002693665687323504
0.000317914276541495
0.00038596487394706763
0.00047650021616858545
0.0006173465155621153
0.0007828998753542708
0.0009785292596549374
0.001215739259274238
0.0014986868466408518
0.0018309327355333668
0.0022150886180517687
0.0026524448104837013
0.003142603184360325
0.0036831449754502962
0.004269365725134346
0.004894109494594293
0.005547767929071376
0.006218259929083205
0.006891487540644758
0.0075516599162448635
0.008181902214218668
0.00876495769718724
0.009119080734688468
0.009586593976755072
0.009965042998499062
0.010242498511879371
0.010410125402503271
0.010462642334625426
0.010398587974308036
0.010220375994689867
0.009934137398393642
0.00954936483950934
0.009078388001497534
0.008535720399315147
0.00793732532967345
0.007299851665129754
0.006639888824245771
0.005973285026816029
0.0053145646688422905
0.00467647034709188
0.004069643830597549
0.0035024579679994268
0.0029809436107936446
0.00251020961913542
0.00208991955685143
0.0017209581715774047
0.0014017906966731282
0.0011297018975447556
0.0009727259322695854
0.0007708784691301111
0.0006054911118736332
0.0004721006163879245
0.00036633700388437665
0.0003202215028470037
0.00027745296190532815
0.0002531037777687304
0.00024926317057694303
0.0002651932307869335
0.00030081765056294644
0.0003566535285569338
0.00045078109243334226
0.0005643151848773978
0.0007002095535573267
0.0008657210492208776
0.0010631111106357654
0.0012942855127032141
0.0015605292574777973
0.0018622389135251464
0.00219866920844935
0.0025677133133248696
0.002965737457771969
0.0033874898133170804
0.00382610069788439
0.004273186055693234
0.004571212132477775
0.005010392407818006
0.005430222115658151
0.005819327294126897
0.006166579331892319
0.006461625023142024
0.006695400387198172
0.006860743577056204
0.006952227310109241
0.006967167803006467
0.006905301327013402
0.00676888590743554
0.006562560683122218
0.0062930816432773574
0.005968954900358872
0.005599995125135259
0.005196845872760816
0.004770464795324434
0.004331673658718817
0.0038907134302010875
0.0034568871630253216
0.0030382819725706138
0.002641581289045899
0.002271968019516338
0.0019331131619646598
0.0016272394875950062
0.0014421402838476077
0.0011926563814105983
0.0009760865945609527
0.0007907035236539631
0.0006341781056073044
0.0005037825923265573
0.0003965744792420501
0.00030955461997043217
0.00023979570019633584
0.00018453990353694443
0.00014126682512896185
0.00010773438287444975
8.199661331745763e-05
6.246566366698144e-05
4.897874721572276e-05
3.837873035509648e-05
3.073996615519545e-05
2.541765243748148e-05
2.193589901758716e-05
1.9956685744956787e-05
1.925118541958621e-05
1.9673935361621256e-05
2.1139951584235948e-05
2.360463276525477e-05
2.7046187195421787e-05
7.468992986691882e-05
0.00010398382769071199
0.00013671587937394907
0.00017898647811691692
0.0002328393398527586
0.0003005609413356915
0.00038463215756829054
0.0005068991338037021
0.0006470213376806295
0.00080915262728178
0.0010018431902637692
0.0012277898496154008
0.0014890783067143443
0.0017869320641558412
0.0021214604935682166
0.0024914255057347716
0.002894048548513457
0.003324880087209088
0.003777751934176313
0.004244828638844933
0.004716767759328842
0.005182990649394227
0.0056320561255819405
0.006052119952264615
0.006431454519604845
0.00675899637938843
0.00694364975767366
0.007163778423722915
0.0073097984657974
0.007377238199612512
0.007364170097859173
0.007271291288870057
0.0071018623834441935
0.00686151176513787
0.006557922070869137
0.006200423325299945
0.005799522486687571
0.005366401721290298
0.004912417551976024
0.0044486303903946214
0.00398538932858712
0.0035319910305619683
0.00309642477423041
0.002685208779381592
0.0023033164765377855
0.001954185772766773
0.0016397999699892321
0.0013608259661866324
0.0011167937639698794
0.0009063010496020295
0.0007272275179152523
0.0005769454640295559
0.0004913086407554114
0.00038240607926346294
0.00029422215170303226
0.00022494726236217438
0.00016986266962814412
0.00012726631958520098
9.491125785789106e-05
7.101626748542663e-05
5.369233459360066e-05
4.1708856558857115e-05
3.398627673035756e-05
2.9927764905356173e-05
2.8474670140864013e-05
2.9315927581346178e-05
7.212999218570435e-05
9.841431246142694e-05
0.00012865417753050318
0.00016820896322668395
0.00021894975923448737
0.0002830323198067379
0.0003628482899277147
0.00046094987497399397
0.0006168649374458
0.0007752063763670584
0.0009635490772587063
0.0011077886285209633
0.0013546435634733266
0.0016392277392272584
0.0019631616808464436
0.002326608055214343
0.0027335896555854993
0.0031728852582378372
0.0036438165984178975
0.004140258017195426
0.004654386145324782
0.005176830183015549
0.005696927460273161
0.006203076671466798
0.006683172701763428
0.0071250994296022715
0.007517251130417092
0.00784904977209062
0.008111424962275834
0.008297225644044953
0.00840153758160847
0.008421887697446166
0.008358324683686998
0.008213374184384392
0.007991875409532185
0.007700713574768654
0.007348468510178515
0.007084534712693722
0.00665283668590161
0.006188001312588363
0.0057011373560379025
0.005203040744364088
0.004703835605129334
0.004212679468314628
0.0037375411019042303
0.0032850543294357243
0.0028604464329527257
0.0024675356414657406
0.0021087889437615055
0.0017854291652422763
0.0014975789510753693
0.0012444289655488313
0.001024418146281824
0.000835540589626646
0.0006750675696067418
0.0005403238814495119
0.00042844592176273467
0.0003365848849397223
0.00026199763585532166
0.00020211405036846752
0.00015458258549356444
0.00011729667635181448
8.903309361690031e-05
7.381563222667372e-05
5.579936552253912e-05
4.2544963468605635e-05
3.310786559832856e-05
2.665176596815e-05
2.2570501249222483e-05
2.037193160004256e-05
1.967482708327692e-05
2.0186540211798007e-05
2.1682901816460324e-05
2.3990515758822805e-05
4.9797827907510815e-05
6.560805185851432e-05
8.319764005522733e-05
0.00010554209166747793
0.00013364193868167808
0.000168571363438646
0.00021156889775370761
0.0002720278086962053
0.00034163520061670025
0.0004224262476866813
0.0005181824928550922
0.0006302429964469325
0.0007596482045698024
0.000907015422610841
0.0010152996698299997
0.0011924356816582174
0.001386200446337331
0.0015947038200971517
0.0018152172210139724
0.0020441839678907265
0.002277281729350218
0.0025095387828987003
0.0027355013519014763
0.002949444712087888
0.0031456165350796416
0.0033184975501110545
0.0034630624635640724
0.00357502344915561
0.0036510395033368948
0.003688877454936659
0.003687514154838898
0.003647173945384605
0.0035693004381711782
0.0034564664194618026
0.0033122299115520043
0.003140947703007341
0.0029475598073535917
0.0027373592436950376
0.0025159183963976836
0.002288306719276763
0.0021357011823356278
0.0019089551552537302
0.0016884995874206928
0.0014778990689745446
0.001280017990785632
0.0010969999588687196
0.0009302821695248092
0.0007806394934061235
0.0006482519628825481
0.0005327888365519096
0.0004386235946815638
0.00035724625633934
0.0002900354830912251
0.0002362653949263922
0.00019471839194118708
0.00016422290101631259
0.00014370092338068417
0.00013219801711695717
0.00013129753389875786
0.00013744624792694514
0.00015031708209810627
0.000170213057956546
0.0001968366612157822
0.00022991186026466928
0.0002691358452370089
0.00031413129187046133
0.0003470960397677277
0.0004005353664504766
0.0004580719530290628
0.000518815459147896
0.0005815296097347777
0.0006449504590299816
0.000707632020211456
0.0007680354073466983
0.000824620463097708
0.0008757880232843939
0.0009201168574670209
0.0009563268874389474
0.0009833636182531606
0.0010004477636146238
0.0010071911174612052
0.0010054307047253734
0.0009923328789735474
0.0009695115928167949
0.0009380433406236663
0.0008990651270970237
0.0008539154420902381
0.0008040729561835635
0.0007510915624054447
0.0006977407901348367
0.0006436067808670849
0.0005909767266799518
0.0005573686943602929
0.0005134033835840014
0.00047236237480147945
0.000436736317648068
0.0004074465598393732
0.00038486282080351216
0.00036914257537385727
0.0003602325156691028
0.00035789077703738293
0.00036320565056456805
0.0003738334201847582
0.00038927114625564497
0.00040925855552347484
0.00043306893490642864
0.00045994363535755784
0.0004891081889235991
0.0005197943845120784
0.0005512129453079461
0.0005826085815660198
0.0006132344112350175
0.0006423634523798384
0.0006692942712442962
0.0006940408380580568
0.0007148975606728498
0.0007317956507605716
0.0007406270121733193
0.0007499324742076418
0.0007542456186904504
0.000753380439862194
0.0007472803612597197
0.0007360246690480837
0.0007198290407545003
0.0006990395438815431
0.0006741200500979177
0.000645668379115234
0.0006409336058844793
0.0006217134551120911
0.0006027177534068762
0.0005882313885919718
0.0005802660360574128
0.0005809644009682017
0.000592557091079252
0.0006173043026861307
0.0006685980636494385
0.0007351470727101396
0.0008199679928804438
0.0009291990429255939
0.0010628847198616955
0.0012225861018144598
0.0014087252488300293
0.0016207701617933041
0.0017758243655544416
0.002027178209776909
0.0022980599624961733
0.002584097109142259
0.002880613147436735
0.003180236300156263
0.00347654183437437
0.0037621870419827096
0.004029697308611051
0.004272093344242655
0.004482106718412306
0.004654001969769048
0.004782914176599241
0.004865278928207267
0.0048989780807039505
0.0048834097520233264
0.0048194806721075035
0.004709524619798723
0.004557155563290144
0.004367067885716522
0.00414479850561568
0.0038964667542167025
0.003640927866166317
0.003366434323138538
0.003085847565958104
0.002806712071190739
0.0026243806806395867
0.00236054021053289
0.0021125366502347484
0.0018844429689657879
0.0016839031869717866
0.0015081028524401138
0.0013591275908477745
0.0012392016954908532
0.001148615749138872
0.0010869670333863944
0.0010532041242016284
0.0010456812298898456
0.0010621831381584727
0.001100014884505473
0.0011560422026757541
0.0012267677740236428
0.0013084140011351956
0.0013970182334050606
0.0014885398607894717
0.0015789769094532039
0.001664488018094286
0.0017415142153899134
0.0018068939861721812
0.0018579648594226987
0.0018926452288766586
0.001905919334665737
0.0019104025104009026
0.001896126496775989
0.001863407516737339
0.001813161844990603
0.0017468339911943566
0.0016663063500501603
0.001573796243000439
0.0014717465503520306
0.0013627159281351998
0.0012492740137325057
0.0011339061619832997
0.0010189312335844357
0.0009064348804160795
0.0007982197156907048
0.0006957727742922515
0.0006002497936112615
0.0005124750966266617
0.0004329552481858861
0.00036190419051991313
0.0002992772519886603
0.0002448112690010538
0.00019806806570916364
0.00015847869270266556
0.00012538611808164324
9.808446526060252e-05
8.274449832128164e-05
6.349951658958919e-05
4.816698009735014e-05
3.611049370051747e-05
2.6753595509755355e-05
1.958654403755535e-05
1.416854057833496e-05
1.0126311999102775e-05
7.150000543692634e-06
4.987254625514398e-06
3.4363084677069684e-06
2.3387001515654897e-06
1.5721266864722122e-06
1.043787136899916e-06
6.844322443822453e-07
1.1350708733011592e-06
1.2619614293652638e-06
1.5451710736528958e-06
1.9945019256174165e-06
2.6303845579344705e-06
3.482111917036378e-06
4.586084425477213e-06
5.983877822915966e-06
7.719976516826328e-06
9.839063031037379e-06
1.2382817766870963e-05
1.4332268026971639e-05
1.765653056968681e-05
2.1473112260245736e-05
5.4758389268314665e-05
7.498981414560005e-05
9.749448329315591e-05
0.00012598793993514947
0.0001617696572880095
0.00020647854309128297
0.00026143715767875167
0.0003284703025044469
0.0004093072669069857
0.0005261526598340211
0.0006476855086469819
0.0007901544104042545
0.0009550039758482489
0.0011431728769795062
0.00135493648086189
0.0015897601964106219
0.0018461770004064286
0.0021217027052858432
0.002412801204119023
0.0027149091332654726
0.003022525278952772
0.0033293649629795546
0.0037021627208996474
0.003912912940218118
0.004232042907908397
0.00452981606668272
0.004811542461786756
0.005075564940711557
0.005321757152638572
0.0055516186727911365
0.005768242760444894
0.006007391229685476
0.006237083020320153
0.0064673185914686125
0.0067145723816543455
0.006986658537303451
0.007290521960005381
0.0076315829707868385
0.008013131693339086
0.008436015936941925
0.008897582795815567
0.009392452920633967
0.009911961881356967
0.010444538939234293
0.010976157690726403
0.011490969307005605
0.011972077525425815
0.012402402282400788
0.01265293187259049
0.012962974800420888
0.013182435262718768
0.013300742773080082
0.013310592755286944
0.01320825649019688
0.012993686677880643
0.012670458431278892
0.01224537781513033
0.011728228465535645
0.011131875909461578
0.010469047735780352
0.009755323897264516
0.009006282810035762
0.008237425081238394
0.007463638200895125
0.006698737049688824
0.005955091917165086
0.0052433503270692
0.004572254266459853
0.003948550368289086
0.0033770787794462184
0.0028605271980498745
0.002399995705347649
0.0020238939365477895
0.001687767692084073
0.0014925300164805467
0.0012436894228467072
0.0010449738050492161
0.0008931450955678356
0.0007849247357948285
0.0007171448664002452
0.0006868427139805177
0.0007027234018216113
0.0007484046966057571
0.0008229175800553074
0.0009320194232942853
0.0010673083080312731
0.0012291774199709009
0.0014217826059463943
0.0016339721805746976
0.0018654974875817697
0.002113451637856392
0.002373707629727192
0.0026415909839070002
0.0029144366722486303
0.0031828785668250874
0.003443156161715616
0.003692409105477335
0.003922409749401688
0.004128808390364971
0.004308382047028479
0.004411612204966544
0.004539928403263725
0.00464008089470314
0.004703730416521332
0.004733614412806296
0.004731143613768318
0.004697966578577316
0.004636301848909622
0.004548817643215989
0.004438512960900763
0.004308604792140889
0.004164576569759673
0.0040071736848437305
0.0038399451600030364
0.0036667093822548027
0.0034905072378268857
0.003314113634233657
0.0031399799726220964
0.002970186385921655
0.002806406505190776
0.0026498875444838626
0.0025014479090514317
0.002361493407774821
0.002230051666027565
0.0021068227299832643
0.0020289629010469875
0.0019180698740438647
0.0018134933433417038
0.0017143192542530027
0.0016196316987340787
0.0015285713986079687
0.001440381885797681
0.0013544419306175664
0.0012702841143604814
0.0011876005998502836
0.001106238009113126
0.0010261838160645642
0.000947546809031585
0.000870534028034038
0.0007954262234265604
0.0007225534175337415
0.0006522716751496201
0.0005849417768355775
0.0005209101851626692
0.0004604925104304441
0.0004039596030465223
0.00035152638984765975
0.00030334358862232625
0.00025949243950067555
0.00021998255574159537
0.0001847529079053954
0.00016358389094864526
0.00013517430032745404
0.00011057566033564721
8.952130152124059e-05
7.171194432685585e-05
5.682755528773362e-05
4.453896622678778e-05
3.4518614458863426e-05
2.6449888278287328e-05
2.0062813885257043e-05
1.503889215229216e-05
1.1152746558267796e-05
8.189316323029227e-06
5.963786964603182e-06
4.320550858289947e-06
3.131175218179394e-06
2.2916981950852957e-06
1.71954524434292e-06
1.3503128952533112e-06
1.1346140937239964e-06
1.0351256315738275e-06
1.0239291748997974e-06
1.080196350161256e-06
1.188236612657011e-06
1.3359040280659375e-06
1.5133443883379893e-06
1.643945807618595e-06
1.8524756360620521e-06
2.0694343339944666e-06
2.287360568999001e-06
2.498841794890914e-06
2.696585394560211e-06
2.873601096354015e-06
3.0234551179324034e-06
3.1405566276154062e-06
3.220438828093105e-06
3.2600006915026084e-06
3.2576812573457693e-06
