Y :100.0% Calcite, Diffracto n :23
N :Gibbsite
N :Dolomite
N :Hematite
0.0
0.0
0.0
0.0
0.0
0.0
0.0
0.0
0.0
0.0
0.0
0.0
0.0
0.0
0.0
0.0
0.0
0.0
0.0
0.0
0.0
0.0
0.0
0.0
0.0
0.0
0.0
0.0
0.0
0.0
0.0
0.0
0.0
0.0
0.0
0.0
0.0
0.0
0.0
0.0
0.0
0.0
0.0
0.0
0.0
0.0
0.0
0.0
0.0
0.0
0.0
0.0
0.0
0.0
0.0
0.0
0.0
0.0
0.0
0.0
0.0
0.0
0.0
0.0
0.0
0.0
0.0
0.0
0.0
0.0
0.0
0.0
0.0
0.0
0.0
0.0
0.0
0.0
0.0
0.0
0.0
0.0
0.0
0.0
0.0
0.0
0.0
0.0
0.0
0.0
0.0
0.0
0.0
0.0
0.0
0.0
0.0
0.0
0.0
0.0
0.0
0.0
0.0
0.0
0.0
0.0
0.0
0.0
0.0
0.0
0.0
0.0
0.0
0.0
0.0
0.0
0.0
0.0
0.0
0.0
0.0
0.0
0.0
0.0
0.0
0.0
0.0
0.0
0.0
0.0
0.0
0.0
0.0
0.0
0.0
0.0
0.0
0.0
0.0
0.0
0.0
0.0
0.0
0.0
0.0
0.0
0.0
0.0
0.0
0.0
0.0
0.0
0.0
0.0
0.0
0.0
0.0
0.0
0.0
0.0
0.0
0.0
0.0
0.0
0.0
0.0
0.0
0.0
0.0
0.0
0.0
0.0
0.0
1.8995003335084443e-35
3.7435855769666777e-35
7.01878383216147e-35
1.2518770534586334e-34
2.1241598777358677e-34
3.4287706339590127e-34
5.265206118432855e-34
7.691623733138633e-34
1.0689229331419954e-33
1.4131897181055976e-33
1.7773798555214443e-33
2.126599702019312e-33
2.4205661412314067e-33
2.621041334267494e-33
2.6999548148336122e-33
2.645847644363194e-33
2.4666008655383087e-33
2.1875532668101197e-33
1.8456277208939198e-33
1.4813418165439494e-33
1.1310769995115216e-33
9.190563880635048e-34
6.457363439247599e-34
4.316124993858612e-34
2.7444701174328196e-34
1.6601552761293598e-34
9.553546546601413e-35
5.230054906373646e-35
2.723789760493412e-35
1.349480545364878e-35
6.360413979326154e-36
2.851870817950907e-36
1.2164661413942662e-36
8.106985416729202e-35
3.001235015932112e-33
8.082636270197497e-33
1.548965109697343e-32
2.825353965137622e-32
4.9050498625053765e-32
8.104980375004117e-32
1.2746697665243478e-31
1.9080074124086186e-31
2.7183087361380403e-31
3.6859865029760104e-31
4.757129698032355e-31
5.843495870623833e-31
6.520795321600841e-31
7.376606591813883e-31
7.942373729803117e-31
8.139210103214903e-31
7.938767992327924e-31
7.3699337850862145e-31
6.512000627121894e-31
5.476541899859555e-31
4.3836945907191875e-31
3.339771867863712e-31
2.421791025862998e-31
1.6714775469091272e-31
1.098016977341933e-31
6.865350692811093e-32
4.0856580397902746e-32
2.3142340362168864e-32
1.2476672232602592e-32
6.402308852009941e-33
3.126949416481937e-33
1.4536215556082396e-33
6.4317308580366725e-34
2.7086318620863433e-34
1.0857183275737413e-34
4.142177669544646e-35
1.5041245215164827e-35
5.1985396900055534e-36
2.4909117663277916e-36
7.928494848396433e-37
2.4019401898912424e-37
6.925818040574807e-38
1.9007091715840096e-38
4.9647121486895264e-39
1.2342531489557144e-39
2.9204111351153425e-40
6.576745008348163e-41
1.4096224585151814e-41
2.8755228984592053e-42
5.5827779932322814e-43
1.0315744421341175e-43
1.814113904172218e-44
3.036262165717373e-45
4.8363932432842756e-46
7.331762128086667e-47
1.0577822498788758e-47
1.4523857883844587e-48
1.8978509979690184e-49
2.3601151307775715e-50
2.7931337075779984e-51
3.145822345617108e-52
3.3717629421187025e-53
3.4391939569117306e-54
3.3383318837694685e-55
6.859360557309854e-56
6.130141387663127e-57
5.213399093766858e-58
4.219213427032401e-59
3.2493649852699013e-60
2.3813237190691232e-61
1.6606870822651836e-62
1.1020546384007434e-63
6.959226223506943e-65
4.181748312659091e-66
2.3910605845682864e-67
1.3009353621316878e-68
6.735193109446968e-70
3.317954159353998e-71
1.5552978277338538e-72
6.936844732636884e-74
2.6438803754459395e-75
0.0
0.0
0.0
0.0
0.0
0.0
0.0
0.0
0.0
0.0
0.0
0.0
0.0
0.0
0.0
0.0
0.0
0.0
0.0
0.0
0.0
0.0
0.0
0.0
0.0
0.0
0.0
0.0
0.0
0.0
0.0
0.0
0.0
0.0
0.0
0.0
0.0
0.0
0.0
0.0
0.0
0.0
0.0
0.0
0.0
0.0
0.0
4.507440135048388e-35
8.769383400601246e-35
1.623057324882369e-34
2.857750900866371e-34
4.786748303749253e-34
7.6275054068630005e-34
1.1562457959031298e-33
1.6674142914622615e-33
2.287507795620388e-33
2.9854331879917983e-33
3.7066180852691335e-33
4.377982636663999e-33
4.919216531906158e-33
5.171334186780205e-33
5.3468831450326126e-33
5.25925818969668e-33
4.921233836564326e-33
4.380757581725441e-33
3.709797049768021e-33
2.9886619343251814e-33
2.2904939191581107e-33
1.6699643672847353e-33
1.1582731159629066e-33
7.642588182271748e-34
4.7972864459192795e-34
2.8646828881544596e-34
1.6273582395022028e-34
8.794587836464192e-35
4.521406193147034e-35
2.2113488979496743e-35
1.0288847354303152e-35
4.554092937714874e-36
1.9176209459409785e-36
7.681558648572748e-37
2.9272623506885875e-37
1.0612058948074478e-37
3.6598507141414705e-38
1.2007505611532324e-38
3.7477269011994874e-39
1.6772717127541142e-39
4.8172007405643736e-40
1.3161693608437212e-40
3.4210113824564616e-41
8.459076881362411e-42
1.9898353200650117e-42
4.45283916783901e-43
9.479438060556549e-44
1.9197907183533755e-44
3.6987152036720874e-45
6.779124465764291e-46
2.548308630886865e-34
4.925864953529598e-34
1.099723457275382e-32
2.5334423718169006e-32
4.6889909284807694e-32
8.266915314650784e-32
1.3883241461932156e-31
2.2208076813696427e-31
3.3837230634555064e-31
4.9106064603050485e-31
6.78775262132377e-31
8.936404318461e-31
1.1205778548379206e-30
1.3383236238903881e-30
1.466281586577993e-30
1.6146043614988635e-30
1.6933687133017477e-30
1.691505111253021e-30
1.6092793770370366e-30
1.4582300347484003e-30
1.2585115853284806e-30
1.034486904164795e-30
8.09895849150151e-31
6.039058303785302e-31
4.28888313893204e-31
2.9010333688232455e-31
1.8689289022800421e-31
1.146731634189812e-31
6.70126078835491e-32
3.7296924880807557e-32
1.9770000014706932e-32
9.98049513561264e-33
4.7984745445660946e-33
2.197117078622018e-33
9.580642116259953e-34
3.9784994389385204e-34
1.5733251210349501e-34
5.924924017668093e-35
2.1247230391618353e-35
7.255489477015394e-36
3.449550957881676e-36
1.0856190858731373e-36
3.2531760398301883e-37
9.28199132458224e-38
2.5215427595640947e-38
6.52185332031845e-39
1.6059907739113022e-39
3.765044893635834e-40
8.403111552594617e-41
1.7854215167539067e-41
3.611270032956449e-42
6.9532165956831055e-43
1.2744017071193828e-43
2.2233617158440524e-44
3.6922043098097384e-45
5.836090756197761e-46
8.780277166637668e-47
1.2572850570256834e-47
1.7135169234993422e-48
2.2226048516639862e-49
2.743757769142228e-50
3.223515028748787e-51
3.604169200222186e-52
3.834984780388733e-53
3.883264097895554e-54
3.7419430153908695e-55
7.651222071765433e-56
6.787754421755709e-57
5.7301910713774576e-58
4.603128712766052e-59
3.518615784073911e-60
2.559288662997067e-61
1.7712900416548421e-62
1.1664809262951381e-63
7.309337307060697e-65
4.3579865280462827e-66
2.4722742956533306e-67
1.334461149368211e-68
6.853455279575002e-70
3.348911591611025e-71
1.556983633490268e-72
6.887287719685938e-74
2.8213227185472353e-75
0.0
0.0
0.0
0.0
0.0
0.0
0.0
0.0
0.0
2.3730734509553644e-36
4.5817542509503764e-36
8.415464894881393e-36
1.4704496023877346e-35
2.444262732865209e-35
3.8651943726241047e-35
5.814608800959058e-35
8.321380376828329e-35
1.13291142857235e-34
1.4673112649584514e-34
1.807899380711879e-34
2.119102533076076e-34
2.3629546985335605e-34
2.506597089170832e-34
2.529527334104371e-34
2.4283983711681807e-34
2.217819509013144e-34
1.926895561306031e-34
1.592633562374005e-34
1.2522737044360795e-34
9.497678186625801e-35
1.05764108724765e-34
1.1958675809341382e-34
1.639414890102731e-34
2.5023558822255963e-34
3.374434715142761e-34
5.223260419276575e-34
7.811047936776198e-34
1.1174857151174776e-33
1.5239741183960562e-33
1.9785846664509682e-33
2.444402319411359e-33
2.8731635217417795e-33
3.212862809343147e-33
3.417898200268296e-33
3.459058515099709e-33
3.330330571790125e-33
3.050331021028535e-33
2.6578874990222473e-33
2.203211098976369e-33
1.73742253800379e-33
1.3034205329710558e-33
9.302365094544292e-34
6.315850880303564e-34
4.079434557100983e-34
2.506672755933532e-34
1.4652942013114964e-34
8.148571742526018e-35
4.310896360962279e-35
2.1696168755858955e-35
1.0387902206614115e-35
6.183747856214691e-36
2.7244490997888193e-36
1.1419177903760485e-36
4.553235892467352e-37
1.727168027938638e-37
6.232727138670102e-38
2.1396891350139505e-38
6.987989587560912e-39
2.1711147427910142e-39
6.41715046029036e-40
1.8043905584555693e-40
4.826671121029602e-41
1.2282695023053173e-41
8.58694047261327e-36
1.7025588010868035e-35
3.211379388807151e-35
3.507940388870996e-34
6.695067543118016e-34
1.530318069507751e-33
2.71168865371056e-33
4.585459116447843e-33
7.398655325717351e-33
1.1389305036204644e-32
1.672510502761258e-32
2.3427468767511807e-32
2.856802763476058e-32
3.6979662780678583e-32
4.5649753241740674e-32
2.1038781588269964e-06
4.140427581621563e-06
7.751674202006532e-06
1.3806116697756377e-05
2.3392319069278796e-05
3.770515483166296e-05
5.781677834417197e-05
8.43398372331113e-05
0.00011704081549477589
0.00015451392690940603
0.00019405446122667568
0.00023184906197739984
0.0002635195045235051
0.00028493506471795224
0.00029309252379558287
0.00028680670086233704
0.00026699280464718446
0.00023644793824582617
0.0001992036151902731
0.00015965576702746788
0.00012173002626485058
8.829508545840761e-05
6.092577427629696e-05
4.6273903409505484e-05
2.9381694958937588e-05
1.7747748501290413e-05
1.0198478776230997e-05
5.575107390915027e-06
2.8993242553558567e-06
1.4343860423450687e-06
6.750889861809415e-07
3.022607149108378e-07
1.2874432603862877e-07
5.216752122044062e-08
2.0109349167768282e-08
7.374312523406915e-09
2.572591162974353e-09
8.537794910835689e-10
2.69554367798856e-10
8.096041747985417e-11
2.313261952964716e-11
6.287856202310943e-12
1.6259459249250277e-12
3.9997726366780905e-13
9.360309789370262e-14
2.0838710928578463e-14
4.413439610159253e-15
8.892200305026847e-16
1.70438222377465e-16
5.5110061618866625e-17
9.7199680982985e-18
1.630889335472078e-18
2.603213911953759e-19
3.952946445804546e-20
5.7102840880406656e-21
7.847299168562749e-22
1.0259079967450345e-22
1.2759167260253742e-23
1.5096002414166512e-24
1.6991326801875064e-25
1.81935873267927e-26
1.8532546426827603e-27
1.7958810351701198e-28
1.6555631153819488e-29
1.4519097789848782e-30
1.2113209513202875e-31
9.614009301077451e-33
7.258979289508993e-34
5.214015130140651e-35
3.562826937347243e-36
2.3160230519866145e-37
1.4322430998469497e-38
8.42590018129772e-40
1.201371642473607e-05
2.345160208494349e-05
3.562826479882058e-05
0.000415178236334054
0.0008829874680099655
0.0018491442308493041
0.0033113529746760443
0.00565823054171887
0.009224317777586125
0.01434545667444957
0.02128034431554087
0.030108814110085987
0.04062880776853803
0.052285570394874414
0.06416897813040529
0.07510300051747497
0.08382546045762301
0.08922404405000015
0.09056870740444288
0.08767363705970366
0.08093923841363145
0.07126111866114418
0.05983462648785418
0.047913743064229845
0.036590969007873154
0.02664955039324282
0.018509756152758565
0.01413911062477808
0.009073301022035742
0.0055522221387287445
0.003239712511091033
0.0018024396317210466
0.0009560992278775335
0.0004835080779844715
0.00023309399759728055
0.00010711517385697249
4.6916728276080165e-05
1.958502961659128e-05
7.791169104261597e-06
2.9534152451167683e-06
1.0667222362851175e-06
3.670665544074804e-07
1.2032811013538069e-07
3.757345574640854e-08
1.1175086408142986e-08
3.1654937523428534e-09
8.539241408919123e-10
2.1935738274996246e-10
5.36549435444683e-11
1.2495760901786522e-11
2.7706629528597244e-12
5.848531877859275e-13
1.1752436871161772e-13
3.923061167915446e-14
7.261386962379056e-15
1.279306891602229e-15
2.145219568779266e-16
3.4236800063584574e-17
5.200233387149903e-18
7.51702205167964e-19
1.0340662280950872e-19
1.3536853515402812e-20
1.6863288292783637e-21
1.99899276450196e-22
2.2548348736355725e-23
2.4201583680807065e-24
2.471667607902823e-25
2.4018506507894354e-26
2.2207754453340157e-27
1.953708054646232e-28
1.6353294778047508e-29
1.3023753014596918e-30
9.868417140752282e-32
7.114344740147489e-33
4.879713953424298e-34
3.184360586495162e-35
1.977039237253151e-36
1.1678063123597504e-37
6.56277302049976e-39
9.365788238268536e-40
4.844041256170886e-41
2.383905840209697e-42
1.1167869572646762e-43
4.972868361247914e-45
2.1298666266847635e-46
5.061405423541679e-49
7.467919442729738e-50
1.0482233586336712e-50
1.39969609981816e-51
1.7780312185180618e-52
2.14867495605006e-53
2.4701752855540508e-54
2.7015345922407653e-55
2.8107291902164845e-56
2.7819747596633816e-57
2.6194678783983124e-58
2.3463817896665486e-59
1.9994474390007533e-60
3.930720576017147e-35
7.731091701056083e-35
1.4465557884205098e-34
1.4938046672462639e-33
3.168793751853373e-33
5.906796109969826e-33
9.662191917038717e-33
1.6870902038586384e-32
2.8125962843106057e-32
4.4760452726986544e-32
6.798727011738439e-32
9.854862712837668e-32
1.363081001097793e-31
1.7989213004485121e-31
2.2651908664898575e-31
2.721397710305078e-31
3.119422483401156e-31
3.4115986634227003e-31
3.5600349238984656e-31
3.545408853860623e-31
3.3691754239910385e-31
3.0558568281990232e-31
2.6651489265529645e-31
2.230456977337534e-31
1.8096335203729308e-31
1.4719506150864692e-31
1.2335631209687808e-31
1.1333981254831827e-31
3.0033204603130325e-05
5.817652894436961e-05
0.00010720613703230883
0.00018793912440393217
0.00026577102319073214
0.00042872752243122166
0.0006579316979315085
0.0009605190153252585
0.001334003085018342
0.0017625173923657876
0.0022153160754767114
0.0026488886170873524
0.0030131267810404555
0.00326059474583
0.003356618266246039
0.0032872504479080082
0.0030625934066413774
0.0027143859805840572
0.0022886510149984214
0.0018357488103784433
0.0014007887556753314
0.001016852003911678
0.0007022125081996732
0.0004613229746516893
0.00028831505243792117
0.00017141754073860668
9.695471050222828e-05
5.2168491405656454e-05
2.6703817583242818e-05
1.3003616040675319e-05
7.82858711737981e-06
3.507925470016784e-06
1.4953506263301033e-06
6.064031192811215e-07
2.3394056077897944e-07
8.585692638935024e-08
2.997580519990014e-08
9.95616508141769e-09
3.145857386180825e-09
9.456091858999293e-10
2.704020904117505e-10
7.355871219776117e-11
1.9036359614720495e-11
4.686616248257745e-12
1.097641699807039e-12
2.4456117475896343e-13
5.1837033073428404e-14
1.0452458968682315e-14
2.005037579083462e-15
3.658914594714993e-16
6.351959765447985e-17
1.0490324317415211e-17
1.648146459426742e-18
2.4633629153651673e-19
3.5025690572552826e-20
4.737734556766252e-21
1.2142798769948553e-21
1.5113985454159544e-22
1.7896368442462772e-23
2.0159350461996108e-24
2.1602990170707796e-25
2.2023021942849997e-26
2.1358249984984493e-27
1.9705167442013607e-28
1.7294989559572848e-29
1.4440631615770732e-30
1.1470379438238231e-31
8.667524746367021e-33
6.230718153515651e-34
4.2609538742380654e-35
2.7720513423782145e-36
1.7156212507129209e-37
6.480912410228533e-07
1.2520321384049437e-06
2.301020629157836e-06
4.023011350820525e-06
6.691257050366788e-06
1.0587413629470988e-05
1.593667651197772e-05
2.28208252024666e-05
3.108784672834572e-05
3.7158277047390494e-05
4.657909540405869e-05
5.5545929925788016e-05
6.30143040663891e-05
6.800670870014028e-05
6.982164554957847e-05
6.819524805868284e-05
6.33641855847161e-05
5.600919251589818e-05
4.709778426903124e-05
3.767622233106748e-05
2.8672128633815103e-05
2.075765225549388e-05
0.00010961045589429005
0.00020008778353955257
0.00036888709001414423
0.0006609035165915783
0.005003123542805539
0.010349351499005593
0.018933297578965884
0.03625224805949216
0.0614030908236796
0.09945302892705092
0.15397782881666014
0.2278141092323731
0.3220205470928144
0.3953998709640244
0.5177872740090226
0.6475850615244731
0.7734879412127466
0.882301639037351
0.9611569723509207
1.0
0.993695609740888
0.9431374655859168
0.8550348765039062
0.740448062602711
0.6125134162836047
0.4840017390800764
0.36532476791565016
0.263385858916684
0.1813663040052039
0.11926989071433898
0.0748970244344789
0.04490538685654813
0.025701913401103428
0.014040817993638965
0.00731983717558603
0.003640922543385986
0.0017275861695939792
0.0007818134916333208
0.0003373801494829935
0.00018762327800947968
7.476770346829132e-05
2.8397911518134917e-05
1.027855588658935e-05
3.5447331970145065e-06
1.1646019443376071e-06
3.644644614367763e-07
1.0863311984982065e-07
3.083534139747771e-08
8.334297743160298e-09
2.144773114325378e-09
5.254700713236922e-10
1.2255602851396616e-10
2.720887352220884e-11
5.749735219744111e-12
1.1564359318382994e-12
2.2136522458010337e-13
4.032657150732211e-14
6.991162980623602e-15
1.1533678553519783e-15
1.8106410439949884e-16
2.7047700845623473e-17
3.844595053808816e-18
5.1997581170108e-19
6.691432914425491e-20
1.65910724058884e-20
1.9651658743158205e-21
2.2146670485742616e-22
2.374632872737246e-23
2.4224693353007534e-24
2.351199285917087e-25
2.1711308965934697e-26
1.9074120291065217e-27
1.5942701073613035e-28
1.2677553642292923e-29
9.590975608591834e-31
6.903062106260157e-32
4.726836453064295e-33
3.079268283709099e-34
1.9084078263610644e-35
1.1252273469276666e-36
2.3831990289157415e-06
4.704799209037487e-06
8.835834727743399e-06
1.5786279389603583e-05
0.00010386308127295193
0.00021258849933824964
0.000387133743141809
0.0007288130725416171
0.0012310708737428987
0.001990659181382489
0.0026760696413573354
0.004019234368256984
0.00577199643826766
0.00792366622839533
0.01039584170949835
0.013033881144951517
0.015619810341885072
0.017884792145234377
0.019570974205258846
0.020470187112403067
0.020469230608136803
0.019573960338080003
0.017907469228594555
0.015683024410203392
0.013159860435863643
0.01059431301996038
0.008198748111356012
0.006116797238309528
0.004417476689414328
0.003105196478765158
0.0021392206362506553
0.0014554401223017144
0.000984868496388351
0.0006659349919196404
0.0004502537986692255
0.0003033107212850918
0.0002318432012506373
0.00015278159094738163
9.82936303011459e-05
6.130180032056666e-05
3.685312770463122e-05
2.126784103048572e-05
1.1747418889980636e-05
6.19801178207972e-06
3.1193159584607614e-06
1.4961208250050795e-06
6.83456820797789e-07
2.9724777647016827e-07
1.230479747021807e-07
4.847334221075973e-08
1.816996979644268e-08
6.480302565023901e-09
2.1988949545099326e-09
7.098514285393479e-10
2.180091580788847e-10
6.369715624835768e-11
1.770513441632689e-11
4.681764260676577e-12
1.1777392881689538e-12
2.818492493361402e-13
6.416702418890362e-14
2.3270260672553502e-14
4.87499305141224e-15
9.715675429225208e-16
1.842035773459095e-16
3.322378203835668e-17
5.700670575532787e-18
9.305262655335832e-19
1.4449642666336698e-19
2.1345745887106012e-20
2.999793114384142e-21
4.0104859927332253e-22
5.100684119242128e-23
6.171426855782654e-24
7.103438150869038e-25
7.778197744337752e-26
8.102778686334615e-27
8.034022379638069e-28
7.622249493262362e-29
7.341703677039333e-30
1.1322090726638375e-30
5.7561706136472e-31
4.868272843694007e-31
4.226972737123139e-31
3.5323685598301375e-31
2.824816779980397e-31
2.160597805984184e-31
1.7627525462446622e-31
1.2514683367709902e-31
8.495444030401803e-32
5.513222452044019e-32
3.420466054185812e-32
2.029499238483403e-32
1.1534349659669157e-32
6.310412588863633e-33
3.3714340111179305e-33
1.8258194781660313e-33
1.0836524769065199e-33
7.784862874694116e-34
6.939699807592044e-34
7.0677973260106766e-34
7.4798705527876166e-34
7.7988607100647e-34
7.834981050218317e-34
7.521966474395263e-34
6.880773539334908e-34
5.991129557705908e-34
4.963518493792166e-34
3.9122407108522875e-34
2.9335766807387078e-34
2.0926597341435665e-34
1.4201256057405296e-34
9.168136048001168e-35
6.661050590351566e-35
3.9570670016534137e-35
2.23629870867806e-35
1.2022974944181051e-35
6.149216513310453e-36
2.991943162692944e-36
1.384881469358321e-36
6.098142656128565e-37
2.554513874275507e-37
1.0179926965699475e-37
3.8785665388914395e-06
7.704407126745502e-06
1.4559045811341837e-05
2.617292804761369e-05
4.4760756744332486e-05
7.28229452755835e-05
0.00011271060202556843
0.00016595372677553812
0.00025076116573715204
0.00034545362073557895
0.0004588966357080778
0.0005904344311707116
0.0007395457643999926
0.00180592402995199
0.0028203022063584713
0.004455924120245076
0.006391390839090735
0.010095033300779703
0.015565749660834394
0.023243243935046686
0.03343887049916322
0.04620207642800562
0.06119403240698397
0.07761106961619994
0.09419955584144117
0.10938575561279848
0.12151155898878176
0.12913005131793945
0.13128835136926642
0.127721279912009
0.11890190175176245
0.10593641952540499
0.09033591330168744
0.07372963100382887
0.05759366699605629
0.04305446672820913
0.0307969377322131
0.021074366530097245
0.013792741565524487
0.00863118310252497
0.005162684826982327
0.0035736340718943473
0.0019810558736569474
0.0010487465128448462
0.0005300070145353571
0.000255613981086761
0.00011760906324760044
5.1608321958322766e-05
2.159236887842126e-05
8.611347621237774e-06
3.2728860243775545e-06
1.1851902102799103e-06
4.088467784994687e-07
1.343307117262835e-07
4.2030776937352715e-08
1.2522171778233867e-08
3.5519081153080424e-09
9.591124659934666e-10
2.4652705758906817e-10
6.031333469257202e-11
1.4043863888311188e-11
3.1121397456166285e-12
6.563097325648931e-13
1.3170943931074252e-13
2.515167216979068e-14
4.5702986547384425e-15
7.902014963671627e-16
2.385631766219798e-16
3.796644674796991e-17
5.7489317668778044e-18
8.282433615626565e-19
1.1352887247880168e-19
1.4805634770953022e-20
1.837027319285734e-21
2.1685439882826406e-22
2.4354633766722943e-23
2.6022732984130595e-24
2.64533027292362e-25
2.558367283762522e-26
2.3541356078020693e-27
2.063007022948456e-28
1.743754335300533e-29
1.6552652470088553e-30
4.036073278739892e-31
3.0090391806081164e-31
2.745299769275694e-31
2.4502083898663163e-31
2.0979609216930998e-31
1.7209880223477123e-31
1.3526844813812812e-31
1.0186630694930242e-31
7.352540838088092e-32
5.090383615330353e-32
3.8960383115435894e-32
2.5307590004811965e-32
1.7490587856341023e-32
1.2918331917303235e-32
1.1806523388598028e-32
1.4530462074927633e-32
2.0454960646252642e-32
3.0258796991106294e-32
4.437815206392588e-32
6.307476762639961e-32
8.617413961809678e-32
1.1284172074362165e-31
1.4147136211585335e-31
1.6974914362509986e-31
1.9491689164444596e-31
2.1420087784250177e-31
2.2531249272997325e-31
2.2689334420371773e-31
4.1950264705614416e-06
8.105227014169371e-06
1.4897773641969702e-05
2.6049732604436575e-05
4.3332213923380994e-05
6.857158651646917e-05
0.00010322935820480319
0.00013188679310568576
0.0001826991478981975
0.00024076726850463985
0.0003018450651730797
0.0003599949633880823
0.0004084458424311799
0.00044085751179868027
0.000452676261946266
0.0004421838810276648
0.00041090724975838944
0.0003850655980875915
0.00034837166967136804
0.00032459728123504576
0.00032867968808760985
0.0003761330765207821
0.001169648049062232
0.002155394294257093
0.003737932410739278
0.006316205369232565
0.010900500665041118
0.017308262912171697
0.02640497966098105
0.038649260253978406
0.054226334402309215
0.07288078441295193
0.09379287965249904
0.10831451092645598
0.12961345680500216
0.1484733279019441
0.16282843415684273
0.1709909048757521
0.17197668212810654
0.1656971524929709
0.15296597791152167
0.135323767767213
0.11473317329446785
0.09322683680463956
0.07259271156218851
0.054158881420700106
0.03870428461870817
0.02648605695302551
0.017349018327334383
0.010872851674972164
0.006516628904416088
0.0037334356780685304
0.0020436045609041635
0.0010682920443915414
0.0005330897640659331
0.00025383567544122487
0.00011528844312264598
4.992905606924443e-05
2.0612183054866592e-05
1.1126508634002416e-05
4.238527081873506e-06
1.5381273354604167e-06
5.316285452434442e-07
1.7498112768029428e-07
5.483766938261707e-08
1.636131302313342e-08
4.646894144852793e-09
1.2562426349008085e-09
3.2323381176421696e-10
7.915236079481193e-11
1.8445497865226016e-11
4.090492056071133e-12
8.631807774405926e-13
1.7332214228121967e-13
3.311461758763346e-14
6.019883895277559e-15
1.0412381676695886e-15
1.7135546336599244e-16
2.68302829624249e-17
3.996929494670931e-18
5.664962373978106e-19
7.638937789878436e-20
9.80011165009938e-21
1.1961575988999114e-21
1.3890016897304523e-22
3.2157884731438364e-23
3.43657591371776e-24
3.4939510681035394e-25
3.3795499086333764e-26
3.1099330646233077e-27
2.7226542701119977e-28
2.2676844290055255e-29
1.796891690973499e-30
1.3546372003188383e-31
9.721658701301032e-33
6.734857054915765e-34
6.049421325999966e-35
3.063526660110669e-35
1.2088492696770694e-34
2.124695598778895e-34
3.614081299614644e-34
6.127925957593412e-34
9.903087208514741e-34
1.5231525326484722e-33
2.262319370100669e-33
3.217757652631574e-33
4.393140683838191e-33
5.754644215144062e-33
7.231322866049136e-33
8.718287343994545e-33
1.0061226196114826e-32
1.1754519638702744e-32
1.3430531435149248e-32
1.5232649689305083e-32
1.766373008569547e-32
2.070214013795969e-32
2.489310412313124e-32
3.0607990934908824e-32
3.8077110949091496e-32
4.727537379932849e-32
5.783812546668061e-32
6.90401926154485e-32
7.985938454486734e-32
1.3274487496370993e-06
2.6077504736766735e-06
4.873489262435116e-06
8.664424156313544e-06
1.4654300936120421e-05
2.357850241810973e-05
3.609051170023889e-05
5.255276515349629e-05
7.279873201283754e-05
9.593515204582211e-05
0.00012027003346341455
0.0001434375325584593
0.0001627398420568623
0.00017218950375125244
0.00017976864408099006
0.00017854468294673474
0.00016869632066070735
0.00015163170208654152
0.00015288533378492115
0.00014987566594590492
0.0001623760864091237
0.00019980568393342414
0.0002720444571168382
0.0008987230652192839
0.001661788786398188
0.0028603185068401048
0.00478089450055847
0.008067576281183061
0.012685821055268219
0.01920200654026096
0.027936946832910745
0.039008755256297996
0.05223486365617849
0.06703880414907118
0.08243855617666868
0.0971275942394654
0.10965067413561595
0.11864311276862816
0.12307780174208237
0.1232310967073074
0.11926790494754758
0.11077616638812125
0.09876515780837147
0.08454090717202535
0.06947901660104872
0.05481820766750862
0.04151309786349075
0.03016399837949395
0.02102080016060104
0.014046825318065274
0.008996037558902478
0.005523769090915968
0.0032582775119096136
0.0018590612105441292
0.0010470384225133346
0.0006129232268654475
0.00041101166537795925
0.00034571710723542534
0.0003566097546478721
0.00040553292482904874
0.0004673712040799063
0.0005245885380473904
0.0005647801794000295
0.0005800952897659821
0.0005747285804063523
0.000543870417896857
0.0004896946326992847
0.00041947461056529226
0.0003418379664447479
0.000265010820591325
0.0001954490981230984
0.00013712915857852352
9.152754025532438e-05
5.811651012698189e-05
3.510532434679001e-05
2.017307805359708e-05
1.1028007691348547e-05
5.7351880556026725e-06
2.837422290055045e-06
1.3354449797489353e-06
5.979346674184596e-07
2.546872349472405e-07
1.0320157691648533e-07
3.9782420046879005e-08
1.4588874028743284e-08
5.089534472936698e-09
1.6891182596058802e-09
5.332953089904042e-10
1.6017737816112362e-10
4.5767828591932495e-11
1.931190521891253e-11
5.077622769378727e-12
1.27005185954023e-12
3.0220955194419465e-13
6.84101636960495e-14
1.4731900694115965e-14
3.0180237013477702e-15
5.881826637879523e-16
1.090504605472442e-16
1.9233950702969148e-17
3.2272692765890708e-18
5.151427817946547e-19
7.822503111074216e-20
1.1300289783135563e-20
1.5529559145618023e-21
2.0302727443059057e-22
2.525081243579804e-23
2.9875974095494553e-24
3.3627520641214027e-25
3.600780436912667e-26
3.668226638745805e-27
3.5575754483783393e-28
3.3055935281496e-29
3.125442732603044e-30
4.5075107200098555e-31
1.8894078443759826e-31
1.4723754820545344e-31
1.085235886738063e-31
7.825443727914974e-32
5.422849678884013e-32
3.602830146451731e-32
2.2928204826362045e-32
1.3966215662987677e-32
8.136835645285085e-33
4.531090333241655e-33
2.4101533078200645e-33
1.2238590324976683e-33
5.929799098420348e-34
2.7401505309776647e-34
1.2071588716301803e-34
5.068313717772429e-35
2.0274332182764376e-35
7.725162894645324e-36
2.8032214579537372e-36
9.685474100641129e-37
3.185924029558271e-37
9.97582449354295e-38
2.9731557291727896e-38
8.433464466419017e-39
2.2765862917160658e-39
5.848269100868344e-40
2.2990522490205975e-40
5.436974543237587e-41
1.223444765782482e-41
2.6194971987532305e-42
5.336396076598943e-43
1.034347664032002e-43
1.9075092976578415e-44
3.346901395163577e-45
5.587155739141808e-46
8.873736657220386e-47
1.340871498208798e-47
1.9276587962757865e-48
2.636534886105041e-49
3.430801384308013e-50
5.1858398680414205e-06
1.0325559133182449e-05
1.9558419845516857e-05
3.524355112810924e-05
6.0415902642593256e-05
9.85254860326894e-05
0.00015285217181948895
0.0005529863307595517
0.0009474831953896097
0.0015791405520540944
0.0025534852734286975
0.004148268897517021
0.005517080092602852
0.008210437023313649
0.011762128557809406
0.016193798758379375
0.02140151908499698
0.027130415385739588
0.03297877930440668
0.03843858151430954
0.04296856503344358
0.04608487671895413
0.04744716296607138
0.04691836525959141
0.04458406469980967
0.04072896690843943
0.03577940684035472
0.03022786809825956
0.024557047703409773
0.019177847420872536
0.014389942632652414
0.010367369608943603
0.0071663199418192545
0.004748782392769428
0.0030375898522473073
0.0018762749893057396
0.0011469693939917284
0.0007362732727539552
0.0005947001801417622
0.000531309832366007
0.0006055820048883424
0.0018399745070594661
0.003065394863692319
0.005041221029187111
0.008080916220096553
0.013016328889520746
0.019719151424136695
0.02880962050295409
0.040504636535341906
0.0547146350875737
0.07093725424782865
0.08821823609013976
0.10521210438877918
0.12034908855806181
0.13208062896819636
0.13916472784843095
0.14083530306705958
0.13699240249120548
0.12816144062947443
0.11538389255917672
0.10002120973229364
0.08352993409778654
0.06819365523121443
0.054095373850004694
0.04613424205357447
0.03689780179722607
0.03159696507179944
0.030409342731563642
0.033457520603822115
0.04078544122793646
0.05211590828213527
0.06683474576780239
0.0839282134049048
0.10198758449980473
0.11931314243599223
0.1341169969580077
0.14478651580838903
0.1501439637926331
0.14963476835664866
0.14339778213906743
0.13220632274343644
0.11730382657533658
0.10018043031821325
0.08234211758632547
0.06511529237767331
0.04951357915225468
0.03617656698150661
0.025375742214443893
0.017072389931957435
0.012801951229845305
0.008017610241697911
0.004804238022204867
0.002752042133670248
0.0015059562376880434
0.0007867015935023414
0.00039210243673864744
0.0001863665714506993
8.44374654345715e-05
3.645438672063216e-05
1.4992907204163222e-05
5.872716828417719e-06
2.190400353667369e-06
7.778013303383281e-07
2.629159629116525e-07
8.459044397300727e-08
2.590260646229874e-08
7.548355800891097e-09
2.0932581062604558e-09
5.523753667165758e-10
1.386980653564728e-10
3.31373463213846e-11
7.532956963859395e-12
1.6293147102025835e-12
3.3529662845349346e-13
6.56496564875907e-14
2.1532149652815688e-14
3.8801284955681405e-15
6.652328055374951e-16
1.0850943587714013e-16
1.6839361547421387e-17
2.4862590847189935e-18
5.555266327159812e-07
1.1116980620074925e-06
2.116384260629787e-06
3.8329036999736535e-06
6.603694947839192e-06
1.082360186511218e-05
1.68764977105072e-05
2.503332577820938e-05
3.5324863144527514e-05
4.7420719065446994e-05
6.0559390095430995e-05
7.357335498553541e-05
8.50325765748433e-05
9.349229645652413e-05
9.778945518671634e-05
9.730472642990133e-05
9.210889150749347e-05
8.294589277377276e-05
7.105815492252026e-05
5.7910681722487536e-05
4.914513956569892e-05
3.685543212836856e-05
2.6293485036730412e-05
1.784516256392391e-05
1.1521753369571356e-05
7.0768884663762625e-06
5.804642847610352e-06
5.608988279534668e-06
7.460003485128106e-06
1.1817225123010605e-05
1.9422450324977643e-05
3.120075552887912e-05
4.805628596363024e-05
7.057034723584144e-05
9.86484285538594e-05
0.0001312077800198761
0.00016602594640068027
0.00019985913786950247
0.00022887556814406827
0.00024934521572803536
0.00025842140635258206
0.0002547895892917703
0.00023897946941039944
0.00021323830398062638
0.0001810070781308292
0.00015783664645120706
0.00012328617181627666
9.161078411126725e-05
6.475965757012225e-05
4.355000381242057e-05
2.786105524611215e-05
1.6956360289097617e-05
9.817330703020567e-06
5.407293162007794e-06
2.8332971289217813e-06
1.4123100107795017e-06
6.6972060957336e-07
3.021224518950556e-07
1.296576206807787e-07
5.293449877336171e-08
2.055915558040755e-08
7.596218550240944e-09
2.6700250747120475e-09
8.928097799414659e-10
2.8400647942984495e-10
8.594552485266693e-11
2.474252388752296e-11
6.77626589091508e-12
1.7654791364285238e-12
4.3758300959123484e-13
1.0317726763295261e-13
3.8302324531547386e-14
8.310456628798471e-15
1.715340546146038e-15
3.3682283713920456e-16
6.29185081318379e-17
1.1181009426226472e-17
1.890206799686788e-18
1.941661523820221e-07
3.7591744585912243e-07
6.923682564180341e-07
1.2131305106856044e-06
2.022104581854579e-06
3.206456934489875e-06
4.83696472090085e-06
6.941385090986951e-06
9.476436741619846e-06
1.2307496119125366e-05
1.52061775643515e-05
1.7872944956129544e-05
1.9984711750908855e-05
2.1258145230891978e-05
2.1511889641274533e-05
2.0708920606465787e-05
1.896540299250451e-05
1.6523132976272298e-05
1.3694570970923393e-05
1.1752885749925298e-05
8.963481601292993e-06
6.5033130289632386e-06
4.488676393193644e-06
2.9473223987148885e-06
1.8410377899629e-06
1.0940154921437513e-06
6.18457629177124e-07
3.325999203712753e-07
1.701610046120585e-07
8.281779270712308e-08
3.8345373480095886e-08
1.688993597440978e-08
7.077318569168398e-09
2.8212085849041254e-09
1.0698610066483874e-09
3.8596260744581167e-10
1.3246123954163388e-10
4.3247211300003084e-11
1.3432384409811458e-11
3.968933535576575e-12
1.1156301710000323e-12
2.9832687971014904e-13
7.589099223844511e-14
1.836596645557713e-14
4.228273320637304e-15
1.5448558374244533e-15
3.2727543463505593e-16
6.595755810534409e-17
1.2645658213653666e-17
1.0595793584203489e-06
2.070189969674857e-06
3.8478011599000745e-06
6.80363102309581e-06
1.1444441267302851e-05
1.8313617828115795e-05
2.787914237119931e-05
4.037479988267192e-05
5.562462116586989e-05
7.290368151840374e-05
9.089867741718513e-05
0.00010781802664681667
0.0001216608660812496
0.00013059788362833016
0.00013336660162803306
0.00012956381907670446
0.00011974188964332131
0.00010527716571904576
8.805377337456468e-05
7.006279671494061e-05
5.303379153617589e-05
4.2843822412569486e-05
2.98421151935815e-05
1.977409903003357e-05
1.2464920630945594e-05
7.969490461649732e-06
5.226941423188711e-06
4.09672974160648e-06
4.3346435766122935e-06
5.848436935181118e-06
8.66218668448704e-06
1.2842983893999251e-05
1.8404990294221753e-05
2.5211219108545906e-05
3.289923871479676e-05
4.085846697290262e-05
4.8278786097294234e-05
5.427148066195749e-05
5.803863726248854e-05
5.90459033919818e-05
5.7146341643359997e-05
5.3146867936950943e-05
4.7128247523388627e-05
4.034746023274197e-05
3.389690856447201e-05
2.8795104520051462e-05
2.58540398338688e-05
2.5362632208906993e-05
2.6999306014380526e-05
3.138546693018441e-05
3.8063655437457514e-05
4.622366952174931e-05
5.477755543342902e-05
6.249691988429105e-05
6.820433730281528e-05
7.098405831951138e-05
7.035826204504932e-05
6.63757862131719e-05
5.9583476319868376e-05
5.0887430357851e-05
4.134662149722757e-05
3.1959779820918895e-05
2.3501579322829858e-05
1.9545035903691055e-05
1.7069059550814674e-05
1.8433863607045185e-05
2.472796194074973e-05
3.7323923550138006e-05
5.7780007834966595e-05
8.753714545156357e-05
0.00012742239747658542
0.0003096406983790578
0.0005147606466335506
0.0007012978781113165
0.0011012275029441785
0.001698419356697361
0.002603196201962064
0.0038575718798618524
0.005513705574699205
0.007606226177731419
0.010100177226539686
0.01288808276287581
0.01578993674616216
0.018571210459543602
0.020976947752046504
0.022774174748468278
0.02379148514497996
0.023945469584484215
0.023248322460338887
0.021797257791976134
0.019751425380296384
0.017303937142456722
0.01466276564486077
0.012006994919683992
0.009499514597060289
0.00726122049364686
0.00536994453133634
0.0038607124898826623
0.0030666252823757295
0.0021720920178078754
0.0015895855844665246
0.0017492516250293742
0.0020519087503818928
0.002799018355263678
0.00409339792941084
0.006075835118431183
0.009124372144999967
0.013118961869349922
0.018256019806765174
0.024486718381546323
0.03158190065228992
0.03911996572001737
0.04652107456341537
0.05312827733797276
0.05830975802787762
0.06157306506105387
0.062639925083671
0.061478446492991876
0.058285187266014886
0.05343087262936539
0.047389819679469376
0.04067115045290563
0.03376230460957072
0.0270876220994038
0.022936913963628392
0.017341395132525843
0.012630629485284334
0.008852309016144734
0.005964726803042804
0.003861927002127554
0.002402612862516296
0.0014370236942753579
0.000827286540091175
0.0004592659690736426
0.00024647575052106594
0.00012826087411246264
6.492836121125498e-05
3.207144694346113e-05
1.5493664075017915e-05
7.328609412834789e-06
3.3927677146775687e-06
1.534462295162351e-06
6.760061199303177e-07
2.890645608557029e-07
1.1953471761902396e-07
4.7638766935244896e-08
1.8243327712041497e-08
6.696743947589312e-09
2.351797906448245e-09
7.88982503747213e-10
3.711603686219283e-10
8.312321926252166e-07
1.6167405519142911e-06
2.9917636123840333e-06
5.26679603416408e-06
8.820484345731855e-06
1.4052844144718424e-05
2.1299124854465898e-05
3.071036675417701e-05
6.850654891035362e-05
0.00011101366334227862
0.00017303927567830077
0.00026703788298214787
0.00040613326060096283
0.0006140481005882704
0.0008998192333431963
0.001273614679916254
0.001740425544290917
0.002289491965619396
0.002894156670008737
0.003512838205673087
0.004093944700120748
0.00458391890967686
0.004936400292554449
0.005119987851560365
0.005122570156534633
0.005026625858258307
0.004751861649174046
0.004348448919904491
0.0038541904125251967
0.003308622289049591
0.002749173761036449
0.0022084920727306356
0.0017126073537819626
0.0012803752798492317
0.0009210424133424129
0.0006370683183560285
0.00042401202485287494
0.00027282452041875254
0.00017208956412615171
0.00011003624540253617
7.597008334850623e-05
6.100211374394963e-05
5.817635224330686e-05
6.222628911752817e-05
6.920925784926715e-05
7.619989247359184e-05
8.11188345484602e-05
8.267716108861815e-05
8.0361476599624e-05
7.437878920920954e-05
6.872340936403971e-05
5.855818721932481e-05
4.747101511217872e-05
3.661065690444782e-05
2.6860679847641074e-05
1.8747960180930498e-05
1.8796946295302332e-05
2.00209305307923e-05
2.6874233309517265e-05
4.108847344156103e-05
6.476046773123152e-05
0.00010003249104051957
0.00014850249488395606
0.0002104434037590658
0.0004508659171980248
0.0007181937554157719
0.0011054771594385545
0.0016898641733794927
0.002552844423974449
0.0037855742374096283
0.005598071641256922
0.007901602968114827
0.010772355290282226
0.014139863697511893
0.017835938720479894
0.02160240713686989
0.02399731954114395
0.027172672959329687
0.029587144364995776
0.03102522024084221
0.031384420689885596
0.030680966081728295
0.029031881599700687
0.026623169587067876
0.023677959531947224
0.020421083336324343
0.01706867347164116
0.01381034556661368
0.010801412871126263
0.008155781104613414
0.005941203529107287
0.0041787392516143195
0.0029032648231717296
0.002015804970931234
0.0014810345077185896
0.001255721464228486
0.0013061983086823151
0.0016165973440241928
0.0022166571934231234
0.003089872789472207
0.004230227098225917
0.005619245232742235
0.006653825139300157
0.008300503354610559
0.009943414172105348
0.011441905849191176
0.012658418203342165
0.013483976197785097
0.013855497627873229
0.013762351867802029
0.013240336568845322
0.012436774814922754
0.011373613153331687
0.010192166357612059
0.00902448984240443
0.007997757640603986
0.0072331902947954975
0.006887304301860234
0.006975137498021316
0.007555458728291846
0.008600075736754939
0.010013771270081328
0.011641475376477488
0.013289149523620767
0.014754709589884885
0.015861528500807923
0.016485731661493596
0.0166028525672759
0.0163294629908916
0.015562516037157937
0.014388737142028584
0.01291571009366074
0.0112562041062297
0.009518027164027278
0.007798218628234208
0.006179220191642009
0.0047253845065601315
0.0034797783462236225
0.002462434900061858
0.0016738444738377627
0.001091073093078949
0.0006839400426023176
0.0004161593730634178
0.0002525001050054571
0.00016266895741434554
0.0001229378000602184
0.00011592622870838325
0.0001790006039687806
0.0002613543947746702
0.0003880152081729113
0.0005828545723563296
0.0008749040593375024
0.0012998974966344414
0.0016754547116184855
0.0024498567082081703
0.0034259327093114685
0.004626434142238319
0.006013406911334746
0.007509376538730689
0.009003333700679137
0.010366366427741856
0.011473544925547913
0.0122260049231558
0.012566801810824696
0.012486386778054985
0.012017486137250616
0.011222855898906564
0.010181115011233317
0.008975056877233507
0.0076843249564744346
0.0063817298001418886
0.005131156001643563
0.003985337731009264
0.002983121828150948
0.0021471050847082554
0.0014829456169316983
0.000981115644622434
0.0006208669833274668
0.0003753536759839791
0.00026152134946828153
0.00014622261559300815
7.794232731019916e-05
3.95888545648713e-05
1.9153682551469877e-05
1.5390879806721366e-05
1.6589841229633333e-05
2.505377112873686e-05
4.172834942885644e-05
6.876045498038326e-05
0.00010878869464418145
0.00016408633974450879
0.00023555669179762455
0.00032172998679503575
0.0006365982210645403
0.0009758148448531708
0.0014597573700910497
0.0021845614537425203
0.003251754606855209
0.004774130030333809
0.006975545550959542
0.0097816036774952
0.013255769023648183
0.017296479465268733
0.021684571386413797
0.02464729391797805
0.028869365591764343
0.03248594399344995
0.03516817483848381
0.03669688787723284
0.03699163495250276
0.036106052043106865
0.03419622586654364
0.031477206652007636
0.028183548708109084
0.024543453498002153
0.020767061118305154
0.017042815806235494
0.013534520695789237
0.01037507841400024
0.007657872208596026
0.005429982451479905
0.00369198460117359
0.0024030353361424966
0.0014958704294270684
0.0008905776552478327
0.0005082968217494931
0.0002804736809452744
0.00015325522395653735
8.78270832740711e-05
5.821596798520333e-05
5.0005336632402034e-05
4.7101257245525264e-05
4.966261397963425e-05
5.365685965228152e-05
5.675229905983481e-05
5.776390589398288e-05
5.613597431927416e-05
5.2030760325419664e-05
4.6019592423219945e-05
3.893481302814758e-05
3.167468766655128e-05
2.502866153906688e-05
1.9555589007573362e-05
1.5530649529055106e-05
1.2956588330732354e-05
1.1621006838010124e-05
1.1177012925119034e-05
1.1227530147363088e-05
1.1399506455751276e-05
1.1399626632504316e-05
1.1046883076763582e-05
1.0280398399953488e-05
9.144371905086397e-06
7.755984414814575e-06
6.265337905573609e-06
4.817510471990104e-06
3.933430856762783e-06
2.784130627842814e-06
1.8748648548497043e-06
1.2011408765653541e-06
7.32069657410709e-07
4.244640096255799e-07
2.341300466374928e-07
1.2285707505020148e-07
6.132949749249617e-08
2.429525874785328e-06
4.773914216176064e-06
8.98808471232141e-06
1.6124998642968348e-05
2.7530930539168258e-05
4.4720323822640806e-05
6.910717793619331e-05
0.00010159422335108808
0.00014208264070777102
0.0001890335263769303
0.0003579406774207423
0.0005358003825582482
0.000787641761163613
0.0011640317609467564
0.0017181119625805828
0.0025082969753793625
0.0036296169450365833
0.004564130270889856
0.00623338993011731
0.008203958948198573
0.010377039135167937
0.012599299617030301
0.014683327208400892
0.01643969773376292
0.01771192437219317
0.018403684899063084
0.018490246752223907
0.018012023158116765
0.01705492278257211
0.015726367344111404
0.014135687579274019
0.012383610865977328
0.010560234330719915
0.0087471298197679
0.007018660095285595
0.005439950419503588
0.004061315351287631
0.002913366235507137
0.0020039688999481595
0.001319804016555277
0.000831681672289561
0.0005018483513389005
0.0003504227268622993
0.00019905933839173008
0.0001115730733730391
6.438403261848938e-05
4.0954548177274326e-05
3.0482935706738272e-05
2.635393153681882e-05
2.476658349571015e-05
2.3704485955408775e-05
2.2241514699675424e-05
2.0099266982521294e-05
1.7364309181736164e-05
1.4298884106530762e-05
1.1209924003670629e-05
8.362925295370154e-06
5.935948140932109e-06
4.008367233791508e-06
2.5750067694367927e-06
1.5736856828209668e-06
9.149229288900565e-07
5.060310960955867e-07
2.662537860916558e-07
1.3327238216312797e-07
6.346149040200131e-08
2.8747898015547357e-08
1.2388754256048687e-08
6.874915995649726e-09
2.726246524249608e-09
1.0284627454060635e-09
3.690946199864066e-10
1.2601219469486516e-10
4.092730487225667e-11
1.264559964437664e-11
3.716990232988759e-12
1.039367474641507e-12
2.7648561118145927e-13
6.996835407135982e-14
1.684443665778801e-14
3.857776247920776e-15
8.405107821133971e-16
1.7421087154901826e-16
3.4350489352825555e-17
6.443418113048997e-18
1.1498082203848004e-18
1.9519119156161458e-19
1.1336938976735018e-06
2.2199209605365466e-06
4.135280038946029e-06
7.328212405322092e-06
1.2354264144937813e-05
1.9813510394602638e-05
3.022954996923551e-05
3.896762282768799e-05
5.4707938711977144e-05
7.306720600793713e-05
0.0001246928712991223
0.00018031062565728855
0.0002583434679443958
0.00037478096691850974
0.0005487933519262764
0.000802839802200587
0.0011601589630727406
0.0016616328146024314
0.002285982661408324
0.0030335870949641207
0.0038699877581194666
0.004738348692952726
0.005566618778631205
0.0062798076267476825
0.006814130556747461
0.007128697993699921
0.007211089879855389
0.0070754295754294925
0.006754454643634206
0.006289199373074042
0.005720263992312841
0.005083199466424682
0.0046357025738241195
0.003950446015372035
0.00327146412671541
0.002624187769639861
0.002032276960139182
0.0015149434255910725
0.0010841889801209417
0.0007433243960634091
0.00048739112876465865
0.0003052323810227609
0.00018239073038476162
0.00010391266698087559
5.6413918011430135e-05
2.917280592436355e-05
1.4365276589395007e-05
6.7343938139454655e-06
3.0051247706770945e-06
1.2763085481738146e-06
5.158714797711131e-07
1.9842371669141595e-07
1.5055607103591428e-06
2.866561235729442e-06
5.367871456928428e-06
9.620104317653797e-06
1.6418904856936853e-05
2.666339090563932e-05
3.583141015344655e-05
5.3546071657739636e-05
7.612333838793653e-05
0.00010295178615642584
0.0001324572335360903
0.0002283670222018458
0.00032720235296828466
0.0004660674477064037
0.0006741844889727771
0.0009835199288707902
0.0014299628002126929
0.0020459352474622374
0.002892351187591164
0.003915110491826384
0.005101822850304398
0.006383343580047925
0.007660951690750445
0.008821577317208925
0.009758786350726523
0.010393420500413874
0.010687307490875595
0.010645770924009703
0.010308934996458097
0.009736086295442497
0.00898958061640506
0.008123971612118912
0.007502694498648238
0.0065312396278000345
0.005541797415872814
0.0045678749295568494
0.0036443531791480513
0.002804719838645329
0.00207610526756268
0.0014747197551963737
0.0010037328561737586
0.0006542614340249419
0.0004087880137501192
0.00024560478704999296
0.00014289596601138005
8.158611606854434e-05
4.6721868420387103e-05
2.7634525144060067e-05
1.7344387539147686e-05
1.1655067480833698e-05
8.253831939216275e-06
5.9807442181971735e-06
4.311550679946745e-06
3.032033346605312e-06
2.05562584005629e-06
1.3349415324116047e-06
8.276010560968449e-07
4.88955392080746e-07
3.3503301361854684e-07
1.8236346773663806e-07
9.445720621780253e-08
4.6549906713963164e-08
2.1825221903779757e-08
9.735078707444455e-09
4.1309848964565395e-09
1.6676207089530335e-09
6.404254430714901e-10
2.3397343172593597e-10
8.131875178470187e-11
2.6886905075416484e-11
8.457008269507808e-12
2.5305706550481247e-12
7.203539147104706e-13
1.950738697698896e-13
5.025485173899079e-14
5.084278538581091e-07
9.715479289302401e-07
3.9569507481992095e-06
7.319097606418893e-06
1.2922871029056512e-05
2.177867959847584e-05
3.502942718269307e-05
5.376675578674624e-05
6.970292367914554e-05
9.893204172968319e-05
0.00013394985948605396
0.00017298168723008344
0.00021303063469233768
0.00032475643719753836
0.000436165008004884
0.0005896550797607109
0.0008193630022454929
0.0011637622914774882
0.0016666511085336381
0.0023688804434203784
0.003326022713132354
0.004513390532864878
0.005890071039735585
0.007383299331293517
0.008877261932863596
0.010238543073729428
0.011341309910241414
0.012092392852695583
0.01244815710877506
0.012417656124193889
0.012070189609285057
0.011460939796918663
0.010674501301279476
0.009779368547035669
0.00914821626122412
0.00818021819553039
0.0072180829581829425
0.00630228484690224
0.005463515310266115
0.004732808438397105
0.004132243307885416
0.0036666109212315575
0.0033215282122826062
0.0030702783960532736
0.002880097969752165
0.0027205772312782345
0.002569316061918412
0.002413652792735168
0.002248925842795828
0.0020750056396052537
0.001893089393403025
0.0017040577275290862
0.001508575342292554
0.001308199054938714
0.0011064287513782441
0.0009089173488958211
0.0007226603737872266
0.0005545406320155851
0.00040985464037140214
0.0002913552122278773
0.00022700688923944177
0.00015098637689022165
9.64549347821051e-05
5.918137566531719e-05
3.4877829921670075e-05
1.9744928608732843e-05
1.0737954540605208e-05
5.6095272230113905e-06
2.814476634482275e-06
1.3558416087374813e-06
6.268755448342901e-07
2.780298935653879e-07
1.1821775683239796e-07
4.815896110685854e-08
1.8783988605389053e-08
7.010190213462047e-09
4.4805939259083303e-07
8.550951959763751e-07
1.5583358671180247e-06
2.7034968853107976e-06
4.462400821345573e-06
7.007229334907084e-06
1.0467704971082089e-05
1.4875878697050508e-05
2.011127237379784e-05
2.3916790265476372e-05
2.9753359512447598e-05
3.521233587109141e-05
3.964417385108438e-05
4.246094139853418e-05
4.326389099497005e-05
4.193602313018006e-05
3.8670039969084426e-05
3.3922488909573916e-05
2.896878596754472e-05
2.3785638722143064e-05
1.9452854541600953e-05
1.6654421165527638e-05
1.5965686599325857e-05
1.7840724336981147e-05
2.258747018472732e-05
3.0309980961896546e-05
4.081888394418819e-05
5.353893712873632e-05
6.745938353459241e-05
8.118268027172199e-05
0.0001319103651996618
0.00018128391532410695
0.00025124434379691576
0.0003578219695289361
0.0005177805502154122
0.000662913063095697
0.0009498880374051116
0.0013379049527717166
0.001817882372252848
0.002372140378571141
0.0029691152038766665
0.0035609356037523683
0.004093458005807191
0.004516811748995492
0.004795706978241874
0.004916110141444787
0.00488599717658131
0.004730080556787538
0.004480726192132971
0.004168641229335761
0.0038166809430669408
0.003438454785908577
0.003041182494045111
0.002630553846923426
0.0022149036237297634
0.001806844627912601
0.0014220040345926102
0.0010758635676979837
0.0007803279980217936
0.000541428718671838
0.00035881572588523415
0.00026572689551501277
0.00016275118606407695
9.498717217991425e-05
5.280351850770249e-05
2.79499835229893e-05
1.4084004701093421e-05
6.755085602503236e-06
3.083543728377838e-06
1.4149261287744032e-06
7.016728190120998e-07
4.939102279477773e-07
5.717216445112554e-07
8.570062639985952e-07
1.340269605702146e-06
2.0369193086707524e-06
2.9584955140803417e-06
4.0918078552207535e-06
5.384858245366457e-06
6.741830324093467e-06
8.029916658242876e-06
9.09852107129458e-06
9.807458064534431e-06
1.005698638434359e-05
9.810812658733373e-06
9.104745599087746e-06
8.425618003543597e-06
7.1951654107376e-06
5.845282562182378e-06
4.517476975248615e-06
3.321330517337269e-06
2.323025379170083e-06
1.5456868902921755e-06
9.783963026321512e-07
6.166614930604424e-07
2.3607351523490874e-06
4.039199906761395e-06
7.0843832835790266e-06
1.2100989529962916e-05
1.980053658562944e-05
3.088467339951752e-05
4.585678682057497e-05
6.478605570725185e-05
8.708138934468681e-05
0.00011135755210427199
0.00013606606203996405
0.00020018070197134729
0.0002639692600194301
0.000353107727773523
0.0004893969488790007
0.0006988738161162667
0.001012149242641664
0.0012936492957687288
0.001842284383368062
0.002567088737453109
0.0034416468335558437
0.004423646591255303
0.005447748587553829
0.006424893631729573
0.007262239950336854
0.007882258550305844
0.00823912050202347
0.0083267711121916
0.008175807112019196
0.007840452137549974
0.007380719272298069
0.006846477803464748
0.0062688496090137205
0.005660840142339184
0.0050251156128130504
0.004364234703161848
0.0036884407494979306
0.003018058207552063
0.0023803846708613206
0.001803288890956715
0.0013086108034398216
0.0009078621966240294
0.0006012755105169456
0.00044499580430083487
0.00027221345565200055
0.00015864019743432392
8.80443238984409e-05
4.6522199587669674e-05
2.33997925630246e-05
1.1202204150503369e-05
5.1038561748781834e-06
2.212953066476509e-06
9.130784716773887e-07
3.58504684653065e-07
1.3394447305867042e-07
4.762038528849624e-08
1.933225981888971e-08
1.1585956306758983e-08
1.3681216523255572e-08
2.2199664642460527e-08
3.7298064966193795e-08
6.049971766530829e-08
9.358295450469311e-08
1.3776428154827948e-07
1.9294340464747206e-07
2.5707121642950455e-07
3.258392579504811e-07
3.928974339863052e-07
5.577594893271193e-07
6.509869308780004e-07
8.584564374496188e-07
1.1564449363989714e-06
1.6208249629880586e-06
2.3337794307699395e-06
3.383778372750472e-06
4.845973328185928e-06
6.755791068494938e-06
9.176947528092939e-06
1.1887979529195687e-05
1.4751037337726801e-05
1.7519895971605254e-05
2.0278135785464125e-05
2.2435640181060582e-05
2.4119570886618124e-05
2.544128574313574e-05
2.66573090474002e-05
2.811614050353291e-05
3.016868403398136e-05
3.3063139398078026e-05
3.685157038420668e-05
4.133465331173424e-05
4.606354778419603e-05
5.040487021047838e-05
6.402170552214043e-05
7.13890577260497e-05
8.889463069719424e-05
0.0001151273945707206
0.00015738984077981658
0.0002234630632142864
0.00032156960892541845
0.00045850758186791456
0.0006371920093722485
0.0008627260892129558
0.001114319057065551
0.0013784981395659123
0.0016321163662966483
0.001850649247104702
0.002013274843206746
0.0021074248239645087
0.0021312509517915825
0.002093087575615305
0.002008081223250644
0.0018932397429408329
0.0017627285236464852
0.0016250404424949278
0.0014827945659291297
0.0013348006731929089
0.0011791793778975696
0.001016096166381148
0.0008490716083371018
0.000738658610948726
0.0005802284685035989
0.00043711978103508993
0.0003150645071697491
0.00021689544739692183
0.00014244047123114392
8.916423672245647e-05
5.3171451497852136e-05
3.0194771873051257e-05
1.632447116842643e-05
8.400901561977113e-06
5.686431991275325e-06
5.016350321359608e-06
6.661297219059193e-06
1.0725404405149518e-05
1.7737978171153166e-05
2.8461722143709672e-05
4.365215965082792e-05
6.37626523070824e-05
8.862759368865012e-05
0.00011719923787756735
0.00014743916092599038
0.00017645264379886248
0.00020089520250446017
0.000292472333275798
0.00037815028864150767
0.0004550890731955248
0.0006254752936939775
0.0008931605038767701
0.001297295258818762
0.001874163438571403
0.0026464197120050093
0.003632659946918527
0.004781062514009107
0.006019138597095276
0.007249371076164201
0.008354589357185664
0.009225945074805363
0.009786831147144025
0.01000960658812239
0.009919038474511501
0.00958090292951744
0.009079737561408247
0.008493848209849143
0.007876435761314115
0.007248783421938097
0.006606247807128891
0.005932754136452034
0.0052167901372015945
0.00446242121593846
0.003691926881354664
0.0031864617651812498
0.0024694667104630174
0.001832656533867782
0.0012997597597644247
0.0008797096336372036
0.0005676666650752728
0.00034940395896265584
0.00020522605791452306
0.00011555032111627209
6.737591883515805e-05
4.340199807907578e-05
3.723482764282088e-05
4.448710091303683e-05
6.332665341967851e-05
9.343517577420026e-05
0.00013488820096259655
0.00018713598401469127
0.00024819319453773045
0.00031418509284650346
0.0003793987803565815
0.00043691182508319974
0.0004797200857878829
0.0006552070055617516
0.0008208724218966047
0.0010640621279282777
0.001457743213305461
0.001840881257098591
0.00265622247066737
0.0038224327160370215
0.005382555874176717
0.007364743671641502
0.009664166704714915
0.012135593629372464
0.014574219019459763
0.016747399263571373
0.0184399908705912
0.01950411828096853
0.01989184723280606
0.019660961661392997
0.018950948471381825
0.017937313027990634
0.016780487748336324
0.015587176478355403
0.014396199661601347
0.013190634261542359
0.011927860539641889
0.010573447534147845
0.009125499641774261
0.007621990096816447
0.006131428632945157
0.004735646114101227
0.003501972380528516
0.0027940430788683888
0.0019192756472411845
0.001264487655116863
0.0008052650039137938
0.0005053539255542654
0.0003256062493744506
0.00023017482486811824
0.00018956575342639136
0.00018122740475999769
0.00018876182911288324
0.00020071899597051422
0.0002664776327226244
0.00032930523875678654
0.0004244271649892194
0.0005803196749923908
0.0008299703447447866
0.001210305864601086
0.001755011290685877
0.0024844173044527643
0.003394181392409636
0.004484474238285295
0.005638215816131236
0.0067763589688013106
0.007787716909772696
0.008570292926660743
0.009054197753989057
0.009197928659667039
0.00916119227861401
0.00887634267150198
0.008427299537508549
0.007898697488742966
0.007353594726363729
0.00682145018475019
0.006299366372409909
0.005764396133956854
0.005190812765181775
0.0045652461893915305
0.0038945103489160687
0.003204575640490891
0.002532702404257714
0.0019168188030174024
0.0013862910485510642
0.0009567425439677563
0.0006295141626178094
0.000394801364349279
0.0002359595150451495
0.00013454494323502815
7.347710269343904e-05
3.890045694363741e-05
2.0735986397434145e-05
1.2135760953605796e-05
9.57114031194247e-06
8.495600798129343e-06
9.384343973113754e-06
1.1252750576003702e-05
1.3540712306371544e-05
1.6043255212504086e-05
1.8342874160188448e-05
2.0374711458061e-05
2.2094697951198324e-05
2.3547387607246667e-05
2.484394306492016e-05
2.612209454297112e-05
2.7496002366155448e-05
2.9008885148467927e-05
3.0601801643989465e-05
3.210861206744116e-05
3.328091919606907e-05
3.383901306393688e-05
3.3537226529362394e-05
3.222683925490875e-05
2.989893174943713e-05
2.669449796450495e-05
2.2878671256932607e-05
1.878689914964644e-05
1.4759143628953634e-05
1.1145096042753e-05
9.021198367406203e-06
6.383422503807106e-06
4.433323380663264e-06
3.555842787890919e-06
3.240066761690464e-06
3.711113148345982e-06
5.0280711252336925e-06
7.284335161369168e-06
1.0582044393522112e-05
1.4985836327944013e-05
2.0463855219539806e-05
2.6830236500206607e-05
3.370822380369966e-05
4.053344745284808e-05
4.660987737372689e-05
5.121634935848315e-05
5.3743203118794804e-05
7.14775914952363e-05
8.744975624657881e-05
0.00011298634164712695
0.0001562166742340078
0.0002257047607243276
0.00033027585268716403
0.0004770476626355434
0.0006688788492029714
0.0009017697948806858
0.0010800249348929057
0.0013571571480357522
0.0016272744411068884
0.0018646329009718886
0.002044764082373378
0.002151331126677396
0.0021803756441902125
0.0021399405484810565
0.002048612794578516
0.0019291618623187793
0.0018023081643094051
0.0016816281698332019
0.0015713612618756304
0.0014675472230149574
0.0013616814725838386
0.001245266678023629
0.0011135470842967674
0.0009672819230999787
0.0008123197396801988
0.0006575595765638588
0.000512319089570977
0.00038408920214634567
0.00027727010998943307
0.00019299341090779575
0.00012975632602545945
9.777873022421687e-05
6.231809319836593e-05
3.8549746213237455e-05
2.3168676483617044e-05
1.3531566222809904e-05
7.675221208696682e-06
4.222099197240293e-06
2.24808894902692e-06
1.15600570775962e-06
5.727246733164027e-07
2.7276851666290936e-07
1.2463069720084905e-07
5.453563511703441e-08
2.282072711915642e-08
9.121383053465013e-09
3.479101697101215e-09
1.2654061259641105e-09
4.3863377733652614e-10
1.4484173278792451e-10
4.5547012709820635e-11
1.3636108721182138e-11
3.885992216285394e-12
1.0539772863085862e-12
2.7203881130980927e-13
6.681361158517852e-14
1.5613724945807863e-14
5.762286333291493e-15
4.771812071186725e-08
9.394256764291819e-08
1.759410746446819e-07
3.134712861378337e-07
5.313173546588344e-07
8.567141657752383e-07
1.3141459613953685e-06
1.9176836778317976e-06
2.6621716195932417e-06
3.515773085348004e-06
4.4170400321720415e-06
5.2791930540206335e-06
6.002462602430765e-06
6.492576751062266e-06
6.680830171637443e-06
6.539875521467667e-06
6.0902376901806246e-06
5.395413242223427e-06
4.547166898443705e-06
3.6457155983654466e-06
2.9747794822057576e-06
2.3963922936588937e-06
2.0957931931449346e-06
2.1561335434547057e-06
2.6571287612419723e-06
3.2731196186012742e-06
4.665518734180961e-06
6.64557312368437e-06
9.18516414723423e-06
1.2169208045386123e-05
1.5381648778725598e-05
1.8515355634298115e-05
2.121091169794497e-05
2.311939524680664e-05
2.3974147434724132e-05
2.3650724909952302e-05
2.2196001795896025e-05
