Y :47.0% Calcite, Diffracto n :1410
N :Gibbsite
Y :53.0% Dolomite, Diffracto n :1327
N :Hematite
0.0
0.0
0.0
0.0
0.0
0.0
0.0
0.0
0.0
0.0
0.0
0.0
0.0
0.0
0.0
0.0
0.0
0.0
0.0
0.0
0.0
0.0
0.0
0.0
0.0
0.0
0.0
0.0
0.0
0.0
0.0
0.0
0.0
0.0
0.0
6.737503629699098e-36
3.748090678774661e-34
8.688925672924619e-34
1.5868337035022343e-33
2.3113643972219768e-33
3.9112362344652266e-33
6.322484551422462e-33
9.763141085522397e-33
1.4401886473095027e-32
2.0294446549886836e-32
2.7318889724548946e-32
3.512989771507177e-32
4.3153770393555e-32
5.063941176915323e-32
5.676578336589349e-32
6.078728384120883e-32
6.218233285414825e-32
6.076444186100106e-32
5.67231461370948e-32
5.058240546948938e-32
4.3089067681253487e-32
3.506414511869856e-32
2.7257627091196693e-32
2.0241447630028135e-32
1.4358991250601803e-32
9.730501885159591e-33
6.299058112773091e-33
3.8953382181676614e-33
2.301145262859609e-33
1.2985908277299915e-33
8.645405908057722e-34
4.520602938051355e-34
2.258068553728465e-34
1.0774764936448453e-34
4.911436641553897e-35
2.138648873175751e-35
8.896122795855084e-36
3.5350253500892155e-36
1.3418838302626962e-36
4.8659548195294835e-37
1.6855907196960665e-37
5.577855233259171e-38
1.763248539479157e-38
5.324651065714468e-39
1.5360319018721197e-39
4.232928335526399e-40
1.1143287253345996e-40
2.8023191592482577e-41
6.732151071882305e-42
1.5449777209260778e-42
3.387059457888951e-43
7.093421516161422e-44
1.4191267163253433e-44
2.7121840241043237e-45
4.951648452050849e-46
8.636011787425834e-47
2.628158415706034e-47
4.2472040060213254e-48
6.556736274491992e-49
9.669530784296806e-50
1.3622482209717887e-50
1.833328671899351e-51
2.3569898111657434e-52
2.894732440842402e-53
3.3961944513354064e-54
3.80636215177456e-55
4.075314573836762e-56
4.16817236003982e-57
4.0725246530915985e-58
3.8011526295330595e-59
3.3892252557108804e-60
2.8868159535404936e-61
2.348936554954437e-62
1.825815905319699e-63
1.3557392501145456e-64
9.616760571086717e-66
6.516506706457727e-67
4.218268782797134e-68
2.6084766480461484e-69
1.5408944577247413e-70
8.695448651829159e-72
1.2471946045022514e-72
6.521413545872104e-74
3.2574831899758574e-75
1.5525176281670424e-76
3.8672017184022673e-78
0.0
0.0
0.0
0.0
0.0
0.0
0.0
0.0
0.0
0.0
0.0
0.0
0.0
0.0
0.0
0.0
0.0
0.0
0.0
0.0
0.0
0.0
0.0
0.0
0.0
0.0
0.0
0.0
0.0
0.0
0.0
0.0
1.3694911653674504e-35
1.910101160916754e-35
2.631184467618572e-35
3.5796784695685515e-35
4.8098832744371426e-35
6.382970675806474e-35
8.365828475261041e-35
1.0829112298146946e-34
1.3844413220742258e-34
1.7480507781919787e-34
2.1798736883519637e-34
2.684765814775749e-34
3.2657225408405635e-34
3.923285860371758e-34
4.654986404364019e-34
5.1811897884848515e-34
6.02135578401132e-34
6.9112542815341315e-34
7.834607599623448e-34
8.771531384359866e-34
9.699098913289676e-34
1.0592175057572957e-33
1.1424486946898378e-33
1.2169873289590466e-33
1.280363254638534e-33
1.330387457077618e-33
1.3652773215021175e-33
1.3837620170496594e-33
1.3851593225294942e-33
1.3694174189077794e-33
1.3371180789557482e-33
1.2894409803224543e-33
1.287551484749166e-33
2.7538152745518495e-33
4.7751351645912004e-33
6.1426781093770125e-33
7.991639944410748e-33
1.0450712236578979e-32
1.3667742318964168e-32
1.780771276256734e-32
2.3048673626812822e-32
2.7245517949065973e-32
3.473149138792345e-32
4.3801589295685995e-32
5.46108181324177e-32
6.728066868620265e-32
8.188589173715924e-32
9.844159062675016e-32
1.1689126132372565e-31
1.3709641809064736e-31
1.588285740155897e-31
1.8176457884410668e-31
2.054865384862688e-31
2.294875889877744e-31
2.531845372325352e-31
2.7593777238775507e-31
2.970779804083098e-31
3.159382371320714e-31
3.3188921958626876e-31
3.4437472497160886e-31
3.5294450547765426e-31
3.5728161320261454e-31
3.572219418609419e-31
3.527643620302613e-31
3.4407068204931017e-31
3.3145554140637958e-31
3.210834778098105e-31
3.02982723461811e-31
2.8240956955718402e-31
2.599908825032163e-31
2.387408317523044e-31
2.1758438234733065e-31
1.978921842405416e-31
1.815358912560901e-31
1.700592933430588e-31
1.649847401326941e-31
1.6759447931593955e-31
1.786291433765865e-31
1.979522290279555e-31
2.2426970323377126e-31
2.5501604862048624e-31
2.8650363620303475e-31
3.14373578978334e-31
3.342945667812493e-31
3.4276223669325996e-31
3.377945161778751e-31
3.1932768384800497e-31
2.8919747998599496e-31
2.5071281495868606e-31
2.079499611459169e-31
1.6496738173233856e-31
1.2514213683270208e-31
1.015272206425254e-31
7.146441448257e-32
4.8091999914864156e-32
3.094119239123635e-32
1.903305478869244e-32
1.1195354119124759e-32
6.298089453367877e-33
3.389637263402876e-33
1.7461259316349725e-33
8.615764614760867e-34
4.076674391742556e-34
1.8530976393299005e-34
8.115542078733334e-35
3.43982326708743e-35
1.4211013336458066e-35
5.783457761733466e-36
2.3530715036100985e-36
9.745678155499816e-37
4.182196226481352e-37
1.880791108719344e-37
8.868255798624212e-38
4.34336446306584e-38
2.1792101918687287e-38
1.1056359058970004e-38
5.617714832966631e-39
2.8407276793656826e-39
1.7948896906081877e-39
8.938950244732905e-40
4.4022207633192075e-40
2.1424590353846135e-40
1.0300867167539365e-40
4.892078848667823e-41
2.2947952706232564e-41
1.0631964026751591e-41
4.8651612934765225e-42
2.1988380056880327e-42
9.815235267701301e-43
4.32732368627932e-43
1.884295948695156e-43
8.103821191102423e-44
3.4422431825299005e-44
1.4441229752771771e-44
5.983808771466726e-45
2.4488495482270695e-45
9.89822542698915e-46
3.9515127250606996e-46
1.5580457495951825e-46
6.06747187703711e-47
2.3337055080788163e-47
8.86533214116656e-48
3.326247943263057e-48
1.7184369014871827e-48
6.3155455342761935e-49
2.2924438653401607e-49
8.218585428038594e-50
2.9100866963607745e-50
1.0177127988803542e-50
3.515239864478003e-51
1.1992095463493813e-51
4.04059700208176e-52
1.3446408745414965e-52
4.419542910479039e-53
1.434691873306333e-53
4.599918333315109e-54
1.456638438069349e-54
4.555788290999044e-55
2.3703229231380163e-35
3.324266870695825e-35
4.604495374701986e-35
6.2989185882167e-35
8.510356322924847e-35
1.1356049778350742e-34
1.4965961568680404e-34
1.9479587606770085e-34
2.5041058670779565e-34
3.17924068697813e-34
3.986501431820744e-34
4.6036579011623465e-34
5.6541572761958855e-34
6.8585217517145e-34
8.216577399693483e-34
9.721855810758623e-34
1.1360702707001101e-33
1.3111700164956623e-33
1.4945505825687107e-33
1.6825191720669725e-33
1.8707132390269112e-33
2.0542448766062534e-33
2.227896441756111e-33
2.3863579178896573e-33
2.5244917660079086e-33
2.6376072616239595e-33
2.721724080291199e-33
2.773804550251535e-33
2.791935696391163e-33
2.775445867569884e-33
2.724946033719247e-33
2.6422922124399035e-33
2.5304722467748833e-33
2.393426564073464e-33
2.235817905340929e-33
2.0627687691696898e-33
1.879587117338036e-33
1.7544291827549942e-33
1.565828088373677e-33
1.3802257026518909e-33
1.2015834460418405e-33
1.0331313899943884e-33
8.773138231460815e-34
7.3578712145329e-34
6.094627774672182e-34
1.3852031350265396e-08
2.601161193439347e-08
4.665596080125018e-08
7.993428222449701e-08
1.3081124904259355e-07
2.0447639339521062e-07
3.0530037030005404e-07
4.354091552598847e-07
5.931354113649741e-07
7.717847987309577e-07
9.592342089273571e-07
1.1387782598005478e-06
1.2913374537046283e-06
1.3987058720757857e-06
1.4471019200569035e-06
1.4300720287773076e-06
1.3499036622263062e-06
1.2171208711690821e-06
1.1073656266370414e-06
9.249794641601738e-07
7.380048468563041e-07
5.624350898165848e-07
4.094224690376601e-07
2.846800338182925e-07
1.8907252119882746e-07
1.1994603405468937e-07
7.268243041819576e-08
4.2068696965702455e-08
2.325812768763869e-08
1.2282209795760904e-08
6.195328556118376e-09
2.9849581451994584e-09
1.3737199943282954e-09
6.038711251667006e-10
2.5355745208288366e-10
1.0169382088662496e-10
3.895819455726695e-11
1.4255719779248776e-11
4.982709280101891e-12
1.6635199678757793e-12
5.304892146064595e-13
1.615887680716231e-13
4.7014503289047783e-14
2.0124063525730564e-14
5.4243347089574685e-15
1.3965720656026272e-15
3.43452192372812e-16
8.067803385961499e-17
1.8102159597913754e-17
3.8796410340709115e-18
7.94216251628273e-19
1.5530021817885468e-19
6.841048443548073e-08
1.2886738669294628e-07
2.7854072068623856e-06
6.2682000450911175e-06
1.1392901644538086e-05
1.9803391402343218e-05
3.291903927706027e-05
5.232958704952761e-05
7.954845241796033e-05
0.00011563611783526374
0.00016074109949850397
0.0002136620971021392
0.00027157614859396357
0.0003300780908887292
0.00038361962308425924
0.00042632687407479755
0.0004530453030324523
0.00046019200505789925
0.00045387092680296347
0.0004280379365614595
0.00038600139621075455
0.0003328528699951409
0.00027445588251280166
0.00021639607584342333
0.00016314821687084033
0.00011761712443858393
8.107982541720842e-05
5.344503304359435e-05
3.3686194463559665e-05
2.0302233322667156e-05
1.1699830311405686e-05
6.446963623054697e-06
3.3967704372390607e-06
1.7112257036716389e-06
8.24276098690949e-07
3.796260739252269e-07
1.671669053953078e-07
7.037979488387431e-08
2.8329641756322052e-08
1.0902373333330934e-08
4.011242782743983e-09
1.4109298964922144e-09
4.744504006497512e-10
2.2376215901843516e-10
6.980413896024048e-11
2.0816485065568344e-11
5.93409845403328e-12
1.6170093057241276e-12
4.211821242071744e-13
1.0486152213043016e-13
2.4954011837374567e-14
5.6758617069600105e-15
1.2338993516739249e-15
2.5637375931312326e-16
5.0909971614798196e-17
9.661783374497669e-18
1.7523739856682297e-18
3.037396407559498e-19
5.031201103409956e-20
7.963940371992998e-21
1.2046511531861074e-21
1.7412563350244054e-22
2.405047375927883e-23
3.1742108779231925e-24
4.0030509304174905e-25
4.823718277499516e-26
5.553935270965523e-27
6.10999260826331e-28
1.3677576270050685e-28
1.3946773444583244e-29
1.3589346547603469e-30
1.2672129490563614e-31
1.1541990425751502e-32
1.3007935672518276e-33
4.790575925743132e-34
4.698310138927685e-34
5.325033961685236e-34
6.059038227447471e-34
6.846523655801054e-34
7.674878115620189e-34
8.531712765959311e-34
9.401819699839806e-34
1.0267200197802215e-33
1.1107528835428426e-33
1.1900858018111886e-33
1.2624524234430054e-33
1.3256207400079539e-33
1.3824968652729237e-33
1.4256766413464923e-33
1.457384701190085e-33
1.4781460801136312e-33
1.4893140251510838e-33
1.492891818622872e-33
1.4911543796137626e-33
1.4880577457863638e-33
1.4814592425708298e-33
1.4725343198047838e-33
1.459731899568323e-33
1.4398230078182264e-33
1.4084143906970818e-33
1.3609125816816944e-33
1.2937256688152529e-33
1.2053756901469283e-33
1.0971860899014122e-33
9.733218832706336e-34
8.401583651743468e-34
7.051618510897852e-34
5.7560323326254866e-34
4.5744469928728505e-34
7.915359432718751e-07
1.4881892227887423e-06
2.672586315583521e-06
4.584493871060929e-06
7.511680775936372e-06
1.1756252933290847e-05
1.7574654255618135e-05
2.5095203946083836e-05
3.422793825781651e-05
4.45919866340076e-05
5.549054283827156e-05
6.258406680167053e-05
7.214995275533193e-05
7.945008975355267e-05
8.356776825463667e-05
8.395939239340875e-05
8.057231476256222e-05
7.385645617517227e-05
6.593069308241874e-05
5.584720328315226e-05
4.5636836282139114e-05
3.627987251716494e-05
2.8484091411371698e-05
2.2647467606117525e-05
1.8889935174072283e-05
1.712817268859548e-05
1.716337938386401e-05
1.875792983631725e-05
2.168765984764484e-05
2.5767275311808655e-05
3.08537556191184e-05
3.683577381680056e-05
4.361695175426631e-05
5.1098778776840315e-05
5.916664849042468e-05
6.768053854172034e-05
7.352164150349712e-05
8.2386794093392e-05
9.118139234846164e-05
9.966794812510078e-05
0.00010759784336145887
0.00011472279429095938
0.00012080746064803675
0.00012564222467665193
0.00012905513289063222
0.00013092203403960586
0.00013117407213955053
0.00012980190089807562
0.00012685625872808746
0.00012244485463018648
0.0001167258313029785
0.00010989835856251373
0.00010219113689350548
9.384973492751857e-05
8.512373371847827e-05
7.625460456977706e-05
6.746511682903835e-05
5.895087760503695e-05
5.0874372736193806e-05
4.3361635549574117e-05
3.650144327535139e-05
3.0346751858400964e-05
2.7314621331827077e-05
2.2967946710481326e-05
1.9754236884288e-05
1.7853363581732392e-05
1.7483123445665875e-05
1.8876961716887503e-05
2.223558427762781e-05
3.139158499445694e-05
4.2102419834757546e-05
5.6779543269427965e-05
0.00024691510379942446
0.0004594414370305786
0.0008026771000440068
0.0013303318001835986
0.0021351637954410306
0.0033055164649759125
0.00492278575573913
0.007039752000116137
0.0096550756260462
0.012690034151562902
0.015975539398955612
0.01925705995911103
0.02222154520828881
0.024544288358125173
0.02594673639250341
0.026251224720340614
0.02581838577285997
0.02427700757657862
0.02185174579461777
0.018821103661501765
0.01551551364702327
0.012475936077985824
0.009575811270720672
0.0072698577514054
0.00543580236397977
0.00416991312099193
0.003431200838186541
0.003154557473343895
0.0032712612647574045
0.003722297505721701
0.004464395012575675
0.005470329745388051
0.006725633593115752
0.008223658746979966
0.009960391798352862
0.01192981852233406
0.014120191955493466
0.01651129762113405
0.019072702942079016
0.021762957791828724
0.024529722202373053
0.027310799346910213
0.029138408264712253
0.03178469484075538
0.03424808171447789
0.036451914115833574
0.03832394741584131
0.03980025767946195
0.04082885804071467
0.041372735856389474
0.04141206324118348
0.0409453968768257
0.03998976585602778
0.038579640109570164
0.03676486655472731
0.034607745264863696
0.032179484701563704
0.0295563167763951
0.026815565808846097
0.024031950406096864
0.021274357297647033
0.01860326726116606
0.01606894321458553
0.013710417631680056
0.011555248443696152
0.009622739724845635
0.007916373182141483
0.006904782722914361
0.00557102516352375
0.0046130128248687815
0.003827974045159912
0.003405910171998676
0.003278737849975735
0.003547673144707183
0.004278030671233407
0.005529885583032657
0.007337926143936916
0.00968744797335804
0.012492194995957067
0.015581632633577302
0.01870492628258193
0.02155567247296103
0.02381569816712316
0.025209701335362423
0.02555763898663066
0.024810806193874362
0.023061349368432214
0.02052243651128387
0.017484794309190026
0.01426170666730531
0.011136676149364413
0.008325426080350326
0.005958220502421244
0.0046529607527402
0.0030963444792004636
0.0019724123091497416
0.0012027032998718982
0.0007019607901178392
0.0003921384433606036
0.00020965948623625618
0.00010727841721746015
5.252975179398212e-05
2.4612993674707042e-05
1.1034674212187573e-05
4.7332544369329055e-06
1.9423820562017687e-06
7.625244593503159e-07
2.8634437124973833e-07
1.0285223758303672e-07
3.5335311327164525e-08
1.1610836191975775e-08
3.6490817734067225e-09
1.0969982731979584e-09
3.155182505604106e-10
8.686461511181276e-11
2.2912907451326033e-11
5.802103223113129e-12
1.4160335070700985e-12
3.35725160570252e-13
1.274627319869414e-13
2.9980232487489626e-14
7.350023063205606e-15
1.9691020192697038e-15
5.954716197914029e-16
2.0193133988744933e-16
7.400400811058717e-17
2.8190897415979584e-17
1.0875452887867732e-17
4.190453174265221e-18
1.6022903328390364e-18
6.062788827947447e-19
2.267544460587633e-19
8.37905521492216e-20
3.058550629331809e-20
1.1027833464329495e-20
3.927431409002152e-21
1.3815516604472876e-21
4.800253104742681e-22
1.647398729938393e-22
1.293343842830781e-05
1.806716984162504e-05
2.492665765694629e-05
3.396532430866552e-05
4.5709374349312256e-05
5.5332937409074245e-05
7.293727966043752e-05
9.495398409096597e-05
0.0001220884602341766
0.00015503645734527048
0.00019444234501637974
0.0002408494499876481
0.0002946444481373935
0.00035599890349187995
0.0004248120751908699
0.000500659936880749
0.0005827558235999204
0.0006699281064934678
0.0007606197009824997
0.0008529130037150066
0.0009445820672205663
0.0010331715802349556
0.0011160997250215506
0.0011907794893526221
0.0012547508094424564
0.0013058142936829872
0.001342156461196072
0.0013624565758317516
0.0013659663062160034
0.001352555513510062
0.0013227202607347562
0.0012942218230006155
0.0012397038495077428
0.001172802749928521
0.0010957962152099339
0.0010111891737093768
0.0009215795326283503
0.0008295279531444396
0.0007374405663607529
0.0006474717404752329
0.0005614517065810336
0.00048084132936643763
0.00040671385453156964
0.00033976132284628036
0.0002803216919008411
0.00022842165149012378
0.00018382967663173119
0.00014611398111044553
0.00011470060782168873
8.892778176513743e-05
6.809370954883875e-05
5.149609806897718e-05
3.8462671620466665e-05
2.8372811033299566e-05
2.0671075764099417e-05
1.4873787982205512e-05
1.0570070622371626e-05
8.359510842588222e-06
5.818800831553594e-06
4.000220339083204e-06
2.7160147850783824e-06
3.541610213849008e-05
6.408179668428275e-05
0.00011319198529900828
0.00019244720763420648
0.0003136650952179694
0.0004883278966106817
0.0007264737368904244
0.0010324978468782887
0.0014017807745091532
0.0018179322485732449
0.002252043306001628
0.002664874013313905
0.0030121729403878167
0.0032523068660975304
0.003354440845786207
0.0033050619644833493
0.0031109433144170607
0.002797651323300919
0.0024040498701158905
0.0019744303370289712
0.0015504605243105165
0.0011649367475987042
0.0009400006150460673
0.0006582874482521039
0.00044374151630048364
0.0002897219546997144
0.00018529448053665996
0.00011834517698046206
7.773025870692158e-05
5.439270119685972e-05
4.1649471040986083e-05
3.4958722705121435e-05
9.167528776100036e-05
0.00011381612756802447
0.00014475561259233536
0.0001862297247710618
0.002843221638272793
0.003947099459733028
0.006290385560057566
0.00897318560408509
0.012107022926281071
0.016141891979248424
0.021264834395151148
0.027678059828299923
0.03559251246284231
0.045218851056807716
0.0567558099050353
0.06559542635619085
0.08068065218344872
0.09803558354350164
0.11768316050672498
0.13955953349427377
0.16350011844167106
0.18922960656119242
0.21635744515623417
0.24438007567651118
0.2726908122715532
0.30059768717900254
0.3273489197316512
0.3521649451787405
0.3742752438526811
0.3929576219929683
0.4075771892012093
0.4176221144391619
0.42273335751342506
0.4227259688957368
0.4176001960938166
0.4075414667448959
0.39290925022818946
0.3742157309571488
0.3520960577372616
0.32727257786527547
0.3005158593172323
0.2819897421272645
0.2537308394841427
0.22553942117237716
0.19805275084285923
0.17181000313479555
0.1472397534753617
0.12465528224079521
0.10425697945356165
0.08614178128446721
0.07031256930474335
0.05669821193356797
0.04516815048189914
0.03555001027586507
0.027645517672204047
0.021244458606945255
0.01613618421700845
0.012118473576152249
0.009003824036653743
0.006623435156741296
0.004829270197158396
0.0034946185946321475
0.002513556080450458
0.0017996307430024634
0.0012840237672276731
0.0009133694571596245
0.0008145803723181818
0.0007685084989308296
0.0008236785581371334
0.0010542580440801293
0.00690460308913233
0.012490386063639685
0.021905798630608514
0.04062245123609278
0.06673661250718686
0.10526182057551176
0.15935462201321413
0.23131659948326952
0.32198843856828185
0.4297574878499338
0.5498589148178937
0.6744101303202801
0.7929204763393201
0.8936523711939011
0.9654998238813345
1.0
0.9929757307144395
0.9453689566765314
0.8630367128527802
0.7555717939429497
0.6344764208606486
0.5111674035134315
0.43260167934246346
0.32563872410954836
0.23565096356452736
0.16427866594644538
0.11074395549431644
0.07269611941300176
0.04704976671288276
0.03065303344846866
0.020718832693897557
0.015023869030181592
0.011937469306030882
0.01035180230240061
0.009561134841052601
0.00914436621783771
0.008866306243134201
0.008605276732157783
0.008304905999866743
0.007944458872865115
0.007521734418305344
0.007043729132036174
0.006521754856585616
0.005968957013841321
0.005399045324069078
0.004825578765332274
0.0042614544725724166
0.003718436503872666
0.003373246411916175
0.0028869853887419756
0.0024442117637794294
0.0020490031140114333
0.0017029577894838478
0.001405419103640619
0.0011538744727435182
0.0009444551512443038
0.0007724551318869376
0.0006328017219007573
0.0005204358788441215
0.00043058711867370987
0.00035894832493617697
0.0003017673424153718
0.00025587585483810685
0.00021867458032387007
0.00018809017726193142
0.00016251542186725883
0.0001407410994353158
0.00012188577762726766
0.00010532798372438432
9.064402355990936e-05
7.755358438726794e-05
6.587429203721575e-05
5.548554848829807e-05
4.630128782739476e-05
4.0812457265612285e-05
3.348029712159602e-05
2.71670777304987e-05
2.1796909669976636e-05
1.7287174802377182e-05
1.3549956274195787e-05
1.0494613435485122e-05
8.030758867765428e-06
6.071110717414318e-06
4.5338881720709515e-06
3.3445803186810154e-06
2.4370438448897598e-06
8.412154858626048e-06
1.4108212323354634e-05
2.4606090973497478e-05
4.243087289545395e-05
7.08247569977487e-05
0.0004025421188692201
0.0007152013775094538
0.0012886783259335518
0.002176478882000185
0.0034841564966692053
0.0053633266721035385
0.007934793742743472
0.011277314728677327
0.013938624592844602
0.018513663837157208
0.02360324432321963
0.028878738459463003
0.03390454802049741
0.03819255044502433
0.04127864292251084
0.04280516730044096
0.0425890066873134
0.04065744774402018
0.03724218314386431
0.032733357908951266
0.02760630350647917
0.022339917379896296
0.017345767482119908
0.012921585686427045
0.009234392491055949
0.006330228416084361
0.004161850147997516
0.002623839922778012
0.0015859584012341162
0.0009188892061931765
0.0005102232002982904
0.00027144947298885446
0.0001383421686181712
6.75246718290069e-05
4.086338322028625e-05
1.8551332709274718e-05
8.061546892168968e-06
3.3525966549514923e-06
1.3340922972179485e-06
5.078777916995531e-07
1.8494124056335477e-07
6.440910131803627e-08
2.1450755504814755e-08
6.83074107650848e-09
1.702135465961063e-06
2.3848430687181234e-06
3.302599333682058e-06
4.517727353009244e-06
6.103743633729514e-06
8.144664098903116e-06
1.0733674149022852e-05
1.397080820012164e-05
2.5228571818352457e-05
3.6475751734652526e-05
5.9598920723374625e-05
8.66185437592932e-05
0.0003023210508563507
0.0005555779580525277
0.0009452894833176571
0.0019352593310252588
0.0026783772982633355
0.0041853705294592905
0.006441342417483881
0.0094745986304739
0.013390016551058412
0.018248989553776792
0.02396590952889739
0.030317201210354507
0.03694316468857079
0.04338153587939394
0.04913136710612034
0.053736112387401
0.05686712627754877
0.058386402063230716
0.05837175025781648
0.05709760639199157
0.05497686516291477
0.05247933709511679
0.05004731158020735
0.048027169481420946
0.04662930117955455
0.04591962473097887
0.04583790146791525
0.04623302810826138
0.046904255343132764
0.04763917065816156
0.048066886234735776
0.04849201961753475
0.04854526281377158
0.04814250401845768
0.047243060622551084
0.045844174055276216
0.04397416811366482
0.041685361271053795
0.039047272992907146
0.03614034156878761
0.033050236036395696
0.029862820311960237
0.026659843168749777
0.023515438213768988
0.0204935047957736
0.01764600367965971
0.015012149588824363
0.012618428007254568
0.010479315969059742
0.008598552629713912
0.006970788311547337
0.005583440456995
0.004418599224458482
0.003454850613464885
0.0026755914361925206
0.0022421654325196754
0.001708303103321146
0.001295898705080016
0.00098669078248295
0.0007787024170816104
0.0006428037500309546
0.000577130917251573
0.0005746951339010311
0.0006294485463445564
0.0013462924353914842
0.002033513350394844
0.003131416417348234
0.005097022310817508
0.007823749499360894
0.011739493098291665
0.017116917973279026
0.02415175439905498
0.03288379641439496
0.043120742819935935
0.054388331872331025
0.06593031970668756
0.07677322006865113
0.08585423653999048
0.09219108843569361
0.09505646798684626
0.09411424632157436
0.09141052451621962
0.08459936944283766
0.07519560654092834
0.06419309347579687
0.05263274073841961
0.0414456582631649
0.031341632679508395
0.02275769350119808
0.01586444247483556
0.010615012188977561
0.006815698615859412
0.004198348962841002
0.0024802833424674873
0.0014049163805382363
0.0007627748470483902
0.00039683537802419154
0.0001977731436757078
9.43945836409697e-05
4.427584699733834e-05
2.046683629978103e-05
1.0112072972751174e-05
6.1912240464648105e-06
5.302018921991544e-06
5.900576144893624e-06
7.344976914751023e-06
9.407603236476425e-06
1.1098777759328476e-05
1.4122779776043837e-05
1.777093522195145e-05
2.209198012900943e-05
2.712624466153873e-05
3.2896535017429006e-05
3.940126422000552e-05
4.660884352611908e-05
6.475049173663262e-05
7.716360091129225e-05
9.130397523857603e-05
0.00010733675595004669
0.00012544717688856613
0.0005384591559396806
0.0007162453998618448
0.0009484557250667442
0.0014296794012521915
0.0018863834583612246
0.002469350620689337
0.0032044609643995556
0.0041196769036022825
0.005244152134706707
0.006606986886954562
0.008235626537197753
0.010153933402458805
0.011603765828483097
0.014041871699949663
0.016799248046590987
0.019867548303180823
0.02322468209565953
0.02683340918775695
0.030640639935959574
0.034577616677767486
0.03856110962144889
0.04249570071260382
0.046277149038828964
0.049796733228757446
0.05294635649932886
0.055624091784368106
0.0577397570507504
0.05922006539393793
0.06001290628726993
0.06009038689357203
0.059450384425328046
0.05811650943154489
0.05613652902382714
0.05357942651316906
0.05053136775133554
0.04709090281297717
0.04336375885177975
0.039457581513135775
0.0368059134263175
0.03283025104444009
0.02893610927949878
0.025200746128376403
0.021686632266497346
0.018440581168157354
0.015493851648816906
0.012863086320140086
0.010554041561829543
0.008557055071346797
0.006857688482097716
0.0054342904161451535
0.004261266593945487
0.003310989388529528
0.0025553032760929294
0.001966583562580638
0.0015183767155291968
0.0011857210894372042
0.000945298681833236
0.0007755814072461803
0.0006570963962342572
0.0005728488619396458
0.0005088686847980603
0.0004545527500093986
0.00040300063254237344
0.0003507588455996358
0.0003151709292116926
0.00026152168808222
0.00023034078452060787
0.0002017378757752289
0.0001936496983158456
0.00021497280953857155
0.00027567762777795917
0.00038616292351077106
0.0017981615816968135
0.003114810656110009
0.005243646918583806
0.008991817883611074
0.014270319961169089
0.021835005413781323
0.03217363516878438
0.045613287781343013
0.06217865207981043
0.08146064672539166
0.10253732287139142
0.12398725506062797
0.1440184092983219
0.16070534350156943
0.1722934876556202
0.17750356453658933
0.17576256313032335
0.1673039360978168
0.15839391313378312
0.14121963663153478
0.12107348033206951
0.09981715124004124
0.07912928555140435
0.060309689175746854
0.044184098268873526
0.03110697560522514
0.021038911778323805
0.013665380950418051
0.008520630024368713
0.005098245822374756
0.0029263844424077838
0.0016111334462600398
0.0008509905873373443
0.0004318085480916524
0.0002114141865625703
0.00010116534908099946
4.8994635127680326e-05
2.6023182452057546e-05
1.7100396907830457e-05
1.4696418821495022e-05
1.525829083463157e-05
1.7186244197919743e-05
1.9782275518887027e-05
2.1723737206393165e-05
2.48277535840301e-05
2.9585399104007952e-05
3.346339312277776e-05
4.428448898644081e-05
5.109001473888779e-05
5.885524910721455e-05
6.778130902857403e-05
7.811580683618264e-05
0.00028395922793031776
0.0004070332375635846
0.0005405475602234882
0.0007148870144050767
0.0010641331780090887
0.0014006265842020419
0.001828125914112553
0.0023642313096059586
0.003027606400197068
0.0038372945045713636
0.004811808268670687
0.005968000180962164
0.00731974376416408
0.008876480581873495
0.010641714312603771
0.01261155715202972
0.014773452396124374
0.016310868026819622
0.018738519402974625
0.021278082808280835
0.023878019485215733
0.02648200270317617
0.029025741492103137
0.031440588439892114
0.0336565057307301
0.03560538168637428
0.03722448389094061
0.03845980698380174
0.03926906666506111
0.03962715456523945
0.03951844124698249
0.0389493736280361
0.037941482882049384
0.036531689623814895
0.034770151754691773
0.032847077515014214
0.03071273508449753
0.028507665503086387
0.02636401469645832
0.024496171671194066
0.022937445748630145
0.021867463923500568
0.021398571930624256
0.021455388282035255
0.02210343658950572
0.023369599022009437
0.025105774146820505
0.027078679258382546
0.028993919477192365
0.030536429906140746
0.03142000272846849
0.03143508932455252
0.030483689807462955
0.028593909126624777
0.025908028325624943
0.02265523675127358
0.01910787186429856
0.0155373745989743
0.01217677844018713
0.00919614564745886
0.006693082876873323
0.004696837738267453
0.003182001518670776
0.0020868656657387014
0.0013318701502394897
0.0008348868327791297
0.000521725798046339
0.00033173165719253616
0.0002632348383673858
0.0001957771738267637
0.00016795761944805727
0.00016958897182263487
0.000197895171463347
0.00025457668753468745
0.0008772240003484525
0.001477148552276296
0.0024510393706806102
0.003965479951942996
0.0065199692793597224
0.009988629789079521
0.014774182626974847
0.02106513790468987
0.02892041777117893
0.03820220069123874
0.048528458290591964
0.0592670290848145
0.06958312180089479
0.07854154334170028
0.08524695077399957
0.08899732204286957
0.08939226367315029
0.08641564824604765
0.08042466872512395
0.07208190227142981
0.06562728319953896
0.055272590752399556
0.044868245322804014
0.03512985338093603
0.02655898661677006
0.019433274827699746
0.013820232528228229
0.009624477638219673
0.00664555843316284
0.004634471523100841
0.0033396434905079856
0.0025379371737458446
0.00205053545355488
0.0017464970368598325
0.0015381142032478835
0.0013751568719678994
0.0012259674183163515
0.0010806778730626063
0.0009378165401334406
0.0008011375641849594
0.0006764989578640297
0.0005697995577461565
0.0004855870260990205
0.00042612862724110564
0.00039089752086802164
0.0003765148493935855
0.00037572258603393676
0.0003824145159557964
0.00039193890301201243
0.00039695784783040715
0.0003922691151845585
0.0003751064024784974
0.0003454755632744176
0.00030579191635866216
0.0002622307542901698
0.00021587674057743438
0.00017247280570133574
0.0001351298232019962
0.0001055481256792386
8.407368739108593e-05
0.00014139379571144093
0.00017335544824073832
0.00021301406516836764
0.00026995068387488747
0.00037721437427581266
0.0005026947706596704
0.0006515474170317162
0.0008394043651801619
0.0010729620023248122
0.0013590965138804906
0.0017044782841808693
0.001970688122474344
0.0024277233430474274
0.00295742187136301
0.003567927109143939
0.004248950252665838
0.005001649712373946
0.005819595841778362
0.006692858664616236
0.0076079366371810606
0.008547897492060634
0.009799591586510767
0.010846901608394518
0.01189223070186204
0.012921083007352075
0.014072844455286105
0.015094442365579714
0.01609258090436519
0.017071833470188105
0.01804241404416789
0.019019868981259354
0.02002420952284481
0.02107848831633912
0.022206876730133912
0.02343235380703044
0.024774167060806547
0.02624526460396434
0.02730035196166764
0.028991242245167283
0.030798534981391644
0.03269565595809899
0.034643761787335886
0.036592799514728165
0.03848991371025404
0.04025924609216482
0.041837034427219
0.04315611755592151
0.04415450286063252
0.04477923308495362
0.0449897633887945
0.045065925021550914
0.0445081095168953
0.043550011693204424
0.042227132389492855
0.04073856410443285
0.03891547661633443
0.03694333863596174
0.03491147498988281
0.03291254945772228
0.03103812254111835
0.02937431626071246
0.027997793434761394
0.026972224424206055
0.02650780084847549
0.026164440031796077
0.02625849627680239
0.02678681683635431
0.027726308417195967
0.029034796406851963
0.030652714265177797
0.032505575605108736
0.03450715038733506
0.036563231094781816
0.03857583662848414
0.04044766457270906
0.04208657122700976
0.04340983864773923
0.04434798363638067
0.04484787849299327
0.044874988597985874
0.04441748431920132
0.0434774360376982
0.04208120350411773
0.04027098090507542
0.03810340243325536
0.03564598279967802
0.03297305785119204
0.03031338664029784
0.0275728412101804
0.025795336654759794
0.023283477110196592
0.021093645346398217
0.019308025792889687
0.018021614957094267
0.017325074422301353
0.01725843827834572
0.017805475804810917
0.0188814853635632
0.02033071837350555
0.02193718204525628
0.023449342663000354
0.02461514411625021
0.025220259439109615
0.025121011968602995
0.024264580716008993
0.022692505868963445
0.020527849862968815
0.017950143893851647
0.015164395145731306
0.012370656868986241
0.009739364338595395
0.00739553120687477
0.005412666120347387
0.003815377238393466
0.002958435120683905
0.0019555444447494474
0.0012425018405163597
0.0007583323441134509
0.0004445109221670592
0.0002500726440602565
0.0001350865562429402
7.017881914431858e-05
3.523749509319381e-05
1.7344213174713455e-05
8.69009457455907e-06
4.823129537058812e-06
3.3458171433406697e-06
3.0376178135219075e-06
3.3110482651702064e-06
3.898737265943042e-06
2.074030669845928e-05
3.574701608542261e-05
6.0678413325859186e-05
0.00010029465188360829
0.00016028278722854153
0.000246567915174351
0.0007042990054279583
0.001236715810401365
0.002040266705892636
0.0032900233364951885
0.0044608508085356826
0.00705431202947192
0.010715830544089675
0.015673019999559695
0.0221441311259303
0.030188652971800612
0.039662300091569055
0.05017936177367465
0.0611109537981413
0.0716366650189453
0.08129662911583033
0.08881892727517642
0.09377541527238951
0.09599602704623374
0.0956641811543516
0.09368692409316719
0.09048233539305144
0.08723441297199379
0.08488740029177477
0.08414681988813325
0.08533620610379898
0.08832755583938125
0.09256107504054935
0.09715312428787563
0.10109649675189245
0.10338236988726755
0.10360663665921885
0.10165733040672323
0.09688580402001874
0.08957171128689291
0.08026901803718181
0.06975037720434356
0.058836264073743545
0.048281923969388844
0.03868653070179184
0.030441677032835512
0.023720716194341983
0.018502551044639694
0.014619922472179055
0.011819108620784812
0.009818372905223874
0.008355194815298006
0.0072167278971679094
0.006252686701790999
0.005373789483559223
0.0045401266433081735
0.0037462259706005398
0.0030053402150128938
0.002336851177830385
0.0017575482155136304
0.0012768976479203321
0.0010156822071946455
0.0007012917252580774
0.0004739655761792704
0.000321022884794414
0.00022882630342982937
0.000187677177002852
0.00018436688106045877
0.0002128359181652745
0.000267359326437652
0.0003428456742378021
0.0004343730639059518
0.0005346031989699446
0.0006359894534048203
0.0007298820151555877
0.0008077898747293001
0.0008625552150673814
0.0008894063101324173
0.0008866018999175565
0.0008555159232517955
0.0008001806510685803
0.0007264467917532843
0.0006409887586133982
0.0005503740938675949
0.00046035044792985146
0.0003754172322711203
0.00029867309466128587
0.00025297988646835143
0.00019323336109247578
0.00014399800656105468
0.00010462535944136072
7.404656592182956e-05
5.098201673436846e-05
3.4098754473994494e-05
2.211998448446304e-05
1.3895264167695583e-05
8.439894868133731e-06
4.950350354256709e-06
3.704932319097347e-06
3.2792783513677893e-06
4.044331101310439e-06
6.135834016786411e-06
9.870829325541312e-06
1.5691042112019336e-05
2.406826298154962e-05
3.536886707435543e-05
4.9689898055905714e-05
6.669869002383533e-05
8.552415093098375e-05
0.0001047509822922726
0.00012278856577557724
0.0001372847834441689
0.00014664794947594719
0.00014941648548798733
0.00014797034869714777
0.00014008186025994983
0.00012683578575365564
0.00010993563886957113
9.135836867224372e-05
7.299228640730614e-05
5.634866368385024e-05
4.2402958187667765e-05
3.1575518876406226e-05
2.3822061868446235e-05
1.878314221946676e-05
1.604319714450672e-05
1.4893194947005614e-05
1.491567715182932e-05
1.5714970632200556e-05
1.6994132155970653e-05
1.854089008831733e-05
2.020651323268734e-05
2.188563011674895e-05
2.3500807003507e-05
2.4992633184539645e-05
2.6314391659723444e-05
2.7429820685668347e-05
2.8312551075677864e-05
2.9084589441009482e-05
2.9399639772867114e-05
2.9674763207427647e-05
2.9725566308944818e-05
2.957389850216645e-05
2.9248317454118126e-05
2.878203222795605e-05
2.821068892559275e-05
2.7570174114083542e-05
2.6894596007536415e-05
2.6214572381535154e-05
2.555591266780138e-05
2.493873571796261e-05
2.4377020678361825e-05
2.3878551854114798e-05
2.3445193262587726e-05
2.3073416463717154e-05
2.275500555405947e-05
2.247787326309995e-05
2.2226937896208316e-05
2.1985027957723678e-05
2.173379560362317e-05
2.1454628717671866e-05
2.1129553106000898e-05
2.074211153923118e-05
2.027819713653704e-05
1.9920854957844652e-05
1.9306861760893115e-05
1.859560359115378e-05
1.7786982887799933e-05
1.6885401722196322e-05
1.5899603585897044e-05
1.4842257462302239e-05
1.372930505601687e-05
1.2579114276947545e-05
1.1411500501867112e-05
1.0246689199382587e-05
9.174721822638486e-06
9.077907716096735e-06
8.511419588486626e-06
8.203516555031018e-06
8.221535991331647e-06
8.6356750378936e-06
9.613504155590335e-06
1.1052148533362014e-05
1.3064306094712044e-05
5.7312009043242395e-05
7.684354946161306e-05
0.00010233564932709
0.00013512598987867942
0.00017675923610464486
0.0002503889909527067
0.00029736953024686087
0.0003817989629779056
0.0004854449939349645
0.0006111302605828953
0.0007615872664756892
0.0009392755719548005
0.0011461762288138486
0.0013835749705866341
0.0016518470963458284
0.0019502581402413737
0.00227679551433516
0.002628047126166401
0.002999142931488171
0.003383773825219826
0.0037766178698261073
0.004165192056135642
0.0045423699731773825
0.00489727527971744
0.0052204668976223775
0.005502616106245391
0.00573537210905081
0.005911780302386528
0.0061149525915480596
0.0062131584868800665
0.006249000743472455
0.00623614991483202
0.006203794842785699
0.006159476905140642
0.0060839524957103635
0.005991401993878671
0.0059073177517552
0.00584827359293352
0.005831256150820378
0.005872809694347927
0.005988071696907983
0.006190025038819381
0.006487617345193574
0.006886207316758341
0.007386173559853899
0.007982739468031746
0.008665894019249904
0.009420590587255043
0.010227211835516505
0.011062280949476196
0.01189939283287185
0.012710330252402506
0.013466318289001135
0.014139357198219465
0.014703561697896762
0.015136630478086601
0.015420224025245729
0.015519844530119266
0.015529409989121178
0.015369677706937087
0.01504397611584025
0.014562125060112157
0.013939073881692514
0.013200699748882773
0.012360172845321265
0.01144542558282244
0.010482891843521275
0.00949792310240852
0.00851437785624786
0.0075585895673298
0.006641118553971548
0.005780497678250035
0.004988213403001931
0.004272235224344053
0.003637250309361243
0.0030850042276275307
0.0026146951404608094
0.002223382853822798
0.0019063903775210916
0.0016579551079550197
0.001470774396387377
0.0013373911565375783
0.001249915646132271
0.0012131905333903452
0.0011873932743978778
0.0011866655646419202
0.0012060159138423206
0.001239894305850481
0.0012835671524127513
0.0013330435713589928
0.0013849008294402221
0.0014360263667045124
0.0015701883198296935
0.0017039861378013229
0.0018836370104585558
0.0021465994885874425
0.0025321232652012046
0.0031172527033699713
0.0039286193398408095
0.005004873729901897
0.006376067558679754
0.008029398957338962
0.009906945321908304
0.011903447735818754
0.013874312242676882
0.01565374921657111
0.01707958346122304
0.018018880487892193
0.018388113763747976
0.01830326903479123
0.0176985469423282
0.016585346166513866
0.015070119647065224
0.013280382414763604
0.011348652283160808
0.0094042090582354
0.007548112837938474
0.00586615726062049
0.004414469720036826
0.003221677710613343
0.0022914103320761676
0.001607076612747534
0.0011379681405651882
0.0009999568975770869
0.0010126222694388635
0.0012279299537305186
0.0016892304832213214
0.002451834761146694
0.0035905932246147556
0.005316917494526995
0.00755141744636875
0.01040827348730093
0.013873105096378189
0.017842172407534572
0.022114085354320964
0.024991654218955828
0.029103032306560243
0.0326593038363688
0.035346411052364114
0.03697638012669618
0.03736840006535551
0.03655185007437848
0.03465255207276679
0.03187507019174649
0.02849037730969448
0.02474971150349144
0.020913473472812145
0.01721569240339923
0.013838896751370513
0.010913203529157676
0.008512248973271536
0.006656608827780666
0.005322164980079465
0.004452328579425599
0.003971800980790111
0.003799342451776933
0.0038806572324112075
0.004111183647369979
0.004452637740489147
0.004862311667775308
0.005156839877575315
0.00561138534815599
0.006075880644647634
0.006512051210860444
0.006915585892156342
0.007275285963623525
0.007582205545956645
0.007829667205862265
0.00801335731004712
0.008131390473353291
0.008203674886288351
0.008204866140901563
0.008149337027334523
0.00804613602713441
0.007903501380384797
0.00773034800218571
0.007548586045129843
0.007346427615696958
0.0071412152878647375
0.006940301696102753
0.006749754381983677
0.006574259736336322
0.006417091847979289
0.006280160991274164
0.006164121378847668
0.006068516009580818
0.006015470760568639
0.005950399082562267
0.005900327657594429
0.0058620634067349945
0.005831980155149274
0.005806125305675518
0.005780321260654211
0.005750270385084482
0.005711671187261691
0.005660350371404568
0.005592411131357012
0.005504393306391233
0.0053934366355457035
0.0052574350535003365
0.005095168300537204
0.004906397344282404
0.004692260075012203
0.004454173854832931
0.004195159772833395
0.003918919060521238
0.00362983610959697
0.0033327579546323957
0.003032741931994388
0.0027347899802046553
0.0024522094343717923
0.002180942012925073
0.0020107040172883226
0.0017764024342589327
0.0015726487215860644
0.0014055063154732386
0.0012840680686574495
0.0012102394721354936
0.0011860983604028627
0.0012256254210012978
0.0013031869347944248
0.0014154527038123274
0.0015497775715934603
0.0016894346923048385
0.0018174131076186299
0.0019257428408333173
0.0019962044575255163
0.0020246592542078902
0.0020145790961019713
0.001972294324659971
0.00190746773547584
0.0018314496559520724
0.0017558441726910673
0.0016914165181330578
0.0016473052182805195
0.0016304438810113178
0.0016451372602515218
0.0016760006172959645
0.0017474771137262232
0.0018497938081544134
0.001978326259952991
0.0021273528893016144
0.002289717905515292
0.0024585660984589707
0.0026268947393885537
0.002787750506200068
0.0030440461654107367
0.003283768175615369
0.0035618155496519705
0.0039187727003201405
0.0043960761882219914
0.0050407095919282685
0.005967123238774085
0.00712437215820995
0.008561452828257904
0.010252217500059835
0.012123380161636388
0.014055986199210465
0.015897943367065907
0.017485945629824085
0.01867178599469832
0.019347705615554083
0.019456576999027028
0.019214099509090525
0.01841256107400945
0.01715975845247069
0.015561512372183072
0.01373403466254343
0.011792310699102146
0.009842316560597286
0.008021666026635404
0.006337434179754936
0.004865498789572357
0.003642280594720822
0.0026772087453531407
0.001960188865307482
0.0014936057377362023
0.0012012307541918294
0.0010676349935287346
0.0010621885047324697
0.0011568634212895958
0.001332507243281177
0.0015753695702435734
0.0018764549954311286
0.0022298502272684088
0.00263107385068981
0.003075754039430889
0.0035582066829184834
0.004117968224666229
0.004503387534087937
0.005110839472439457
0.00576264158098968
0.006464351310960191
0.007223784916637242
0.008066007493154283
0.008983733734498877
0.009972955597899125
0.011022021922520404
0.012096405157650482
0.013142679668062268
0.014091888141381624
0.014869236292385239
0.015405122939406555
0.01564863669652663
0.01557006738996125
0.0151715295012126
0.014480302521121376
0.01354347594779333
0.012419835554552346
0.011172358567107042
0.009863339843511116
0.008547866725505001
0.007335975211307404
0.0062094155788268105
0.005538090692664557
0.004685153590756526
0.004047571743204763
0.003652813285897405
0.003540137649963302
0.0037243824450153827
0.004162480284560558
0.004843780759410103
0.005719822893792379
0.006716451392698747
0.0077419470514754766
0.00870777275346093
0.009512665195446595
0.010084283329553302
0.010385928864666834
0.010409800437826128
0.010177360334542532
0.009731409732841678
0.009126651354373221
0.008421375938641739
0.007671637392719273
0.006982272906942798
0.00634429643375134
0.0058227255515072955
0.005464744984523851
0.005306417287907977
0.005325429480501181
0.005571088754890831
0.006064509479685242
0.00679247111352777
0.007726924589110135
0.00881162865783969
0.009968166417969817
0.011102133646194461
0.012113861636722447
0.012911798210227698
0.01342536654902887
0.013613947968983126
0.013469797508827088
0.013014736654282481
0.012292456720025241
0.011359324467724025
0.010276332825884584
0.00910384523620258
0.00789774294836201
0.006708778523607157
0.005580599209298467
0.004548198857902833
0.003636185492876393
0.0028576856309083278
0.0022145243285762546
0.0016988743075634111
0.001421347735351034
0.0010859191633857607
0.0008339092394919895
0.0006480429391677739
0.0005137542171355362
0.00041976687690664806
0.0003578758698235677
0.00032220099684666866
0.00030819509747661265
0.0003116630223144972
0.0004527135820650039
0.0006056063582416223
0.0008351663625650356
0.001187500122578021
0.0017090848522604554
0.0024516653528018806
0.0035100261525326595
0.004883358535250938
0.006573755695014404
0.00855601071002693
0.010740934388331387
0.012990601615040728
0.015134165476578509
0.016993524425137584
0.01841263801613359
0.019282554095309212
0.019531157445375088
0.019410105431353315
0.018743042359519367
0.01761604549919674
0.016134278845168756
0.01440693100126181
0.012538251179485848
0.010623852144960567
0.008749486824289582
0.006989557711912228
0.005404168286400585
0.004035382781529316
0.0029044367530797316
0.0020115098034755247
0.0013386411937245895
0.0008551384190863475
0.0005240468682956729
0.000308029653008692
0.00017377337725244974
9.428002137469663e-05
4.9430131506189496e-05
2.531376990692086e-05
1.2956602135040353e-05
6.977527719227819e-06
4.215515080406408e-06
3.5752178790722945e-06
3.915710026487332e-06
4.623346797269253e-06
6.082965551676815e-06
8.448647701772478e-06
1.1997879792513977e-05
1.7065241706623304e-05
2.418563218792855e-05
3.341384511327753e-05
4.475840043511039e-05
6.761569173045777e-05
8.731890133205328e-05
0.00010786402961963542
0.00012945863420831154
0.0001513775323104106
0.0001731121183341295
0.0001981493830824713
0.00022249353978151315
0.0002471631153778088
0.0002744192541401564
0.00030562619858405
0.00034211784052243905
0.0003850413465488776
0.0004352550177800424
0.0004932678483704787
0.0005592111772201082
0.0006074661196782111
0.0006858422725274316
0.0007705375797836541
0.0008601882871564564
0.0009530337115224093
0.0010469636676498253
0.0011395959463663147
0.0012283792574469422
0.001310712883740061
0.0013841698784093197
0.0014463230780220491
0.0014952359538859634
0.0015293431245993324
0.0015475721060337966
0.001549388840807524
0.0015352407958844903
0.0015049874551337412
0.00145997900256932
0.0014016700563905852
0.001335411519725336
0.0012599001930537928
0.001179444154512757
0.0010979946645132599
0.0010196588445352515
0.0009487703132393791
0.0009045507319822809
0.0008806245390332027
0.0008581241711354346
0.0008566419416803833
0.0008762746625509401
0.0009143076880286354
0.0009658887097923992
0.0010335408266389284
0.001096711928119464
0.0011563415271225702
0.0012091088985470447
0.0012540663231622269
0.0012924531660090156
0.0013270298960291226
0.0013612064241676118
0.0013982600338315024
0.0014408368033722023
0.0014907688507927463
0.0015491023285635153
0.0016161781808015938
0.001693853018169674
0.001778495227191453
0.0018697115526858199
0.0019651963230913404
0.0020619226340613944
0.002156301833835393
0.002215980797504948
0.0022976199774859085
0.0023661737738224493
0.002417659859777901
0.0025029429867786824
0.002566432091979514
0.002637434176051437
0.0027382167659568994
0.0028931617205583335
0.003130683112985977
0.003478631566863873
0.003994795522289751
0.00464118676364625
0.005425712662912681
0.006311707131223167
0.007238111353292074
0.008126694313543664
0.008894508803531919
0.009468400024181138
0.009797630860018542
0.009860971261539966
0.009666552843450357
0.009245358411331756
0.008641332179001206
0.00790182787362108
0.007071231080336815
0.0064864195786847045
0.005588676917256672
0.004695075199185386
0.0038362195370181874
0.003040275254076405
0.002330951286317344
0.0017248526092501818
0.0012295230647366864
0.0008430896415911882
0.0005556707931439617
0.000352035076285534
0.00021466642532541572
0.0001264508999920511
7.251032504931125e-05
4.107574385260202e-05
2.3628763299242563e-05
1.426767415717541e-05
9.372963493812785e-06
6.7885200476055785e-06
5.333242212255917e-06
4.410829735247321e-06
4.151324776186011e-06
3.8038619667079946e-06
3.630343628609315e-06
3.6377311211382583e-06
3.840286940892713e-06
4.090641467776684e-06
4.648167078700619e-06
5.433864385844625e-06
6.458374645611259e-06
7.732144098357077e-06
9.264660362856782e-06
2.6108405278979384e-05
3.6218003997443304e-05
4.821780672890293e-05
6.319575636894242e-05
8.247676915424502e-05
0.00010711924191080764
0.00013831309947531602
0.00018616705065407276
0.00023782712252637744
0.0003008837501564271
0.00037640208776438644
0.0004649509661635576
0.0005665498366258786
0.0007226713404463929
0.0008903140648339667
0.0010918408426358135
0.001342035631420256
0.0016554032277623042
0.0020475015595646682
0.0025315512308235603
0.002928614073168523
0.003591300698870384
0.0043448701199545695
0.005163191442614056
0.00599636524063853
0.006789782937761891
0.007484963493021708
0.008030291771381383
0.008389890901104797
0.008548452127036624
0.00851290316773059
0.008301315308520792
0.007944851005622061
0.007475475370653283
0.006922906348745162
0.006312694549326348
0.005667784362484315
0.005009938405431964
0.004361002812848707
0.003742162075794715
0.0031726573724485873
0.0026672455764765453
0.0022345119676306234
0.0018762962262130203
0.0015884296035002358
0.001431527992881191
0.0012408714990843944
0.001093908346123247
0.0009801036693343305
0.0008904710970145167
0.0008179253016643186
0.0007572127600777517
0.0007046119239705394
0.0006575615942322488
0.0006143189833461046
0.0005736942790519017
0.0005348757821505182
0.0004972992144098924
0.0004606106101660061
0.00042461662479001915
0.00038926369656133275
0.00035461504659144394
0.0003208245098842481
0.0002881070838267664
0.0002567084038246119
0.00022687610707721264
0.00019883570268190546
0.00017277264090822254
0.00014882118250001406
0.00012811209628628948
0.0001094948338920599
9.865411545174187e-05
8.494793541298963e-05
7.458849543607857e-05
6.791908747898259e-05
6.525580216497084e-05
6.678719869465645e-05
7.244396130125633e-05
8.180644070972969e-05
9.389791050243191e-05
0.00013774599607746816
0.00018325628203689955
0.00024733146752769396
0.00034307171121637347
0.000485578095039213
0.000693122342200454
0.0009845339967750235
0.0013868205562859819
0.0018982401417434727
0.002512071554614035
0.003208048708113077
0.003945327948608202
0.004669410832379182
0.0053203622679563805
0.005843481843060177
0.006198569172505142
0.006367118598685555
0.006376817375009334
0.006251558279693567
0.0059851206945481985
0.005610898477394136
0.005159735887209402
0.004656476737091859
0.0041202086957001375
0.003566881622603064
0.0030175480695522105
0.0024816304166268986
0.0019799022521902092
0.0015298177147141552
0.0011443654324511895
0.0008305466693946634
0.0005887456494390321
0.00041566512741466466
0.000299472778282882
0.00022927647465449937
0.00019482210187621605
0.00018669054492389148
0.00019747368839352373
0.00022179750976144817
0.0002560004557374774
0.0002976724617060534
0.000345200389014529
0.0003795438179806651
0.00043428096449031384
0.0004919967227726662
0.0005515854233188664
0.0006118590079853389
0.0006715012454957696
0.000729104418547034
0.0007832151430576823
0.0008323916959891603
0.000875266792878497
0.0009106105738813376
0.0009373890880580518
0.0009548141178135563
0.0009623809128698259
0.0009598913406311062
0.0009474610635447932
0.00092551053661067
0.0008949892802550529
0.0008573011058054208
0.0008128504453692879
0.000763692321212495
0.0007114061559938525
0.0006578859104565529
0.0006050091304670762
0.0005545703996802302
0.0005081244803390376
0.0004799621419105338
0.00044240858063974444
0.00041050428366276907
0.00039347360896715457
0.00041389071557518145
0.00043826341544651106
0.0004890252739042015
0.0005817199209669084
0.0007332888881756222
0.00096321139142776
0.0012902181051713064
0.001746378578939753
0.0023147744654274894
0.002987626437205975
0.0037381716436627583
0.0045286512746999285
0.005292215023155177
0.005974376018710355
0.006528114640445229
0.006924608927710838
0.00715797807008175
0.0072436102417422245
0.007212173381470033
0.007093685640864737
0.006914612626386016
0.006691619823284358
0.0065214974886151165
0.006233560881299051
0.005904263670179793
0.005534553764528964
0.005132089548343286
0.004710819897546628
0.004288694393011405
0.0038830832804338613
0.00350692448123314
0.00316655293113369
0.002861702565253464
0.002587315069691479
0.002336323093769403
0.0021019187236265965
0.0018796795433493074
0.0016678722872699916
0.0014670852891315467
0.0012792365206609983
0.0011064919197246517
0.0009504472207240306
0.0008117275029846411
0.0006899759177255907
0.0005840940383329702
0.0004925720986680728
0.0004137844597809832
0.0003675648363429015
0.00030665523596474495
0.00025475891391149136
0.0002108029943433433
0.000173843523242959
0.00014302620272504225
0.00011755970035211822
9.672127747617452e-05
7.979906602298366e-05
6.616829334766722e-05
5.534910494283354e-05
4.673581351090705e-05
3.9962081735805246e-05
3.469208783229922e-05
3.0661116424869464e-05
2.7664591481293074e-05
2.5542020861570244e-05
2.415729926511251e-05
2.3378152132214702e-05
2.3078878121863182e-05
2.3068555149736507e-05
2.3171265164149812e-05
2.3600477865595213e-05
2.374990243831309e-05
2.3802692163373814e-05
2.385473509489826e-05
2.399290060189577e-05
2.458125699178041e-05
2.5950787823262713e-05
2.8451687383617266e-05
3.232748154665113e-05
3.761670735670797e-05
4.4081125122885665e-05
5.118637638754761e-05
5.815164683444393e-05
8.931821900491766e-05
0.00011841964264119676
0.00015935790651441784
0.00022124623697912515
0.0003132989431459524
0.0004454290867614816
0.0006261252867883987
0.000866383189756273
0.0011591451280396057
0.001493920625632723
0.0018531040485825422
0.002210176606260401
0.0025351162679163376
0.002799806660199655
0.002983396405598838
0.003076124883633915
0.0030799965888094697
0.003038870875796056
0.002924250353849326
0.0027624321815785556
0.00256939550049203
0.0023563026243158115
0.0021294336763685987
0.0018920446375853813
0.0016469730210241296
0.001398726816664412
0.001154348646545992
0.0009247405529948739
0.0007152966594795242
0.0005343255645370357
0.00038620363452660975
0.00027166604962602236
0.00018844052416284787
0.00013220300381615308
9.768871702838025e-05
8.070404221217029e-05
7.534854142500911e-05
7.803952405059506e-05
8.637420227018802e-05
0.00010561317947820277
0.00012733611586495213
0.00015490533647838194
0.00019053080804067949
0.00021989545293872636
0.00027424456762555326
0.0003433171485777608
0.00042785853789673365
0.0005308830345507697
0.0006457432578462318
0.0007689603788799284
0.0008930901304811792
0.001009321056746689
0.0011089229300554945
0.0011848354322738675
0.0012329362756008037
0.0012525905892606783
0.0012463104840903792
0.0012301651128036302
0.0011924219040647778
0.0011436495711971272
0.0010884939675941088
0.001029208668256961
0.0009672714520489091
0.0009041581724775192
0.0008420283523421781
0.0007887778505746843
0.0007419542283076767
0.0007057985578758431
0.000690107958903365
0.0006811989678531951
0.000691137564470118
0.0007203710571008043
0.0007682195717170747
0.0008331442109397688
0.0009129974326520004
0.001005267085749281
0.0011070500520400425
0.0012181522876323504
0.0013327060378359723
0.0014492012066068735
0.0015655782519463648
0.0016815785913167794
0.001794145223705137
0.0019029079199104834
0.0020071368188464608
0.002106868314439607
0.002199505767771851
0.0022838060578839726
0.0023545202916316287
0.0024086647276758
0.0024413455274222696
0.0024485580470841478
0.0024277336937205355
0.002377987264883647
0.0023292540305925417
0.0022353691861980076
0.0021195757345247143
0.001986922378726513
0.0018428213870220762
0.0016922134258839788
0.0015393646915858109
0.0013877701820763386
0.001240946657942224
0.0011004386590815517
0.0009687538118582025
0.0008478673230329139
0.0007395578328625354
0.000645336066779614
0.0005661028007791634
0.0005021909142203916
0.00045378306497984185
0.0004184003940777731
0.00039440721406823053
0.000379090190077435
0.0003694437918250494
0.0003959485451810792
0.0004223517575486953
0.000466312934313645
0.0005392726281540741
0.0006532730686366822
0.0007586645311927052
0.0009696257007126162
0.0012510263580625825
0.0016374063904862764
0.0020741319000950565
0.0025515201572825267
0.0030416605593251767
0.003505569571270367
0.003904650171418352
0.004208328991426821
0.0044004593817715525
0.004491665183977633
0.004486545513623526
0.004412287079163253
0.004300243901970126
0.004174321366732203
0.004049454726356761
0.0039312016202536935
0.0038185893668296533
0.0037085593907062128
0.003600760285126271
0.0034975151544461218
0.003406210431896574
0.0033358909641259126
0.003294544239377693
0.003285483741016523
0.0033002891216184545
0.003345039253087918
0.00341206165595823
0.003491148730870992
0.003570368215382147
0.00363855858510774
0.003686177706815926
0.003705758394405919
0.003692528043144991
0.0036438187315973184
0.0035597629768270586
0.003442509852182419
0.003295871672831416
0.0031350253409615212
0.002950291820942097
0.002752558572320504
0.002548244453334156
0.0023423472554611547
0.002139328104180065
0.0019431577825785788
0.001757388796375447
0.0015933265621235718
0.0014529353124397826
0.001332677529182302
0.0012433194191262633
0.0012037544131355258
0.0011787350339519272
0.0011996349211436867
0.0012703431241557113
0.0013919102390971233
0.0015651786448275197
0.0017788422931137018
0.002019699329440524
0.0022713628986681528
0.0025144426057641532
0.002730470604986895
0.002904986734740543
0.003029812436885238
0.003103773928827896
0.0031316357572931074
0.0031216219211151245
0.0030823960387660666
0.00302053175676299
0.002939261407004438
0.0028387564707513854
0.0027176039014325526
0.002574743581225178
0.0024110661819698427
0.0022301437047424345
0.0020378395756346004
0.0018413387701369055
0.001711555373527506
0.0015232714103863133
0.0013466537791421902
0.0011843494531013612
0.001037213001748881
0.0009048290932292246
0.0007860495097577459
0.000679534338219799
0.0005840384451173093
0.0004985495756059258
0.0004222974201579709
0.0003546900492795307
0.00029523006742545287
0.00024351842384123622
0.00019893311855717302
0.0001609849971266395
0.0001290858119436808
0.00010261498337036447
8.093865406605729e-05
6.34299306639776e-05
4.94871463049319e-05
3.8548464480611434e-05
3.0102194726516908e-05
2.369286840776383e-05
1.892352577595265e-05
1.5454877858060012e-05
1.3722292492529796e-05
1.4819686676276526e-05
1.5109886253757797e-05
1.6032758318169744e-05
1.7834747833430515e-05
2.0534678614223524e-05
2.4188392801248365e-05
2.962283693271482e-05
3.612545867726376e-05
4.5385891135090334e-05
5.65276743498535e-05
7.007504021902875e-05
8.675507768466799e-05
0.00010695317851002735
0.00013089265315296587
0.00015852630048550533
0.00018949296561529262
0.00022288890299958472
0.00025754589356081397
0.00029199519070893977
0.00034462695072865125
0.0003927792336790923
0.00045542194678635387
0.0005343891063492495
0.0006428420343461249
0.0007378495805853506
0.0009242879911925742
0.0011735636041281792
0.0014919671971239173
0.0018765752269095585
0.0023309191607834095
0.002804970008362983
0.0032721079067159716
0.0036910437082483404
0.004022986028564985
0.004239776992780178
0.004329184588847905
0.0042976905705324675
0.00416899445675558
0.0039718817215895165
0.0037387391946791704
0.0034940966436480363
0.0032513579935819735
0.0030128595207363526
0.002773498176233659
0.0025260952668092187
0.0022663067640845413
0.001995414786988434
0.0017204054931505884
0.00145184542093611
0.0012007671348980857
0.0010475438624973437
0.0009076777949840953
0.0008013743516670649
0.00076753915658328
0.0008306766024285721
0.0010169798974665814
0.0013565585035209184
0.0018784425144401198
0.0026022632221004522
0.0035279311340602397
0.004655283914427183
0.0058996818245698164
0.007170795829325098
0.008365713676126912
0.009373756643749993
0.010104741545045733
0.010507147186710654
0.010579205788077873
0.01036581628900314
0.009943996012253946
0.009400681726165313
0.008810051740904134
0.008217930859197716
0.007637143616743099
0.0070542935600389125
0.006444027167241959
0.006010777574568443
0.005314477995215296
0.004570533896420729
0.003804778089984687
0.0030544366688429487
0.002358433373443686
0.0017482664877044563
0.0012428120479538879
0.0008468387419247763
0.0005536948577541011
0.00034778381160179445
0.00021108581100692168
0.00012558479393173192
7.581486440646535e-05
4.980375464923104e-05
3.901743922887999e-05
3.77380697801933e-05
4.224882825314846e-05
5.007653230090843e-05
6.241833805243239e-05
7.50545416444052e-05
8.84571721138409e-05
0.00010300615977062121
0.00013893661750858825
0.00017880617320745223
0.0002147794791230426
0.0002906904205413716
0.0004023679432382609
0.0005607428026963036
0.000777586651257374
0.0010558815567740562
0.0013958460618657485
0.0017873341341124362
0.0022240045927956974
0.002663024175276358
0.0030733662216534036
0.00342399292077409
0.0036863560828738345
0.0038455300228493927
0.003901593336802079
0.003869700556090363
0.0037759016038007797
0.0036495400303856863
0.003515865413549155
0.003392868787241694
0.003278054560775446
0.0031634906401377507
0.0030330961280403282
0.0028710520174133132
0.00266783312045978
0.0024237250837954283
0.002242990146759442
0.00195717013403293
0.001671177002340802
0.0014035727604839283
0.0011713498687485845
0.000977440279027413
0.0008247259446426863
0.0007079808050273074
0.0006212464183468837
0.0005585822845984625
0.0005160113535411786
0.0004918150774009127
0.00048569744500910974
0.0004972928444736327
0.0005269797610193345
0.000568603801561523
0.00061568652698468
0.0006608426086252051
0.0006963352647474923
0.000716286358283515
0.0007179595868236797
0.0007021822038834611
0.0006727714757407523
0.0006351709960447482
0.0005947638055042
0.0005554171916758168
0.000530648025019031
0.0004954253969486203
0.0004608507704068702
0.0004244759291863881
0.0003842957772311632
0.0003395707152147684
0.00029110963479265963
0.0002410126882545685
0.00019205225059184102
0.0001469523854187251
0.00010780244770787079
7.574251155100995e-05
