N :Calcite
Y :100.0% Gibbsite, Diffracto n :1054
N :Dolomite
N :Hematite
0.0
0.0
0.0
0.0
0.0
0.0
0.0
0.0
0.0
0.0
0.0
0.0
0.0
0.0
0.0
0.0
0.0
0.0
0.0
0.0
0.0
0.0
0.0
0.0
0.0
0.0
0.0
0.0
0.0
0.0
0.0
0.0
0.0
0.0
0.0
0.0
0.0
0.0
0.0
0.0
0.0
0.0
0.0
0.0
0.0
0.0
0.0
0.0
0.0
0.0
0.0
0.0
0.0
0.0
0.0
0.0
0.0
0.0
0.0
0.0
0.0
0.0
0.0
0.0
0.0
0.0
0.0
0.0
0.0
0.0
0.0
0.0
0.0
0.0
0.0
0.0
0.0
0.0
0.0
0.0
0.0
0.0
0.0
0.0
0.0
0.0
0.0
0.0
0.0
0.0
0.0
0.0
0.0
0.0
0.0
0.0
0.0
0.0
0.0
0.0
0.0
0.0
0.0
0.0
0.0
0.0
0.0
0.0
0.0
0.0
0.0
0.0
0.0
4.85730394755608e-36
6.984869628137074e-36
9.894708566326166e-36
1.2376889668639295e-35
1.7099852079629817e-35
2.3273133805441817e-35
3.1203194488167366e-35
4.121211741015201e-35
5.362069979419133e-35
6.8726100919972e-35
8.677459836343795e-35
1.079307506830481e-34
1.3224506120238244e-34
1.596229765327e-34
1.8979860965966995e-34
2.2231682286969654e-34
2.5652713254528713e-34
2.9159224175930176e-34
3.265128679800906e-34
3.601689894113325e-34
3.913758390782276e-34
4.189511481116163e-34
4.417885306530832e-34
4.589307602309024e-34
4.696362127527039e-34
4.734320612855714e-34
4.701489088412851e-34
4.599333253313117e-34
4.7197794725760765e-34
1.359478892363051e-33
2.2613633942095275e-33
3.0307717537322452e-33
4.08454624263676e-33
5.506638192947801e-33
7.382071541699515e-33
9.815351938685326e-33
1.2914752411161862e-32
1.6790072239323435e-32
2.15457173841263e-32
2.727206414550066e-32
3.403545036436042e-32
4.1867402353514705e-32
5.075396396921365e-32
6.062620657596073e-32
7.135312178742463e-32
8.273809339504312e-32
9.451998333178341e-32
1.0637954073564616e-31
1.1795136972288565e-31
1.288411131969603e-31
1.386468929802198e-31
1.4698347216643005e-31
1.5350715873186577e-31
1.5793922450279794e-31
1.6008562093578956e-31
1.6019534756636697e-31
1.5837268712522318e-31
1.5424516312851157e-31
1.4799390082167755e-31
1.3988695973461722e-31
1.3026027332779797e-31
1.1949460387463312e-31
1.0799070972512872e-31
9.614496534498239e-32
8.43518788548933e-32
7.289970605489868e-32
6.310239874305294e-32
5.399168776785494e-32
4.5780459174412647e-32
3.890466294023186e-32
3.346108901566133e-32
2.9509900335199715e-32
2.708303358716132e-32
2.6191344400820685e-32
2.6829447751642477e-32
2.8977603797285754e-32
3.260045869940622e-32
3.764292227096577e-32
4.4023902915804087e-32
5.16289810643299e-32
6.030334552907887e-32
6.658322914829925e-32
7.657020095943304e-32
8.698527371366477e-32
9.750575892553312e-32
1.07776264570289e-31
1.1742326644313412e-31
1.2607353194244983e-31
1.3337499324084915e-31
1.3901825349422828e-31
1.4275669528358173e-31
1.4442318536084064e-31
1.4394164223693903e-31
1.4133222588054908e-31
1.3670956151444185e-31
1.3027413749135557e-31
1.2229772436936282e-31
1.1310425620767007e-31
1.0304802164283935e-31
9.249118674633773e-32
8.178260443674219e-32
7.123958148039984e-32
6.113382749514852e-32
5.168227243618269e-32
4.3042886691535325e-32
3.531514118541457e-32
3.069418289072016e-32
2.4563028216094243e-32
1.9364554069255415e-32
1.5039481254000514e-32
1.1506890410706745e-32
8.67326993132037e-33
6.440321030850758e-33
4.711204319599678e-33
3.395127868233795e-33
2.4103499840252537e-33
1.6857914898663324e-33
1.1615218644117266e-33
7.884074275030546e-34
5.271980726455277e-34
3.4729354666691796e-34
7.920102197655844e-11
1.1429508718606903e-10
1.6248228565671586e-10
2.2754440167633246e-10
3.1391203687697845e-10
4.266104227237733e-10
5.711321831580182e-10
7.532228450057272e-10
9.785702595090224e-10
1.2523975821360627e-09
1.5789708308475331e-09
1.8274299653088313e-09
2.247029426716969e-09
2.7218140814712728e-09
3.247804147374065e-09
3.817709567170868e-09
4.420766935144861e-09
5.042826554653195e-09
5.666724795506041e-09
6.272950939758383e-09
6.840586501531897e-09
7.348462223754878e-09
7.776447987562402e-09
8.106768214158038e-09
8.325223839895475e-09
8.422204089109146e-09
8.39338765671721e-09
8.240062037165279e-09
7.969028126728757e-09
7.592099946165014e-09
7.125250750316044e-09
6.587491489466499e-09
3.829271468221497e-08
5.2248237222397075e-08
7.175785433894615e-08
9.850122647744784e-08
1.3446237803186646e-07
1.6466932497018814e-07
2.211682014565208e-07
2.9344688665577937e-07
3.8421700545158595e-07
4.965739138494988e-07
6.468493096187062e-07
8.218689553993108e-07
1.0217225023120279e-06
1.2525440470865721e-06
1.5142990114008032e-06
1.8056549686590525e-06
2.1238413290302084e-06
2.4645925956705206e-06
2.8221914721949025e-06
3.1896192436795165e-06
3.5588100114577922e-06
3.920993914541731e-06
4.267104056415214e-06
4.588214099748486e-06
4.875969699773483e-06
5.122977837664256e-06
5.323123643634998e-06
5.471793627154811e-06
5.565995856023281e-06
5.604379651835671e-06
5.599007626727811e-06
5.54557348455044e-06
5.4400258752431e-06
5.286018560122604e-06
5.088134388278932e-06
4.8516916188920845e-06
4.582564604693409e-06
4.2870193378021325e-06
3.9715595064064815e-06
3.642776520796053e-06
3.307197601003378e-06
2.9711289938279674e-06
2.6404957422160264e-06
2.320683976338167e-06
2.184471360098535e-06
1.975413985677169e-06
9.164591745846655e-06
1.5957899942316814e-05
2.207312318665807e-05
3.0487112382779553e-05
4.1820970115531346e-05
5.67889723442042e-05
7.618494435641589e-05
0.00010085654682305458
0.00013166572967289849
0.00016943465811917652
0.00019884010021971503
0.000249707976261689
0.0003089848855215489
0.00037669899347569756
0.0004524702887195451
0.0005354462041258995
0.0006242621034691962
0.0007170354222727537
0.0008114001528729287
0.0009045850332043732
0.000993534497861989
0.0010750666349429495
0.0011460576663777301
0.0012036385008185662
0.0012453863240205728
0.001269493469307106
0.0012748971845321251
0.0012613573169297137
0.0012294740024963056
0.0011806435429474035
0.0011169569882813583
0.0010410516859205574
0.0009559304719993567
0.0008647657394845198
0.0007707060794986025
0.000676701624243059
0.0006153683073124816
0.0005270361434917899
0.0004446965467039133
0.000369662316995976
0.00030273640955525723
0.00024425426921120894
0.0001941501297375336
0.0001520376687852028
0.00011729586251177502
8.915221482226684e-05
6.675741476971143e-05
4.924756788007222e-05
3.5792162867072346e-05
2.5627659675253124e-05
1.8077891385902374e-05
1.2563318928541325e-05
8.601590238630665e-06
5.801907913543286e-06
3.855498965792923e-06
2.5241083124170318e-06
1.627994660339457e-06
1.0344643105679357e-06
6.475831584530807e-07
3.993861733623669e-07
2.42665422304504e-07
1.4525801471258734e-07
1.0231989010253733e-07
5.974309180862447e-08
3.436627739760514e-08
1.9475758816245683e-08
1.0873598981087655e-08
5.980936482024581e-09
3.2410217394703272e-09
1.7302604982192226e-09
9.100342810923814e-10
4.715422759766344e-10
2.407132799275878e-10
1.210586715953491e-10
5.998022604362422e-11
2.440075400937669e-05
3.547310356709318e-05
5.0801558887827264e-05
7.16698750709094e-05
9.96042707213824e-05
0.00013636438551743892
0.0001839101256798885
0.00024433855560485805
0.00031978643859736716
0.0004122966075743676
0.0005236500619003674
0.0006551703511847176
0.000754411553190852
0.0009205715277797466
0.0011065942906836723
0.0013103912686247077
0.0015286048558514113
0.0017565930407637783
0.0019885144882905033
0.0022175225257867292
0.0024360657140908063
0.0026362806228111438
0.0028104505893849848
0.0029514943077081986
0.0030534416439531344
0.0031118523139144184
0.0031241365620121495
0.003089745583852898
0.003010212186862181
0.0028890374923262467
0.002731435345159383
0.002543960423791188
0.002334056986940983
0.0021095714469940865
0.001878272935857472
0.0016474219253649767
0.0014234186813368054
0.001211552281488906
0.0010790971258723117
0.0008957899083677558
0.0007325435926117318
0.0005901228909370349
0.00046830967197980847
0.0003661048414740615
0.0002819532180492146
0.0002139087600515569
0.00015987332261813652
0.00011771509683157663
8.539283010028546e-05
6.103654787369832e-05
4.2995752561632536e-05
2.9860315847712912e-05
2.0460232127908665e-05
1.3850466680544208e-05
9.286560471508582e-06
6.195698322796255e-06
4.146832468163923e-06
0.00015794219376375726
0.00022563350179555697
0.005904816158617149
0.008544368939648843
0.015688966669847062
0.02213069691266822
0.030757071314672098
0.037989178323264504
0.051505525223935034
0.06880070806637407
0.09055096052887213
0.11741486521006166
0.1500020978933096
0.18880591147562156
0.23414110468307592
0.28607730266308534
0.34437583922613907
0.40843727640938404
0.47726699948239537
0.5494658578277608
0.6232513687761799
0.6965125804573642
0.7668984750855292
0.8319361131372586
0.8891710202660966
0.9363191133786697
0.9714172446339169
0.9929586059378077
1.0
0.9922303406197287
0.9699934508086592
0.9342628307329243
0.9036827607490393
0.8490957610876136
0.786035050980067
0.7169221457044919
0.6442393332953747
0.5703848565014225
0.4975476045965758
0.42760978601287974
0.3620824415509729
0.30207492398218455
0.2482960861337387
0.20108225176130498
0.16044531015865085
0.1261335370376632
0.09769791932266439
0.07455766274193625
0.05606000140920735
0.041530634207258076
0.030315606078223305
0.021803653571800613
0.015453049275135088
0.010792597915034535
0.00742963204704733
0.005043242935934431
0.003378293935097825
0.002236741953807428
0.0016905913968330564
0.0011069183900056555
0.0007278468646318342
0.0004885413192474133
0.00034339129767332953
0.0002608840946622231
0.00021959054944815324
0.00020511666092663336
0.00026015759180273145
0.0002967612665126278
0.0018707521016071234
0.002899293933786523
0.005067632360981877
0.007077596886555719
0.009770159074369568
0.01332036782001173
0.01794826145634515
0.023834714764503585
0.031857475803403784
0.04136649150045968
0.053266078213407696
0.06718113350168632
0.08356347115531589
0.10250575278217983
0.12400647944794796
0.14795052140927273
0.16515593462725647
0.192563808664283
0.22146285211102762
0.2512529151150285
0.28122196341896755
0.3105734590526288
0.3384622173336526
0.36403640676529636
0.3864825997406859
0.40507033559269084
0.4191925938825794
0.42839891156943544
0.43241857189147576
0.43117225326398023
0.42477162547055747
0.4135074760784807
0.3978279097546938
0.37830888393243783
0.35561976609959556
0.33048670864825286
0.30365646807241375
0.2758629098435952
0.2477979189368638
0.22008786037820152
0.19327617442318212
0.17612677622755576
0.15176188595716847
0.12927262258211478
0.10884574575973456
0.09057839526216105
0.07448814823638616
0.06052509584413462
0.04858502640684638
0.038522879654136706
0.03016574470210713
0.023324806578605563
0.01780579536508582
0.013417647229551325
0.009979245778861305
0.007324257574732883
0.0053041291648692306
0.0037896114550070776
0.002670871994517373
0.0018567039343549466
0.0012729806605538765
0.0008607080273983685
0.0005738790753424124
0.0003773183095362983
0.0002446475784816305
0.0001564583083294712
9.87344716485929e-05
7.213568052701855e-05
4.463227584195005e-05
2.7384230084424977e-05
1.6754750386542043e-05
1.0328310070735206e-05
6.52768673575463e-06
4.33996994238525e-06
3.124927099168528e-06
2.504680452605402e-06
2.2019718197050632e-06
2.083255453058864e-06
2.9442777566256974e-06
3.351965107691057e-06
4.402049129872508e-06
5.357101148969639e-06
6.607554194917529e-06
8.224328762824005e-06
1.0289238175792009e-05
1.2890883534133078e-05
1.611950099855473e-05
2.0060558031369442e-05
2.478846712510263e-05
3.035332241879037e-05
3.677839298373113e-05
4.404757270054507e-05
5.209888000178188e-05
5.78472730728107e-05
6.692444672434678e-05
7.636438147129958e-05
8.59177503250612e-05
9.52961076624358e-05
0.00010418507389519735
0.00011226103637596485
0.00011921021235985823
0.0001247485544621033
0.0001286407628777216
0.00013071664360569797
0.00013088323473957347
0.00012913150047452334
0.00012553692247938822
0.00012025393471678335
0.00011350477105621847
0.00010556384438713066
9.673918229114307e-05
8.735266077070958e-05
7.772078588355892e-05
6.813758537784146e-05
5.886082698008065e-05
5.0102333867024226e-05
4.202268638517271e-05
3.473014527282638e-05
2.8283257055147933e-05
2.4463814407393675e-05
1.9439656021004868e-05
1.676510129809527e-05
1.3963065535488472e-05
1.2070395975157499e-05
1.1070463833537897e-05
1.0956989565788129e-05
1.173741791588963e-05
1.343350637856204e-05
1.6079027322244263e-05
1.9714672498089596e-05
2.4380449585572788e-05
3.010607472012089e-05
3.948896608841374e-05
4.8472011931084605e-05
5.885858840765427e-05
7.065299429798329e-05
8.382357177793555e-05
9.829971873340084e-05
0.00011399334383296316
0.00013072325920229712
0.0001483250881193744
0.00016659211494752274
0.0001852960239399332
0.00020419206499423332
0.00021676948239176755
0.0002354082534300318
0.00025352859703601957
0.00027084357788155104
0.000287053309901052
0.0003018443049154938
0.0003148910807661638
0.0003258613766633234
0.0003344258819457268
0.00034027268598563334
0.00034312580675183244
0.0003427662980928062
0.0003390537286945839
0.0003319454089644282
0.00032151071000834596
0.0003079381998388345
0.0002915340715117136
0.0002727113460635036
0.00025197044465541895
0.00022987276750845146
0.00020700973506277868
0.00018594660029871103
0.00016416475297986388
0.00014359235236648623
0.00012493248825866916
0.00010830063234371338
9.882023894849979e-05
8.66473485492657e-05
7.755128091256365e-05
7.150403022657578e-05
6.866371181409579e-05
6.904588059267658e-05
7.260254459870349e-05
7.922138231714835e-05
8.872230179686186e-05
0.00010085231426086911
0.00011528030448963776
0.00013159365078575926
0.0001492987147482704
0.00016782696145612542
0.0001865479048224702
0.00020478926577139484
0.00022187115151325401
0.0002382593994813566
0.0002515439920542166
0.00026202349318363104
0.00026933407876889894
0.00027326239861413744
0.00027376060468861706
0.00027094985591566
0.0002651115304037736
0.00025666658201046154
0.0002498466951700509
0.00023827072732193936
0.000225635279130978
0.00021256130263156036
0.00019969774345630337
0.0001874294944077648
0.00017619599590688404
0.00017291810935840933
0.00016738232260975476
0.00016439176408041619
0.0003731814828689831
0.0005072391154246794
0.000660228618071026
0.0010355276948325178
0.0013888090598678097
0.0018571561336364285
0.0024671324092634477
0.00324782093023579
0.004229711080030827
0.005443080707284702
0.00693086462582956
0.008692622077304243
0.010754428700995869
0.013639990705555157
0.01653320982169066
0.018827362318315694
0.022461331331759968
0.026400513535928677
0.030669329540076295
0.03522780663860259
0.040031645802507655
0.04501918326733482
0.050137503327561075
0.05532471611406086
0.060525158861457956
0.06568441066563221
0.07075074717147935
0.07567398889349292
0.0804032884115936
0.08488439376655038
0.08905678095978309
0.09285143994167466
0.09618991300230689
0.09898511039805778
0.10114418956105342
0.10257348169356538
0.10318512155816273
0.10290473614677982
0.1016793267557427
0.09948437631725358
0.09632925012437289
0.0937136722461406
0.08907915352171132
0.08368802267417697
0.077676396443647
0.07120303095716657
0.0644401381446206
0.057575376489188305
0.05075930732098419
0.04415476255568168
0.038287567127150604
0.03265199763490057
0.027745351497454794
0.023521587994843485
0.01996384702662676
0.017184893003519157
0.015186943643141593
0.013974079995836256
0.013547053422400526
0.013896162486411059
0.01500586417273183
0.0168538446856212
0.01940879104073589
0.022627222557963268
0.026449899706121178
0.03079843086903078
0.03557273185821198
0.03893239523141721
0.04413243097085239
0.0493834207550044
0.05451660751940626
0.05934369400241011
0.06368637770005242
0.06737461242450782
0.07045261897301092
0.07249325838790033
0.07362341896008581
0.07373792580795462
0.07285316688091967
0.07105893685344344
0.06846699942100287
0.06522561635107862
0.061509857499699866
0.05751018584713702
0.053420250983532404
0.04942523011439437
0.045689521514671434
0.04234942877183519
0.03950529946500444
0.03723465526791258
0.03553081414928497
0.03439399825570721
0.03375841024384028
0.033576099696135564
0.033589635104763114
0.03384551791149688
0.03422306163919453
0.03460320107675505
0.034876388114114164
0.03494925579579629
0.034749651059800914
0.03422977389670052
0.03336731710813987
0.03216466745319744
0.03064636279903917
0.028855193221078237
0.026847333467066838
0.024687033907655812
0.02244134321623681
0.02017530180289601
0.017947951907863184
0.015809489281702106
0.013799116976385145
0.011944832752118365
0.010263450548349361
0.008761760567725475
0.007438162350069772
0.0062845834569812496
0.005603905744432361
0.004704371441935004
0.003936202590197346
0.0032830863143319673
0.0027293507080234625
0.00226079189325605
0.0018648724945473742
0.0015323905044862275
0.0012520883783762311
0.001017048855531691
0.0008222424455746704
0.000660643641900019
0.0005285126036648352
0.00042197302722401294
0.0003378192639455106
0.00027276403144597765
0.00022427727316356704
0.00018999628012986738
0.00016782172477361335
0.00015588949513913313
0.00015254085809043028
0.0001562895220372608
0.00016578657854224565
0.00017978595986921941
0.00019711385838192338
0.0002166455463103363
0.0002303520147231385
0.0002511542095468538
0.00027133881555382834
0.00028993798165019086
0.00030606787017384756
0.0003189598041451511
0.0003279922494753782
0.0003327192585584296
0.00033289138782848583
0.0003284659774542601
0.0003196049246718212
0.00030665952480268284
0.00029014340498618427
0.0002706958499680956
0.00024903876411102324
0.0002259310294130297
0.00020212407072759599
0.00017832205700496142
0.0001551494374601226
0.0001331275585017319
0.00011266107157293146
9.403385830365092e-05
7.741337753100476e-05
6.305159020447262e-05
5.06261569822708e-05
4.01756814510741e-05
3.423784660663676e-05
3.26852101841026e-05
3.045062198840743e-05
3.0022588016152203e-05
3.624253555550422e-05
4.318038499938508e-05
5.4406703844855724e-05
6.993535311750151e-05
9.073818589077151e-05
0.00011756544765325908
0.00016587944957442499
0.0002136149686087419
0.0002719912182416523
0.0003508491926800014
0.0004375791934808132
0.0005391975054130837
0.0006564730476661777
0.000789795648135451
0.0009390885963461288
0.0011037321298418771
0.0012825032248246113
0.0014735621550244875
0.001674347483930236
0.0018817141208512516
0.002091902656838202
0.002231500953061837
0.0024366731715531617
0.0026324065101914094
0.0028136459729761736
0.0029753566029894663
0.0031127273458729544
0.003221386363844681
0.0032976169266177987
0.003338560738724771
0.003342394048634544
0.0033084615968446
0.003237370971444964
0.003130946910626431
0.0029936466755451584
0.0028274212840195753
0.0026388023764314455
0.002432718438187875
0.0022154369337285926
0.001993473335486147
0.0017721598497840942
0.0015607114791771955
0.0013582309444494821
0.0011711512711705232
0.0010025339885482898
0.0008731769367460965
0.0007551527723785383
0.0006904174761109568
0.0006240646089865362
0.000578164992631036
0.0005592526864916008
0.0005672004168036704
0.0006017249111342539
0.0006624092379054124
0.0007486876362474868
0.0008604655613544356
0.0009955976648660183
0.0011530611025070373
0.0013308055060024932
0.0015260918864105654
0.0017353930767275163
0.0019543410729142706
0.0021777381394568777
0.0023996437503847803
0.0026144025606799747
0.002813837848565634
0.002991709285841935
0.0031415411290419974
0.0032580547945222998
0.003379624768641021
0.0034348385375787332
0.003466733873361234
0.003466911855565058
0.0034474571746505216
0.0034005396682806957
0.003339940790318132
0.0032756007733668554
0.0032186239367949505
0.0031800711841718705
0.0031710631370042487
0.003201325181155418
0.003278874242636558
0.0034091530649279565
0.0035945205266842066
0.003833860635321932
0.004122394531919548
0.004451724498003212
0.00481012481680571
0.0051830769848540395
0.005554027175353989
0.005905323618450129
0.006219436812403703
0.00647947636502654
0.006671038559715739
0.006782653517885946
0.006806620888514778
0.006739467834691682
0.0065821033158019095
0.006429448588833396
0.006135025428995573
0.005772122445615363
0.005354290935066025
0.0048966429079424405
0.004414866730547732
0.003924288055675937
0.0034390479468964456
0.0029714523167515953
0.002531525068131926
0.0021267746283234095
0.0017622130302210866
0.0014403194380890015
0.0011615617214091498
0.000924614407536261
0.0007283032865014952
0.0005669511063767244
0.000437096191341463
0.0003356065434821573
0.00025678441089286387
0.00019740859683911808
0.00015401413435531922
0.00012662559478097892
0.00010847276467948022
9.912984605852369e-05
9.87601185272375e-05
0.00010173000832390484
0.00011137548892197749
0.00012680917997307642
0.00014769015759215497
0.00017377181131125987
0.00020482837849611365
0.00024071500802222832
0.0002808714793639347
0.0003248815398468637
0.0003720783896935502
0.00042161612133961325
0.0004783029760773022
0.0005318675043175779
0.0005852125235714053
0.0006402605690049152
0.0006911751168881226
0.0007391368429226142
0.0007834121497680244
0.0008234826453888393
0.0008590816001645126
0.0008913583163713164
0.000918795055591328
0.0009427066663670999
0.0009638061294878135
0.0009829896160127643
0.001009061411496215
0.0010230071874170134
0.0010449687493655673
0.0010688078395838648
0.001094998795362999
0.0014453176132873593
0.0016191482369661517
0.0018602473404432307
0.0023295458134765046
0.002797016515499629
0.0034017272337807836
0.004173940944559789
0.005681154136078382
0.007126458546887562
0.008929193147911322
0.011417297521177407
0.014223915603240714
0.017594588805621033
0.021582891712245388
0.02623074996954168
0.03156356347683205
0.03758538460919787
0.04427483808188038
0.05158369298081029
0.059423294286549744
0.06768009067349501
0.07620522266690444
0.08195084624552888
0.090651682370537
0.09901732301541458
0.10691847626856538
0.11419872870611633
0.12053559326520955
0.1257822929676536
0.1297762004079906
0.13239496467639683
0.13356395710840618
0.13326110186291978
0.13151860165604554
0.12842130177682096
0.12410171182644257
0.11873199781602593
0.11253272509298812
0.10569265716420437
0.09844861670246738
0.09101661897236316
0.08359406375246717
0.07701200031206609
0.07048961472074283
0.06443179018908507
0.059288562150738244
0.05483248867746976
0.05228486675020428
0.04915691182367913
0.04693623850120384
0.04568753653547438
0.045403085997814195
0.04613181918265917
0.0479048457562504
0.05072431661099216
0.05458953273331993
0.059468707098924815
0.06529556062798285
0.07196244827840179
0.07931692184548361
0.08715689104049443
0.09523877292120947
0.10328182580602818
0.11100723175797168
0.11806324307210853
0.1241553427748303
0.12900810841304788
0.1324088029276962
0.134151959130799
0.13415157404026332
0.13238621592997762
0.12891418745427577
0.12386875984898944
0.11972666773042465
0.11252524032022615
0.10438359525769791
0.09559678398937171
0.08646305136248073
0.07726679089811285
0.06826405037296877
0.059671497669759856
0.05165934402848967
0.044348304960236486
0.037810305992518375
0.03207234710862864
0.027122747206084333
0.022918903600776495
0.019395904911827692
0.016474171351456342
0.01406798782099826
0.012091393251833102
0.01046778502385192
0.009117740145393604
0.007982520120612626
0.00701185932036288
0.006166788519663262
0.00557367540074391
0.0049973599048415505
0.00449694477597584
0.004215593569603899
0.003978736865185613
0.0037913276085727796
0.003738920400717739
0.003838748975621284
0.004108719397426763
0.00456608899910516
0.005226072106421016
0.0061003455713492085
0.00719546561582804
0.008511254415923746
0.010041682210535908
0.01176495666218454
0.01365429064114674
0.01567057450074341
0.017763899588632514
0.01987548704731921
0.02193935235574739
0.023885307888875603
0.02564993909264188
0.027154126474911985
0.02834322653173585
0.029168815444846796
0.029596669006342176
0.029886818042362134
0.0297409279020038
0.029222327595513308
0.02846655868878582
0.027456311871752025
0.026255468912573836
0.024966343741110678
0.023699872080475592
0.02255184247154718
0.02160913348017389
0.020957169788112785
0.02066802151824417
0.020794653925758647
0.02136932085747099
0.022401325003694593
0.023875534572837812
0.025752525340628087
0.027969470471058577
0.030442495919119045
0.03307023232617968
0.03573851332513015
0.038326037305389346
0.04071071076141177
0.04277629972050007
0.04441894683637337
0.045555206808586074
0.04611930334462969
0.04615944725381668
0.045706924685197006
0.04465043492485196
0.04302799249599059
0.04090167604734839
0.0383507545514324
0.03548066613661474
0.032376754228829706
0.029146419998672162
0.02588926923935887
0.02273763960564753
0.01970187810579971
0.016873030898964806
0.014314278563011908
0.012033677159306264
0.010059832612365552
0.008396431962835127
0.007038020314974301
0.005970265311759059
0.005180186897475235
0.004631652537699688
0.00430238343285024
0.004164451116013473
0.004189091550270373
0.004347986313857185
0.004988378980355696
0.00531464384291347
0.005899847185355081
0.006704495977725448
0.00759827568892946
0.0085842969675612
0.009753052723072355
0.011064631356589291
0.012544515193628926
0.014231722492023164
0.016183228456609893
0.018375246992561368
0.020848024211034467
0.023617414358622545
0.026682727625592335
0.030030231305296484
0.03362705061551995
0.03742012652197011
0.04133584005312527
0.045281302180290924
0.04914741053590674
0.05281359670728479
0.056154001055455975
0.05904463969364956
0.06137099491035774
0.06303541649370818
0.06396347595701876
0.06414910607298872
0.06376317402276528
0.0625888062231591
0.060665658745702136
0.05806004999826594
0.0548650935650615
0.051191633678525666
0.04716318018339489
0.042905209972040316
0.038542833176391456
0.034192500736791136
0.02995806297840754
0.025924914849105522
0.02216140347036098
0.01871612928257635
0.015619079889542354
0.012883238505024113
0.010506913398942223
0.008476549408648204
0.006769374422691516
0.005356546371648654
0.004205517770575132
0.0032822875917843143
0.0025540165658814212
0.0019874196942951685
0.001685200672279631
0.0013253510501342453
0.0010566946915152697
0.000858832322324027
0.0007449942814102328
0.0006593305217374227
0.0006049533025203527
0.0005783692567136149
0.0005948127177839602
0.0006213158259720228
0.0006711387998938153
0.0007457586601114173
0.0008475881157636627
0.0009796309330624246
0.0011480566740244026
0.0013515159715486056
0.0015934868635019866
0.0018753090832131117
0.0021983163334227634
0.0025569133564191725
0.0029477385903540943
0.003363820508604867
0.003795967930503901
0.0042330133088909
0.004674115074193627
0.00508710144919904
0.005344633049588312
0.005695149885019773
0.005991193027086504
0.00622312842175748
0.0067973595054982095
0.0071336312087876275
0.007424962759473009
0.00776721806655735
0.008416561791027483
0.009022340411178999
0.009818579004902295
0.010880907272228768
0.012251678082977337
0.014004634466381585
0.016199257170931444
0.01890249429168404
0.02212617680362645
0.02589451765222009
0.030200281565872834
0.035017986460098974
0.04026353453927028
0.04584501826636516
0.05163274261182673
0.057495274793557954
0.06322028651761649
0.06862975921870924
0.07196777813909275
0.07644917396523221
0.08012581709613464
0.08286452325449403
0.08455808098845352
0.08514328517957337
0.08460394501955032
0.08297186012247872
0.0803332593262964
0.07679230067124203
0.07250125865886854
0.06763089054317822
0.062365612585912326
0.05688050369026372
0.05135315620472064
0.04592396937795004
0.040725844856755136
0.035858435164575736
0.03139408037547277
0.027372653822606046
0.024105809143160906
0.02118013335999851
0.018711980497615074
0.016716026389270215
0.015347383672372806
0.014604573472064201
0.013861573220869342
0.013542079732370567
0.013645362821411428
0.01417290586626489
0.015124836426614757
0.016504467459089484
0.018312701119602856
0.020542947699288144
0.023177759487911925
0.02619282273063179
0.029528291332713827
0.0331195059349322
0.03688056488036734
0.04071206696071968
0.04448626162003101
0.04807868430321289
0.051357753987415565
0.05419584703998417
0.05648695892988115
0.05816606670289621
0.0590932808064515
0.05926134828284009
0.05866783487089756
0.05735893507157352
0.05535474266047199
0.05368464089957606
0.05075743392673647
0.04743192014056893
0.04383830664264827
0.040108715338422446
0.0363696586654538
0.03273545146421647
0.029302979555964795
0.026148088324752138
0.023323690093512817
0.020859536234958693
0.018763473344303585
0.017023911331854248
0.015613177995111494
0.014491417413728327
0.013612067491804217
0.012921124442368993
0.012367163615595431
0.011900887870607309
0.011478398628488765
0.011063104142747197
0.010626846449385104
0.010150519677564121
0.009623180524055242
0.009042357401235913
0.008411931709429053
0.007968588004129359
0.007279229963648109
0.006579033986698641
0.005883426530246588
0.005198270651527971
0.004549789182679233
0.003943037212384882
0.003428844049567523
0.00319385428366187
0.0029024444788035906
0.002725561923742987
0.002694202324916408
0.0029160597293861976
0.003228638305886785
0.003733119816716685
0.004449300249612998
0.005396930238303859
0.0065943836717505455
0.008056862902750388
0.009795447998133004
0.011810589246962915
0.014095109377939943
0.01662912569347692
0.019379213500839675
0.022296636709664835
0.02431646485293816
0.027374051163100082
0.030404282949343366
0.03331716139529165
0.03602262153492508
0.03842068029077219
0.040423780152422706
0.04195813903256371
0.042966878697376386
0.043409999422372315
0.043275762232636406
0.04257136215347271
0.04133236561967461
0.03961278778344592
0.037485746146336346
0.035034764613744565
0.03235252767198642
0.02953228440086117
0.026663850916132117
0.023828701722769803
0.021096553669169293
0.018523062177841634
0.016148762026963196
0.013999177721687168
0.012085931181630621
0.01040860780321399
0.009416795138409848
0.008106622016696473
0.006990889223806209
0.006046065913026232
0.005249146764931831
0.004574182483162734
0.004000463496538909
0.0035090114856051965
0.003084201680467619
0.0027129540006078593
0.0023853048732103
0.002094021231142007
0.001833856986706392
0.0016009206775681524
0.001392746616658853
0.0012075842080137792
0.001044002020344812
0.0009023435669822076
0.0007794353392714871
0.000674761338460816
0.0005872160549466101
0.0005168151785715562
0.00046118679369363993
0.00041763637092608345
0.0003855588567771029
0.0003640185951686191
0.0003544892055578892
0.0003462777512227938
0.0003446183459561422
0.00034845871220956243
0.0003568998017747272
0.00036926221360155054
0.00038478486634662437
0.00040325085712916654
0.00042370934721146285
0.0004458566675183036
0.0004691619696432854
0.0004930312848818116
0.0005167907898765873
0.0005396852327050853
0.0005608924354961752
0.0005795528915086809
0.000594811645144039
0.0006058681209825233
0.0006120285542964994
0.0006127553048969058
0.0006078149787283621
0.0005969238364495368
0.0005802814568292575
0.0005582429604827703
0.0005313993849496686
0.0005004923159971045
0.0004780329831233688
0.0004422886143444534
0.00041389627882742255
0.00038004506028467
0.0003478235955139025
0.00031858360147269695
0.0002935341234466612
0.00027377446612285777
0.0002603325869500276
0.0006570213009097336
0.0008347640589617247
0.0010854638630404718
0.0014276841818226618
0.0020653269821794087
0.002738411179090688
0.003602703201653263
0.004692935180182365
0.006043833412631485
0.00768838338785637
0.009663233121623356
0.011978629318105087
0.014649286241379234
0.0176735590052391
0.021032376229902186
0.024693328397740546
0.027268720074641768
0.03128232024835322
0.03539446606241179
0.03949765917660919
0.04347180327596329
0.04718974589725454
0.05052394414945277
0.05335371233270874
0.05557252715983839
0.05709475265920577
0.05786130671495642
0.05784313923688056
0.0570435916095922
0.05549766224827489
0.053269672790178205
0.0504488252857958
0.04714305254952129
0.04347255936342161
0.03956240603572404
0.03553564045628879
0.031507146446588315
0.027578664406314773
0.023835236022538685
0.020343168053500716
0.017149467663360722
0.014282561120748789
0.012559162191238987
0.010255395431635997
0.00827906044034242
0.006609514832619546
0.0052201975304068905
0.004087888256006692
0.00316945942993408
0.002437850049548811
0.001863876504855662
0.0014201464485964594
0.0010830233529576022
0.0008321066166235835
0.0009219887478993147
0.0009736143914551427
0.001081059364426376
0.001290309363946448
0.0017102202724178692
0.002253749115064588
0.002930746955234772
0.0038021170939368017
0.004896010048235038
0.006241226686671058
0.007862850463147926
0.00978142367253765
0.01200993942675475
0.014550444655890825
0.01641238615771534
0.01943954964934174
0.02271213827547359
0.02620780706455952
0.029799174912511023
0.033421451282998255
0.03697405360092174
0.040362844033138716
0.04345473824951919
0.046152994917324414
0.0483614198872058
0.05000023818170259
0.05101103154784813
0.051360894080700915
0.05104434900793969
0.05008357091066801
0.048526631432948594
0.046443973436369065
0.04392350388415051
0.04106450628578044
0.037971534872293704
0.03474808426230522
0.03149106900508869
0.028286017094848133
0.025204254944431577
0.023247561438750064
0.02048613961538431
0.01795807895659148
0.015676381461802266
0.013641360782915843
0.011844471324936472
0.01026774362984167
0.008891171143438894
0.007692257990798688
0.006648601162942758
0.0057392823188534585
0.00494573203812493
0.004252122669297682
0.0036462464204391684
0.0031161652499774816
0.0026539908538975466
0.002252819150152189
0.0019068447942454734
0.0016109401140866086
0.0013603976014565063
0.0011822584741143698
0.0010224356332285854
0.0008993500710945549
0.0008099717137805876
0.0007613944885927675
0.0007406544003517804
0.000741333702359503
0.0007664111212270692
0.0008277659990715288
0.0009140658445779773
0.0010312138196551168
0.0011800844083446284
0.0013613137275970536
0.0015756641233834051
0.0018212756059110848
0.002338696986150959
0.002785299470116165
0.003272661827933783
0.0038329351247672894
0.004473556642772547
0.005377669559743094
0.00628559066568713
0.007329961492495908
0.008528505034704523
0.009901571089403895
0.011481698803426837
0.013263456400929305
0.01526984133075
0.0175048731048447
0.019965862103986407
0.02263785990700067
0.025492655148348944
0.02747668338246151
0.030533083840359073
0.03362522977253533
0.03667352784025849
0.03958899093007678
0.042277237348501896
0.0446440704198244
0.046599582989260806
0.048066642164908406
0.04898088122363744
0.049300643287956566
0.04900664905704836
0.048104097510961376
0.046633258378644224
0.0446308262744044
0.04217281020058949
0.03940302975547203
0.036328340606651195
0.033094213301169045
0.02979549301282976
0.026527319933659765
0.02340785897888544
0.020461388292764185
0.017769246377057926
0.015374928235594693
0.013307862408567213
0.012119408468247753
0.010623707790230455
0.009465921839534236
0.008629103342401202
0.008101493059090753
0.007832257985555395
0.007790757544184332
0.007939219597308155
0.008234767744869705
0.008644906560081277
0.009116813158640337
0.009619325091192265
0.010109324895646492
0.010559852638636916
0.010945068574433819
0.011269761670626216
0.011484286588048273
0.011594489861434014
0.011607911819990819
0.011531682205792123
0.011372229373622809
0.011148567235455242
0.010876517904524301
0.010578862514506668
0.01027214426796878
0.010072066377791443
0.009791584966636978
0.009542879123908896
0.00933467023220723
0.00917152792503685
0.00905339893285291
0.008976559631826211
0.008933290109501583
0.008913799680872945
0.00890633480384877
0.008898235165103177
0.00887680340252794
0.008830109487252328
0.008747686644380505
0.008621088298553818
0.008444287376520136
0.00821391644201829
0.007929289439179954
0.007592362580813973
0.007208515781975807
0.006782603077249608
0.006323154633487937
0.005839359121385999
0.005340962682688807
0.004837739768081493
0.004339158596071368
0.00401368227566983
0.003541623353829826
0.003099303766560954
0.0026858844340336614
0.0023073947145410144
0.0019678550583552665
0.0016673689801251542
0.0014084513348516564
0.0011882822648198298
0.0010052809263183192
0.0008585749710668882
0.0007446682123896912
0.0006622800296555542
0.0006069394960343105
0.0005764767722605942
0.0005681293599142345
0.0005802450715863914
0.0006124635847218023
0.0006568088189599487
0.0007139122547327266
0.0008200170250361765
0.0009178888471066471
0.001025538500169971
0.0011452327247689882
0.001277531722590283
0.001445739643276231
0.0015578455262621868
0.0017775860289299592
0.002006089177642683
0.002263526158052503
0.00255869426430745
0.0028968198757969806
0.0032976031611072513
0.0037480565063985685
0.0042514050159016435
0.004813259053558336
0.005433751458999258
0.006106915730178825
0.006826585090004309
0.00758248595778482
0.008371774669479687
0.009163356898030203
0.009943893911889854
0.010694876262239214
0.011448440774169403
0.012107424452539749
0.012686140782076133
0.013171031778509222
0.013553270764604004
0.01385233987601554
0.014027344614500557
0.014086625558922471
0.014095692163419514
0.014018951288489859
0.013871500760442562
0.013670562519415523
0.013434526730838088
0.013181568565524123
0.012928334940694846
0.012688729117390244
0.012483722383781858
0.012303763767012654
0.012155907711468935
0.012036900396659153
0.011939749298708056
0.011858411248730353
0.011774386101626741
0.011674455432318978
0.0115456949295772
0.01137631004634461
0.011156746646475205
0.010883637058034964
0.010550804382226317
0.010178970008847455
0.009748614662071357
0.009277337172029098
0.008777873892085506
0.008437754849193846
0.00792846892492116
0.007426740921970967
0.006945330841564061
0.006497362888607918
0.00609191917168347
0.0057355321967248905
0.005432061228372701
0.005182849687616063
0.004986834153462222
0.0048408165180824905
0.004739838524524242
0.004677730068201747
0.004646790201819537
0.004640398016557593
0.0046482044043014035
0.0046623619004337105
0.0046747182930079595
0.00467759418643077
0.004664877551085625
0.004629975954954357
0.004578563232759723
0.004491496593237838
0.004374867398971771
0.00423062174023308
0.004059054893001586
0.003934855242394743
0.0037306925953274053
0.003512446123984364
0.0032980080281108754
0.0030806836811239644
0.0028712500362401256
0.0026780960997774363
0.002507529722754467
0.0023686274096690893
0.0022608235204116733
0.0021865770358485814
0.0021480955155478124
0.002144885462201044
0.002175015365424312
0.0022354937141199935
0.0023215943291289304
0.0024282428820328905
0.0025495420316312394
0.002679185428877984
0.0028107064983120076
0.00293771909199385
0.003054143521744062
0.0031621165416867176
0.0032463894869709377
0.003305994591203132
0.003339405663010413
0.0033463408194147814
0.003333346813981502
0.0032975481281553366
0.0032331811854226277
0.00314607305668679
0.0030399920284032477
0.0029396025923967618
0.002818021613931047
0.0026950262116203828
0.0025765833756106367
0.0024680217479101873
0.0023876834388668155
0.002320366462065146
0.0022778696117899274
0.002263662762408858
0.002279474491644835
0.0023280772365581407
0.0024089194152680086
0.0025169717792932417
0.002651454640116264
0.002808986429545447
0.0029869870103395803
0.0031789960316734953
0.00337846441443641
0.0035806514342336697
0.003713867819406977
0.003907417174681208
0.00409728094333402
0.004264032846463513
0.004407515180301616
0.004524822369664194
0.004612755775140669
0.004672808742903255
0.004700084544343319
0.004694934598297439
0.004660244647210501
0.004598116382501787
0.004511844311061655
0.004405589739359951
0.004283851166783005
0.0041512336295586715
0.004012195425022214
0.003871344927875781
0.0037360351373423913
0.00362188374117446
0.003505448918047281
0.0033982019281874245
0.003303134877129921
0.0032212870016946017
0.0031595211794854024
0.0031139752723224486
0.003088841558249064
0.0030641903250113807
0.0030558591464570173
0.0030647987497482297
0.0030921080564633575
0.003138900206300598
0.0032061373772255797
0.0032941211712995077
0.003408165660953044
0.003538190431212734
0.0036857104133650007
0.003847161991367135
0.0040174420076628204
0.004192121162612612
0.004362195107533986
0.00452009162206532
0.004658628418832731
0.004770474544897191
0.004849145260461316
0.00488944076783103
0.004887789915426291
0.004845972728876137
0.0047593465757112385
0.004631638484337439
0.004467151795712248
0.004271254209736472
0.004130045893434336
0.003899869354275828
0.00365581477141877
0.003406422113918857
0.003158431591456262
0.0029178415694819447
0.002689989757751636
0.002478408596660923
0.002286179072411211
0.002261765516767344
0.0021995399033710493
0.002171493942004457
0.0021994399914916775
0.0022911929377986712
0.0024553828363936044
0.0027935725765623988
0.00317145411329669
0.0036651470062302894
0.004287462653554663
0.005050081571782377
0.00596243323022564
0.0070303451489043935
0.008254787999145557
0.009630513151035996
0.011144984802866933
0.01222187823283819
0.013917630345149059
0.015678612335045753
0.017464909340961784
0.01922466631967067
0.02090673405672305
0.022456606351376033
0.023820778927804084
0.024949754477471477
0.025800977621385196
0.026341441414331014
0.02655023410722108
0.02650112832221164
0.02608268784086842
0.02535399747308211
0.02435781181478822
0.023139388935654034
0.021752313436985995
0.020305116069876696
0.018780438963653254
0.01727411701768279
0.01584415797219362
0.014542294967324882
0.013411867862620663
0.01248627216564586
0.011787539707346181
0.011453446275795372
0.011150450175073122
0.011078657405291396
0.011215920157631546
0.011534614580637417
0.011998780859305684
0.012566385265971706
0.013192782655163734
0.013831203381678236
0.014434429888689785
0.014961228733219974
0.01537427283122778
0.015643646994976272
0.01574811754972074
0.015674163555132042
0.015418598293907267
0.01498691664101706
0.014392682605355658
0.013655222271553103
0.012800021010056428
0.01185558195266827
0.010851906764437869
0.009818781256591023
0.008784515106683526
0.007773685451826881
0.00680943651619601
0.006201979591142285
0.005347975773008014
0.004573386498057416
0.0038833282543542344
0.0032789527687120744
0.0027589616570601085
0.0023181022888122773
0.001950539289225517
0.0016490720743642458
0.0014935758322082227
0.0013537311963501039
0.0012654290717980933
0.0012355451213075048
0.0012638317266624607
0.0013515358466696479
0.001539908991325782
0.0017888691078227204
0.002107234391622682
0.0025093752390647228
0.003003279816187001
0.003602880136915997
0.0042983200136699215
0.005096345617503632
0.005994243191201651
0.006984939956874881
0.007691225139832982
0.008875037235647172
0.010079963255973561
0.011314965734772227
0.01256816528545835
0.013801148155995207
0.014987870246992127
0.01612854982067671
0.017166293698260428
0.018080890785198492
0.018868490363795478
0.019516762601245137
0.02002339006537891
0.02039346392056976
0.020639651816902905
0.02077254173490179
0.020810563436937813
0.020772196954752364
0.02067482725106102
0.0205333472947799
0.02036029264918811
0.02015988630694985
0.01993444615579765
0.019680761959638242
0.01939156918004842
0.019056767138225544
0.01880256345152776
0.018366244289466684
0.01785474185405987
0.017260228713028104
0.016581347675665003
0.015814031585924353
0.014964599455354357
0.014042661605986672
0.01306161962284447
0.01203767078460995
0.010989477716275248
0.009938164864302169
0.008900480436809124
0.007916936357015562
0.0069734934973135765
0.006094069309921499
0.005292068325538934
0.004575744378914225
0.003958657467556363
0.003430133257705389
0.0030125741546150873
0.0026782366353012912
0.0024354335460953047
0.002279907680660705
0.0022104429998323046
0.00221483121778859
0.00225711513029513
0.0023744139898976176
0.0025496547357859245
0.0027746871281688654
0.0030406463911857523
0.0033379209224422873
0.0036561716900797908
0.003984432839831073
0.004311296623970769
0.004625191510075252
0.004914739305409609
0.005169171267210014
0.005379824982612319
0.005536840788508144
0.005634622535165171
0.005669050079403894
0.005638389307151504
0.005543581270195735
0.005387525390377324
0.0051754194159952275
0.004914500024060142
0.004613385239941336
0.00432504902663677
0.0039980323741885355
0.0036640081638265824
0.003339009655907861
0.003133916752923981
0.0028547889806896654
0.002616209862788175
0.0024503413205356787
0.002323831477184803
0.002264161973199699
0.002277215156410007
0.002367662031745043
0.002541162430279219
0.002796345543563631
0.0031281448293681118
0.003535314316976712
0.004011448381917381
0.004546997019010442
0.0051300971872862726
0.005746237618340826
0.006388664522094377
0.007024854863621852
0.0076405148135860875
0.008217552889557387
0.008737001822743383
0.009182262034173926
0.009542825639668757
0.009803205696428945
0.00995628101823698
0.009997824338196787
0.00996933775452488
0.009837086479757695
0.00961501891765265
0.009303347859729793
0.008919777217555469
0.008480754185607862
0.008002417243467445
0.00750167680200411
0.006996479626413009
0.006497334706675422
0.006016456923086284
0.005564327809159047
0.005148249222654243
0.0047723891656482244
0.0044390540220932105
0.004148199758307905
0.0038979932172426503
0.003685175593491975
0.003506176046361184
0.003355101331116257
0.003227256608048901
0.0031166148496501052
0.0030184679280880716
0.0029279606684509455
0.002841172807819858
0.0027834337466120566
0.0026947236382209626
0.0026015790152203806
0.002502379120774846
0.00240197478506399
0.002292049632150288
0.0022042662325892407
0.0020960114893947574
0.001989547947111104
0.0018886108461688297
0.0017965150639751527
0.001721193717512171
0.0016702294807594488
0.0016398594088419306
0.001634350248672434
0.0016603159151254289
0.0017209149251101907
0.0018183377325404959
0.001953580668654916
0.002141718142569723
0.0023626307031130935
0.0026152087324048923
0.002897915830604315
0.003205369679209018
0.0035304504641751402
0.0038712470165573457
0.0040987621325627634
0.004437049852140799
0.004760304594818827
0.005062914440911282
0.005337531471293529
0.005578213663619583
0.005780416520948267
0.005941110327170644
0.006058857304817932
0.006170884370760293
0.006225725784114235
0.006244112006006266
0.006234455043325356
0.0062021324413457915
0.006152952384201161
0.006092843959119442
0.006051858479581953
0.005997592594290767
0.005952581399679138
0.005922124776774989
0.005910946062324905
0.0059274146747481495
0.005967734313750379
0.006036008831858027
0.006132261383475015
0.006211398389331932
0.006350353734785543
0.0065094607035800596
0.006684823360043966
0.006865186348177118
0.0070429720239015125
0.007208313543522435
0.007351033814384926
0.007461321262525685
0.007530597785496837
0.00755063095278861
0.007515967159172982
0.007423185370874734
0.007271325935143501
0.007061426547511066
0.006797272516881655
0.006484666282409015
0.006130790984759158
0.005744985594682665
0.005344011917600192
0.004925593262545846
0.004503171287383028
0.004086651413926143
0.003684094692144472
0.0033027448417417816
0.0029480859730547804
0.0027324304100706546
0.002434720627153041
0.002172509137698733
0.0019481814320945414
0.001762033843213538
0.0016134241023204746
0.001500881018652092
0.0014222032652984776
0.001374610089253917
0.0013546107419515551
0.0013583577608770137
0.0013815840770555362
0.0014197214813440572
0.0014680183162351604
0.0015216837066056085
0.0015760101870638684
0.0016265245781190247
0.001669184656219178
0.0017008449257696055
0.0017182040919898984
0.0017194226503379024
0.0017033721273869635
0.0016697490045058153
0.0016190748776291524
0.0015526204548735648
0.0014724543259302999
0.001412469114746162
0.0013146418897755346
0.0012100489980307872
0.0011020230167216693
0.000992858924528432
0.0008853881300134612
0.0007819770856369537
0.0006845580355699902
0.0005946225525817807
0.0005133445091848334
0.0004411562301246542
0.00037843296277566935
0.00032478479220235444
0.0002798792212977461
0.000243067461152402
0.0002134943423268611
0.0001902605488972231
0.0001724269730035154
0.0001590518644431616
0.00014925626405496662
0.00014228024526665649
0.00013734723928848563
0.00014088408527509344
0.00014237819318191277
0.00014497607449921734
0.00014935643420138192
0.00015333876975081014
0.00016119584903157393
0.00017145873538883184
0.00018828137622179763
0.00020637298978173186
0.00022885283876570854
0.0002562902763646301
0.0002891857382002394
0.0003279211056536628
0.00037265836752142746
0.0004233539457796021
0.0004821185241693217
0.0005452316034445601
0.0006148431868847953
0.0006865981094926858
0.0007604258407049137
0.0008350665625606534
0.0009089172128917861
0.0009814752373592712
0.0010502293604328636
0.0011147249065748413
0.0011730391310788635
0.0012246433361779926
0.0012695217088528569
0.0013077343306776743
0.0013296656731717693
0.001357717196456248
0.0013804628905990965
0.0013986571607363543
0.0014130252682421488
0.0014241474012135075
0.001432396631281478
0.0014379822469363821
0.001440593029666199
0.001439867312049892
0.0014352257225020864
0.0014258659911561289
0.0014134513135547308
0.0013934977780654862
0.0013666527933147946
0.0013328305920915623
0.0012919888551468268
0.0012444365198824986
0.0011943753417763923
0.001138882842260993
0.0010801976571945108
0.001022451724577339
0.0009676069608493468
0.0009143955403994992
0.0008666878035632238
0.0008284891934457751
0.000808573084926911
0.0007876768597582137
0.0007806077674354918
0.0007875648835281488
0.0008115942278878308
0.0008493914398765469
0.0009251621285465318
0.0010025377738976564
0.0010966058262416936
0.0012090103131167618
0.0013351490753495086
0.0014747465309833756
0.0016288501510392538
0.001803359512498
0.001980426451969911
0.002166881100310256
0.002361537870708206
0.002561074447373429
0.0027647952775291173
0.00297099711987184
0.0031794165822524685
0.0033873433208700117
0.00359038444370678
0.003787399056616718
0.003974847733817451
0.004149744201825382
0.004257652125211037
0.0044039347616547046
0.004528135401622507
0.004628214659958931
0.004698902379315534
0.004738757837434793
0.004745594325192327
0.004718521837272858
0.004657375068779538
0.0045632315560867115
0.004437390089485248
0.004282647698056271
0.004102347403370285
0.003900418005083545
0.0036812072802085466
0.003449244229110233
0.003216079951816777
0.0029762181730457952
0.002737344619328983
0.00250416970118132
0.0022873106752958256
0.002079989339897432
0.0018885238809194086
0.0017184174942532202
0.0015686210477809555
0.0014808452192474203
0.0013690267458291226
0.0012818559149846158
0.0012233796774930412
0.0011897194751526667
0.0011808962560856324
0.0011971965661631456
0.0012375373748589962
0.0013052966734965665
0.0013909964739156806
0.0014943591280626926
0.0016126671678405155
0.0017422527076304448
0.0018790906733897174
0.0020188042285345697
0.002156969840781991
0.002292802991301339
0.002416523567288734
0.002527060827485246
0.0026211947697554108
0.0026966102841311673
0.002751881750565335
0.0027858181653037514
0.002798445511418304
0.0027903253904484585
0.0027630347190235505
0.0027345400283484943
0.002678036957657113
0.002606994955288308
0.0025233635599173037
0.0024334084562301476
0.002333444334693775
0.0022274505693971234
0.0021259706011764424
0.0020196251407368876
0.0019134990146368561
0.0018108820639930125
0.0017319402484828115
0.0016527517788688239
0.0015838364564659056
0.0015300274376757593
0.00149978683023729
0.0014870329822497155
0.0014981097782787228
0.0015417133003427159
0.0016124583770402447
0.001733561047335979
0.0018805600966176515
0.00205850463063858
0.0022723390929865798
0.0025189581673065124
0.002796573975819195
0.0029972440649198464
0.0033225337272793413
0.003678237718592141
0.004042445162027173
0.004416657009753099
0.004794039900833924
0.00516894462855583
0.005535041954740024
0.005886344960471688
0.0062198977911579285
0.006526128589672582
0.006802170643687194
0.007044066846296857
0.0072476157556857065
0.007410285498303507
0.007528624641762184
0.00760067363207827
0.007624910782418828
0.007600498154080594
0.0075271084228762785
0.007405436785188145
0.007237062648638921
0.007024454038900671
0.006770398131721877
0.006487082802047088
0.006277812823672403
0.00594058839278055
0.005582138008857921
0.00520905547337787
0.004828253316704471
0.0044467981546132225
0.004070756355563701
0.0037126206974304
0.0033688832587086886
0.0030588995377735075
0.0027722237009138225
0.0025193669383650977
0.002301202025994433
0.0021206266277621786
0.001978713111387499
0.0018764697083309286
0.0018114323583286551
0.0018020641809099944
0.0018172645777546818
0.0018665383429878868
0.0019475927387556248
0.002059085354438506
0.0021969951718710658
0.002356496928361699
0.0025351546819815623
0.002737909161903369
0.002877134801422124
0.0030950483929227967
0.003323265655846367
0.0035545816791209307
0.0037926230996549225
0.004024906665422118
0.004251424720574896
0.0044685834151311915
0.00467277045157501
0.004867778344921114
0.005040171673675804
0.0051906446320882545
0.005317960082795615
0.005418046947216352
0.005490718803096563
0.005535179027419377
0.0055511100079107
0.0055426479205934786
0.0055069251204014165
0.005446312583429102
0.005363723424374905
0.0052621373202534115
0.005144587388402348
0.00501415201949329
0.004873802593614382
0.004726251916817341
0.004628391539317876
0.004480945073105019
0.004329516329813245
0.0041782732537357665
0.0040286609178171425
0.003881466322647083
0.003750525815376662
0.0036164884487124393
0.0034885492111174747
0.003368287269862255
0.0032548781347575173
0.0031503476624868067
0.00305687080667498
0.0029762408134703304
0.0029182522487133642
0.002872079937438111
0.0028448076155890034
0.0028427368202880525
0.0028590019853305957
0.002895942830125451
0.002953047715815285
0.003028416496065932
0.0031192314523715084
0.003221832808847721
0.0033318558633323573
0.003446733157836519
0.003522156633124638
0.0036290780705568186
0.0037253529429764048
0.003806433259022554
0.003868381956050884
0.003907898293527913
0.0039227292035019685
0.003911514345513839
0.0038738446437478467
0.0038101871261819343
0.003721802155261883
0.003610619688684098
0.0034790914696144286
0.0033330917193686153
0.0031712889916137655
0.002999277221090493
0.002819364791282525
0.0026387456637577667
0.0024554467324278493
0.002274159971261265
0.002097962449462889
0.0019310265247853824
0.0017728970784590464
0.001627022947070477
0.0014946005487264948
0.0014157171062898755
0.00130936724175762
0.0012188672747456524
0.0011448316535591393
0.0010871392844322163
0.0010451890296623567
0.001017960525475598
0.0010039686408503834
0.0010014949149130233
0.0010084760650953158
0.0010226562232087942
0.0010414976599852346
0.0010649359969523303
0.00108706220839793
0.0011068642739556532
0.0011227049371795481
0.0011328090490092177
0.0011360775296838691
0.0011355762147817888
0.00112560153245821
0.001109511887376616
0.0010864361971278354
0.001059884284778092
0.001029110366722675
0.0009964310154303494
0.0009661553226843094
0.0009475093931155654
0.0009211017827929717
0.0008993563151880939
0.0008840621328901612
0.0008763306168934177
0.000877977233668255
0.0008876968416246129
0.0009070643400049824
0.0009346466364279271
0.000970093718679632
0.0010119048924013554
0.001059214052289837
0.0011117125597602455
0.0011651791025493884
0.001218642993770652
0.0012704184743715537
0.0013186938410348066
0.0013626712965079486
0.0013997549604464839
0.001429327453263334
0.0014506206196602117
0.0014642473598455658
0.001483979058768575
0.0014882761312316284
0.0014858797340375558
0.001481838461281868
0.0014781764520600384
0.0014719446864046852
0.0014687885006639126
0.0014700098736753803
0.0014788353378954314
0.0015075175676523259
0.0015422977653232128
0.0015971289020257737
0.0016665064977514517
0.001753787745629228
0.0018594726997339115
0.00198381152329052
0.0021244621901862324
0.002279607281113959
0.0024461486557916957
0.0026218757437142786
0.002800355332150285
0.0029767852373432943
0.003146478782876579
0.0033042882542083426
0.0034452851092064427
0.003564982128487167
0.003659527643844342
0.0037258601559118257
0.0037618180718023866
0.0037682806477487008
0.0037514163306446116
0.0037030953258178423
0.0036245858108473923
0.0035179479129268283
0.003385886865477767
0.00323169517083851
0.0030589380671848074
0.0028715177742626085
0.002673409622897248
0.002468559747077672
0.00226076527869294
0.0020535729966201896
0.001850186637419067
0.0016534203906377926
0.0014656061705720451
0.001288629399437432
0.001124134495228235
0.0009727083128624421
0.0008349889972485678
0.0007111488483448567
0.0006009795845738434
0.0005040383249505341
0.00041963950831099055
0.0003469622640929813
0.00028549442188497586
0.00024988959030699626
0.00020400953295116029
0.00016632186638298994
0.00013585870000631104
0.00011169797296609666
9.309262743907889e-05
7.906732808376477e-05
6.923426384766928e-05
6.258551784291327e-05
5.889775040042216e-05
5.735161366503524e-05
5.771495486161608e-05
6.98038915236149e-05
7.750696388147506e-05
8.976190033319212e-05
0.00010399413158026908
0.00012215004859379786
0.00014461493622388918
0.00017238621968037555
0.00021190455045073592
0.00025583963017609615
0.00031328629973957606
0.00037974082440685565
0.00045666782555047424
0.000546404574784939
0.0006556418214728358
0.0007340451526509858
0.0008639422609394247
0.0010108949644274706
0.001169209004927569
0.0013396286174945453
0.0015200739407650688
0.0017078706675268248
0.0018998735984692597
0.0020952247752954404
0.002287018114037833
0.0024715860821318287
0.0026461726284788146
0.0028068756775174574
0.0029505850552061456
0.0030745170723786635
0.0031763509576853938
0.00325433504688778
0.00330720540984241
0.003334326534424694
0.003335808941773717
0.0033117729471533216
0.0032632438443804253
0.0031924406027522877
0.0030999723126304388
0.0029890107318616414
0.0028612242615103467
0.0027681832237632445
0.002619085360118917
0.0024611312744347085
0.0022972507677859284
0.0021315284182490393
0.00196550342576622
0.0018019435277532559
0.0016490112682910596
0.0015008764915661653
0.0013621558711876358
0.0012350710355923686
0.0011210254472190095
0.0010210170852862207
0.0009364572883200062
0.0008680483870369145
0.0008151032390677386
0.0007800472264850655
0.0007590028393613225
0.0007525414794992825
0.000760215975274291
0.0007809425954989723
0.000813537367368222
0.0008562064964893574
0.0009078690922262702
0.0009662421312728382
0.0010076025156918575
0.001071784051960523
0.0011367430408482247
0.0012003094101319938
0.0012602899973024784
0.0013147635608048562
0.001361842360338871
0.0013999852647284452
0.0014279617314835397
0.0014449609071210648
0.0014502740068943068
0.0014437715878976825
0.001425602169455572
0.001396524311112415
0.001356874236534679
0.0013077976950745895
0.0012512215182747214
0.0011874769991912157
0.0011183943013331945
0.0010457880529430343
0.0009708505527112519
0.0008951295207794017
0.0008203750055726851
0.000747418622950223
0.00067759280510898
0.0006121690523349782
0.0005712415644302407
0.0005143165986256813
0.0004633846023112626
0.0004186819779242484
0.000382037175647079
0.0003509614117883597
0.00032685125918346166
0.0003126843687063175
0.00030521453679439685
0.00030226665643609817
0.0003053310129419964
0.00031534063551047866
0.00033092488605391087
0.0003532046707068305
0.00038137110244940826
0.00041589563016246713
0.0004588713383889781
0.0005081837832110125
0.000564082718094058
0.000626632349391501
0.0006963432482093996
0.0007723350982689682
0.0008539399361541409
0.0009401426595781601
0.0010295500162659959
0.0011204192001102254
0.0011808336645020342
0.0012695489810493176
0.0013539136064420992
0.0014319128269012135
0.0015009813492482022
0.0015588792406021372
0.001603978409224334
0.0016348958017992589
0.0016507081503813665
0.0016509977716264483
0.0016358398054217775
0.0016058724376833429
0.0015619787142894795
0.0015057002697696253
0.0014385731363899357
0.0013625281874573628
0.0012795552444708987
0.0011917089363595614
0.0011192855520868298
0.0010379310301147648
0.0009589069659834572
0.0008862766037383417
0.0008223249968491448
0.0007693442824299485
0.0007292352608104083
0.0007129116322140661
0.0006992388614614585
0.0007101138576651534
0.0007380422380978365
0.0007847771136379651
0.0008525828262472385
0.0009409957473428204
0.0010493820274090346
0.0011762233502725118
0.0013199732306700348
0.0014783605539242656
0.001645451092009255
0.0018183564522304644
0.001992600021704143
0.0021633528336599205
0.002326002944200803
0.0024772807449951824
0.0026105582257325254
0.0027238793330474718
0.0028135462310499805
0.0028780417076789957
0.00291577842317683
0.0029266244874131026
0.002911137918309202
0.0028706780048055724
0.002807110243553472
0.002753943864141512
0.0026583102012060493
0.00254871235910616
0.002426171906292414
0.002295046228593947
0.0021585164462700327
0.0020198719971241314
0.0018820089813957022
0.001747768256729282
0.00161890086998776
0.0014973761463388654
0.0013851043943024653
0.0012819353883939991
0.0011887785139720883
0.0011056962923963643
0.0010324062278529347
0.0009683362333688207
0.0009126850691257249
0.000864484118573586
0.0008226573800722305
0.0007860773022949447
0.0007536148864491671
0.0007241831799211358
0.000696773802768143
0.000670486450230983
0.0006445514299923883
0.0006271429524086085
0.0006004861032645524
0.000572864751810103
0.000544069851831449
0.0005140380685901445
0.0004828372095682059
0.00045064691433130026
0.0004177358898174015
0.000384437191493218
0.00035112312415249065
0.00031818125204617094
0.00028599278137219887
