Y :40.0% Calcite, Diffracto n :1478
Y :28.000000000000004% Gibbsite, Diffracto n :1342
Y :32.0% Dolomite, Diffracto n :1365
N :Hematite
0.0
0.0
0.0
0.0
0.0
0.0
0.0
0.0
0.0
0.0
0.0
0.0
0.0
0.0
0.0
0.0
0.0
0.0
0.0
0.0
0.0
0.0
0.0
0.0
0.0
0.0
0.0
0.0
0.0
0.0
0.0
0.0
0.0
0.0
0.0
0.0
0.0
0.0
0.0
0.0
0.0
0.0
0.0
0.0
0.0
0.0
0.0
0.0
0.0
0.0
0.0
0.0
0.0
0.0
0.0
0.0
0.0
0.0
0.0
0.0
0.0
0.0
0.0
0.0
0.0
0.0
0.0
0.0
0.0
0.0
0.0
0.0
0.0
0.0
0.0
0.0
0.0
0.0
0.0
0.0
0.0
0.0
0.0
0.0
0.0
0.0
0.0
0.0
0.0
0.0
0.0
0.0
0.0
0.0
0.0
0.0
0.0
0.0
0.0
0.0
0.0
0.0
0.0
0.0
0.0
0.0
0.0
0.0
0.0
0.0
0.0
0.0
0.0
0.0
0.0
0.0
0.0
0.0
0.0
0.0
0.0
0.0
0.0
0.0
0.0
0.0
0.0
0.0
3.030487609312716e-36
5.6663498123293764e-36
1.0133143919309965e-35
1.7331453998426239e-35
2.8351480719303064e-35
4.4357437778938755e-35
6.63753948190865e-35
9.499434267532971e-35
1.3002843205487956e-34
1.7022716584302357e-34
2.131421638896464e-34
2.552465212296202e-34
2.923480841741814e-34
3.202511011465174e-34
3.319970275421525e-34
3.3765602760506424e-34
3.284466052884969e-34
3.0556598467340124e-34
2.718912280646363e-34
2.313850761666714e-34
1.8833257821080216e-34
1.4661064968912785e-34
1.0915799347433586e-34
7.773122800047498e-35
5.294018721036287e-35
3.4484614538484244e-35
2.1484004675892637e-35
1.2801329012567925e-35
2.1386748044277553e-35
4.763842642854456e-34
1.3292580641492563e-33
2.4548652650301968e-33
4.341090938999404e-33
7.34779410843731e-33
1.1897375969955795e-32
1.8430842625183457e-32
2.7317052847227586e-32
3.873610558334349e-32
5.255227939899701e-32
6.821205966821888e-32
7.919625220963581e-32
9.549182769655387e-32
1.1017791946609894e-31
1.2163136755989709e-31
1.285002568321431e-31
1.2995163601323548e-31
1.258419438780492e-31
1.167600390257533e-31
1.0388036602288698e-31
8.870832381396649e-32
7.27817872780062e-32
5.741818871900413e-32
4.35665282579912e-32
3.1775427975219327e-32
2.2245601678420367e-32
1.491872450677067e-32
9.565953829356264e-33
5.861758953766649e-33
3.4438530904195005e-33
1.9619534581272114e-33
1.1136215755426767e-33
6.6354217917301875e-34
4.458548795183533e-34
3.5403916586155274e-34
3.2527411276111166e-34
3.3336908586112343e-34
3.4454118222319493e-34
9.041890687983584e-34
1.7187482321364278e-33
2.8324522914731085e-33
4.645231220707816e-33
7.459033090530454e-33
1.1612898029114332e-32
1.7431330690526953e-32
2.5216388270132013e-32
3.498525720074469e-32
5.222128966281636e-32
7.664883255414195e-32
1.1235081401359293e-31
1.680513398824169e-31
2.533257424359452e-31
3.7421668095226216e-31
5.297318398842871e-31
7.059553861730418e-31
8.746092594784653e-31
9.993367105544712e-31
1.0481156726344513e-30
1.0064323380276525e-30
8.83942505851256e-31
7.106108650507929e-31
5.245578276261683e-31
4.1011459752116045e-31
2.6865775781191995e-31
1.6986806421481475e-31
1.1012011716503302e-31
7.972579827336509e-32
6.826347431324261e-32
6.748920826557802e-32
7.201371710112745e-32
7.87552591605916e-32
8.608608157196225e-32
9.314749674431462e-32
9.944096338742112e-32
1.0463225157804942e-31
1.0847665977250034e-31
1.1079929888035515e-31
1.1149498049814313e-31
1.1053180616870246e-31
1.0795221570629115e-31
1.0386943510617265e-31
9.845907921461149e-32
9.194657246778911e-32
8.459157567575438e-32
7.667089181274944e-32
6.846140137960346e-32
6.022446702381371e-32
5.219298049602032e-32
4.7050806241837173e-32
3.977341510052862e-32
3.3123083540257773e-32
2.7175700208776014e-32
2.1965590022599334e-32
1.7491102828094342e-32
5.3894454870890865e-11
1.0188441395070707e-10
1.842134681677436e-10
3.1855539569990563e-10
5.268639836340133e-10
8.334163498208676e-10
1.260885005611149e-09
1.8244791444948595e-09
2.5249471117426435e-09
3.3420706558380807e-09
4.2308626618217436e-09
5.122620554467947e-09
5.932058248000166e-09
6.57004864315037e-09
6.9595590225527725e-09
7.050904279204591e-09
6.832157580102261e-09
6.331708162974878e-09
5.61220935626384e-09
4.7576971825811394e-09
4.157402403191039e-09
3.272162987600057e-09
2.4631890893840908e-09
1.7734156458373283e-09
1.2211619910434938e-09
8.04240575137804e-10
5.065807015475785e-10
3.051836488435551e-10
1.758424963319628e-10
9.690281179822152e-11
5.1073882928555315e-11
2.5746092987587332e-11
1.2412914084331394e-11
2.6095384529684033e-08
4.9140102651270367e-08
8.851446530056797e-08
1.5249495821159288e-07
2.5127526728546026e-07
3.959995374540809e-07
5.968837298671068e-07
8.604681537636755e-07
1.1866748788522324e-06
1.565023965254701e-06
1.9880009067434e-06
2.4145001579243704e-06
2.6821289425644156e-06
3.0355046753723202e-06
3.3043406187229558e-06
3.4697046517345483e-06
3.528978946674064e-06
3.496349047597951e-06
3.3988755372939817e-06
3.269112774005232e-06
3.136421805556002e-06
3.019597533679828e-06
2.9229974512781033e-06
2.8371784854397366e-06
2.7435630803396778e-06
2.6214090286594335e-06
2.4547752029034697e-06
2.237407936583021e-06
1.9743600839828376e-06
1.68031529010495e-06
1.3755897230190747e-06
1.0813071609026882e-06
8.15197127019552e-07
5.889770638192308e-07
4.076075547316746e-07
2.701197938425128e-07
1.7137696935465887e-07
1.0408149051842586e-07
7.284959706841574e-08
4.112900327408657e-08
2.2224009333214027e-08
1.1493112934361477e-08
5.688339555377995e-09
2.694385510822252e-09
1.2213932310660462e-09
1.6229063229826092e-07
3.0116752187781523e-07
7.877920311212145e-06
1.7872105162926376e-05
3.1736155483727194e-05
5.3943429691244366e-05
8.776535090209446e-05
0.00013667956191306508
0.00020374001746105698
0.0002906954860068817
0.00039699666438115344
0.0005189476829274784
0.0006492920302488123
0.0007775678962665631
0.0008912866866147528
0.0009778602151999478
0.0010268715050825387
0.0010321323873175364
0.000992967509938533
0.0009444276240972379
0.000844638678616851
0.0007230318632149773
0.0005924230024278552
0.0004646235505473447
0.00034880108212501256
0.0002506599916121521
0.00017245163406237583
0.00011360870019301471
7.169537494957818e-05
4.3376917818207286e-05
2.5202608745868784e-05
1.4111983542816751e-05
7.672249740091756e-06
4.112654594563962e-06
2.2387099753186963e-06
1.2980288451364602e-06
8.458811489689659e-07
6.347671206316862e-07
5.34777770113901e-07
4.816319856425362e-07
4.455025719501786e-07
4.1364351369769604e-07
3.813274388976204e-07
3.4738814425612337e-07
3.121345856667937e-07
2.883107791777795e-07
2.5280560557457314e-07
2.1839326749784685e-07
1.858643469261337e-07
1.558294272316128e-07
1.2870540872415847e-07
1.0472182826400623e-07
8.394028905269143e-08
6.62821291823349e-08
5.156026760772426e-08
3.9511779474286784e-08
2.98284528843977e-08
2.218337289107555e-08
1.6252386532858487e-08
1.1730037964255233e-08
8.340160428530214e-09
5.8417383820251085e-09
4.030904548962218e-09
2.908131920354426e-08
3.96515823446851e-08
1.0787136003772142e-06
2.0140930169102013e-06
2.862305422967829e-06
4.008194726825219e-06
5.530312805797054e-06
6.797829703958877e-06
9.150109170790113e-06
1.213471322051592e-05
1.585544144046432e-05
2.0411358633184583e-05
2.588867379768164e-05
3.235130065792067e-05
3.983066563064803e-05
6.69156448066083e-05
9.299770305721721e-05
0.00013190150105554094
0.0001896851887437927
0.0002739031872555302
0.0003929477438932868
0.0005546940303269858
0.0007644499452099232
0.0010224762068658294
0.0013216438362393139
0.0016460135767530273
0.0019711168796548903
0.0022664033266672884
0.0024997253046134924
0.002643030142328689
0.002677889670151312
0.0025993662695521324
0.0024170987662486512
0.0022485213049722643
0.0019468715978535906
0.0016156667689221722
0.001285794112388485
0.0009820864360588087
0.0007207959278760363
0.0005092496153129575
0.0003472371877348741
0.00022935513464130127
0.0001475157689924714
9.304151082216471e-05
5.806600185321981e-05
3.623144750245657e-05
2.2838368602108987e-05
1.4661131054257274e-05
9.620324255090432e-06
6.443281742278219e-06
4.381052014037353e-06
3.002648176428926e-06
2.0601014159222784e-06
1.4070432532024654e-06
9.528427735394022e-07
6.380920609417939e-07
4.2187671954378607e-07
2.7511412633115427e-07
1.7686129332175853e-07
1.3689051650921887e-07
9.385479197273855e-08
7.237216838433909e-08
6.877938829525163e-08
8.189472717609967e-08
1.1226374173021198e-07
1.6128909620264216e-07
2.3020142009002203e-07
3.1892609610249854e-07
4.250189056731876e-07
5.429391118501752e-07
6.63948977873924e-07
7.768352251680949e-07
8.694425958484964e-07
0.0001424611852654384
0.0002621139721118395
0.005058595602477156
0.01109524946931555
0.019949960130783043
0.03435751342899016
0.05667036884506236
0.08952188498174497
0.13543429629219236
0.19622042506031223
0.27225287721595026
0.3306330192872816
0.4268142267942427
0.5276267684801195
0.6246080724334356
0.7080760370495889
0.7686761998215019
0.799095752914888
0.7955134851705616
0.7583888838660392
0.6923653968743003
0.6053159713957332
0.5068017311519563
0.40635992846594976
0.3120402956266541
0.2294833740274883
0.1616408620464743
0.1090525895694636
0.07047591665354638
0.04363284999590497
0.025883363037058814
0.014714745893144539
0.008019244397435083
0.0041911237583975875
0.0021016948040959763
0.0010119334656664904
0.000468245766792711
0.0002741664638872712
0.00011906357935658125
4.988507312858859e-05
2.0207014371585026e-05
7.932890601162565e-06
3.0263368355122707e-06
1.1249543194617458e-06
4.0846382456922064e-07
1.4514182067851312e-07
5.052301901173158e-08
1.7227426967862164e-08
3.834388756995768e-08
6.406596217211802e-08
1.1408783961490588e-07
1.993071874645602e-06
4.395934008388153e-06
8.051235857945323e-06
1.3710347603057778e-05
2.2414174640958124e-05
3.515728229052127e-05
5.288616443890084e-05
7.627439688908993e-05
0.00010544941592851217
0.00013973002721122193
0.00017745730817591228
0.00021600292731406532
0.0002405135093356027
0.00027280481906662857
0.00029666855935467823
0.00030940421340748894
0.00035388220078188414
0.0003795214194023233
0.001630107376885457
0.0027935865518704836
0.005575006774456677
0.009544761775652855
0.015820861065416043
0.02524877679327532
0.03871081094255676
0.05690079918639565
0.08057739799737919
0.10910191236232583
0.14187510114020688
0.176811494499235
0.2116034918760197
0.24342340091042036
0.26953000048759906
0.2877625882565843
0.2969340084544449
0.2970062469995758
0.2889960601208564
0.28000944919470894
0.2625509618980658
0.24203350484113037
0.22001794404796984
0.1975277243760587
0.17509405115568685
0.15293961486697255
0.13120183197144844
0.1101035824726078
0.09001948953639448
0.0714368349878475
0.05484998497329942
0.04064285893269449
0.02900542244203781
0.019907026473371628
0.013124405033891564
0.008308365995233505
0.0050492517486155864
0.002951776747627344
0.0016722887346793576
0.0009394404256772005
0.0005542936436742023
0.00037854045918068395
0.0003185971111028201
0.0003118684711509951
0.00031674342638332836
0.00031406858230705704
0.00029277662714607435
0.0002509386259087402
0.00019643820803353054
0.00014027626909908044
9.164274357750873e-05
5.531180536267611e-05
3.165729544214161e-05
1.943752604058794e-05
1.3620207221069114e-05
1.2189176806591215e-05
6.206979258843254e-05
8.639162189817108e-05
0.00014675736834921007
0.00020361228021723002
0.0002791768347240379
0.00037802913356886576
0.0005053159263388398
0.0006665857836467021
0.0008675434818697604
0.001113713108305209
0.0014100105968274943
0.001760239745761705
0.0021665395559209654
0.002628824140916518
0.003144267895788302
0.0035146177453819123
0.0041037117945020955
0.004722476267393297
0.0053559808171544055
0.005986454164127584
0.006594018995935192
0.0071576233961596165
0.007656271485383102
0.008070892943032188
0.008383692025624574
0.00858214356121185
0.008657415968274476
0.008606697808986513
0.008432610756967817
0.008143174582088415
0.007751177614789977
0.007273196194356324
0.006728370418721218
0.0061370731819277305
0.005519612744117959
0.004895107055618475
0.004280610338993429
0.0036905403170938026
0.0031363928028621635
0.002626694472369761
0.0021671260499749917
0.001890209429804855
0.001519838108502779
0.0012027580912233736
0.0009365715749628295
0.0007174921622621846
0.0005407424941307581
0.00040095767362302603
0.0002925688778784917
0.0002101381966161543
0.0001486205287332116
0.00010353949517852051
7.10777107576814e-05
6.371834828194781e-05
7.031817862852048e-05
0.00010602871151286921
0.0008086436518651403
0.0018492046451099359
0.004256782781625018
0.008456213114654429
0.015431252814957868
0.025826542056621975
0.0396065676121824
0.05562548332163379
0.07153025176934039
0.08421370754528411
0.08940875067318989
0.09094882131565311
0.08471666421076646
0.07234155187537321
0.05663212754983308
0.04069459046560375
0.026905363994174168
0.016466986941717915
0.009481750508806742
0.005354471748766773
0.003246566191786511
0.0023948310638507164
0.0022497804346774983
0.0024727527660366295
0.00288526459537713
0.0034008923531814186
0.003979221231457855
0.004598598278632111
0.0052428665538711006
0.005895775340108818
0.006539157436794293
0.007152661337719487
0.007714359768499967
0.00820189258414786
0.008593991621307577
0.008872204723018478
0.008987290478431467
0.009047553197376846
0.008970241796358143
0.008758635304097357
0.00842262310345361
0.007977755852263423
0.007443826121939494
0.006843207901645026
0.006199184142836767
0.005534445447233831
0.004869873949599808
0.004223658554483078
0.0036107370695889524
0.0030425321171697966
0.0025269365737483587
0.0020685025204221492
0.0016687883587502468
0.0013268186517685725
0.001039610640705819
0.0008027221908388398
0.0006124945248105705
0.00046113786144524947
0.00034409855524865563
0.0002561084593787625
0.00019262602134195215
0.00014991150686380486
0.0001311224271528047
0.00011546079609434267
0.00011227090392744805
0.00011891214454436243
0.00013259040280152795
0.0001503291142570599
0.00016904146183815334
0.0001857442913661027
0.00019786403043379864
0.00020354948446424598
0.00020189749521864756
0.00019302061387123194
0.00017793356966421423
0.0001582894884798914
0.0001360373447100958
0.00011309078739991146
9.194275497507257e-05
7.273017837599947e-05
5.6777392834756785e-05
4.457454189643124e-05
3.632645227091247e-05
3.203122337357808e-05
3.152283002433361e-05
3.447082301575125e-05
4.0349945931278025e-05
4.55355939397025e-05
5.4510090109563526e-05
6.391502986379899e-05
7.252720651529067e-05
7.921014930289228e-05
8.296333027145362e-05
8.325130154839645e-05
8.368457143754e-05
8.069850656635139e-05
7.791522539791432e-05
7.772961374215459e-05
0.00030100193800878866
0.0005036703371978538
0.0009463411478246216
0.0015856792082498607
0.0025726080525455774
0.0040197179246119295
0.006034687664482273
0.0086954632001195
0.012019787295232967
0.015943828831137336
0.02027580821962532
0.024728370005673173
0.02914797993761806
0.032927004067125114
0.03582313754884182
0.03734037651619745
0.03863203826818292
0.03913423448359357
0.039258520411786395
0.03955295280576623
0.04058148414252169
0.042762855480030185
0.04625695150936458
0.050880407787260926
0.05613303323361306
0.06129393252344304
0.06557088550560229
0.06825229755618047
0.06882782390052121
0.0670619670355713
0.0630187541181712
0.05703972803760083
0.049679009549780814
0.0416051648206337
0.033489129962061145
0.025903340657215224
0.019253954869682875
0.013767111431273215
0.009467552186713853
0.00627213062493691
0.004011869200678602
0.002926470754264915
0.0017856297451359453
0.0010764488937943263
0.0006594450437607737
0.0004318736405122068
0.0003231210987410886
0.00029600323915956035
0.0003127611691967626
0.00036304806035671386
0.0006466773957823592
0.0009777402491900334
0.0014622430181644515
0.0024036811941835607
0.0036808579949735767
0.005549646054461169
0.008194155796628863
0.011741554535067839
0.01628613134026979
0.02180717350030863
0.02813716572743106
0.03494139661139119
0.041729386728085446
0.047904259716726294
0.05284601950384969
0.05601399432120248
0.05704360783653936
0.056472470357107535
0.05380807344103946
0.04927173815684978
0.043369200150711947
0.03670823099191303
0.02988629110383395
0.023418400503456047
0.01767503827291171
0.013034355530448608
0.00935951645369512
0.006789659652076515
0.005171303076412333
0.004455101096297927
0.004562777477987374
0.005428138319213142
0.006987684529306977
0.009160679763352568
0.011826274518294709
0.014806385390237755
0.01786250547372709
0.020709657417197894
0.02305050393111841
0.024625965007079875
0.02524256982822991
0.02482869790464172
0.024006814653444446
0.022060256666052356
0.01947521495578079
0.016537349809938737
0.013536140684863649
0.01072096646648719
0.008271262508257163
0.00628443340306774
0.00478029338329428
0.003717350483136428
0.0030148885129223013
0.0025753064621139078
0.0023027983714537697
0.0021168427443864334
0.0019574266161928714
0.0017889796866423662
0.0015964721510536484
0.0015523277843617447
0.001573649317919614
0.0018647166636468347
0.005359387797745415
0.012019114530431073
0.02552312592328399
0.05402264128482219
0.1031870771267845
0.18275522470236974
0.25595250532462405
0.39618551769895566
0.5641419327140202
0.7384096256243409
0.8883474135216671
0.9826454446132926
1.0
0.9368746601276207
0.8085126378325287
0.6429240115533577
0.4710851599256624
0.317943620793816
0.19751891846129757
0.11284175556900483
0.05922568639538156
0.028541439434814346
0.012641628718039753
0.00517929585869866
0.0020701663848339577
0.000886995407793356
0.0005149896810794255
0.00044892595785369136
0.002821656963582873
0.0039402944389775735
0.005467887418963772
0.008912728511442466
0.011013567217251987
0.014980591784805474
0.02012621388928359
0.026692918540803034
0.03493324420144413
0.04509597786404652
0.057408471985599105
0.07205558776950236
0.0891562836772725
0.10873941314201228
0.1307208062012537
0.1548840964644437
0.18086792193907458
0.2081619946395226
0.23611405225524668
0.26394887676733125
0.29079944718299816
0.31574899830187814
0.3378814394334511
0.3563364239200761
0.37036452634286626
0.3793793489286688
0.38299434229536633
0.38105622581310694
0.3736514754988341
0.3658287008493244
0.35026372912205944
0.3306100697356975
0.3078382705582346
0.28298924207251575
0.25717598591924457
0.231471828639536
0.2067648599272276
0.1836063019806198
0.16214335686644377
0.1421694415382044
0.1233024427327764
0.10522299993443794
0.08786243654609022
0.07146802983885862
0.0564640045029591
0.043330258999649214
0.03238421716787781
0.02371119588067915
0.01715717260355055
0.01240489943557151
0.009071797395942494
0.006791356618710582
0.005258715447139745
0.004242130966111271
0.00357349505841177
0.0032598112682742622
0.00291876894341104
0.0026708144081315256
0.0024637013934761622
0.002262148882965888
0.0020461944842578303
0.0018092470443253237
0.0015552059053403164
0.0012947533740143389
0.0010413925911746647
0.0008079429128079019
0.0006040610279600864
0.0004350425114460903
0.0003018174247496701
0.0002018126570819823
0.0001301907859637116
8.431569864331747e-05
5.400593771832612e-05
3.658668503237943e-05
2.9182391330861263e-05
2.8697735632371058e-05
0.00015424796350105603
0.00021809611588502307
0.0003092492699984273
0.0004974597321739975
0.0006862413766609477
0.0008427283160950434
0.001139425746148525
0.001511006581526892
0.001972390541264265
0.0025429778492328825
0.0032293181377402893
0.0040462190605367225
0.005005884726167402
0.006111003113056809
0.007361966303626255
0.00874943669210604
0.010253314866624197
0.01183911272383172
0.013457633841484101
0.01504444287673381
0.016524108647319746
0.017818760254811175
0.0188597009256815
0.019598365181669977
0.02001239239302906
0.020104679840609502
0.019897413660571506
0.019421314471695296
0.01871308205111869
0.017805540995391098
0.017107755123598037
0.015980736293702887
0.014743906042954327
0.013465789488671116
0.012189885687894546
0.010959955663139518
0.009826508994066637
0.008831628223723699
0.008008139086163359
0.0073748086436032645
0.006932682791913415
0.006662777119498331
0.006526570962837839
0.006470215510054732
0.00643168845806676
0.0063502300463016545
0.006176050774751126
0.005878192916094755
0.0054487425774248565
0.004902487997621557
0.004272296128647734
0.003601545419778122
0.002935570573729248
0.002314182708052058
0.0017662095538419139
0.001307732193567049
0.001054091917644578
0.0007482117710603474
0.0005220877767804114
0.00036148178373504705
0.00025136430330412163
0.0001780075054120479
0.0001300927098024328
9.901019409413261e-05
8.147475279238957e-05
6.893109455527163e-05
6.076913326112126e-05
5.5470367150034864e-05
5.220407126723087e-05
0.00018285021022317302
0.0002404363792218282
0.00032079281261708807
0.00049886373040632
0.0006740749214435839
0.0009041639815942
0.0012006611243928244
0.0015772549088403976
0.002044376547918037
0.002614636365781221
0.0032989714801776844
0.004103984169154528
0.005033837053641946
0.005722667148958303
0.00685686243311845
0.008097571378413628
0.00942656084120839
0.010817758408977014
0.01223584802814556
0.013641231417388723
0.014989538624643394
0.01623437796087093
0.0173299213517557
0.018233596776925813
0.01890877059966989
0.019326723838572226
0.019468905675068326
0.019328017649834182
0.018908739077843278
0.018232629950206355
0.017321691374370413
0.01621658590408217
0.014965229543065338
0.013614500940329144
0.012216845943510007
0.010821095357811164
0.009470617217173415
0.008200776760654345
0.007037930312325992
0.006329623516302301
0.005373030144160881
0.004542286459611745
0.0038295335021563824
0.0032260986442772324
0.0027125887512552413
0.002282889484285078
0.0019226283136648847
0.0016297917311420644
0.0015794078078141243
0.0016159305720578635
0.0018318626312630968
0.0024095667905094406
0.0032980402916406686
0.0046395954599110925
0.006523132359823916
0.009282467115955269
0.012729081394606991
0.016980025413432017
0.02215675720883927
0.028112835366246324
0.034679377430843414
0.04169717350664088
0.048918430705150326
0.05611058021168253
0.06077594169813021
0.06741450076439146
0.07394247533535238
0.07985942845160773
0.08551852629405432
0.09153693358580313
0.09836338430460684
0.10687293395973102
0.11740707414287842
0.12956571988350143
0.14183541773861733
0.15169483162494413
0.15637629145026666
0.1538503893113905
0.1435954579689884
0.1268174652017236
0.10603467691692257
0.08425607511228861
0.0641798982133636
0.04760809817980851
0.0352490441963016
0.02704043307521933
0.021885672338315024
0.018796960363109468
0.016941536789531864
0.01558163484688877
0.014762763676281342
0.013941222808269992
0.013241542150572152
0.012954382883237069
0.013384276065219611
0.015157704095270428
0.018185571186135983
0.02292511814052326
0.02962378737150263
0.038413741420377366
0.04921420779755799
0.0617224475040178
0.07536612793838333
0.08930544785419446
0.10252158131928459
0.11393144746942771
0.12254573737569531
0.12762404546461456
0.128793363815862
0.126098114649274
0.11997768404218416
0.11117130068694944
0.10058169855491987
0.08915489837815496
0.07767434327226232
0.06678327669843162
0.06006915106239202
0.05098229694407121
0.04314828583291804
0.03653249867012907
0.031022120743129832
0.026471327206414475
0.022729883463112797
0.019657631300585225
0.017128758452355928
0.015030902895950604
0.013263412670025948
0.011737276297218456
0.01037722721464764
0.00912499271182688
0.00794197055372954
0.006809797115305493
0.00572806342691088
0.004709437475366794
0.003773268993990704
0.0029391309900679936
0.002221633013008847
0.0016274934535516071
0.0011543103594862947
0.0007923063292859869
0.0005263436379030059
0.00039628194361608166
0.00025332231798322753
0.00016171588089888183
0.00010807186879037657
8.220437896199456e-05
0.00016151661048488324
0.00026568876268071126
0.0004373942782766176
0.0007168256981471471
0.0012183279861504059
0.0019061759384719128
0.00287980571852263
0.004194132510910099
0.005882689611683287
0.007939815679512281
0.010307768111268843
0.01286788118990309
0.015444172855094742
0.017820117933699763
0.019768888439797586
0.021085212819671014
0.021625770486397886
0.021336178390705274
0.020251628526595167
0.018502099586956925
0.01628172966466014
0.014651175606851636
0.012149783729987304
0.009750431633182835
0.007600867427689461
0.005783438524159294
0.0043206950375489295
0.003298136491581603
0.0025870546650718484
0.002189792633439399
0.0021322101793263726
0.002550157661210225
0.0034019930844708833
0.004838250673407176
0.007936658069553813
0.01218819561403916
0.01867287448908248
0.028647000129099414
0.042894823035935135
0.062306186254673455
0.08667601359821278
0.11424658677208531
0.14160399657521894
0.1643337165153764
0.17827559778519605
0.18083989413784282
0.17176085883880474
0.16013881523063814
0.13678851668458347
0.10979683035683133
0.08285122194998333
0.05879149203937469
0.039273725726695546
0.024773072297985806
0.014846916201946534
0.008545301752499467
0.004799038627053608
0.002684154829524234
0.0015440066004855067
0.0009323704103951616
0.0006132320561619884
0.00046182913569948526
0.0004022481805055831
0.0008004262140269322
0.0010816606153356918
0.0014522066249614764
0.0019417530343905952
0.0028663629523940685
0.0038489279953174615
0.0051176477649953886
0.006733535082710087
0.008750537510911203
0.011215829841066421
0.013125595760467311
0.01640274516419458
0.02017795842164775
0.024417983481383097
0.02907467829570607
0.03407313368675365
0.03931789760903056
0.04484793508894416
0.05040662817955975
0.055945064164228266
0.0614060962450933
0.0668410023805293
0.07207962426635522
0.07716430177638292
0.08212913027919451
0.0868837467701436
0.09138465024986751
0.09552234432527115
0.09909074221258198
0.10183820772035407
0.10347945751050354
0.10373100650967237
0.10236672123449721
0.09926461688547789
0.0944403069124546
0.09034206393523114
0.08307576663517013
0.07479540759126535
0.06592304329557952
0.05688857206906731
0.048082605560539664
0.03982240213674413
0.03233418490719221
0.02575107460707675
0.020122858327338133
0.015432924829642234
0.01161744754464263
0.008583524590805136
0.006224568439153526
0.004429882931494614
0.003094767207001567
0.002123913719225907
0.001435013740617446
0.0009579811363624391
0.0006368460656504978
0.0004277782419228666
0.00029794799917828217
0.00022233410250177037
0.0001834962957664241
0.00016882427959445296
0.00016928185780719238
0.0001746816355253935
0.00019110706807711785
0.00021099753082559123
0.00023669164349329042
0.0002712504674774438
0.0003192191851156578
0.0003840449572563554
0.0004645571430092268
0.0005525565324183556
0.0006315175371192063
0.0006814102588000119
0.0006872578030982679
0.0006455164279719735
0.0005669401554911266
0.0005014251994471099
0.0004388272198500514
0.00041597115538135346
0.00045246733152958733
0.0005482905822141584
0.0007031219699485621
0.000920369623380267
0.0012029819224375245
0.0015532074029926811
0.001967732117112357
0.0024352568943173873
0.0029261555524043776
0.0032488077712901717
0.0036935582459035003
0.00405337750408307
0.004291360087083544
0.004380687452314426
0.004315874630073065
0.004107978956151398
0.0037833143165383904
0.0033848216390872554
0.003030701471117654
0.0026392045196825522
0.0023013166586841423
0.0020567475463172244
0.001986391354848488
0.002309681859327733
0.0028396617840341226
0.004132226987737256
0.006222504257086376
0.009814214855495247
0.01547593462152781
0.024481318119399232
0.03753816719343034
0.055226009712982846
0.07706382055116838
0.10127181790305849
0.11732221600723833
0.1388052603428689
0.1544713882238023
0.16235395344039533
0.16196971948490263
0.1541835296406528
0.14075302604016526
0.12380457281413162
0.10544973082047682
0.08750973041259885
0.07125597760269657
0.05740553510195689
0.04612698650854343
0.03722762198152132
0.03030895840429509
0.024976800899321753
0.02086862997506778
0.017709268977775607
0.015279088398223012
0.013401657684232075
0.011939223818850405
0.011028499452218359
0.010170924517657028
0.009486029216815494
0.00894117689426403
0.008654453246561935
0.008482780500292646
0.008354782857029015
0.008416415443464024
0.008706166535941967
0.009263863830403481
0.01012147807500125
0.011469100649598595
0.01316155773764107
0.015281372443184808
0.017883721181008606
0.02108645155253116
0.02488811997035097
0.02932114321043773
0.03443540346451914
0.04021347459499433
0.04655896504241277
0.05328110106736605
0.06008260632996299
0.06657226466197456
0.07229897533155992
0.07680679909798026
0.07970426837265723
0.08071222832010716
0.07972290151602304
0.07680967905005326
0.07221687432881926
0.06839875083141186
0.06186319231448713
0.05476705604586128
0.04754592004272503
0.04056751906301693
0.03413308584419924
0.02838655845133114
0.023420907251735554
0.019247620047321983
0.015838324460412827
0.013113836641389504
0.010997421809087558
0.009415059255250687
0.008295120665209077
0.007569322066010534
0.0071685048266954
0.007018462879242356
0.007038218760654991
0.007142095430269694
0.007245552490530486
0.007273449238399529
0.007168554747392874
0.006897995477954171
0.006455919310556732
0.005861722901075354
0.005399749844818778
0.004644555623020461
0.0038627057591610623
0.003103389627539081
0.002407781274423767
0.001803816136685646
0.0013056055416286278
0.000914835725914314
0.0006237445347320763
0.0004186629794439591
0.0002829671347459859
0.00020008414730969822
0.00015501955849047243
0.0001349344820952315
0.00013045698658094843
0.00013818122377710633
0.00015431619419699918
0.00017124605482474062
0.00019674891046007813
0.00023027229903685518
0.00030340465389033333
0.0005473687592105739
0.0008134202373477506
0.001222973734588833
0.0018415494574536742
0.0027908485016995303
0.0035909195232798116
0.005128984597466226
0.007116575280976858
0.009583041424241453
0.01248461355278619
0.01573420647600573
0.019177306744326807
0.0226054564801655
0.025772684629723607
0.028419206384193332
0.031294333344370956
0.03364379104398307
0.036435874701234584
0.04068185938015637
0.04799089503472559
0.059041224648010766
0.07422518031900834
0.09236790487021501
0.11082826109458788
0.12634221911549562
0.13581523422982608
0.1377415407386451
0.13243607135648755
0.12171817887369756
0.10803424388820948
0.09376866534203175
0.08488129437517776
0.07335600836021738
0.0643372947091518
0.05751240274357034
0.052085091508355864
0.04716676507118215
0.042100126036597366
0.03659426174457215
0.030685902001067532
0.024627649299987234
0.018779894835695466
0.01351732744022016
0.009138593662191937
0.005792751994983138
0.003454472384337021
0.0019604009966635166
0.0010832586987470547
0.000604651445308673
0.0003545316048081451
0.00022414298685345096
0.00015265641244365444
0.00011056388655816231
8.47887384574237e-05
6.998301390253467e-05
6.387489102537405e-05
7.910933788171075e-05
9.600121597033842e-05
0.00014457915449741902
0.00023872837065612277
0.00039946696911598897
0.0006525442528188766
0.0010115479105355892
0.002014070717933898
0.003480336780928957
0.0059740490980872835
0.01039412500551842
0.01780482557367518
0.02924741971735017
0.04516575153733368
0.06496393337177742
0.08643264936209592
0.10632015174794829
0.12120724099854328
0.12868545217093874
0.1280524199810615
0.12022744088135484
0.10709930152412953
0.09081687366624737
0.0733886178117492
0.056533675517163
0.04166262278435008
0.03334375638354323
0.02360689127531683
0.017088147986431504
0.013278146523812892
0.011713100615201356
0.011268116449543713
0.011498973606163684
0.012066948514989472
0.012872012613691829
0.013702522647735953
0.014528787523307201
0.015389779687953384
0.016310777108914244
0.01732676600281155
0.018477277109215203
0.019802765943642876
0.02133823469759828
0.023117547605057156
0.025149182592979075
0.027436004714071968
0.029959414230358885
0.03268052804384783
0.03556345051615263
0.03849327192033066
0.04165650576177717
0.044647170899981894
0.04659286807434548
0.04942336166195227
0.052172841387770424
0.05482559523578332
0.05739561676057998
0.059949954830793836
0.0625164332241023
0.06507944344468486
0.06755799746312924
0.06980157743567479
0.07191236750923663
0.07311173392295273
0.0733827862961263
0.07253933115341593
0.07060141012567378
0.06748632433573538
0.06336591348923738
0.05855718281226149
0.05341637399415304
0.0483249415236604
0.04364297501996176
0.0396706565628798
0.03662252815456851
0.03461617205790571
0.0336742076482701
0.03373666854852648
0.034276984816172924
0.03571531038156595
0.03774051264367591
0.04015479530437961
0.042761262497307946
0.045373109626045106
0.04781990727430804
0.04995150477597681
0.05164102613483163
0.05278741563471201
0.05331771055069593
0.05318882186417386
0.05238841564258777
0.05093449105166377
0.048873386973372276
0.04627615693298593
0.04323358951367758
0.039850310562931784
0.036237637105602426
0.03250774355991372
0.028771616093919677
0.025120628893668086
0.021640013631558177
0.018396017347011073
0.015437962299403451
0.013641372396401655
0.011223363234784015
0.009264054000948015
0.007651213458313081
0.006428085487103337
0.005630217312208445
0.005289936869554225
0.005536890557373375
0.0063230477134245166
0.007737374155375441
0.009814213614785093
0.012536753301530989
0.015818496580491375
0.019490838520089676
0.023301183969288385
0.026942300718757667
0.03008548759143781
0.032429036935736635
0.03374412595803477
0.03392442933167464
0.03295524891939584
0.030962054557299185
0.028159115297581274
0.024819594064630583
0.021246928390509342
0.017704660387803422
0.015480206384983925
0.012481437773478408
0.00998664193089882
0.008037974132192332
0.006611248518792382
0.00563250685229687
0.004999320279611037
0.004602314658741426
0.004340832038467952
0.00413483654012407
0.003927681752004961
0.003685734837755501
0.0033951028602369916
0.003057377779601559
0.0026848561009227734
0.0022960374097412695
0.0019121178744631719
0.0015507224428532942
0.0012266872242197625
0.0009493669546557256
0.0007226472334104358
0.0005463737646206972
0.00041559068481996926
0.0003243454798700424
0.0002654211478377321
0.000231548148527008
0.00021950561215905787
0.00021268958547331602
0.00021459050114530623
0.00022105458870813998
0.00022793346194139918
0.00023274455003759672
0.00023375389742787012
0.00023015355675146435
0.00022280587713387697
0.00021114692291626042
0.000209045809668949
0.00020681969484708779
0.00021273298829492028
0.00023386703986155147
0.0002772792907605191
0.00035678671827304027
0.00047617863216167214
0.0006420193417687458
0.0008638406823236414
0.0011375471817954175
0.0014584142386372524
0.0018126695093228376
0.0021796994539935426
0.002534096607658313
0.002849490626427711
0.0031006516661284756
0.0033676326430405893
0.0036278967635435017
0.0038815194014716566
0.004197662115819096
0.004653087652958994
0.005438800116219496
0.006531706169865069
0.008073815915073453
0.0101229086007148
0.012680757418881706
0.015681449891465922
0.018970182741285608
0.02232640250902358
0.025485230760160987
0.028171894379981622
0.0301424053636612
0.03121941520182735
0.03131543371269277
0.030440433371878305
0.028693408069997168
0.026242252599361134
0.02329716581821289
0.020082802009209193
0.016813384853948756
0.013672487614356068
0.011721480830061975
0.009084322890006645
0.006842483519583673
0.005011978754196178
0.0035735439896027715
0.0024842927907056953
0.0016967768763133132
0.0011450087396589201
0.0007784757963690682
0.0005970986916944682
0.0005151743152453695
0.0005427293632302726
0.0006678726167631032
0.0009023688006303634
0.0012454641873079738
0.0016994875607327208
0.0022675663105956923
0.002939317307649593
0.0036916846210332923
0.0044862185923632706
0.005270269746189718
0.005981808461845497
0.006557561079414482
0.006952097251903163
0.007121711591029489
0.00706004948888818
0.006898624179404733
0.0065015349095038765
0.0059633834943818645
0.005352475998816168
0.004717168500330179
0.004113181603341282
0.0035855972021667636
0.0031634613377764242
0.002877603065077222
0.002709068009544928
0.0026544439722767893
0.0026964137146606006
0.0028101200049270355
0.002980793043689174
0.0031791455533392732
0.0033961673876455496
0.003616056751431057
0.0038291696068996654
0.004024889596867243
0.004192296987339548
0.004320302586513833
0.004394978645442537
0.004406683468200606
0.00434831699854936
0.00421755988851389
0.004017058197687285
0.0038483485214202123
0.0035511380076363236
0.0032135135307463057
0.0028510931282281905
0.0024797275338489144
0.002114181681047384
0.001767087867092255
0.0014482267660871242
0.001164169040844773
0.0009187286480892526
0.0007117044377709764
0.0005420397620459462
0.00040594622259152244
0.00029957568696626464
0.00021847585447844046
0.0001584986015781972
0.00011590475798970598
8.743915542344998e-05
7.037508387430021e-05
6.238620579699409e-05
6.14337554490261e-05
6.849833724829553e-05
7.91428104280158e-05
9.327108095563264e-05
0.00011152134483537437
0.00012524611451176915
0.00014908767863258215
0.00017993206619274443
0.0002164666603799753
0.00026154699168297037
0.00031583239077318003
0.0003798857210957953
0.000451217809547006
0.0005270086221056071
0.0006028465040457235
0.0006735378455554927
0.0007351799531942884
0.0007888454947805733
0.0008261949183069082
0.0008697287797637696
0.0009070512218852734
0.0009561911777570733
0.0010344869259306336
0.0011554422776226339
0.0013312255737442523
0.0017083337557310585
0.002218325472046175
0.002992405437971281
0.004171739549518015
0.005907968327386838
0.008348797379828708
0.01033244888296189
0.013727803149316197
0.017258771347031576
0.020422095603491883
0.022738799282413267
0.02396747426969774
0.02409067543772522
0.023360661704410163
0.022090015107909276
0.02053900927877039
0.018864773275541286
0.01714230093582045
0.015440706123092098
0.013855991921717858
0.012384056111283483
0.011063006929458366
0.009902223142484502
0.008919288567192624
0.008151674099340717
0.00759531175381735
0.007245039437461984
0.007217183843065408
0.007427267681639606
0.008033145671946384
0.009302575610300222
0.011603204302681237
0.013898069999951038
0.018771275693738758
0.025147346962836825
0.032498740003768636
0.03972925495735037
0.045539986667408466
0.04888891160314611
0.049388632673573164
0.04737368569473689
0.04361448191302535
0.03887412934457796
0.033708495708645786
0.02827267078476716
0.022769277349458345
0.017478768618728303
0.01277083395322138
0.009000471663259893
0.00629161592582942
0.004594707362772197
0.003716531682973755
0.003410640769872237
0.003462543492190071
0.0037332000174378926
0.004135995323370088
0.004641084756739337
0.005237319871913419
0.005682205739336252
0.006412280519132673
0.007199849862508288
0.00801665239244974
0.008826978943958381
0.009593177315348327
0.010279177904493586
0.010857699998666126
0.011299496737472216
0.011592569567206045
0.011729317207982681
0.01171089642833467
0.011544697473367857
0.01124333162341509
0.010823495389897922
0.010415353811580654
0.009890708438695143
0.009317011837397483
0.00873681960852498
0.008178553877670391
0.007668911199815479
0.00731198289418483
0.007012225178689056
0.006845900440803603
0.006841199067261847
0.0069326546297301
0.007222029290062707
0.007701320088863984
0.008370818691022899
0.009223979395192329
0.010250031266771919
0.011422927012698916
0.01271690295148344
0.014097268283133867
0.01552280102654764
0.016946597220239237
0.018317230023704643
0.019581566066532125
0.020687636119108618
0.021588144140278574
0.022243726007431713
0.022625529802209898
0.02271700966066841
0.02251381476100743
0.0220299207007609
0.02127976229229236
0.020295193508146705
0.019115574039390165
0.0177854445926725
0.016354194366476085
0.014874206776751634
0.013878076852069867
0.012405765149620317
0.010989722313025321
0.009672987842615475
0.008458322682229423
0.007368923797507876
0.0064087673694876385
0.005579414414032424
0.004883670555273688
0.004318968675927191
0.003875202170996765
0.00354788653322907
0.0033286209605158466
0.003206816971001197
0.0031681701449848138
0.003195117510937522
0.0032692769993558453
0.0033684695211617854
0.0034749748434709164
0.0036387071647193815
0.003823989549422615
0.004103281693065093
0.004575226263278207
0.00535012899817892
0.0065295032497600086
0.008170290660865543
0.009434231295075618
0.011551913274663943
0.013691729764672474
0.01579935369587074
0.018013891665811344
0.020677990631155357
0.024057588559447732
0.028276265350916936
0.032870951385041855
0.0370880810577924
0.04004204290436604
0.04111577450362844
0.04020594040331638
0.03770110030930404
0.03422667067116493
0.030335675750852432
0.02633510028107139
0.022288898608532896
0.01822159877858358
0.014237467061877462
0.010555092946636412
0.007430883734681027
0.00504086641877149
0.0034197260833916778
0.0024792673729499043
0.0021508666236993456
0.0019743935831331395
0.0020372309010099317
0.0022171001004305693
0.0024295856735392475
0.0026192421088016933
0.0027557160691733798
0.0028167745641239474
0.0027989220958921286
0.002706663721776608
0.002551429679055814
0.0023498355575470495
0.0021185844359750306
0.001874794381405066
0.0016342320187380016
0.0014098502507960125
0.001211237821919819
0.0010440077391739595
0.0009095280837864946
0.0008073040113245099
0.0007300889029496849
0.0006722186001860046
0.0006278056427131457
0.0005939593758737138
0.0005647239543885027
0.0005441218974750268
0.0005321660346799034
0.0005187406000934394
0.0005117369266083667
0.0005120192977684433
0.0005206679646425303
0.00053839843381692
0.0006247704876383251
0.0006953390285167171
0.0008802634873997892
0.0010833552062793398
0.0013604975887135601
0.0017525388385361742
0.002327617665911572
0.003100599871002279
0.004179428977569373
0.005529641474780459
0.007200856168451053
0.00917528122763574
0.011393180163462807
0.013753188495706106
0.016122971704056886
0.018353848054837033
0.020306262634747545
0.021897378283990927
0.023016543654385015
0.023654554771805586
0.023822133832515358
0.02372114986801875
0.023251179669021627
0.022524763593573457
0.02159794655562718
0.020583207688430017
0.019616591325988555
0.018844611907025122
0.018406456861742148
0.018402950606651945
0.018816457937614776
0.01957590851696376
0.020339854707482573
0.020927142198076308
0.021084415857968292
0.02083121640246161
0.020328341205044047
0.019774821176743215
0.019335340104707645
0.01909458793769153
0.01897348259781938
0.018914152935440295
0.018864607858525763
0.01881150723814154
0.01875768548631038
0.018717325143185755
0.018626488950451433
0.018457482072232287
0.018160983397057264
0.01770793111296349
0.017095333583566304
0.016343886116053093
0.01549007459439589
0.014576034025601354
0.013642365021828796
0.012725948600907866
0.011857287703370675
0.01105459533590476
0.010329737992304565
0.009684235672954325
0.009112571979946813
0.008603046353126358
0.008139087610925832
0.007699717388944653
0.007261936153692517
0.006863255392178482
0.006475996753701649
0.006175041128874555
0.006083673390820695
0.006369619726900887
0.007206172363947435
0.008122936733122303
0.010058301952233053
0.012395250426866077
0.014734726437242163
0.016572220680798923
0.017513897097561626
0.017444988578912437
0.01655422498846339
0.015208010022372641
0.013742602824034358
0.012375595432066037
0.011017414493461893
0.009615220170445807
0.008169097295067753
0.006791808538737668
0.005666947082682609
0.005026450465946168
0.0048535024511565245
0.005273314666401395
0.0061581099819564816
0.007526994891251912
0.009447089444018694
0.012063098148480875
0.015480429582621476
0.019728043048325747
0.024522846365849043
0.02774384983007325
0.03209892615966296
0.03516595032950336
0.03648712815144475
0.03608741098745306
0.03443826394926213
0.032211719062769026
0.02995884001129151
0.027883463274325837
0.02592317087058955
0.02394564305613649
0.02191985271238991
0.019972598062992727
0.01830337102899125
0.017057060989540986
0.016244107672796153
0.015753446042024968
0.015412844296632049
0.015058256728493324
0.01457626683657404
0.013914472246595725
0.013068755860243478
0.012066464137199182
0.010950926121010542
0.009769540272770315
0.008569428216752393
0.007780349182921906
0.006641164917345518
0.00558249049941508
0.0046267157097555625
0.0037868861588825917
0.0030685915173482748
0.0024658555364459396
0.001970383773750509
0.001570077888466084
0.0012534555636265084
0.0010049551381652454
0.0008151104610563077
0.0006740655569205111
0.0005739382618792524
0.0005210232801423769
0.0004965669716026767
0.0005020290674311465
0.000537151612502136
0.0006022169599194831
0.0007726321012859965
0.0009483125481406865
0.0011805729994728957
0.0014679932816804415
0.0018198250233993774
0.002234717399592549
0.002544503856538052
0.003090368019470345
0.003645178152111421
0.00422263510334446
0.004807920133228285
0.005389783795792072
0.005961984155362778
0.006523301548441486
0.0070762954302820424
0.007625333742802935
0.008174694609869762
0.008726293100843966
0.009279431431965487
0.009829796082958643
0.010369473297371508
0.010887927302188478
0.011369866713336532
0.011799149693609465
0.012157923319233467
0.012428356804963604
0.012594205434631134
0.012642031253572113
0.012562625343854422
0.012352022222702144
0.012011755159930625
0.01158082858966082
0.011230185332798225
0.010633866145153131
0.009982428206870333
0.00930865213714437
0.008650312421695052
0.00804188585821252
0.007531942999223639
0.007121166104604422
0.0068352105925608446
0.0066715502771866695
0.006616649901859687
0.0066404765343748215
0.006708562488601253
0.006777954913696739
0.006813425369868113
0.006786059760340573
0.0066767509324537865
0.006476914230224059
0.006230374363655326
0.005889205484569476
0.005482105208042918
0.0050352871307319975
0.004572528501589763
0.004118894049842298
0.0037157471079199617
0.003371875166482573
0.0031856122609996216
0.0029871365068172067
0.002896520709171811
0.0029178812478921796
0.003047986714965032
0.0032797413855469785
0.0035946098654545846
0.00397669747706574
0.004408538439588368
0.004873343984880573
0.00535590732509252
0.005843556294753982
0.006326503091061218
0.0067901114976798415
0.007223504727738754
0.007613006947903174
0.007943739472945603
0.008200268207505319
0.008370084135501544
0.008441611293283458
0.008409870169553845
0.008275017482196912
0.008043177272592655
0.0077233891263883345
0.007328149090631146
0.007028745726995571
0.006535048891180981
0.006002490747603451
0.005468274539496328
0.004940118523912957
0.004469601090383158
0.004118519169114211
0.003953772456727446
0.004033006523914458
0.004361646183753156
0.004919712326024777
0.0055386392369466565
0.006066936775575667
0.0063647702829669845
0.006378827168428032
0.006169559381423263
0.005875410932516615
0.005629086825267888
0.0054979930035360955
0.005459777036027127
0.0054768631620273405
0.005455759521175487
0.005414568536989053
0.005448606427976659
0.005684848691301149
0.006241668371169107
0.006816462569826219
0.007955113357365302
0.009251607510238213
0.010433650815800059
0.011232690309125841
0.01147666010829023
0.011175899444005289
0.010508410821578341
0.009718456447078217
0.008990363620340362
0.008372774951545463
0.0077924359978530445
0.007135766565212581
0.00633673317353808
0.0054413808930225465
0.004514813248129018
0.0036744026389820355
0.003000809118556519
0.00252407517538931
0.0022346469774096774
0.0021039056962745537
0.002116326664467471
0.0022279532558849967
0.00242623363585716
0.0026895419707329664
0.002991422525286183
0.003200652856084324
0.0034969684523922847
0.0037460391457859914
0.0039211179869716815
0.004006482002688092
0.0039981218500316825
0.003902624745271398
0.0037350604446268194
0.003510812751014044
0.0032474879187453995
0.0029589679588530207
0.0026568877854433568
0.002350807959644829
0.0020494212868106287
0.0017605634138684462
0.001491859542625317
0.00124963840925678
0.001038294887416117
0.0008596083338551127
0.0007125948468787871
0.0005943605472153321
0.0005001688239564819
0.00042531570212247453
0.00036539558116378216
0.00032160512750562485
0.0002856753973888555
0.00026694018225465084
0.00024786489262650617
0.00024133072947784802
0.000249927380416739
0.0002759894801800512
0.0003233614659459359
0.00039051492361411966
0.00047548723917893693
0.0005988272498446668
0.0007195370988007454
0.0008416223664831141
0.0009597500720854796
0.0010674278938216353
0.0011605085235142035
0.0012378614565845625
0.001312176711127201
0.001375701597240766
0.0014351272144055782
0.0015000810591645237
0.0015765786232790338
0.0016695201019603571
0.0017825699333929835
0.0019184919567095471
0.0020784642721242454
0.002263039630026838
0.002399020254826448
0.002620417932171158
0.002858657994192705
0.0031071366216563236
0.00335717412080081
0.0035984439521626593
0.003819901706305176
0.004010675358791077
0.00416150073976029
0.004265780648534154
0.004319237230323093
0.004320489420931822
0.004270223423813926
0.00417283203212705
0.004031008933863416
0.0038527658121997564
0.0036453410727076635
0.003418395003320899
0.00318085749552765
0.002939249094541439
0.0026966937588692
0.002452648321958808
0.0022046759811647277
0.0019837761433243555
0.001786265547316951
0.0016644152348916324
0.001661250829932259
0.001875950765471646
0.0023895444446258105
0.0032940099465474295
0.004580727194657238
0.006145025094152303
0.007704772714166822
0.008959252760605088
0.009676302613542255
0.009754664485533531
0.009345805005325936
0.008727087942642528
0.008175160100471477
0.007836152303095707
0.007682242854423463
0.007570051327123554
0.00735067680591682
0.006959595852081398
0.006439717595082545
0.005902540885510317
0.005457779959297238
0.005172097490487263
0.005049470873752136
0.005053770566895734
0.005132321699001394
0.005236057822312053
0.00530131570092188
0.0053776451180055996
0.005415379777721664
0.005410480581575883
0.005359704127876028
0.005263358154651174
0.005121307178492206
0.004933608518956566
0.00470135648804811
0.0044352766952497754
0.004139334138574453
0.0038319624895109265
0.0035368367324563918
0.003281384477601026
0.0030911475847891674
0.002979923124799197
0.0029395118474971386
0.002942905185198167
0.002928883052387401
0.0028490179554901884
0.0026729195929609765
0.0024108787871001676
0.0021073243433246585
0.0018186452390137832
0.0015859317310477634
0.0014675913738492442
0.0013346078814823826
0.0012237298448371538
0.0011067204431450288
0.0009714711768969075
0.0008300475850847725
0.0007005785265715474
0.0006041452964736516
0.0005529829780672759
0.0005469884657920063
0.0005789601680283489
0.000639771702275581
0.0007194638880422144
0.0008086653487925211
0.0009086317184232774
0.0010041439496833377
0.0010943090600275933
0.001177715862228872
0.001256359730086719
0.0013306104965798988
0.0014049461230012266
0.0014850729630428254
0.0015802875657681705
0.0016842154574303746
0.0018003705749132818
0.0019249166083218662
0.002008679275464271
0.0021276188881143685
0.0022285972409037233
0.0023018358701104684
0.00234108015937916
0.0023415614118170954
0.002306260950014173
0.002240086530779777
0.002149274654514765
0.0020396843820032783
0.0019159379653304995
0.001781864432728045
0.0016407900414486052
0.0014953601467172194
0.001350164949642005
0.0012096091992281936
0.0011072601008773712
0.0010046226157822168
0.0009180770412036775
0.0008515215242459528
0.0008048704457899382
0.0007782183092841923
0.0007721983131178758
0.0007988591463310335
0.000848208431030335
0.0009232155050407282
0.0009944892916536167
0.0011254668127195378
0.0012907721004868015
0.0014928600606566576
0.0017315463078861385
0.002013928966099445
0.00233368455106669
0.0026939017875694925
0.0030913408716674827
0.003519478252243719
0.0039671321191821355
0.004417714609597574
0.004853084993400237
0.005251262811430456
0.005621793140729766
0.005950282182444067
0.006258492393154187
0.006597305165463951
0.007027724711156528
0.007614877650378504
0.008390736898523809
0.009314837112174193
0.010269123030682649
0.011041609326044506
0.01141650300816555
0.011385206512857533
0.01091744883079696
0.010078745275230649
0.009104288897065686
0.008218649918390409
0.007539507337901655
0.007044656138895143
0.0066137611762045806
0.006113552383424223
0.005471578560859778
0.0047057103600457095
0.003899031634115236
0.0031822567325597876
0.0026136847018731688
0.0022493377661669638
0.0021109941724352325
0.002194093402428015
0.002481460178871371
0.0029335734483515443
0.0034692091772125714
0.003972049442378277
0.00432887848577601
0.004458471283563327
0.004361974912996915
0.004117065328098983
0.0038476957165926706
0.003712906786083485
0.0036195424364116303
0.0036507726925436
0.003747917573150175
0.0038286042279884864
0.003842431108684803
0.003765473826325137
0.0036290345055034557
0.003473606739614166
0.003336762912032395
0.0032389884944052025
0.0031841070744917824
0.0031669250220676603
0.0031885438661815742
0.00323571873989177
0.0033029140515809
0.0033833696403279346
0.003464390670940282
0.003530653919077767
0.0035665402071274437
0.003560885836844834
0.003507215369149993
0.0034069154967850254
0.0032676448809606648
0.0030995900084797327
0.002912665130840079
0.002781663895415234
0.002578184382476919
0.0023680063251477227
0.0021513997404020717
0.0019290458488299951
0.0017033886813030434
0.0014792214474477995
0.0012628779675654418
0.0010612501997045492
0.0008832976581760614
0.0007311223187167719
0.0006037955855500058
0.0005033156259416095
0.00042935689191889506
0.00038094548629739053
0.0003575830511106748
0.000359003169325057
0.0003866422502912393
0.00043927965989768635
0.0005124733009361902
0.0006078458900022803
0.0007156776295653353
0.0008322614939078281
0.000954864099041276
0.0010781815463061911
0.001204810212710129
0.001289538652081868
0.0014211306948983063
0.0015605321413968514
0.0017232686786391373
0.001909489311241376
0.0020996215106670385
0.0022963446420902435
0.002494716522079077
0.0026866997923230026
0.00286730537761474
0.0030358765040419465
0.0031999308224055145
0.0033658086349699834
0.0035251351217085326
0.003685012273226324
0.00384019470841829
0.0039854851056826904
0.00411152740362359
0.0042141999880870576
0.0042917790906388375
0.00434578442467118
0.004382107457865307
0.004405739658929137
0.004417745526121123
0.004423140095728839
0.0044232211502553565
0.004418993341255232
0.004408927332133274
0.004391478245285784
0.00436443484417603
0.004327908502213194
0.0042757317124692135
0.004206052671370684
0.00411575177112888
0.004001889216565621
0.003861836394575044
0.0036940510482739936
0.0034987538399348676
0.0032804857685404033
0.0030419709399712187
0.0027942558728783627
0.0025418270499722425
0.0022943664763982953
0.002059889438542427
0.0018504915389430554
0.0016649605396647994
0.0015123602083106714
0.0013963448095265323
0.0013209474480421668
0.001285751596613557
0.0013097752292953698
0.0013399245811936294
0.0014183528580975996
0.0015281780977214434
0.0016600326066999866
0.00180365881178871
0.0019516501044994491
0.002093420025020554
0.002222132958368683
0.002345508478358567
0.002443836950873237
0.002528409846676959
0.0026049702297762157
0.002680885957488742
0.002763547900742669
0.0028607827604452724
0.002978155861807158
0.0031140496366352946
0.003271985531827483
0.003452263814041818
0.003658385196800779
0.0038929881379486365
0.004154147896069259
0.0044293177169523554
0.0046935271662284835
0.004908399294459601
0.005036150255439991
0.0050604971681972475
0.005002972224381878
0.004852042989530168
0.004640400608463835
0.004463356217132159
0.004322612284873502
0.004288731422377257
0.004419582628236035
0.004781561057956422
0.005424935858223256
0.006344397080347007
0.0074333658297036495
0.008496979648086446
0.009259389467112595
0.009500933773673767
0.009156809400271783
0.008349941434153704
0.007348478409035379
0.006451478058349002
0.005845668951969743
0.00556043014898565
0.005477218943407785
0.005415718810544297
0.00523177240697855
0.004875861310336976
0.004561103584214198
0.004034462357132046
0.0035149192175025776
0.003039884656693669
0.0026156564792499484
0.002232166320671802
0.0018897976742677134
0.0016076770895818127
0.0014062270227961952
0.00129427612088538
0.001255055600146947
0.0012504313091536794
0.0012402602881320076
0.0011951364360597394
0.0011093614739002844
0.0009984649918763607
0.0008854511092046609
0.0007913221036457787
0.000727740398109159
0.0006956882864858064
0.0006888839274717814
0.0006977986268027183
0.0007137697867042892
0.0007308528716181634
0.000744400506327959
0.0007520146492542615
0.0007529076505082906
0.000747522660669739
0.0007334332976890534
0.0007120605686224232
0.000682492603196031
0.0006466583491298645
0.0006067834599171992
0.0005654734326908851
0.0005260252946775938
0.0004902572703138332
0.00046027063714685723
0.00043726912046479504
0.00042060980605293453
0.000421056729584686
0.0004248393941264013
0.0004369357043316475
0.00046152989820799704
0.0005000887334663796
0.0005570294241348679
0.0006371774242937583
0.000743524604882108
0.0008793355163624112
0.0010386521190793208
0.001213782199795584
0.0013973598928315616
0.0015711705820106146
0.001675033562046798
0.0018039107434023544
0.0018935878284200578
0.0019415762851421547
0.0019512188418536662
0.0019308121088212
0.0018903851349581573
0.0018405848105878008
0.0017841593134789893
0.00172329273147324
0.0016556275242069476
0.001577185922264199
0.0014845959395153796
0.0013768790069992934
0.0012562582431730198
0.001127825689012093
0.0009986983591380762
0.0008753489311468281
0.000763479530794396
0.00066644116231937
0.0005851884270806161
0.0005269967580533698
0.00047904096337398916
0.0004418228929152839
0.00041553044150790896
0.0004008679924038989
0.0003988091807670465
0.0004100146014554769
0.00044098060583320283
0.0004914009550507357
0.0005598222843349577
0.000627944039720314
0.0006855364779737976
0.0007226284234962065
0.0007371150162889014
0.0007352574793868702
0.0008155134705483412
0.000958980306902692
0.0012745246085604193
0.0018840299906189863
0.002923572398373307
0.004497657843401795
0.0066029538286468915
0.009053627697987014
0.011463722833153308
0.01338505541733591
0.014333654396985938
0.014153732346107723
0.013016945715618518
0.011383243026498282
0.00980806073356012
0.009011088430758709
0.00835723538065728
0.008238024011902493
0.008363243705716332
0.008366836889457944
0.007988851834054145
0.007155540962374408
0.005994991723934842
0.004737158234955417
0.0036047489195445005
0.002747313722127496
0.0021941422843318893
0.0019173971758894286
0.0018514362387721892
0.00198007470651803
0.002236635487406647
0.0026353776293861282
0.003210506677406585
0.004013044449307025
0.005076993953267526
0.006393807670839511
0.007864028933339987
0.009292463638449546
0.01044625928907226
0.011094748288648287
0.011142259093951378
0.010874597575430245
0.010179836869933805
0.009381291442434372
0.008725474711500881
0.008341920120424942
0.008204188498376196
0.008168165052738279
0.008041535657206833
0.007683292031945579
0.0070506719272223
0.006202955465428975
0.005260950798099135
0.004350423200428457
0.003559029706286094
0.002921202720194645
0.0024384469218560975
0.0020770311194466457
0.0018137781187272755
0.001637146336038326
0.001547379272901188
0.0015520037174171866
0.0016527870878129236
0.001832832933097331
0.0020494604569060715
0.002244329531256152
0.002352547408910948
0.0023563676512535253
0.0022613507493213602
0.0020751700551094377
0.0018630591135205532
0.0016921284671675464
0.0016051030673290272
0.0016065862750827354
0.0016665752884642614
0.0017370017816830342
0.0017741462842901117
0.0017532680251842931
0.0016768638481828681
0.0015664490957542365
0.0014495064933151974
0.001346491340500469
0.001265637079525383
0.0012042843437303614
0.0011546201260601043
0.0011096013199033002
0.0010646092580956167
0.0010181592122377374
0.0009714388981318276
0.0009254005822213098
0.0009352214011620439
0.0009209121146101117
0.0009129094445223538
0.0009092922900470084
0.0009185490557947153
0.0009451969763677379
0.0009948632077623621
0.0010734909921375642
0.0011867717633798963
0.0013591373091228693
0.0015714686764511665
0.001828139044262234
0.002136198919558642
0.00249601381799872
0.00290683485716053
0.0033648796613621745
0.0038648975792265005
0.004399073395245489
0.004957233801079647
0.005526985429382799
0.006094328048336566
0.006643599019862537
0.007159017408930191
0.007625300592131523
0.008027891568165527
0.008354369399976476
0.00859543302069552
0.008743627817247895
0.008789806858556624
0.008778269577851244
0.008678264946668436
0.008490992241205555
0.008226157371404122
0.007894754540490972
0.007511062400168447
0.0070901344739236335
0.00664603226807309
0.006193578303561866
0.005744745512638306
0.005311701180054255
0.004899762520482516
0.00451393766666228
0.004154877113879701
0.003821735529547302
0.003512300100097634
0.0032244483708452243
0.002955913415741503
0.0027064813332235865
0.002476846935812051
0.0022683903629443884
0.002082242725719854
0.00191845116151325
0.0017754569921017806
0.0016500643262300772
0.001574114940099869
0.0014681205472547214
0.0013676616018306138
0.0012692091514623879
0.0011706954447676977
0.0010716006858217584
0.0009726911785829678
0.0008755395652296595
0.0007819901759448383
0.0006937088380339764
0.0006118981343480953
0.0005371937346900213
