Y :9.0% Calcite, Diffracto n :1155
Y :45.0% Gibbsite, Diffracto n :1192
Y :33.0% Dolomite, Diffracto n :1188
Y :13.0% Hematite, Diffracto n :1146
0.0
0.0
0.0
0.0
0.0
0.0
0.0
0.0
0.0
0.0
0.0
0.0
0.0
0.0
0.0
0.0
0.0
0.0
0.0
0.0
0.0
0.0
0.0
0.0
0.0
0.0
0.0
0.0
0.0
0.0
0.0
0.0
0.0
0.0
0.0
0.0
0.0
0.0
0.0
0.0
0.0
0.0
0.0
0.0
0.0
0.0
0.0
0.0
2.463783958658564e-36
5.723262389480297e-36
1.225260062054593e-35
2.4174443487380725e-35
4.395702373405449e-35
7.366202613047409e-35
1.1376341700060024e-34
1.619217476589138e-34
2.123984406442626e-34
2.5676809092846316e-34
2.860713510564991e-34
2.9373200433793765e-34
2.7795325055430263e-34
2.424017956320457e-34
1.948244660766581e-34
1.4430944073486722e-34
9.85121004942333e-35
7.298856004035616e-35
4.348661559182914e-35
2.387811337032261e-35
2.4585112988736226e-35
9.06925511404439e-34
2.0782922252013544e-33
4.409870824103663e-33
8.635226598980178e-33
1.559465454195449e-32
2.5970434508888156e-32
3.988163013284395e-32
5.647463320854322e-32
7.374267448648056e-32
8.879075301904888e-32
9.858220203371089e-32
1.0092756082548965e-31
9.527963969090704e-32
8.294077261153214e-32
6.657516462211033e-32
4.9275513154740753e-32
3.3629723011497574e-32
2.1163480754088827e-32
1.2280638987158342e-32
6.570875110470117e-33
3.241843838759675e-33
1.474775005538552e-33
8.338837312689999e-34
3.313672236441928e-34
1.214152104649233e-34
4.101984270985476e-35
1.2778208852195618e-35
3.670276038446495e-36
9.720257995409218e-37
2.373584198550662e-37
5.34412558077015e-38
1.1094075508394039e-38
2.1234655960811372e-39
3.747452232420919e-40
6.097626007564173e-41
9.147790797211737e-42
1.2653169242786355e-42
1.6136408790601167e-43
1.8972986626744249e-44
2.0567545506441075e-45
2.0556247992511776e-46
1.894159143372519e-47
1.609151367996612e-48
1.2603225390570796e-49
9.100545086639579e-51
6.0582963850900514e-52
3.718155355130011e-53
5.529628807240347e-54
2.96361445236824e-55
1.4643064536198246e-56
6.66996103051406e-58
2.8008650080991946e-59
1.0842642839409372e-60
3.869445858529313e-62
1.2730035848380284e-63
3.860773494087648e-65
1.0793927900107276e-66
2.781902372965342e-68
5.5386516209745656e-36
9.353738492668821e-36
1.5292436220511507e-35
2.420351327693054e-35
3.70843287897598e-35
5.500633556961242e-35
7.898512031764631e-35
1.0979640820910513e-34
1.4775468534393597e-34
1.9248844699119717e-34
2.427606853378023e-34
2.963891629199919e-34
3.503132503806334e-34
4.008308022525249e-34
4.439927621128793e-34
4.6682933193039365e-34
4.898804071254975e-34
4.976594821608262e-34
4.8942345167778025e-34
4.6595883083738405e-34
4.294579010947996e-34
3.8318096482498944e-34
3.3097678651940397e-34
2.767587895743664e-34
2.2403485426084257e-34
1.7556584640908625e-34
1.331909630631882e-34
9.781822160566098e-35
8.74795501042332e-35
8.970440850415599e-34
1.9417058938342293e-33
3.2322947479386314e-33
5.242687509446828e-33
8.255402617314888e-33
1.2596144423640067e-32
1.86158347183968e-32
2.664250315546265e-32
3.6921302612655086e-32
4.954199837052079e-32
6.43663210973833e-32
8.097115401312164e-32
9.268137283897982e-32
1.1048599925716737e-31
1.2752883942742656e-31
1.4252688634504927e-31
1.5423169983770763e-31
1.6159971311601843e-31
1.6394559652688504e-31
1.6105065508683076e-31
1.5318628347087435e-31
1.410858696238996e-31
1.2582350373050084e-31
1.0865925858746284e-31
9.086912876604993e-32
7.359326077295009e-32
5.772643162901713e-32
4.386270998264304e-32
3.2293447543833447e-32
2.3047546674561906e-32
1.59573429466913e-32
1.0732766056555502e-32
7.039997054061446e-33
4.517815873258209e-33
3.44118311568653e-33
2.631553615539538e-33
2.3316914676837416e-33
2.3948975422848366e-33
3.3039957940087276e-33
4.8324130634854085e-33
6.758104254955523e-33
9.553013525162092e-33
1.346699790808074e-32
1.8790219437005982e-32
2.5823929795726696e-32
3.4837502561423707e-32
4.6013021628561187e-32
5.938306219672477e-32
7.477181055312972e-32
9.175296199131256e-32
1.0963840239679126e-31
1.2750843348291379e-31
1.442871422841835e-31
1.5887158908604034e-31
1.707316955054482e-31
1.7853203772081755e-31
1.8182229708245817e-31
1.807443777519293e-31
1.7568185600814202e-31
1.673576675484219e-31
1.5672537889355875e-31
1.448368138049604e-31
1.3271144312070933e-31
1.24939067877588e-31
1.1427345374950823e-31
1.0523869499121595e-31
9.811393028962169e-32
9.296973787653321e-32
8.971142391819847e-32
8.812706542049453e-32
8.793128742966633e-32
8.879994153777945e-32
9.039475685207226e-32
9.237975309602605e-32
9.44324302797697e-32
9.625266477666374e-32
9.757131289083992e-32
9.815927797226094e-32
9.783666915570535e-32
9.648093354340931e-32
9.403257158815258e-32
9.049720649796285e-32
8.594325121325597e-32
8.049504804877544e-32
7.43219987749622e-32
6.762473734565544e-32
6.062401761465313e-32
5.353410520903398e-32
4.656293390300963e-32
4.207290464721189e-32
3.5689939145423706e-32
2.9838332619430464e-32
2.460307459397528e-32
2.0026735253244873e-32
6.547497890328831e-11
1.1326224195628793e-10
1.8967287179791624e-10
3.074932344151258e-10
4.825876333726591e-10
7.332078256358828e-10
1.0784208444696002e-09
1.5355350521637772e-09
2.116613075966098e-09
2.8244474174391826e-09
3.648680134166606e-09
4.56297794176211e-09
5.524223303660749e-09
6.47447205772108e-09
7.345946739564002e-09
8.068660989155252e-09
8.579568402088296e-09
8.831606136201619e-09
8.800841976184133e-09
8.49022173468156e-09
7.92910412852452e-09
7.4404617925291925e-09
6.5829735666611116e-09
5.638383488524064e-09
4.67516980174584e-09
3.752757024035824e-09
2.916176346412011e-09
2.193751337313252e-09
1.5976119234720208e-09
1.126329520221415e-09
7.687230782608037e-10
5.079075295963757e-10
3.2487004002460755e-10
2.9158261913302594e-08
5.0292098232914575e-08
8.422297905710466e-08
1.3668386069804203e-07
2.1481693249024454e-07
3.268763447457426e-07
4.815343164135153e-07
6.867326056622361e-07
9.484213977876782e-07
1.2677329165814002e-06
1.6553422751755749e-06
2.0880923192664217e-06
2.5479275992161806e-06
2.861073845988223e-06
3.321823154190031e-06
3.7482635031833323e-06
4.116011977648573e-06
4.406301265322457e-06
4.6086844658506425e-06
4.7221924281630085e-06
4.754603730450773e-06
4.719962873912734e-06
4.6349502483219365e-06
4.515021493689223e-06
4.371290293451516e-06
4.208904933714476e-06
4.027233893294683e-06
3.8216660061856035e-06
3.5864034235733493e-06
3.3174044095104098e-06
3.0146687221318584e-06
2.6833171944007386e-06
2.3332994024721814e-06
1.9779427583301993e-06
1.6318242563946808e-06
1.308543563074341e-06
1.0189049736908376e-06
7.698273075604444e-07
5.640704340850875e-07
4.5061630877993147e-07
3.1346590228201536e-07
2.1129740420252333e-07
1.3798924159456144e-07
8.72952225337961e-08
5.349233319178995e-08
1.9020809331210864e-07
2.9195130000597113e-07
7.5246029069692e-06
1.6184443230783994e-05
2.7043735202611913e-05
4.377276968575913e-05
6.86215165052749e-05
0.00010418832275786592
0.0001532054401384535
0.00021818407692801348
0.0003009290507836607
0.0004019724573238082
0.0005200184398643728
0.000651524498681044
0.0007905579997110118
0.0009290170640821664
0.0010573089024311826
0.001165381368127122
0.0012440048478278903
0.0012860677235650322
0.0012917030635332136
0.001265953106691308
0.0012016026301625076
0.0011045696152691732
0.0009833664183403065
0.000847870452986024
0.0007080083982302704
0.000572594191286303
0.0004485007267528056
0.0003402519593227157
0.0002500244921389094
0.0001779708561749685
0.0001227353018281417
8.202908615840192e-05
5.315753740931539e-05
3.3431754250522965e-05
2.0439760891861757e-05
1.2185274177411922e-05
7.122352305651609e-06
4.121350442315743e-06
2.3991278244726856e-06
1.4386865134748843e-06
9.142147211749699e-07
6.294102671474044e-07
4.7114444168737236e-07
3.77111066245614e-07
3.3318068579913257e-07
2.8203658555057227e-07
2.4053229700139985e-07
2.0439265107077214e-07
1.7199307638549217e-07
1.4286286738823334e-07
1.1694827779514516e-07
9.4274707328527e-08
7.481040110464198e-08
5.8427705898698735e-08
4.490877478540354e-08
3.396906147240444e-08
2.528535042032098e-08
1.8521855845050032e-08
1.3351462406113257e-08
9.471122441265708e-09
6.611532226276615e-09
4.541828706148702e-09
3.0703459367465526e-09
2.042545704690758e-09
2.254750122002138e-08
3.186745272691648e-08
8.663785728308717e-07
1.5445655149518603e-06
2.367169810126294e-06
3.00058544333028e-06
4.225944957901716e-06
5.8578344716924e-06
7.991741177047388e-06
1.0730866926452215e-05
1.4181309840780711e-05
1.8445291242332585e-05
2.361250241140492e-05
5.745349954090149e-05
8.433270791685966e-05
0.00012367339813550677
0.0001803063177163735
0.00026004714271012276
0.00036935752913240625
0.000514678499546261
0.0007014136220799381
0.0009326231882323131
0.0012075970202893834
0.0015205771287107538
0.0018599664381689647
0.002208350310355226
0.002543551727179466
0.0028407440547173596
0.0030753956322525852
0.003226583263894414
0.003280060706056606
0.0032583764292342496
0.0031418972506432226
0.0029347782892581165
0.0026554603539532626
0.0023274867854072706
0.0019762067180371045
0.0016255655211637765
0.0012955357508569539
0.0010005373147034967
0.0007489416234299723
0.0005435237844874934
0.0003825727529301776
0.000261313435990487
0.00017332724547847766
0.0001117475883775852
7.011670497679836e-05
4.288848071613404e-05
2.5629768667798813e-05
1.5005671127133328e-05
8.637794412662879e-06
4.909375689629972e-06
2.768287215695214e-06
1.5564454406053515e-06
8.766160270763427e-07
4.963467226372965e-07
2.8305935782765897e-07
2.0396184262708247e-07
1.2744022123622215e-07
8.993740598191128e-08
7.789505111419957e-08
8.490194756665886e-08
1.085620397046666e-07
1.4864806245881454e-07
2.0587400197563593e-07
2.809442391298272e-07
3.7374144726218954e-07
4.826451906998446e-07
6.040508191708439e-07
7.321898644822978e-07
8.593390162838521e-07
0.0001755754435414828
0.00029652588555256765
0.006303323694943438
0.012441780254117291
0.021619545823577897
0.03485155487511217
0.05442884030237606
0.08234954494154757
0.12070174671242585
0.17138864670371368
0.23575998718803298
0.2865043481981648
0.37379209621548287
0.47242846024710605
0.5784257255483759
0.6860625467407663
0.7882857908363107
0.877419347543115
0.9460938009468816
0.9882457075848663
1.0
0.9802577360549577
0.9308656512602821
0.8563312578760183
0.7631443877272664
0.6588466645300676
0.5510334360727958
0.44646926835659506
0.3504534012147647
0.26650197788035246
0.1963405627987981
0.14014226128229024
0.09691486175246365
0.06493663794682263
0.042158732409388985
0.026522168798210864
0.01616911576487095
0.011424672181427802
0.006611117127192582
0.0037084526439378727
0.002016834842580012
0.0010636486393045682
0.0005441117986059066
0.0002700707337592529
0.0001301169011667905
6.0877795016265914e-05
2.7675456442406626e-05
1.2232814057236065e-05
5.261195679064613e-06
2.270893822486995e-06
1.0133387095092345e-06
2.563627395400617e-06
3.904558770102947e-06
7.556771623914574e-06
1.2163040854179474e-05
1.9047903134662696e-05
2.892995349017112e-05
4.258120458054842e-05
6.072659665087657e-05
8.414400917352892e-05
0.0001126737939182769
0.00014618820451132392
0.00018377936199528126
0.00021035039599076125
0.00025090421676543637
0.00029000261692552345
0.00032482513641255383
0.00039999506510731325
0.0004521669478769862
0.0005130053715029681
0.0029584732206761246
0.005539544558112444
0.0088484008197727
0.013861052179255292
0.02118792786488504
0.0315275789917157
0.04553932198218882
0.06381893528813122
0.08762183913757124
0.11599990343277013
0.14889422756751275
0.18534114766920917
0.22396119501435888
0.26283587549468923
0.2997589757625426
0.3324816108969757
0.35898620817208027
0.37773695269803376
0.3854663747443272
0.38970259387038336
0.3854359598652077
0.3735608706342447
0.3553632602763264
0.3323041812436955
0.30582823565831085
0.27723121947534146
0.24759949640637016
0.21781181784431505
0.188579404068121
0.16049569204270556
0.13407271464924198
0.10975278246281453
0.08789679396216403
0.0687596392760663
0.052466495485332804
0.03900156085534795
0.02821501879708264
0.019847512612236235
0.013566449151811337
0.009006213953595077
0.005804849090372145
0.003632051965858122
0.0022076243300609933
0.0013048114828455174
0.0009065687280246122
0.00051837686636671
0.00029886840676674977
0.0001843585320960652
0.00013397856247892903
0.0001218645707192174
0.00013023919148493843
0.00014663148957753345
0.00016145128380325033
0.00016798840483639183
0.00016293054599312765
0.00014659638434407794
0.0001222610450586427
9.472970449797826e-05
6.861907385594591e-05
4.713145174188398e-05
3.285418029819667e-05
2.3627041251819214e-05
1.921373891045714e-05
7.096364003624505e-05
0.00011097667451473846
0.00016087216845538506
0.00022234172637596811
0.0003041244829738096
0.00041086442417918385
0.0005477260928969092
0.0006583799640109424
0.0008574815091162963
0.0011007973025106649
0.0013925605228249768
0.0017356211761755068
0.0021308659536606656
0.002576682487535407
0.0030684099023795923
0.0035986178076549353
0.004155424033701509
0.004724765446360643
0.005289071073583475
0.0058293658799099144
0.00632655042336776
0.006759392190374143
0.007110489064033626
0.007403052042459437
0.007564736550440927
0.007637729821121544
0.007589747354168326
0.00744160209927712
0.007205043722149681
0.006896365248176626
0.00653535470480559
0.0061440339441787405
0.005745290952024767
0.0054864526442936915
0.005124245106899546
0.004809770901327443
0.004558268960046346
0.004380719176512933
0.0042833897532468775
0.00426766934568181
0.004330177942533437
0.004463135827927836
0.004654957038023152
0.004891023215066445
0.005154586394386223
0.005427745399008051
0.005692440031401017
0.005931409610435085
0.0061290669290274555
0.006272244862105445
0.0063507803828791905
0.006357909658180965
0.006290458281509992
0.0061488224936236575
0.0059429600607130185
0.005675509615570733
0.005362003306481097
0.005258205030707219
0.0052104803145517934
0.00547962037904187
0.006284935408569882
0.008007070229212798
0.01102163112417903
0.015618712666865797
0.02182966569078705
0.02926836823273874
0.037102142981209965
0.0440159629305753
0.04873203190391749
0.05021351559701378
0.04813021942428341
0.04291829828841686
0.03563299886376425
0.027608165436365854
0.02006031098686675
0.013814902466899759
0.009219328204578938
0.006221422677329909
0.004532023859220932
0.0037866812242865087
0.003655113829923402
0.0038886147282471417
0.004321882921217184
0.004853003567306506
0.005229686876270097
0.005796662869583844
0.006337222591358468
0.006824509071651801
0.007235534315987307
0.007550996407113681
0.007756016439370572
0.007840999933881791
0.007802224414114378
0.007641988153457796
0.007368289756302218
0.006994088164172864
0.006536239412716975
0.006014229632986831
0.005448828944217608
0.004860782645059403
0.004269638632205807
0.0036927866908072235
0.0031447588618531554
0.0026368126518951556
0.0021767924332305472
0.0017713945018330258
0.0014193757910236499
0.0011213926986415957
0.0008746898655376377
0.0006754204416150945
0.0005668328716483981
0.0004360477877311481
0.00033956488592476887
0.00027215579093085087
0.00022901754072804568
0.00020553913735138097
0.00019735212154735804
0.0002003085965670338
0.00021048351498755162
0.00022422363181606237
0.0002382471623623959
0.00024977894551317235
0.00025669098849966055
0.0002576119262893844
0.00025197306211010813
0.00023997204158001572
0.00022246018918985517
0.00020179167359051656
0.000178152872746431
0.0001538659410760874
0.0001305390827992434
0.00010953672305612099
9.190147222749998e-05
7.832220397707858e-05
6.913473000839238e-05
6.546345674873461e-05
6.344677726735821e-05
6.516037745507703e-05
6.986274635865389e-05
7.661144942491261e-05
8.43811000246498e-05
9.418726425617934e-05
0.00010147184782876578
0.0001069624014331855
0.00011803988845060411
0.0001241210434681002
0.0001308754754094071
0.0003921624580838977
0.0005863218673332803
0.0010082540463087356
0.0015591681054381444
0.002377869067108574
0.003550127264741007
0.005166700117157435
0.007312394519244814
0.010050935276010815
0.013416765831653648
0.01736509070446052
0.02179886089235977
0.026537995658271522
0.031854211603865056
0.035153836378948644
0.04003367539112918
0.04433014256774695
0.04800116108190293
0.051002095120667855
0.05341252528400525
0.05543415999479969
0.05734373606598555
0.05945672674181617
0.062040596460386975
0.06525577687944575
0.0690973337283315
0.07337148641579941
0.07770785184190983
0.08160834921312934
0.08452460703888492
0.08594886853604998
0.0855003568568532
0.08298988263739687
0.07845047181778009
0.07212944718698731
0.06444575379580487
0.05592324313946091
0.047114505930589266
0.03853000358933498
0.03058409714904543
0.02578917600227581
0.019480302266168075
0.014285950375349042
0.0101826831236779
0.007050751179916953
0.004749465794980515
0.003118071853082978
0.0020110125920117677
0.0012820319022588136
0.0008271038594649593
0.0005640293094971112
0.0008619898135088498
0.0011218901321981562
0.0018005247445204281
0.002755026612463108
0.004139416145984004
0.006114218772337628
0.00879017312684106
0.012298223873793195
0.016725617178467544
0.02209722600115171
0.02834878866733795
0.03530664139540632
0.04268005676874724
0.050071195761231056
0.05700492095328945
0.06112357841619064
0.06618620685627295
0.06954463008785568
0.07090962516770619
0.07016277047863359
0.06737700427586701
0.06279428678481848
0.05680449733873836
0.049883543687173626
0.042694799234254184
0.03549715966890887
0.028796655203498108
0.023023558341080573
0.01823190905480802
0.014608250331363154
0.012190069793520721
0.010951298899261268
0.0108182729807079
0.01168000666428929
0.013392347350777076
0.01577827992061793
0.01862649456021675
0.02170666660696541
0.024737682640339063
0.02747266431582402
0.028997257186578744
0.031112047032292457
0.032125020556981104
0.03244828128757318
0.031817022312295634
0.030485208748897413
0.02865076535593622
0.026560781547294212
0.024480884441527538
0.022664785967993692
0.02132875742928033
0.020634254786744105
0.020679920069827388
0.021506340220905095
0.02309235079898438
0.025379865745965277
0.02827858002431873
0.03167872105137421
0.035457169538541694
0.039483878395852844
0.04362256450271848
0.04773242137893699
0.05167096947314462
0.055298801576726606
0.058486751391387204
0.06112242132039744
0.06252695772865
0.0640524973443567
0.06483746288286857
0.06485537513926186
0.06410356978007965
0.06260358539357563
0.060401514850164546
0.05756732727925621
0.05419209903312183
0.05038367317785563
0.046261619774422606
0.041947035331533336
0.03756006726235871
0.033213060389709406
0.029003209084699548
0.025013012057726658
0.021306279677234197
0.017928192171201923
0.014905490060795166
0.012248545424079217
0.0099532451591115
0.008003673840122481
0.0063749042160754004
0.0050357702078905175
0.003951468845392925
0.003131475436673736
0.0026715918640059563
0.002119036588755964
0.001705832105534848
0.002824673633219625
0.003532842421445892
0.004452841375819441
0.0067834270562275615
0.009164930920136437
0.012402877528183741
0.016687727942981585
0.022228861064222012
0.029244860618263264
0.037949980217514244
0.04853703529639136
0.061156270407113245
0.0758936713119894
0.09274748788071686
0.11161349701011518
0.1322471562301632
0.15428077057438122
0.17721397937877129
0.2004116012949351
0.2231474669219869
0.24462685744428728
0.2640335621441452
0.2754283702246261
0.28966963898769915
0.29994565888750885
0.3057970357023322
0.30695521698241773
0.30337241494686124
0.295218696920653
0.2828802787191588
0.26690244279752534
0.24798423236304037
0.22690182718221766
0.204465373745241
0.18146718908439313
0.1586379510116297
0.13661350554210253
0.11592148331907247
0.09694167398990267
0.07993512269060145
0.06504075449109394
0.05226892209526074
0.0415471185449277
0.032727622027797304
0.02561489006518085
0.019988001343442117
0.015619526945083952
0.012289788650509522
0.010546405546529308
0.008509305845147285
0.007022706117483173
0.00594812867645961
0.005170802738744078
0.004597791608218261
0.00415590522278632
0.00378970238012325
0.003459624479444233
0.003140139471094358
0.002817725457099162
0.002488579912030158
0.002156063363008597
0.001828020317956276
0.0015272077121697963
0.0012553108404577756
0.0010343380724554888
0.0008832757938173974
0.0012001282814268694
0.0018796239923743864
0.003310562827716755
0.006299617919472062
0.011345525220231415
0.019419248864668778
0.0312429484024344
0.0471121158691771
0.059538566933694984
0.07978766246088966
0.09969361967848409
0.11606577047514541
0.12600234033046262
0.12765887000569776
0.12083871107080199
0.10701694864565302
0.08886022161813435
0.06942868961206104
0.05139163515135803
0.03652106970285648
0.025553936104308606
0.018364625079973936
0.014295329143931904
0.01249483714622494
0.012160157793796948
0.012657057823457423
0.013541998254368212
0.014529916964183919
0.015446576713831539
0.016187770301012108
0.016692455224078147
0.016928801952813294
0.016884389169378414
0.016701458566468565
0.016210863570431538
0.015487668610563358
0.014606505881421523
0.01356374899886578
0.012431744336123717
0.011285131741160354
0.010143927611512006
0.009069831821599206
0.008106659237070827
0.0072889329562538015
0.00664343659851038
0.006184624528785027
0.0059140243595655765
0.005818620128351716
0.005871193403799899
0.006031740206568715
0.006250732272864645
0.006473891244644636
0.0066480004578596775
0.006726944514096588
0.006677011607563461
0.006480549748958431
0.006137340094807455
0.005663480311269327
0.005088052481074125
0.00466636649187296
0.004005983211014771
0.003346665823068115
0.0027219307727781774
0.002157084054199582
0.0016679405568052693
0.0012610864142004225
0.0009353024771568351
0.0006836489929842936
0.0004957212143203068
0.0003596894273951001
0.0002638869621273858
0.0002115838801955999
0.00018463218137475742
0.00018981631926310704
0.00023556030791233582
0.0006331329701430008
0.0012832391833694171
0.0024794365973669994
0.0047986613243126905
0.008699813212974885
0.01469572265699051
0.023314867997930835
0.034667861219883175
0.048087381025559504
0.06225546357905815
0.07116402071169958
0.08213189971898718
0.08856781581495876
0.08936019647596248
0.08451029140340109
0.07510542393379839
0.06296368354955359
0.05010557820488892
0.038265018666813845
0.028578569836618467
0.021506157754567788
0.016944249933629252
0.01443912845540778
0.01340689833806812
0.013291744571225252
0.013653696204926312
0.014184884506557124
0.014690481301058574
0.015104222060524497
0.01529327185490113
0.015264175872691564
0.015038933544427053
0.014593811095262178
0.013972022556463116
0.01320982793257561
0.012349988634883695
0.011745224609630102
0.010825109845706726
0.009929478496709037
0.009096137684686215
0.008357348958908403
0.007736216155261117
0.007245675819335216
0.006896710633539708
0.006676110163340013
0.006577708852732786
0.00658663071732648
0.006684830541274692
0.007164543824965217
0.007600013546089541
0.008198762725454946
0.009131387737287118
0.01025188004185826
0.011720014010883198
0.01361672200555844
0.016483769667758143
0.019781200796125154
0.023853751746904916
0.028970566128763343
0.034838403173043785
0.04154379156670468
0.04643313840727994
0.05428643278991846
0.06258750649718393
0.07109636012290636
0.07953522263105461
0.08760080955849356
0.09496459836881063
0.10129498107037144
0.10626401906127153
0.10956761489757992
0.11105302663198229
0.11041430097728142
0.10765486639781764
0.10290365988700408
0.09632468089917061
0.08831058210374325
0.07933405808519423
0.06993027549112911
0.06063367842205807
0.05192983277635455
0.04420072722253987
0.0376927814603154
0.032503560797850266
0.02858895730715249
0.025789044301091132
0.023878102927212028
0.022947323940253568
0.02186943813641202
0.020952100027725327
0.02000152774947618
0.019412423578709984
0.01855756586642537
0.017692677920544183
0.017248831588195478
0.01742936327525348
0.018345295043333234
0.02039285477784297
0.02389564499134158
0.02921113749333635
0.03629084951350714
0.045212976197843674
0.0558075632228492
0.06769940805377304
0.08033705309346163
0.09301088196539445
0.10491706841902773
0.11524096972873549
0.12325256768391012
0.12839370400469666
0.13035159332354443
0.12909263885185024
0.1248587780553136
0.12063930253026266
0.11260481971075571
0.10318375398682582
0.0930938818448297
0.08296864607434179
0.07332395004217189
0.06452478239634042
0.05677385330722529
0.050131974625609046
0.044549406616623946
0.03990257460403083
0.036029178205927985
0.032757239785080106
0.029925111912814505
0.027394795619223835
0.025057234726616445
0.022833777343947752
0.0206737308445232
0.018551797184560754
0.01646345726645441
0.0144204210004258
0.012453791335108318
0.010589464300464261
0.008865220044695612
0.007321028235113022
0.006407951986889078
0.005231936406552662
0.004305758131136334
0.0036311297663301633
0.0031834669602143085
0.002920653734081183
0.002780418342422868
0.002741091842525793
0.00278248179083647
0.0027663699441768915
0.0027556743643105887
0.0027788470922124123
0.0029871638327683293
0.0033455952190714583
0.003989937140245921
0.004995955681870796
0.006420305350976977
0.008292532533095188
0.010608379296900339
0.013324428098543544
0.016354889930796507
0.019572030194733758
0.02281351440816355
0.02588895339627779
0.028604564745154548
0.030780558012652344
0.03185840858710742
0.032842551467432986
0.033030688989092
0.03244384538936527
0.03116954856226914
0.029334415429857794
0.027103313485326245
0.02464950304716238
0.022131386512359973
0.019684371830394936
0.01766426073892317
0.015800159104494532
0.014360083687779518
0.013463734112480422
0.013081686632048362
0.013380813558463963
0.014540425455631889
0.01666684060097628
0.01989537789342989
0.024235729689793598
0.02954072179343345
0.0354641278392081
0.04149016584896679
0.04701961609548544
0.05148960168644237
0.05448363846376257
0.05554870760661303
0.05573162264701283
0.05434378549262685
0.05164031308237105
0.04793589156198813
0.04354946582730701
0.038769070580226536
0.033836787107348165
0.028949401285229926
0.024263774612196417
0.01990300502763196
0.015962851744653245
0.012508045871744687
0.009570309036148686
0.007149751013690293
0.0052179133896395015
0.003725829045308546
0.002609826160444786
0.0018177418860998169
0.0012654019959219144
0.0009043798812694775
0.0007177292886746398
0.000629162757137999
0.0006404949830767158
0.000723672614790713
0.0008935539146564269
0.0010406513379175317
0.0013231879661900383
0.0016812815130606963
0.0024380790333817706
0.0030957675849898783
0.0038819436376682443
0.004789893701873583
0.006014096373712359
0.007246773234983401
0.008618576385159048
0.010130280091912112
0.012095954875419972
0.014126120286836455
0.016452903593958887
0.01924217063859681
0.02250650067076452
0.026339128709630254
0.030905881537628636
0.0362477387172429
0.042407040563424044
0.04937409984012025
0.057076458485023525
0.06528792125444528
0.07374072426892417
0.08207333854676759
0.08735380749545217
0.0945332259245069
0.10043656074514715
0.10467841833851967
0.10696677839382712
0.10713546902751091
0.10516232303409677
0.10116926160789852
0.09540562880273624
0.08821787614317135
0.08001105433604039
0.07120827237233131
0.0622138017971584
0.053383821278140245
0.045007437740325576
0.03729808542177203
0.030392545315555866
0.024360210983755997
0.019210243806669133
0.014909324207343864
0.011392104518935976
0.008586605561994956
0.006388882037291394
0.00471522377779897
0.003485961688162197
0.002629097071296158
0.0022336528583644377
0.0018607039414834032
0.0017038229207365133
0.001704404202574991
0.00179950318582473
0.001925385036206577
0.002065810011571184
0.0021151348250796113
0.002083362876196469
0.0019862515161295892
0.0018300973985637388
0.0016449076229993252
0.0014674074535483959
0.0013239374743878166
0.001234839887125367
0.0012108863203665649
0.0012548229415554485
0.0013863132398938
0.0015747865651382302
0.0018242374484759647
0.0021357223457308724
0.0025238391793780002
0.002971470072999827
0.0034900801632153622
0.00408206421653099
0.004747161014590481
0.005229141330357035
0.006003002794056589
0.006827386294896969
0.007674764300175411
0.008516783242803664
0.009316734592848314
0.010035760432577479
0.010630381730804472
0.011064233921246237
0.011307491905322365
0.011341260919132895
0.011159903649350532
0.01078194158048245
0.010217028276209489
0.009506110055466192
0.00869354120214438
0.007826154482221322
0.006950595746462781
0.006528732187218341
0.006049207490738587
0.005828864668491205
0.005976094843480464
0.006789440233909263
0.008073140839533421
0.01015169402693943
0.011979499933692656
0.015494926892817066
0.01999187259822248
0.025491804681686728
0.03186542212260154
0.03891909410663166
0.046351450554415634
0.053768391353294115
0.06071804965356041
0.06672781235479311
0.07136951942428356
0.07431164512821127
0.07535810705517401
0.0745057077197081
0.07184207314076553
0.06765932372717108
0.062342844845677856
0.05631913453156464
0.05001981770859753
0.043832164233195046
0.03806480022456383
0.03292787787080176
0.02853156199501418
0.024896333300007113
0.021981935594244134
0.019677154537934602
0.018422516170216004
0.016868378825600504
0.015603005985119782
0.014518047587827314
0.013541699549455553
0.012603803317653164
0.011679572489684965
0.01075875158264376
0.009848023403372961
0.008961448673335806
0.008487506590307456
0.008001940746958765
0.007694954945238517
0.007669930937597268
0.008182139681407291
0.009102909959327093
0.010567123955028148
0.01269953389513769
0.015582131813817497
0.01926943460154346
0.02376649540452817
0.02901652360595766
0.03488776730171283
0.041168812667650254
0.04757678113224072
0.05378434086375377
0.05763109847517628
0.06271102997890451
0.06669662909301717
0.06936102677684125
0.07058144160250762
0.07033890014859757
0.06873123101290711
0.06594332019247608
0.06222144544392104
0.05787404199143551
0.05313634005889111
0.04826746630201486
0.04347502382473885
0.03891662081546994
0.03471092476884383
0.030887596061328376
0.0274865176741151
0.024510431814420794
0.021946764677482553
0.019773002141974295
0.017959162379029205
0.01646816773876418
0.015255373550430454
0.014268547002498593
0.013449253485236904
0.01296577004301342
0.012289720238854038
0.011623712737427114
0.010922714129726596
0.010156583915018988
0.00931239873187597
0.00839473580635975
0.007423548901979705
0.006426337391749004
0.005438823663005214
0.004495802517212645
0.003627589855369558
0.0028685698049037834
0.002215638219809491
0.0016786215438908407
0.0012556875348613626
0.000944066534999021
0.0007202982331081978
0.0005757799095042622
0.0004985951487450611
0.00047675607729353637
0.0004931421772793998
0.0005476832309915425
0.0006324327644864418
0.0007713592011104874
0.001131773690468894
0.0013637819193757221
0.0017915412218984894
0.00237145172480923
0.0031803596304053
0.004342131736688624
0.005770364789385856
0.0075926341453067935
0.00985565606991958
0.012583143594238446
0.01576437023038278
0.019344189837682355
0.02321792138205061
0.02722826168980638
0.031177414285734582
0.03483950560427743
0.037984904424394665
0.04040451874202976
0.04194661866536676
0.0425027662511139
0.042059666327380604
0.04068055221285846
0.038501314477409704
0.035701523547804676
0.032492388868587886
0.029091202255062096
0.025697960073215443
0.023522298925472546
0.020486237904797387
0.017793608594781966
0.015486498644572643
0.013564674529477808
0.011994014214692523
0.010720130057519267
0.009714416801530066
0.008866947867562147
0.00813654781859316
0.007487567919465972
0.006907741553066947
0.006368983353931321
0.005870393815056632
0.005421853936111999
0.0052099431234178
0.0051127568495684525
0.005304448020254575
0.0059235970822665825
0.00720064339405124
0.009214520891247583
0.01206023334599317
0.015639865876733626
0.019644062592498738
0.0235882205824074
0.02691666320959929
0.02855019618579388
0.029887751142449247
0.02981470347220043
0.028462408144950428
0.0261273256567755
0.02317954101151784
0.01998884798992436
0.016876629616124093
0.014086262187080235
0.011765184119730725
0.009962057615152157
0.008633898761978178
0.00768452660053774
0.006997103813176378
0.006463596945647598
0.006002896346843154
0.0055663417550618965
0.005131968361597941
0.0046928703524011526
0.004253098597511097
0.003821589057981769
0.0034075136866494327
0.0030188250955539113
0.0026968681347355338
0.0023963623646681216
0.0022173769535363094
0.0019861894300947465
0.0017997834741078054
0.0016807623314263947
0.0015941596732205923
0.001560461000455228
0.0015739257186880658
0.001639759089326127
0.0017605394357160069
0.0019389060660179615
0.0021769889422097433
0.002475732989560594
0.003012802195713289
0.003538066584223479
0.004129937462610153
0.004808377513256158
0.00563942683630901
0.006550190242624635
0.007540395336247652
0.008632159185029659
0.00982811847939091
0.01113136944974538
0.012552231344084354
0.014081270173089272
0.015722797173943506
0.017472780158288684
0.018695209007403745
0.02060100997551079
0.022585390639033132
0.02490310571004993
0.027126656216536385
0.029419335357900048
0.03178099017296225
0.03430172189005701
0.03691550738965426
0.039639282727255296
0.04252963575131303
0.04561019938347408
0.048884638554087846
0.052323207788102524
0.05585886140504666
0.05935680639101823
0.06263719082763722
0.06548524458168363
0.06766709830676494
0.06895348634098408
0.06915689288459374
0.06815867104876909
0.0660842199875047
0.0627806648970918
0.058476217260772345
0.05342357303478764
0.049778836368066556
0.044193708881290115
0.038636774180862504
0.033377898327382235
0.028662363561589386
0.024653063534015154
0.021449803809527417
0.019092739519741095
0.01757123995770829
0.016834976402228478
0.016805088073051887
0.01738446719064704
0.01846543032859952
0.019935220252213587
0.021679479181093423
0.0235844280588086
0.025538532307404202
0.027434307519956135
0.029170659677279907
0.03065583393648917
0.0318107550039897
0.03257249037371871
0.032897411151779986
0.032762578716240436
0.03216757163853165
0.031529355045350795
0.03022747253172115
0.028565362902042247
0.0266098468125013
0.024436491973461517
0.022125437354053663
0.019756087152290405
0.01740268147054531
0.015439255191335158
0.013518079061204806
0.011892437649728367
0.010638637603128219
0.009912697767500575
0.00971828694573134
0.010104516977475084
0.011152406791755354
0.012890592428290186
0.01531126206155592
0.01835724097535703
0.021914763642095336
0.025811137984048858
0.0298205230845284
0.03367935236706352
0.03711177030889538
0.03987000300271536
0.04171615527723361
0.04236760913621841
0.04242243100544679
0.04138141295834719
0.03934471257233734
0.03647691441680963
0.03300244649559704
0.029175721861083647
0.025247622478170865
0.021442699331437155
0.017940668005532113
0.014865346802026825
0.01228649549820458
0.010211402597669346
0.008610549807965457
0.007421973264949445
0.006566576634670059
0.005960043327961843
0.005521438059651819
0.005318115784871606
0.0052226001285869805
0.005311372315426715
0.005703401425493578
0.006548803476727947
0.008093984394866102
0.01033615946824953
0.013264910553391903
0.015482645969973582
0.018899519913531938
0.021966151998664366
0.024189117488057726
0.02523231431988413
0.024996228104238412
0.023603654461986687
0.02131737160212464
0.018447139476185127
0.015288479900473599
0.012104612591569856
0.009121983949774305
0.006520474182171285
0.004414072063763554
0.0028366585098770106
0.0017468573741306998
0.0010773466993181946
0.0006855755821355764
0.00048808646275280714
0.0004122228223510241
0.00041259422449703583
0.0004799599989057664
0.0005865777005501691
0.0007401233527965811
0.0009488303611806432
0.00120563546287522
0.0014051425651019286
0.0017419205926518084
0.0021151348057689384
0.0025103310672343953
0.0029077223398991776
0.0032856106587153635
0.003895854167090788
0.004359060173502311
0.0048493048364144946
0.005398791505414249
0.006122680965931575
0.0070496294011680284
0.008218590168809351
0.009738117375148469
0.011672712255816587
0.014058461348784473
0.016902277289065914
0.020130026214109357
0.023635523671886365
0.02725244474440837
0.030774432622531853
0.03397379301363571
0.03662639207220315
0.03853689194155623
0.03956253949500538
0.03971378838057435
0.03913190382260242
0.03762781939490882
0.0353158539583086
0.03236153974249671
0.028961884009108155
0.02532237051737945
0.02164044247270044
0.018082981793124
0.01478186705535965
0.01182625969806394
0.009264966505519463
0.0071252379393238535
0.005376413434314028
0.004029733838703375
0.0030037523224012387
0.002267790646701928
0.0017913674269900226
0.0015302132570302939
0.001476503841435646
0.001597046049062567
0.0018766148209506048
0.0023071122474647614
0.002874901098011935
0.0035610399399108278
0.004338989035503809
0.004891542977128324
0.00573992495389359
0.0065685174138622425
0.007336640006394751
0.007981162505574062
0.00846301578269791
0.008752637413712808
0.008833607794909847
0.008715313871962707
0.008410195825802123
0.007957432083995783
0.007397412055337411
0.006783504053359918
0.006165876215910349
0.005610004735112813
0.005124550058706437
0.004742217468410509
0.004486231943682328
0.004346673066327535
0.004332560886804574
0.004421417260092767
0.004605360907869101
0.004877042559733701
0.005215522534819877
0.005600888892487551
0.0060101114178342805
0.006270550181544029
0.00661713715448328
0.006878710948944718
0.00702837877210951
0.007056334326939191
0.0069590692697902344
0.006747789649315147
0.006437888910610955
0.0060471795572531635
0.005595820366130496
0.00510618702821981
0.004601533810200029
0.0041174736527660565
0.0036657263423492677
0.0032724291924994655
0.0029635022643662817
0.00276641203116325
0.0027087385877957856
0.0028244859036289315
0.003096870691798674
0.0035013358080831594
0.003973573446423129
0.004426417035635281
0.004772980265817292
0.004951529679239019
0.004964657274374904
0.0048333311869132355
0.004563582974396238
0.004186940816846909
0.0037412516608375497
0.0032657477171094173
0.0027899234329397185
0.002348514074568125
0.0019664746929258436
0.0016614192882359801
0.0014469890110250132
0.0013212139037654506
0.0012743443705461191
0.0012907782787433622
0.0013563087651832688
0.0014584922854793932
0.0015873030774885795
0.0017359116021702318
0.0018996696232007938
0.002067594431161038
0.002259603838590778
0.002445041994046364
0.002632749018251501
0.0028284560538262052
0.003036543306969494
0.0032638069316725574
0.003447514833687142
0.0037388729557476337
0.0041134959447211876
0.004531738591051314
0.0050198910389120275
0.005576807598949012
0.006195939438058195
0.006878757702318604
0.007583114914697367
0.008292607505665685
0.008978436701519965
0.009611757503234697
0.01016238721994349
0.01060534477836182
0.010919561669210308
0.011097263115375984
0.011120188329892962
0.010989038748472029
0.010709349709131497
0.010329028037393741
0.009824979236163269
0.009244667341905105
0.00861743703893226
0.007985332497499303
0.00740106507481357
0.00689071277744613
0.006607122163472707
0.006289947835544755
0.0061174574253217325
0.006093607018934416
0.0062087890030230845
0.0064393015245104894
0.006749305025456869
0.007094171476592138
0.0074250444619396025
0.007694053646484309
0.007870922027255556
0.007909891226276123
0.007800676060020055
0.007542105606110016
0.0071470144281141
0.006645303102748695
0.006063553900585919
0.005442763693031406
0.004820339525812661
0.004230395254602297
0.0036998379204249547
0.0032488582648761335
0.002883268327285133
0.0026201059582886643
0.0024286795591476553
0.00230701809634434
0.002257289852745273
0.002220205559225144
0.0022188744431445727
0.0022405346417951728
0.00227903579299246
0.002333386059874399
0.002435072666523164
0.0025416783960718397
0.00266835343955871
0.002817627778352366
0.0029858802148409708
0.0031778796284646586
0.003371997544723161
0.003558626178714584
0.0037324949546227717
0.0038866894750059226
0.004019510754268765
0.00412957330069451
0.004222409353358174
0.0043050303191165176
0.004386642606828627
0.004477276329496858
0.004589622260397522
0.0047223993003903475
0.00488000623062753
0.004998579633421805
0.005194160924221662
0.005403147595525054
0.005620856719113515
0.005827905405193152
0.006015704037035022
0.006182588555450678
0.006306192577711814
0.00638420491620236
0.006412417404933913
0.006394598902210996
0.006386230649687711
0.006308008225862248
0.0061948501387707805
0.006064021344943153
0.005927680968220304
0.005802328324541306
0.005735344918447148
0.005679182347529378
0.005673418609231056
0.005728722671074271
0.005857882979385015
0.006062313783831548
0.006348717071864244
0.006720069374514503
0.007181510125860173
0.007534803142002027
0.008131322867412747
0.008795488245683832
0.009511806525973472
0.010314629572146839
0.011151415354561893
0.01204494854129919
0.01303477956857376
0.014181733953234958
0.015555335201055577
0.017211853774522543
0.01907582363609889
0.021034293016503502
0.022861707661370433
0.024293427252785462
0.025113259964288096
0.025193367335796926
0.024571533700663797
0.023387318336161495
0.021819461836065465
0.020024797537448687
0.018110684964843533
0.01614804229455406
0.01420659343668683
0.012365744665311883
0.010708678044264768
0.009737710764216118
0.008504575629519794
0.0075333768788854475
0.006786465255684518
0.0062086720208754005
0.005752651218985092
0.0053646062593461
0.005017556622734463
0.0046950104048871155
0.004389045302097966
0.0040977026876600035
0.003826851568505482
0.0035730178788492143
0.003342179623078151
0.0031371455537089836
0.002958739656711902
0.0028079920233300693
0.0026817581366072782
0.002577264809021437
0.0024902645285390826
0.0024160418229423135
0.002350252646443687
0.002292241205973689
0.0022479597169932316
0.0021926922609903235
0.0021959911350501083
0.0021988457858559997
0.002265436505675631
0.002460461672030445
0.0028739983992773573
0.0035849603368051154
0.0046889655512244955
0.006180542332625832
0.007965726660846568
0.009859292241911836
0.01160737948676891
0.012966472822305737
0.013779060581239642
0.014017821076804318
0.013756318641617781
0.013121821931864395
0.012230681990110901
0.011155399531074106
0.009937346812794004
0.008615408276877129
0.007254050012638091
0.005937884743188135
0.004752169581748104
0.003756924363663442
0.0029735361663879535
0.002388591188406139
0.0020922106102186505
0.0017609903714701463
0.001528253440822666
0.001364994934299358
0.0012501219889342336
0.0011692163513087163
0.0011158205753803144
0.001080575319408414
0.0010584381013769167
0.0010475401802252356
0.0010461181603068194
0.0010533815324305293
0.0010686870274682087
0.0010916352427878433
0.0011213530489836056
0.001276420525649235
0.0014175210250184887
0.0016015530354440014
0.0018591218925113758
0.0022127157564410306
0.002691037260059214
0.003394564235945016
0.004257504139308811
0.005346667817599434
0.006675310457101599
0.008236776713407792
0.00939250357766809
0.011288565247167743
0.013259631176229114
0.015221379716306644
0.017064233476211985
0.01867464948652767
0.019949924682576736
0.020824198986109405
0.021234340897395093
0.021171322394431633
0.020661318108678307
0.019762152730009235
0.018554018208623187
0.01715312904073196
0.015625064658938207
0.014080667803252015
0.012605033895814008
0.011274136420780515
0.010201005624510394
0.009343721007041894
0.008731074427022631
0.008382037228350056
0.008289546586517366
0.00844215104861334
0.008858531821244296
0.009238689154536123
0.009990399586271693
0.010908565378894905
0.011972637021145646
0.01314727753709308
0.014385182931590008
0.01562895179787571
0.01682171950162655
0.017886874941863043
0.018762296201328358
0.019395231986304773
0.019748271852909265
0.01980261209481074
0.019559477681296768
0.01904014094168259
0.01828137383915943
0.017331678832999946
0.01624692929731979
0.015084036937793364
0.013896490774373863
0.012730742995788928
0.011623024859980721
0.010598778385634156
0.009672445996904342
0.008853217773527001
0.008128213918662478
0.0076939904223028485
0.007105696697827974
0.006578529792369715
0.006096493995430739
0.005647153288221855
0.005217822281091043
0.004801087506704886
0.004395366039077115
0.004001055488560751
0.0036185986919582275
0.0032529750235517005
0.0029094547054412936
0.0025933626588809247
0.0023100939709883844
0.0020631817598955812
0.0018554911854972611
0.0016881044065846233
0.0016212877823673954
0.0015844227776138182
0.0016049827457777209
0.0016954255935209895
0.0018658539883776024
0.0021286023985672593
0.0025086396001702017
0.003038138802189487
0.003691780408164845
0.004210281487339498
0.0051133442385154085
0.00615948236793528
0.0073175691187904734
0.008546720658744143
0.009790338987816137
0.010981316207826677
0.012049025864491818
0.012926963121735063
0.01362312258686171
0.014027353109337816
0.014173061375345531
0.01406355547092494
0.013737399944538547
0.013254037568299288
0.01270308933311338
0.012134656176750438
0.01162253433311792
0.011225814064013214
0.010984839466499063
0.01092345684962502
0.011041721371523448
0.011318904515182002
0.011710152089275876
0.012160349931752142
0.012607237076147283
0.01287282485234401
0.013182072441657115
0.013346771968386614
0.013338102529862162
0.013144843100843278
0.012772024672806926
0.012237606331254957
0.011569043900091138
0.01079877933725901
0.009961361243137398
0.00909007066512311
0.008214826998197455
0.007361105567376221
0.006549758848301208
0.0057923645641801335
0.005097735841118522
0.004469673301699786
0.003908014842023919
0.0034097008374041073
0.002971213713686197
0.002586990983011951
0.002252241605439812
0.0019807246276745617
0.0017479770184334496
0.0015595481308806219
0.0014593234814254947
0.0013474867666562283
0.0012883271663731005
0.0012763876408036575
0.0013270250816847452
0.0014259447023662031
0.0015803465506616847
0.0017885272941942508
0.0020476802927955123
0.0023484915660875656
0.0026770502692703745
0.0030182914797984195
0.0033535059326932543
0.00366274243307597
0.003926738649652924
0.004128771911441263
0.004256180132715371
0.004301340495540427
0.004262036761717724
0.004177960306423013
0.00401278710957219
0.0037910699386820177
0.0035396925260326646
0.0032836479855915678
0.0030470391197497232
0.0028674544071090047
0.0027824002238313146
0.002708912878434431
0.002708162925314711
0.002771681286615424
0.002884773510187771
0.0030341705331874687
0.00321332821822193
0.0034551927271907496
0.003730537204787591
0.004059678881401622
0.004448135828600727
0.004892134726967156
0.005386035174192952
0.005920158820827383
0.006508364334190992
0.007119280938250059
0.007765667506634125
0.00844196578296688
0.009133840645351887
0.009823121772917321
0.010481101950397205
0.011073687948707526
0.011570143824463629
0.011940590803178937
0.012161069784006641
0.012213365920630794
0.012169652561413778
0.011946955070758712
0.0115583013879901
0.011025721130067048
0.01037542633643877
0.009638365483399077
0.008847995786110556
0.008049313794873968
0.007268469721063208
0.006534528817549306
0.0058773483829283575
0.0053190765785748155
0.004873464442206214
0.004547863435069058
0.004346513348508637
0.004251045798918293
0.004252260196796736
0.004332480071620473
0.004471806580938913
0.004650544400144581
0.004851502980103563
0.005055478570418539
0.005247816589662257
0.005416878999566494
0.005552758884945674
0.005620644602285687
0.005683467492149084
0.005696752869454142
0.005653602673588187
0.005553095384754129
0.005396116855000776
0.005184716310651177
0.004924199882954367
0.004621947441429967
0.004287619391648509
0.003929539269742808
0.00355921145063902
0.0031874800186675735
0.002823760135017234
0.002476877632466428
0.0021539786479172532
0.0018605381628340155
0.0016055331504304905
0.0014004407986604843
0.0012304765867878595
0.0011042144146926982
0.0010252886037278887
0.0009955697226598755
0.0010189920462426209
0.0010956224150490874
0.0012357832210110563
0.0013562903026549118
0.001582717308790525
0.0018551548422479592
0.002191914651319991
0.0025612335364891443
0.0029722755437346783
0.003436277912893414
0.003948984294737934
0.004507509081030551
0.005108962045892667
0.005715638995212142
0.006275646186928302
0.006728970689187562
0.007027332142269678
0.007140818796018864
0.0070875038127897515
0.006914931010601001
0.006681510210890339
0.0064307159774352725
0.006177083826164077
0.005910046792037019
0.00561036147730459
0.005267779022924441
0.004929481633861982
0.004562952560775337
0.00421849430985276
0.0040120549494406235
0.003746722896747053
0.0035392277855869157
0.0033910011284249723
0.003321900779522918
0.003309106281477584
0.003366507435930265
0.003493993994829068
0.003685641846240595
0.003931767557057365
0.004209354130623681
0.004496635244754372
0.004766766178453737
0.004995193418669924
0.005160542408873011
0.005247380520466924
0.005249292425434407
0.005163069712545633
0.00499537625992938
0.004756759906217985
0.004460863903914038
0.004122682920148659
0.0037574497083701927
0.003378860054469582
0.0029997479763362073
0.0026310205554550595
0.0023956458733842443
0.0020636776652564327
0.0017618036075169937
0.0014935902407099365
0.0012603585841950572
0.001061588064428248
0.0008945270401797839
0.0007625858982990609
0.0006538650835111202
0.000567653629338964
0.000502112417668755
0.00045574348859666567
0.00042820497103384313
0.00041955973060598154
0.00043528011715401904
0.00047016057160609016
0.0005248667346217185
0.0005990651912392904
0.0006902438872973433
0.0007935458316414332
0.0009033503093605551
0.001013728617072868
0.0011166326465448112
0.0012054576675633118
0.0012750578993794268
0.001308878926086893
0.0013392384196794526
0.0013449813110214567
0.001327556818028445
0.0012898341296741283
0.0012519449376792065
0.0011930893239490458
0.0011293987785597156
0.0010662829540985734
0.001008301473080275
0.0009600415154750152
0.0009253466750407396
0.0009149111589146317
0.0009179692973828322
0.0009405810010460726
0.0009825342121574355
0.0010567807830357552
0.0011537072928043224
0.001284055998874651
0.001458508798079337
0.0016880380920654729
0.001980556803878784
0.0023341828151924628
0.00273801931376974
0.0031507923692060866
0.003529082874938467
0.0037388084524100154
0.0039634548659499835
0.004068329909464854
0.004064788846271537
0.003983102135911913
0.0038571460693903794
0.003710218859695919
0.003546870249089451
0.0033593030051142897
0.003136675268568047
0.00287564222998407
0.002584711366972218
0.0022853192492984574
0.0019929041754123736
0.0017252816280913096
0.0014919690204074417
0.0012953791721405363
0.0011505150779377439
0.00103008647803097
0.0009409941249816948
0.0008820121777514093
0.0008524817893583164
0.000852460731412077
0.0008810711505383148
0.0009451952108608642
0.0010285256692603574
0.0010962612383504193
0.001213059126329938
0.0013440195745755825
0.0014873639100680992
0.0016361816954827153
0.0017903190258796637
0.0019444024604487586
0.002097939643662347
0.0022499939193109803
0.0023995711914541287
0.0025468415833006506
0.002688758777659564
0.0028249059344816418
0.002951031061699441
0.0030645658074710857
0.0031616021591787083
0.0032378527977070127
0.003288901724216027
0.0033106816366107682
0.0032996420533378088
0.0032535407504358364
0.003171614447276202
0.003054825658641627
0.0029058773787105207
0.0027291085365723834
0.0025983870881924713
0.0023875665353384175
0.00216483658211262
0.0019365945697526565
0.0017107500776304305
0.0014905206619180407
0.0012815677589268503
0.001088200480674665
0.0009137490845893611
0.000760691383455667
0.0006329086036464233
0.0005293038218998723
0.0004501090244141311
0.00039719344608256445
0.0003692013536739366
0.00036286855876134884
0.00037761499977008976
0.0004116599645115546
0.0004647460202215389
0.0005320692010397804
0.0006130265519177083
0.0007044724617716003
0.0008095800222005065
0.0009209822462106747
0.0010543549024942247
0.0011933016340986858
0.0012929908966718172
0.0014568682446350495
0.0016373720037681783
0.0018312765188157009
0.0020342711369440505
0.0022342053562403948
0.0024264931034496664
0.002590081944657128
0.002728097467121597
0.002845715639555406
0.0029526035058339887
0.0030569624706376173
0.003162221930923773
0.0032639200977470882
0.003349533636146452
0.0034039587205298926
0.0034176639377979964
0.0033866064338648255
0.0033138607565259613
0.003206681581051245
0.0030736249753532184
0.002921744000234052
0.0027573317261298507
0.0025836001389130227
0.0024036463238463193
0.0022212087879733577
0.002100835275622611
0.0019249429203596713
0.0017598126286719174
0.001610085125277024
0.0014781525413161418
0.0013644509019579947
0.0012673105670528882
0.0011785554229686265
0.001093334758142829
0.0010076356535678407
0.0009265062510400131
0.0008452952395659691
0.0007863774909818289
0.0007342523094488303
0.0006985790940748794
0.0006900473968123636
0.0006987457971673384
0.0007300586446401953
0.0007848767248608909
0.0008720034033954272
0.000989975472432791
0.0011424087886929557
0.0013345064906988358
0.001562127661232444
0.0018205717314978072
0.0020068279669407073
0.0023004858183058078
0.0026021420376508265
0.0029057337029210757
0.0031943901444601483
0.0034602355175987944
0.003695529562259604
0.003894096876727201
0.004051923984706778
0.004167068239923243
0.00424088641724687
0.004273164539876073
0.00426599797517006
0.004222468175810219
0.004145229083060214
0.004037036292583397
0.003903453654815303
0.0037428789835405123
0.003559600621146865
0.0033570588748101315
0.003139395774144285
0.0029105456845972275
0.002675601500696134
0.0024407288152460726
0.002209752272160206
0.001990504889308328
0.0018507137916748536
0.0016541221571387391
0.0014760768460453772
0.0013274982714706286
0.0012015181451030326
0.0011026050488933843
0.0010465426564957407
0.001025874098062215
0.0010491082489431818
0.0011222776080986661
0.001251661516559959
0.0014348021487214616
0.001666534092930368
0.0019362071043900384
0.0022351534127606305
0.0025378666573068528
0.002852492734155598
0.003147943578514184
0.00342344627034499
0.0036785586704157665
0.003911507408155571
0.004118843131090504
0.004299931730608553
0.00445883611196426
0.00459005945439209
0.004705956702621386
0.004780645685558992
0.004900807443172731
0.005039255190251438
0.005198847023895819
0.005369061940667976
0.005532267715338419
0.005651633206794351
0.005698382397426875
0.005652821849931088
0.005511701507211149
0.005290179355087757
0.005013946950925924
0.004710041271894493
0.00439694885326722
0.004080730180964629
0.0037574640174642183
0.003420138638904957
0.0030659194849471222
0.002699534195457519
0.0023329253160444853
0.0019805897117940656
0.0016632263370176708
0.0013814326648389841
0.001142495456321032
0.0009473832407711153
0.0007940441001619076
0.0007154063980950078
0.0006262060687214909
0.0005705691104452186
0.0005503122026474351
0.0005564927046999609
0.0005952813408994342
0.000654537641186066
0.0007345068214159817
0.0008310180604575768
0.0009399119450354387
0.0010581278322358634
0.001185516540661371
0.0013181666942474616
0.001467620878011866
0.0016217051284966293
0.0017849476612953493
0.001959133680258803
0.002142261047157603
0.0023355820667547906
0.0025317033679714846
0.0027262055867509657
0.0029181572775054125
0.003100188944703064
0.0032685352541132547
0.0034219929462218344
0.003516327072189801
0.003642329173486958
0.0037503494049876225
0.0038347808431876836
0.0038934661291120756
0.003923112268725917
0.003920643735516736
0.003887350445262857
0.0038243071497433057
0.0037298429910735563
0.0036198394798585168
0.0034884567713385057
0.003347827187799645
0.0032060164914239605
0.003069672017871745
0.0029438163389362603
0.00283688011217162
0.002744164297445681
0.0026735639112062145
0.0026175493944338244
0.002577341263641773
0.0025501458446102717
0.0025322932452446455
0.002519526637071235
0.002509597942615837
0.0024993883218336357
0.0024889030917640254
0.0024771883771193175
0.0024626045161542415
0.002453455038146746
0.002459420242625026
0.0025029003796019945
0.0025805974045482864
0.002706221332298809
0.002879493502963486
0.003089185113745535
0.003309591826555292
0.003511504787686618
0.0036698922818579473
0.0037767288042095896
0.0038326538379121343
0.0038677481222846367
0.0038939485962902463
0.0039308201150173245
0.003980337938475083
0.004029801309489142
0.004058275947898642
0.004046456577624117
0.003985801744292866
0.0038849721436571604
0.003753508222865042
0.003612877214083956
0.003521149676703654
0.003396558430780262
0.0032932359950502577
0.0032117539290043807
0.0031490067400765306
0.003099936054690344
0.0030592809433202537
0.0030225924304769485
0.0029859352228172446
0.0029468404828047893
0.002903694419071546
0.0028555591715805797
0.0028017762967589674
0.002744025822429337
0.002678121314452651
0.0026041865118433573
0.0025199220709432833
0.002426847297623606
0.0023213793397933564
0.00220585203506097
0.002096077257119306
0.001989958219964193
0.0019029641979607002
0.001851971090347267
0.0018539914265412328
0.0018924974891402753
0.00200886269918588
0.002188644278234807
0.002408990259065142
0.0026257156681552757
0.0027891047453593304
0.002858811259678174
0.0028176239097428227
0.0026789115801589764
0.002481208524554979
0.002272138855391885
0.002089011090399078
0.0019468129659107468
0.0018367634731651355
0.0017318352567042873
0.0016072425030441602
0.0014498182803244462
0.0012624754696971832
0.0010614329785108604
0.0008708192038553856
0.0007050313955145576
0.0005765733699496585
0.00048686339358983236
0.0004333948793909028
0.000409222462061575
0.0004086901736870422
0.000418809255503316
0.00045180045745104745
0.0004961590670775812
0.0005488556910851749
0.0006086271554350014
0.0006730392641334026
0.0007404260731025608
0.0008084084150761859
0.0008752561204224589
0.0009401131768564264
0.001002718908173041
0.0010584376729858317
0.001107164292608106
0.001147639939498444
0.0011804175749765633
0.0012033339571193723
0.0012170259517679065
0.001222224433150711
0.00122001030456973
0.001212471714735859
0.0012006666044685208
0.0011870268542060545
0.001173140754177985
0.0011611207549077898
0.0011619199817941457
0.0011632275537947136
0.0011673426896212141
0.0011799786508925488
0.0012037098254409967
0.0012377923117145827
0.0012846239570666333
0.0013475690634522882
0.001427668858040853
0.0015314016268174278
0.001654118452629651
0.0017938914295744684
0.0019536608059955766
0.0021189694090010367
0.0022835949109620878
0.0024385649246630664
0.002575019588373252
0.0026842250479848376
0.002761009067163185
0.002802908674269896
0.0028116823653417844
0.0027898789387806903
0.0027410200911377803
0.0026702189999926376
0.002581831254313216
0.002478895651918617
0.00236332654177281
0.0022363133845677377
0.0021458025303998994
0.0020023636403814914
0.0018520596307498036
0.0016974703484891817
0.001542627922848222
0.0013917127512516265
0.0012485912676420449
0.0011163112993497414
0.0009967812371286622
0.0008907173132625356
0.0007976662870969129
0.0007167127527965613
0.0006459661834786205
0.0005839852156133868
0.0005294459952070517
0.0004811114795371543
0.0004382216524958423
0.00040019086111987905
0.00036653656373791875
0.00033682149758640687
0.0003107763706857537
0.0002876818866456227
0.0002671189225524507
0.00024864443093844336
0.0002318730663956838
0.00022146656089662412
0.00020718716832504561
0.00019410394590836468
0.00018558877768791888
0.00017793987307306976
0.00017263395047629806
0.00017056477696931663
0.00017197487506739732
0.00017669673644135763
0.00018408680925083166
0.00019355691085877393
0.0002036006192951507
0.000215561992768209
0.00022761026845266713
0.000247508281159214
0.00027329837663777804
0.0003150001684798675
0.0003880582198649438
0.00049496843893441
0.0006511900526791236
0.0008655816727440373
0.0011369890676084767
0.0014494124471416384
0.0017750837348675269
0.0020881590761431044
0.0023313080732792796
0.0024484118511593073
0.0025654169095604084
0.002623443459754069
0.0026644557268330933
0.002726863028094343
0.0028394003990126647
0.0029948108180886195
0.0031796961373102904
0.0033554320305329496
0.003492752482726011
0.0035772032307053577
0.003610171303546793
0.0036068057779829127
0.003587902018697347
0.0035742748286084897
0.0035728627864306407
0.003585589785746169
0.0036070860843077724
0.0036275792182062765
0.0036388314771971324
0.0036301070234653625
0.0035965479325474428
0.003535544969103323
0.0034468922412856083
0.0033326024557384358
0.0031962919764938935
0.0030953295829591228
0.002932090520611148
0.00275931583400408
0.002581023729132276
0.002399521336939365
0.0022185276717857647
0.0020394842279601462
0.001864620803145315
0.0016958868518298792
0.0015353651278905464
0.0013857521988826507
0.001248131671433485
0.001125059273056887
0.0010185249699193304
0.0009304770039623401
0.0008580322807366669
0.0008017235250568158
0.0007610939535759088
0.0007351371852180966
0.0007229733481835802
0.0007232687651183684
0.0007360590405743984
0.0007593709424236365
0.0007939023808942223
0.0008353228626485076
0.0008660126732818849
0.0009148174538351382
0.0009640047067276108
0.001010155547805802
0.0010497601894975505
0.0010803856821260476
0.0010999282796480547
0.001107457444135563
0.0011030364918781404
0.0010877134935708586
0.0010629048464594075
0.0010300566773581768
0.0009904950791969358
0.0009451311510886443
0.0008946006487106542
0.0008394574086022806
0.0007802119181369658
0.0007182651100813318
0.0006538083438713831
0.0005887158632854476
0.0005245959320656592
0.0004646331698936785
0.0004089944612404901
0.00035994796296687963
0.0003198666035286347
0.0002893765516247597
0.00027520416641744734
0.0002632955923933167
0.00026156925070192717
0.0002675014699130862
0.00027749723592786495
0.0002872480284670938
0.0003184232755242816
0.00033392997592967915
0.0003488590691505728
0.0003697993576038261
0.0004022899856849958
0.00045109203839455137
0.0005189720760366026
0.0006069136070142229
0.0007128120474803314
0.0008373047827746725
0.0009766908872879331
0.0011361142905711907
0.0013136156914582134
0.001513038162575263
0.0017362549488811568
0.0019831458090866314
0.002251148308840517
0.0025350681855662895
0.0028272172236280062
0.003117748503506885
0.0033048905415791626
0.0035665077100137475
0.003793669925689918
0.00397371908227392
0.004095333952116586
0.004149630059282853
0.004131164243619383
0.004038675810859038
0.0038754184128505925
0.0036489962252167487
0.003370701870469262
0.003054442422894359
