Y :36.0% Calcite, Diffracto n :1101
Y :14.000000000000002% Gibbsite, Diffracto n :1058
Y :21.0% Dolomite, Diffracto n :1120
Y :30.0% Hematite, Diffracto n :1224
0.0
0.0
0.0
0.0
0.0
0.0
0.0
0.0
0.0
0.0
0.0
0.0
0.0
0.0
0.0
0.0
0.0
0.0
0.0
0.0
0.0
0.0
0.0
0.0
0.0
0.0
0.0
0.0
0.0
0.0
0.0
0.0
0.0
0.0
0.0
0.0
0.0
0.0
0.0
0.0
8.516497182190507e-36
5.228453302637467e-34
1.3279095471837327e-33
3.0374724347097728e-33
6.257508163096572e-33
1.1610013558162072e-32
1.940008244071685e-32
2.919520918984293e-32
3.956896229146047e-32
4.829819535761274e-32
5.309316831131708e-32
5.256254328734741e-32
4.686436368198636e-32
3.7639059663567414e-32
2.7232441310591004e-32
1.7765937292870812e-32
1.0481235411717494e-32
5.6484481690005586e-33
2.8754232926818374e-33
1.5226183698297018e-33
9.995111669066983e-34
8.837650805055566e-34
9.182573142485394e-34
9.640249338342748e-34
9.568065300696681e-34
9.126852319729597e-34
7.941673234259073e-34
6.355514420848688e-34
4.674967543903839e-34
3.160320406853135e-34
1.9633262292266237e-34
1.1208793813712018e-34
5.880705957049382e-35
6.523395576316434e-35
2.0023005206373203e-33
6.16449503727267e-33
1.362535799773459e-32
2.7707565740642677e-32
5.181326446085237e-32
8.909220439592577e-32
1.4086008636771776e-31
2.047783960014662e-31
2.7373334927071193e-31
3.3644835354204672e-31
3.802385156932049e-31
3.951307163336058e-31
3.775483074161817e-31
3.3170455219866933e-31
2.6796474301992637e-31
1.9904504341480983e-31
1.3594796924431335e-31
1.0063191174879261e-31
5.975901586013105e-32
3.2630148665978487e-32
1.6382589700325968e-32
7.562995494805324e-33
3.210352446028589e-33
1.2530224688897642e-33
4.496885626122697e-34
1.4839220731500314e-34
4.502522665936862e-35
1.2561613311981522e-35
3.222393822537018e-36
7.600712730289672e-37
1.648432562886316e-37
3.287211936663018e-38
6.027291568839851e-39
1.0161383062739164e-39
1.5751341861011746e-40
2.2449890104774946e-41
2.941985066720603e-42
3.5448167223633373e-43
3.927096064966417e-44
4.000100229362583e-45
3.746182058221076e-46
3.2256887290995717e-47
6.003080013039356e-48
1.0893484431568112e-36
1.5495003882221026e-36
2.1748131681633588e-36
3.0120183313697475e-36
4.1162207694167685e-36
5.5506660708107215e-36
7.38578964451064e-36
9.697374324266686e-36
1.2563677441066295e-35
1.6061451399824803e-35
2.0260874676675159e-35
2.521952977518522e-35
3.0975702998265437e-35
3.754142473593698e-35
4.489580072932744e-35
5.297928406405926e-35
6.168958388573691e-35
7.087988245916025e-35
8.035992611611178e-35
8.990036626378453e-35
9.924046388260392e-35
1.0809895668871375e-34
1.161875546495814e-34
1.2322621603360182e-34
1.2895910370538388e-34
1.3194675331838779e-34
1.3504854896081978e-34
1.3639125585258106e-34
1.3592161512377497e-34
1.4195135857562942e-34
4.002828727902979e-34
6.54483006589875e-34
8.609676234215999e-34
1.138399603945832e-33
1.5065408912149027e-33
1.9857354713052065e-33
2.6006548584288098e-33
3.3771462924730706e-33
4.3418260707720214e-33
5.520722575977262e-33
6.93755747396596e-33
8.611712029876487e-33
1.0555971671824175e-32
1.2774189892732517e-32
1.5259056415186569e-32
1.7990187426575492e-32
2.0932770743532528e-32
2.4065267801168948e-32
2.7299117226807383e-32
3.058103295320603e-32
3.383914310684911e-32
3.5960382293864083e-32
3.90063594668141e-32
4.1812281944168416e-32
4.428291946126851e-32
4.631265513077714e-32
4.778953491957165e-32
4.860695130913122e-32
4.8681979707278014e-32
4.7975283198115226e-32
4.650513144219436e-32
4.434932342836559e-32
4.1633445099116864e-32
3.850950056849258e-32
3.5132434925059664e-32
3.164173030527076e-32
2.815537728005335e-32
2.475581401669072e-32
2.1765557028636985e-32
1.882831804142979e-32
1.6165162456925634e-32
1.380956464410553e-32
1.1786392996358595e-32
1.0115312208488021e-32
8.804197845241081e-33
7.859187283334684e-33
7.281206237640292e-33
7.098518191877521e-33
7.123040515392187e-33
7.648872979329486e-33
1.2353069314511424e-32
2.0719906693093073e-32
3.441241068612255e-32
5.846265783178752e-32
9.800277338072781e-32
1.5841303953477454e-31
2.4358987894585404e-31
3.535915611353804e-31
4.824281933530188e-31
6.171420876180332e-31
7.391948683673745e-31
8.283768320569153e-31
8.682414374301939e-31
8.51087108614283e-31
7.80417515157528e-31
6.698007153986958e-31
5.386332568423396e-31
4.066191384325936e-31
2.891045997450412e-31
1.9470263316667427e-31
1.2542842937932646e-31
7.855642854456316e-32
5.7286333980642e-32
3.6297592779206323e-32
2.414935740299945e-32
1.720525240751367e-32
1.3093916484175828e-32
1.0438781466396923e-32
8.55752575291737e-33
7.797094625165947e-33
8.229798670328933e-33
1.075911713452148e-32
1.721534255512651e-32
2.982411965167487e-32
5.063062312068853e-32
8.020825758643264e-32
1.1623180434379177e-31
1.5286809171101712e-31
1.8189097674465833e-31
1.955322776782747e-31
1.8978992096014364e-31
1.6628348576450076e-31
1.3148747444229204e-31
9.383158585570566e-32
2.5248895077503345e-11
3.5685472899479266e-11
4.9767511709450953e-11
6.848662904436012e-11
8.410590198537768e-11
1.1319536814753562e-10
1.5032673745117513e-10
1.969922769466325e-10
2.547226476592541e-10
3.2500595064673276e-10
4.0918570899267535e-10
5.083408306486553e-10
6.231533346061593e-10
7.53772423132293e-10
8.996859911957137e-10
1.0596124782366026e-09
1.2314266892198546e-09
1.4121325125554485e-09
1.5978931488234052e-09
1.7841255362000089e-09
1.965660344374448e-09
2.1369626682969076e-09
2.292402042022312e-09
2.426554389692492e-09
2.5345138335398997e-09
2.612189587486495e-09
2.656562966920903e-09
2.6658820264906867e-09
2.639776335632632e-09
2.579281411072237e-09
2.5209674190522474e-09
2.4090241301191074e-09
2.2715403705100793e-09
1.2067650039261635e-08
1.6086848546919316e-08
2.1595780876645556e-08
2.902188089050309e-08
3.8866937807892636e-08
5.17044355289365e-08
6.81704373095186e-08
8.894648608153793e-08
1.1473330649470084e-07
1.463684456352498e-07
1.890941924553341e-07
2.382876990548882e-07
2.9394618532783287e-07
3.581598459955812e-07
4.3106302578725737e-07
5.124931459694827e-07
6.01949748171696e-07
6.985689777959934e-07
8.011175875201492e-07
9.080091885805408e-07
1.0173436637915346e-06
1.1269685657836264e-06
1.1990695120029702e-06
1.3039695252801771e-06
1.4028355841324603e-06
1.49335683797825e-06
1.5734077028989464e-06
1.6411322339849032e-06
1.6950115958553045e-06
1.7339113052536312e-06
1.7571070397002359e-06
1.7642898520091685e-06
1.7555533203724563e-06
1.7313662901839723e-06
1.6925353275762488e-06
1.6401608274392205e-06
1.5755900319897336e-06
1.5003692291636954e-06
1.4161963548242888e-06
1.3248743433848365e-06
1.2282650221602035e-06
1.1282432018576763e-06
1.02665085950556e-06
9.252518376114804e-07
8.256881360703655e-07
7.886685841792328e-07
7.215286796470837e-07
3.2073958271189118e-06
4.9433198219353035e-06
6.65733315080207e-06
8.983254298994172e-06
1.2078159574711497e-05
1.612208253708849e-05
2.131537484769621e-05
2.7873556509180138e-05
3.601925828625719e-05
4.597103516391994e-05
5.7929089833533855e-05
7.205828095335477e-05
8.846918001865085e-05
0.00010719834647095048
0.00012818936407641294
0.0001512764655980891
0.00017617270956006418
0.00020246461279239015
0.00022961485352106622
0.0002569741363709706
0.0002838025791522538
0.00030930010148113343
0.00033264435635318535
0.00035303385692923037
0.0003697332271807595
0.00038211705120488247
0.00038970868924818837
0.00039195253197152883
0.000390993851464514
0.00038489476635955713
0.0003738950220386442
0.0003584205813357853
0.0003390562537418107
0.00031650904517817926
0.00029156542745594274
0.00026504611746124473
0.00023776196205602855
0.00021047416796072152
0.00018387023653648342
0.00015851855652440966
0.000134880814801891
0.00011329230373995219
9.396553491162845e-05
7.699429565060402e-05
6.236079600124852e-05
4.9948527539472735e-05
3.956466704279932e-05
3.097255431174576e-05
2.392793021228233e-05
1.8207633434992508e-05
1.3621699665011763e-05
1.0008770961721838e-05
7.223582803059428e-06
5.757908272324042e-06
4.045993008799167e-06
2.804994444398083e-06
1.9215572242403e-06
1.301750334265698e-06
8.721202659579269e-07
5.775922335788185e-07
3.7793863847951937e-07
2.4421036259948395e-07
1.5577663005569145e-07
9.807307231523737e-08
6.093445702189534e-08
3.7361338647672654e-08
2.2605836117880495e-08
1.3497541297981501e-08
7.95286864446363e-09
4.62410535413179e-09
2.6531773771053427e-09
1.502240399786255e-09
8.393577735610669e-10
4.627956475793445e-10
2.5180585495028895e-10
1.3520001160467016e-10
7.163444753676316e-11
9.763697784773172e-06
1.229659980494846e-05
1.7187509282801623e-05
2.3705361758156987e-05
3.226158842901796e-05
4.332417922078047e-05
5.740904864323105e-05
7.506470023665642e-05
9.684931508015735e-05
0.0001232999061055967
0.00015489390561588908
0.00019200445587175635
0.0002348516830164392
0.00028350400275026455
0.0003377077316268058
0.0003988444965774189
0.00046602509244567916
0.0005402479693121932
0.0006233799264088281
0.0007172840913586489
0.0008226609939272508
0.0009369547463569253
0.0010525450937682813
0.001156752735971923
0.0012346615590863854
0.001274095505785443
0.0012703385003030043
0.00124572283152927
0.0011835761846900833
0.001103253336555405
0.001016940244846055
0.0009323916472137379
0.0008525089176962423
0.0007769339741355341
0.000704150985982594
0.0006329741974124815
0.000563110894645505
0.0004950615809612382
0.0004297602837604025
0.0003682306220477605
0.0003113606014707605
0.00025979318755124507
0.00021389556672025262
0.0001737730592958904
0.00013930888988567162
0.0001101992397916606
8.601814257275379e-05
6.625492800755114e-05
5.035839737757604e-05
3.777175772514993e-05
2.79597135240462e-05
2.0427713167006193e-05
1.4733978357359228e-05
1.1767736316165508e-05
8.315832160942249e-06
5.811633707792848e-06
4.0236783323641275e-06
2.7681456339618733e-06
5.184300173914207e-05
7.176310401544663e-05
0.0018778735043118416
0.002659445785842163
0.004808470955051096
0.00665799113848207
0.009098006413576065
0.012269054661524828
0.01632809081978192
0.02144459968338231
0.02779561661674693
0.03555294466437706
0.04487783877710312
0.05590429743024488
0.06872507258291595
0.0833761529030821
0.0998217153680872
0.11794095864156873
0.13751835213897046
0.1582388050404437
0.17248722553840837
0.19414955846284146
0.21566125757788882
0.23640905756525055
0.25574806220899865
0.273034090858662
0.28765883721372376
0.2990852078844773
0.3068799962677886
0.3107411263962282
0.31051707951052826
0.3062167618607941
0.2980089178498108
0.2862111423704524
0.2712694896068304
0.25373050311591455
0.2342081105167288
0.2133481715596751
0.19179351381496704
0.17015204795105737
0.1489700720215516
0.12871222503743815
0.1097488221332681
0.09235058549041912
0.07669015440015998
0.06284927183142039
0.05463686479314744
0.043800809786728005
0.03465299714418235
0.027055949784589736
0.020847237936915043
0.015853110833479612
0.011897301089905386
0.00881211116781141
0.006441773126965577
0.004648014780002823
0.00331076357650411
0.002328647518713284
0.0016181286601633196
0.001112560778869188
0.0007585432156901712
0.0005158061610336167
0.0003539498443802366
0.00025051133074150496
0.0001888305206821253
0.0001561123759305354
0.00014199048080247698
0.00015413240746856664
0.00016010455591525816
0.00016760262044563902
0.0009255726104251321
0.0015457426482786136
0.0018942574639815573
0.0025616027459670183
0.0034416961185448473
0.004589062418511524
0.006047943487925914
0.007879304903628995
0.010404416189122304
0.013264200015488382
0.0168538662409341
0.020985470903746164
0.025809039496364133
0.03135099221550652
0.03761476716728681
0.04457606543809103
0.052179058090277036
0.06033401881215908
0.06891679133520774
0.07777039264868633
0.08671143949014982
0.09552911467029594
0.10400224893997351
0.1119040204291569
0.11901347623570131
0.12512588506255481
0.13006222691297767
0.1326264276903491
0.1352994697012682
0.13650057283950034
0.13620080710072283
0.1344196984406459
0.13122473395952935
0.12672825473560562
0.12108143006070068
0.11446553000443051
0.10708136967779462
0.0991382474020817
0.0908437076038178
0.08239505262324873
0.07397294795455615
0.06573699271852804
0.057822910765774366
0.05034103161550038
0.04337584734108514
0.0369865309364555
0.031208330915707825
0.026054727655601007
0.021520188099525706
0.017583319274713603
0.014210210861837954
0.011358365588684124
0.008978391399084741
0.007628479743459864
0.00591988362234078
0.004545047281990609
0.003454560987769405
0.002604295143531284
0.0019503771586401166
0.0014567996862313417
0.001209354701269088
0.0011511445448746285
0.001415262343542688
0.002147274266746172
0.0035343167709074533
0.005706718758085026
0.008614523176099285
0.011944262255787909
0.015110084897950755
0.01740107409878584
0.018235522866224558
0.01740047490618535
0.015140529166940987
0.012043960503936513
0.008796202682460405
0.005939351194102065
0.003748411875120459
0.0022464295095827895
0.0013040811475040434
0.0009001254128091428
0.0005146154757849115
0.0002933455449635867
0.000164882548321135
9.010227089932756e-05
4.755573888046161e-05
2.4628883499695294e-05
1.331759392222909e-05
8.498411784152301e-06
7.075362175570639e-06
7.344772232256055e-06
8.463442628624258e-06
1.00577973799513e-05
2.6119881887798185e-05
4.482591147748998e-05
7.859678665828264e-05
0.0007440592474771498
0.0015382966112002005
0.00334065381249767
0.006222137816736229
0.010884771750406474
0.01786645466261242
0.027500266565284037
0.03967840903257946
0.053652773094763274
0.06798207733201735
0.07677654718865136
0.08728145929908124
0.09297154090305203
0.09279523983127003
0.0867894133529836
0.07606615806673978
0.06247632219438477
0.048089403569839734
0.03468954222831354
0.023451177822144932
0.014857700412356352
0.008822242630509647
0.004910330448263459
0.0025628053116160863
0.0012554506925341563
0.0005784961123147099
0.00025197198855355914
0.00010527457809800457
4.329245086835517e-05
1.864022297304817e-05
1.0493876913970958e-05
9.22139556271459e-06
1.3089964571577655e-05
6.533045730326826e-05
0.0001719991295351534
0.000304150972757833
0.0007185108013543134
0.0014768522608169898
0.0027759627075769158
0.004759760304714189
0.007430693070948795
0.010554636053978985
0.013635034056337529
0.016019472494181158
0.017119831338308696
0.016647487746581684
0.014750008104056203
0.01191355175553024
0.008805021629967194
0.006014017846793883
0.0052369274645486545
0.005658155379120338
0.009159320839770852
0.016106941867465967
0.028034830902135367
0.04600785943857293
0.07023884878776113
0.09939416203143639
0.13023683636449382
0.15796768816719772
0.17735702255107946
0.1835449861710986
0.18121084451369493
0.16565306884110806
0.14023075960011322
0.10994019527590243
0.07982929047769041
0.05368720811909792
0.03344258907451947
0.019298619078737547
0.010323011873134072
0.005127000642270343
0.0023745597944113614
0.0010374726835288275
0.0004391743169442328
0.00019122902340703324
9.457886432163599e-05
5.765726150480311e-05
4.269708817142918e-05
3.5397523273975074e-05
3.105660608143923e-05
2.8165688802268436e-05
2.6367017706221086e-05
2.5574139325251585e-05
2.576432154048216e-05
2.691441349597145e-05
2.898465003036228e-05
3.0847039565544334e-05
3.4305664079360984e-05
3.8474089249762384e-05
4.323251449918025e-05
4.843959589744549e-05
5.393449174903052e-05
5.954034203773704e-05
6.506927767377245e-05
7.063449514528572e-05
7.556274557347994e-05
7.989928574238679e-05
8.349844652449099e-05
8.624447964390039e-05
8.805818835613007e-05
8.890157180740573e-05
8.877998815072384e-05
8.77415455048935e-05
8.587367130661344e-05
8.32970631170761e-05
8.01574599870975e-05
7.661586788876977e-05
7.283800564842155e-05
6.901107956262321e-05
6.523605521454925e-05
6.165385979884876e-05
6.160731129657875e-05
5.9444683377067955e-05
8.356936869059041e-05
0.00018090330423892499
0.000280449791878062
0.0004308736358818881
0.0007170124950265745
0.0010819230206824894
0.0015802223545994
0.002212569378759052
0.002953650618795739
0.003750789525334713
0.004532751435063488
0.005232521866585451
0.005793654475872966
0.006209072165341985
0.006645648733898464
0.006981720906634047
0.0073567152296253185
0.007961312026465966
0.008682181758593985
0.009608601228228875
0.010731459838113968
0.012024830487901874
0.013451122088504255
0.014975995301999454
0.016030518191326282
0.017648571083089516
0.019288439118207008
0.020928828259525262
0.02255072204112665
0.024136277934221413
0.025667925363218488
0.027127591843056312
0.02849607923851956
0.029752617202622407
0.03087467216460127
0.03183809589265591
0.03261767544244627
0.033188101597765106
0.033525315761816936
0.033608136337211436
0.033420015092741104
0.03295074043612786
0.032197893841247716
0.03116788038747399
0.02987639308079116
0.028348228344754218
0.02661643899657925
0.02472088182716826
0.0227092473417405
0.02062418224386568
0.019218093249263626
0.01711910559811573
0.015198493992145404
0.01333296153173802
0.011628337974301298
0.010240246246878653
0.009079052149251065
0.008237495454375536
0.007721658323794037
0.007471868539605805
0.007403678699829379
0.007419611380633563
0.007454625210026525
0.00750633142946472
0.007633934115417161
0.007926773286279146
0.008462128645032508
0.009275622720614187
0.010355222434235796
0.011653801452862914
0.013107511408796998
0.014649768285182349
0.016217887270724672
0.01775595291405886
0.01920743419403173
0.020523337712241085
0.021302580813750322
0.022362907450508722
0.02313377230071622
0.0236703242529785
0.023906053132581814
0.023860181767040693
0.02354213611050083
0.02297345549689145
0.02218657018726849
0.02122284654589667
0.020130065455970656
0.018959533278577002
0.017763164548663873
0.016590061946665437
0.015484412443248169
0.014482843002178562
0.013754633675791866
0.013198025525234434
0.012949374248671028
0.01309362649602747
0.020467861639724617
0.029440841530920754
0.048305986331359886
0.0790249787994289
0.128184610813252
0.17392243399715615
0.2648751093153087
0.38294457802787524
0.5230428214143248
0.673156805268959
0.8152192566701484
0.9283482454472415
0.9937935194821984
1.0
0.9459076899930697
0.8412004973107446
0.7034400664945221
0.5532524879018991
0.40936695488359315
0.2850971676333565
0.18703344905077748
0.11576360976856188
0.06780775819140802
0.03781252647830082
0.020306059934311053
0.010724741482458548
0.005766921582831879
0.003303822293609662
0.002094193779806247
0.0014773963435069097
0.0011300188975450387
0.0009714921849782932
0.0007907426692026322
0.00065083192844277
0.000536285632343653
0.00044090700343288986
0.0003614436703377422
0.00029490153689447503
0.00023967505875585062
0.00019423196652071267
0.00017353423160137825
0.00016603673279294123
0.00018768346562639967
0.0002527052324344445
0.0003777947063675995
0.0005763382515256617
0.0008494899110564842
0.0011772930430190697
0.0015153129201194418
0.0018015998000566818
0.0019741648993608276
0.0019925823345110466
0.0018533842199716924
0.001667146278832059
0.0014662140616450645
0.0014168353977388323
0.001684195252459178
0.004163374862384694
0.009353758109455993
0.019976097420543276
0.042117460023522124
0.08019433548867633
0.14086577290149022
0.22712273673239217
0.33514946513709587
0.4520650276323058
0.5571172053829606
0.6276799486365732
0.6472764193999594
0.6117333327343054
0.5307318189361623
0.423552924036869
0.31192937326412046
0.21335247846778208
0.13741047077051122
0.08573238655019068
0.05443724220110148
0.03733888870383177
0.028502584900393844
0.023568965722927347
0.019991169243782293
0.016643416153116288
0.014396158895183817
0.011089628313410576
0.008068330908790144
0.005532469977821724
0.0035741570280501556
0.002178497716291777
0.0012593658996074893
0.0007041508984935575
0.00039493020120427464
0.00024320914634115147
0.0001887882903748907
0.00018744163883282938
0.00021736651929071208
0.00026420018846686405
0.0003181393279338703
0.00037198628713528006
0.0004212468776769717
0.0004647809502244966
0.0005046429186466192
0.0005447075131478614
0.0005922657016913717
0.0006596048991784034
0.0007408102967622102
0.0008494993443210739
0.0009966306983734431
0.0011939802811899987
0.0013575859271826504
0.0016501310940133052
0.0019841175263295542
0.002324127080840547
0.0026188990413076774
0.002814064837579265
0.002869560623645859
0.0027740165882128433
0.0025489437319871156
0.00224052518957717
0.0019038614925276616
0.0015846372079160321
0.0013118223884674425
0.0010942694058475974
0.0009270602117617336
0.0007986167146936821
0.0006964122739826156
0.0006120914213157389
0.0005376090993736359
0.00047068642123008803
0.00041011538093299393
0.00036171806729624634
0.00031610691552459984
0.00027790962287863383
0.00025080873642080925
0.00022969330371767286
0.0002203336600890784
0.00021343289067044769
0.00021510307935018033
0.00022527739956760192
0.00024381732396893375
0.00027300409788386717
0.000311140768476561
0.00036065345733209006
0.0004235657580072566
0.0005017356717189342
0.0005953875455362299
0.0007013371589012077
0.0008120149751395228
0.0010054746624732454
0.001212027832089621
0.0015149785779284483
0.001990271197146403
0.005319284925032852
0.010066497094801988
0.01910590903102668
0.0366927421903505
0.06506638346550354
0.10868926327468419
0.169896347915695
0.24758500711541592
0.30575211214452164
0.3948502204574472
0.47393427551898587
0.5288832354996272
0.5490965828123896
0.530813149491463
0.4781705340503442
0.40164807849783196
0.31470456056403573
0.23005783955397258
0.15693199519126894
0.09994345618080813
0.05953518174004339
0.033351519536494956
0.017818270553688804
0.009384173308043045
0.005205413725641075
0.003331663428325087
0.002586598711860322
0.0023375542486741723
0.0022781661014669797
0.0022739216807761264
0.002270975765019147
0.0022497887404566894
0.002204414568651759
0.002134243396756866
0.002074474476687069
0.0019674090233606093
0.0018426081047683263
0.0017041110850671063
0.0015562361294033666
0.0014033319179527315
0.0012495535928163824
0.0010986735478483872
0.0009539364254789492
0.000817977499719055
0.0006927273674989196
0.0005794811894380682
0.00047889773780029785
0.00039108051661949325
0.0003163104207603389
0.0002564001303712201
0.00020959514439303198
0.00017990345070339008
0.00017384777420772015
0.00019474792816563262
0.0004690140791999445
0.000893047630268948
0.0017452202120262512
0.0032685559367494257
0.005723589861463469
0.009293628733318302
0.012266651983014737
0.017319881163117834
0.022415752212368092
0.02659358929819858
0.02895766783794888
0.02901112766833435
0.026841843715978003
0.022980144864406138
0.018336432050803396
0.013830874894390612
0.012165703766576132
0.012697135901753762
0.01740324097802857
0.0292207737745139
0.05021693068279006
0.08341561158341303
0.13126215563965699
0.19390395587749512
0.2679100754622339
0.34567846504126376
0.41633035415300185
0.4681449713167421
0.4917876316169778
0.4830574825003791
0.44404162323217045
0.3822646935430806
0.33363673836527313
0.25771143575377725
0.18654208558059715
0.1265109338377524
0.08050196426023366
0.048034830816128825
0.02700007554563284
0.014505418731029123
0.007641125988015198
0.004230498044520801
0.0027553134757298766
0.002488516745983092
0.002623809849059887
0.00305867229319176
0.0037897946515666383
0.004632929119771819
0.005656636878700094
0.006868871734955141
0.00828417802464929
0.009920763928918766
0.011785452792448931
0.013887444229481518
0.016226501331917297
0.018786429321983687
0.021817026666353267
0.023994110176755554
0.02773524743047086
0.03244741645152394
0.03852346020260842
0.046471801415372216
0.056580216720185
0.06847851332762435
0.08103999643676356
0.09244100850897533
0.10067350445306175
0.10421979935680063
0.10256629317805015
0.09631329969295886
0.08688094421610171
0.07600588399377567
0.06525843442821416
0.05572790024148189
0.047925273197330594
0.04184251615096842
0.03717551330459948
0.033510168907946045
0.030477968285294643
0.028105494341747268
0.025799643693554624
0.023704550546699413
0.02194739698572344
0.020838991878800648
0.019390308961290993
0.018199354056455445
0.01729137195442371
0.01669154458592074
0.016397181324670752
0.01642519056762975
0.01678505037667842
0.017476075243028966
0.018497934303844325
0.01984176604364825
0.021490102066737373
0.023415229763737964
0.025578290492192728
0.02792741137963791
0.030399651470808767
0.032921151051658916
0.035409594184183435
0.03779109452394788
0.03995484552591454
0.041825025072497225
0.04333041796492456
0.044395395772301685
0.04497528000955817
0.04503994360271347
0.04458005824137124
0.04398708057188723
0.04269135784897912
0.04094749194086852
0.038818001015132886
0.036377422794783405
0.03370860842242036
0.03089777351175554
0.02802931656153694
0.025180785738657098
0.02241854234492942
0.019794780644005777
0.01734646559258262
0.015096353558926778
0.013055656621545031
0.011227376345495187
0.009629923520842298
0.00824094279346739
0.007070132957754698
0.006119338656879275
0.005389550737070265
0.005613662261893112
0.006197797510034734
0.007796792642399714
0.011123762910769622
0.016750539117398457
0.022156474606636552
0.03317033231321492
0.047990104780978496
0.06630586422168729
0.08696516255132933
0.10784814787495256
0.12633294068704656
0.13973902645676436
0.14599853331747448
0.14417806513878006
0.13469484897994194
0.1191661606322591
0.09996750471554622
0.07966418963215054
0.06049466019885931
0.044027929419889
0.031052017325436197
0.02165333756195932
0.0154215060157383
0.011690080399434068
0.009743056988177146
0.008950426984551072
0.008830795369882247
0.009047213261482008
0.009392067677980552
0.009742654574072994
0.00994436540902193
0.010171827734999986
0.010392608147402995
0.010443379182323407
0.01043352749107165
0.010400382637733754
0.010322360810435253
0.010282331807037729
0.010377730567764833
0.01066460329305822
0.011228334317355565
0.01209605364905688
0.013224332394285554
0.01448400126364766
0.01568537297642122
0.01663067350082694
0.017174863087144537
0.01726872386024047
0.01696783840931641
0.016423170591392502
0.015799161212009003
0.01527534114522585
0.014987064872788431
0.015010010023327166
0.015759116395889547
0.017140185589375283
0.018610352464928866
0.022107664653198283
0.028139561871676787
0.03740821671631075
0.0506155569234817
0.06740807442598427
0.08603690581397075
0.10350599677335977
0.11637227958704836
0.12195240707260775
0.1192138729973539
0.10895668485484616
0.093635838529869
0.07593918921584332
0.05875658034212431
0.04449663015650445
0.03501887140862475
0.030936600531343002
0.03237466928994075
0.038627665255078915
0.048309027174193254
0.05948494803557845
0.06993408924742037
0.07755934498208765
0.08083515432248838
0.07915494668919507
0.0754308897589902
0.06672551988123096
0.05562498724637168
0.04387505566065792
0.032700357704851364
0.023180110684638395
0.015843567633939206
0.01067737513172443
0.007398273197942302
0.005598506696404165
0.004811458488765196
0.004671002860716156
0.00492438211210432
0.0054254198567293115
0.006074040092494991
0.006840336100030083
0.0077088619775874485
0.008674234365147256
0.009732740569038055
0.01087788328614247
0.012098476265611464
0.013377456388681434
0.01469365072396741
0.016015622471193973
0.01731060396733431
0.01814093204329304
0.01930943978882595
0.020353803167375315
0.021241246149435594
0.02194309459161818
0.022434827390024413
0.022695984930541344
0.02271050154979061
0.022468332983794873
0.021968266741895198
0.021219200745253096
0.020243574238734574
0.01909105739756993
0.017791468205906283
0.016404648031330165
0.014986908864300503
0.01359182587636601
0.012606431053280156
0.011882640818704748
0.011715514683590654
0.012456231179293465
0.014757768585895567
0.01884998186772248
0.025289671114171762
0.03429970835202068
0.04567671465863079
0.05422070478928861
0.06755136894407605
0.08003518585444716
0.08992035499849953
0.0957068871167342
0.09651470469996005
0.09233300590171133
0.08387460807458554
0.07250753232950896
0.05990830842835936
0.04774336614052578
0.03732336010688648
0.02949344886848958
0.02445729835645485
0.02180366896990524
0.020705290918977316
0.02020683630389772
0.019521671084738478
0.018211091670826005
0.016199508983902013
0.01367088260712045
0.010980363052781843
0.008406924108693275
0.006259309199392832
0.00474735310226864
0.003963835662789231
0.0038453996459758603
0.004216627562821053
0.005117145177836565
0.006350628338931395
0.007688205650788117
0.008883579605755814
0.009733451610046493
0.01010540759473464
0.009962370412346669
0.009359700191791609
0.008569238291095528
0.007527317243706457
0.006454121266881079
0.005509792115867675
0.004855551938292174
0.004403862386246996
0.00423682275177143
0.004354856132324425
0.004732314226261075
0.00568071394125658
0.007026035509273769
0.009155193536256942
0.012463313504255124
0.017619698339120637
0.024826288906529666
0.030827509091166078
0.041194749356758764
0.052110836763482764
0.06193613656585241
0.06908673744992033
0.07258826589186392
0.07229382700491625
0.06882822577792347
0.06320642254944336
0.056543843227945936
0.04981998444881938
0.04379497697735206
0.03891764796882366
0.035300697873379555
0.032770228839857043
0.03098631033907129
0.02958605266141618
0.028272159022869316
0.026872874581599072
0.02531575445366875
0.023611364614839588
0.02180600593549471
0.019971963287673637
0.01816557888897977
0.01643845878816663
0.014818844959640068
0.013805343944582497
0.01237813712306775
0.01115063278402522
0.009982954224162136
0.008920281792882886
0.007983209814797948
0.007224760026798494
0.006604484886983643
0.006129328817118332
0.0058052527779725175
0.005633507313638934
0.005615102431324745
0.005755194816784552
0.006056458375560891
0.006520630380826076
0.0071409883726083565
0.007902625384850067
0.00878792723919282
0.009772935959010687
0.010840783605309668
0.011975714871576958
0.013161581093913735
0.014373035860725214
0.015579520220063548
0.016743897495105766
0.017825166137591837
0.01847953560344694
0.019336712635036862
0.02002585521182507
0.02049408682095749
0.020735454438263103
0.02074219670448337
0.020521305948119364
0.02006804065721611
0.019407134807778247
0.018564087128907055
0.017570412593729934
0.01646200823843368
0.015277302119541715
0.014061175926520505
0.0128459234866549
0.0116704604803618
0.010566962750654633
0.00956205484968902
0.008675304683052304
0.008118037580330709
0.007730252643346938
0.007684838216338314
0.008123182735030696
0.009268872732753156
0.011197225996989763
0.013010778067950386
0.01655730456874684
0.020996196132823594
0.026521253273525437
0.032326226786258364
0.03815670258410645
0.04383624924993113
0.049611173382821006
0.05575461174182442
0.0627874838662196
0.07125679851605222
0.0812580602167497
0.09226040482127026
0.10308698312108698
0.11214742702319123
0.11783154482617385
0.11895660526778046
0.11509554895270836
0.10649067010096663
0.0941720644058191
0.07956006256403876
0.06417766733014546
0.04945623493321961
0.036380920532565766
0.025630959833072307
0.017432065799171864
0.013332838068715784
0.008988045888225802
0.0064087475044164255
0.005128348238478389
0.004736402768936133
0.004916770354881991
0.0054645544250975725
0.006231567288590316
0.007145870025759487
0.008169302581734423
0.0092720138153356
0.010439349565695909
0.01165281457341116
0.013706344152869492
0.01586232787056867
0.018766601858451797
0.022834110167052158
0.028916309402613846
0.03714316937903963
0.04801062105760087
0.06142344919700864
0.07666803471622019
0.09237676841847595
0.10671122788925448
0.1177406569857938
0.12389338876294159
0.12483048488324626
0.12140209214463926
0.11274977342448932
0.10009771997255087
0.08501235720733494
0.0691024281465139
0.05378324019891171
0.04011491603063341
0.02873705992164233
0.019870053161803628
0.013387638189298898
0.00893215366971572
0.006094040698895544
0.004406870136912423
0.003552473527583223
0.003345024925770736
0.003738944370739131
0.004739500305003947
0.006325313847519185
0.008360510206334475
0.010539487159352082
0.012447712651536717
0.013698083585588897
0.014071366511266357
0.013563690417601979
0.012346578471932075
0.011260543813356167
0.009399779843670254
0.007454231937884804
0.005611175663444689
0.004023585165166314
0.0027872838369346563
0.0019228468895017793
0.0013765290188581154
0.0010544776701948274
0.0008595324263031184
0.0007200161922013904
0.000597656711287339
0.0004824629617521158
0.00037882820736412804
0.0002941865103935562
0.0002523758915573127
0.00024003135325745351
0.0002737547586525674
0.000367217913852036
0.0005376087991222044
0.0008000880968018559
0.001156459973477912
0.0026330328825093156
0.004446361767767969
0.0075349987154337
0.010657356146422442
0.017781459240603533
0.02842736825085349
0.04295802928633343
0.060999520403305335
0.08100093672119787
0.10043544681128769
0.1163939788553849
0.1264134863312957
0.1291604016714761
0.12466831040201688
0.11409825439258514
0.09925491784847117
0.08209691548507718
0.06447218988846141
0.047932732587680715
0.0336426006611558
0.022273570521019945
0.01411830334955127
0.008862426256333218
0.006142559716152401
0.005769344924348496
0.007422857211061248
0.011407520189701438
0.017634231833349483
0.02584400505418238
0.0319310847929967
0.041121180288155486
0.04888488137004943
0.05425273367165913
0.05717773849138427
0.05852247510978668
0.05978399565106976
0.06178708424989273
0.06486463790298894
0.06839465967011389
0.071243822332193
0.07234311276311817
0.07115312057610905
0.06778949876226567
0.062788198166145
0.05677019457005746
0.05025794861693479
0.043699114063332864
0.0375520775814705
0.032267150634228546
0.02816040647451506
0.02529793764835106
0.023492240815428115
0.022431346896398086
0.021753008804056315
0.021213438920837643
0.020859058556215233
0.020295077015863798
0.01970449885060413
0.01908523586359109
0.018431280355736723
0.017694259916885537
0.016805033500809505
0.015710096765824855
0.014402521754747018
0.012927231322301969
0.011359772660670026
0.009777385746620544
0.008242479485957983
0.006804430648682897
0.005502561330988678
0.00437061840646597
0.0034302511386919542
0.0026853896354941532
0.0021271607643929334
0.0017235859508398618
0.001444859749345647
0.0012561383967937534
0.0011238585036485373
0.0010199045140336514
0.0009254458276117599
0.0009620843303009397
0.0009299433836286416
0.00090054035442218
0.0008947939932206205
0.0009193326384444965
0.0010483579475409354
0.001187887340599128
0.0013964466480416624
0.001687615434230685
0.0020716357681359165
0.002555761143954356
0.0031436008527518347
0.003837918714786719
0.004638386026750742
0.005543416385427505
0.006548038700911768
0.007643245283046928
0.008827037794273506
0.010060891893486294
0.011328195834528538
0.012598514458366985
0.013841303227931418
0.015015241949971878
0.016084597709737275
0.017017944349016875
0.017787989864657405
0.018199848340914128
0.0186532666185057
0.018899237004050617
0.018930915317393705
0.018747006114285092
0.018353104463949086
0.01776314647826966
0.01699976109159497
0.016092964256052437
0.01507721429907948
0.013988013311448345
0.012859091032563124
0.011720598490788652
0.01059854372598401
0.009515117249735751
0.00848629966747202
0.007525105363432979
0.0066397135908997885
0.005834444179893404
0.005109643749016647
0.004463021697436487
0.00389021554729473
0.0033854038824282263
0.0029420323137538604
0.0025533672498847483
0.002212915560215091
0.002009757581140557
0.0017369999258918841
0.0014986109219154852
0.0012901278067327792
0.0011087543729709482
0.0009520750317251856
0.0008181941222004083
0.0007055116685655638
0.0006211304938971439
0.0005506975724369206
0.0004960512662511631
0.00045555030553721005
0.00042641896494476984
0.0004113379249749219
0.0004002106064848085
0.000396020659241414
0.0004013578421695904
0.0004134937469296691
0.0004355204323435596
0.0004681191008343867
0.0005120942928669079
0.0005678360392769139
0.0006358764021924192
0.0007158760282624038
0.0009197287512596521
0.0010867616537626951
0.0012147868821074876
0.0014486409031689023
0.0017494745149543407
0.0022026605975848123
0.0027359823006841187
0.0034091469345617557
0.004219586687780131
0.006007952828560668
0.008152912701847212
0.011474869442844909
0.016708258090477206
0.024753600642787314
0.03690283526970059
0.0530092315435336
0.07269356352336402
0.09418584097845725
0.11476318326484637
0.13145992421009112
0.14196428938268554
0.14526150080050376
0.14171819922767523
0.1326503767939294
0.11971183546936147
0.10446463998341347
0.0882581355321378
0.07751363230006712
0.06229228140965366
0.04894908374682837
0.03807610257402394
0.029834313745823602
0.023964966578233455
0.019957690379021134
0.017252282150130555
0.015308084068511836
0.013782763569143194
0.012457116283204365
0.01122753200564773
0.010067949731132926
0.008957648887125517
0.00791680056705011
0.0069603630906592065
0.006101972304310187
0.005351493328567805
0.004714657904107798
0.004196551357146222
0.00379215297708862
0.003504182928126155
0.0033188625070933757
0.0032303685643947835
0.0032293269706900342
0.0033029868047397535
0.003438558395866947
0.0036834043928930106
0.004023321724523499
0.004501629145965325
0.005168434002352209
0.006109143527277173
0.007386770606168153
0.009026532615574985
0.011006467638104572
0.013214130414990123
0.015454073497566796
0.017485145904289397
0.019069331402558704
0.020029315975402466
0.020287186294217448
0.01986376765399576
0.018850703078066803
0.01738157016195323
0.015604772876935569
0.013668507805720487
0.011722599727176226
0.009889795659297908
0.008274716631975043
0.00694080244619533
0.005909806288180246
0.005167853618852805
0.004815631275220135
0.0044641065904810215
0.004478259341561417
0.004676355813088429
0.005161170274413904
0.006060572531542133
0.007536197508822301
0.009867851317033506
0.013094597998309532
0.01728639654985594
0.022265944578593513
0.027619794780832922
0.032752615047798764
0.037010793665292335
0.03984379755523005
0.04093442538544809
0.04025083981193994
0.03801157308281599
0.03456603028259799
0.03032785122666744
0.025703104216763233
0.021055889164287356
0.016711736977612652
0.01294694706732977
0.009920367432614326
0.008352288251703881
0.006677001366098338
0.005675408745792843
0.005191867324145984
0.005067063715605045
0.005182109303307022
0.005482784532945649
0.0059352142668798345
0.006507756725210568
0.007138439627006396
0.007722256978098808
0.00813294915343062
0.008274746866464006
0.008126274080026226
0.007699834983362887
0.00707661711422289
0.006380877000558629
0.005665928333121554
0.005034556365841421
0.004595080547665066
0.00449968496652761
0.00487516486449591
0.005779970852311903
0.0071240438019257585
0.0086605482058565
0.010051611287821718
0.010740300690575822
0.011286239825335411
0.011262279310812244
0.010821698911633348
0.010148463311211005
0.009372146150250305
0.008543597315265062
0.007686567403192469
0.006855332822525541
0.006127510484733268
0.005586484812930739
0.005383676389516224
0.005468182891938194
0.00585577119425786
0.00662098205527268
0.007864928479827905
0.009739857820668173
0.012303783621686746
0.015459127208265514
0.018952179013287065
0.022338223866664397
0.025174618549658214
0.027045698832393047
0.027864704848421327
0.027853355777961195
0.027458819643631786
0.027230779660906645
0.02726935484251603
0.027822050237751392
0.02870891672617497
0.029476287551179037
0.029618777744061155
0.02883199060107083
0.027151075871325658
0.024889095168170287
0.02241106259187806
0.01994127482101201
0.017507137444117114
0.0150505516610002
0.01257364776843659
0.01019720291507761
0.008105014483325323
0.006429320679087976
0.005209375019677924
0.004384848019065336
0.0038470875274401054
0.0034875775277591965
0.0032305015947562015
0.0030220450998179123
0.0028408670825583963
0.0026794476142818374
0.0025322812612736914
0.0024432606221733064
0.002325614180262261
0.0022306012114691252
0.002161955917794655
0.002121818425419321
0.0021095915881997446
0.0021228520054527066
0.002295700973557881
0.0024994875900058917
0.0028478603607471325
0.0034185105946923163
0.004306203646263712
0.005640711613553951
0.007453793436591117
0.009755723171255662
0.01239567936904917
0.015154182335016425
0.01775637299048967
0.019936934062616127
0.02152217975076755
0.022496213033590687
0.022876078988640705
0.022784330488051625
0.022314047261417048
0.0214987581690533
0.020764938013024228
0.01946597954143692
0.017866793110599345
0.01612654150294411
0.01442312406641131
0.012941567519292058
0.011864594540511248
0.01124353445767453
0.011086368041077564
0.01130367380766668
0.011742318733473351
0.012218872094573029
0.012560444709713592
0.012641021287164591
0.012402329404336209
0.011851898024028374
0.011041638531906097
0.010040842235986409
0.008919400082344783
0.007732582274127579
0.006537206155191256
0.005390303389702541
0.0043471182121059115
0.003452793766274384
0.0027346483831363227
0.0021909394595808706
0.0019168524887593697
0.001614956634297166
0.0014183227644561473
0.0012848112168118663
0.0011915032441636511
0.0011218500223786135
0.0010662069577184856
0.0010198601319740485
0.0009873256582300098
0.0009595409083366733
0.0009410034082896638
0.0009326200854360481
0.0009350335005560964
0.0009494942305186963
0.0009760063902773054
0.001012847989164398
0.001060095622678884
0.0011172203140432952
0.0011814395978018716
0.0012569268228923445
0.00133918974382069
0.0014333005336104126
0.0015462517939545937
0.0016863828038432907
0.001864179641246156
0.0020689434811696585
0.002213743872642384
0.0024240195560494868
0.0025977501277010305
0.0027096716770101583
0.0027540162981351717
0.0027379953767552537
0.0026859674781452717
0.0026163186018087333
0.002573243607680424
0.002534750136938798
0.00253460176845434
0.0026045956159791777
0.0027996338454602003
0.0031770042480016854
0.0038057724571293485
0.00473635775796225
0.005930781395943384
0.007367455322368202
0.009004948685346178
0.011114717180190197
0.013486107496893536
0.016383513114274575
0.02002196289446
0.02471258694228108
0.030747239862500605
0.03574379057548004
0.044472054939175026
0.05429220920346705
0.06422786178448607
0.07283087776236029
0.07864055836215292
0.08072981071160606
0.079042831082128
0.07433117721768283
0.06770622329142306
0.060132333254053406
0.052163519181893325
0.04401801453011407
0.03584434490237661
0.02792787722161823
0.020701362154455907
0.014596240135740728
0.009871608807296444
0.006536150759109173
0.004388613656307579
0.0031199431158211925
0.0024236280284549226
0.002056584728559433
0.0018565897009166744
0.0017316594536144478
0.0016334096458433859
0.0015723988900256526
0.0014814908103819673
0.0013899189483640645
0.0013009332160413797
0.0012258953972007962
0.0011618876434047812
0.0011252030213116803
0.0011316428987565282
0.001261129401713226
0.0014384917163448752
0.0016976872330611698
0.002030626205922877
0.0024971132206062243
0.003421993082388246
0.0046660800337655454
0.006641767012573294
0.009978045819067216
0.015379465600216021
0.023508009246303196
0.0347954265251456
0.04847942361222094
0.063332053599018
0.07736398331023923
0.08850699856908936
0.09529915671513196
0.09733936140012853
0.09633782321880256
0.0921541685137851
0.08584289650939761
0.0782967597362478
0.06995464662735111
0.0610028035566697
0.05168395042459509
0.042456696734886
0.03399506389681564
0.026807780544183146
0.021254236867950242
0.01742741476439973
0.015094193690477336
0.01401551273223019
0.013915909417773951
0.014523274570935276
0.015660371234612388
0.017163412590919865
0.018794819411834612
0.020351426421456414
0.021568355730138232
0.022233910640978505
0.02221534414704733
0.02151165298730528
0.020255572126365487
0.019215737447764395
0.017513142420514743
0.01580202201988023
0.014157601879271368
0.012630182812013961
0.011278273980413176
0.010202634622434554
0.009522862020607375
0.00932143253896284
0.009560291603770116
0.010076952445409099
0.01063467647335588
0.01101111440832377
0.011087365101437877
0.010875393284767155
0.010472995259204528
0.009980857307374774
0.009441354654389377
0.00883541252116623
0.008127507977986179
0.007313925335660397
0.006438980760430949
0.0055744517633493015
0.004784955762700069
0.0041045078877574815
0.003534810503206104
0.003208654963028253
0.0027820894896795224
0.002411963870572665
0.00208654868926837
0.0017982885088553753
0.001545824464239053
0.001330202779123746
0.0011526123615031327
0.0010138605733049774
0.0009120783664581646
0.0008749505758212101
0.0008433718008340532
0.0008557335205069933
0.0009036358300231293
0.001036832905049678
0.0013399687071507479
0.0019384090618066753
0.002952623847783851
0.004415532323531156
0.006298373174055497
0.008321718839364793
0.010152843376139774
0.011457110918811842
0.012074623272238627
0.012085657072915689
0.011745157435857134
0.011459786439025274
0.011068377016299556
0.010762075712131988
0.010404367035594938
0.009919687699406633
0.009311772460371565
0.008666875657611293
0.008110916176950936
0.007745609009754878
0.007579057014763896
0.0075769416442681495
0.007683722790760769
0.007839841373225614
0.00800317810129816
0.008149163331532183
0.008266790763553728
0.008350771307864283
0.008401387811925513
0.008422130353577719
0.008417542985625746
0.008392580970852515
0.008352075083699124
0.008298556459472356
0.008232974316442085
0.008154275749331728
0.008059446597358308
0.00798530471547905
0.007854722905656163
0.007697924705888492
0.007512654769522868
0.007297889414669173
0.007053750401453687
0.006781477435237171
0.0064806288318458
0.006153398734581828
0.005802455291351607
0.005431552528383351
0.005045221169169871
0.0046496469294484795
0.004250634278254396
0.0038546713378870188
0.0034772791966715877
0.003110276996711389
0.0027626602156809845
0.0024389850752620794
0.002142317641389383
0.0018789825332913553
0.0016453068102778813
0.001453060172105404
0.0012937261954257247
0.001173334442394298
0.0011147712292211565
0.0010596311074330344
0.001039351254790157
0.0010496396127344662
0.0010855783031000624
0.0011631271640049504
0.0012645317269971699
0.0014033776871698262
0.0015954475683035653
0.0018599482562183312
0.0022166783162851
0.00268523478831464
0.0032601587632336802
0.003915213248903668
0.004600446181881767
0.005244731906634329
0.005773930548368426
0.006129206664088529
0.006284981882294866
0.006251021867161785
0.006063034204988557
0.005765170340087166
0.0053963309693689145
0.004977807933950573
0.004523407597929827
0.0040456928552530195
0.0037394755871836918
0.003278121677205926
0.0028552406313014297
0.0024943867640255745
0.002201013113033824
0.001970295758230085
0.0017873229478930163
0.0016491671966931618
0.001535222575615293
0.0014557425406725466
0.0014138167531216037
0.0014587843427152627
0.0015411806958966247
0.0016960446503332684
0.0019477928929346909
0.0023338899498626265
0.002891089276026364
0.0036526821289370867
0.004597211838193823
0.005665354827268307
0.006765856184100214
0.007774664924196404
0.008584234019586058
0.009125371238922183
0.009383765580893731
0.009395158799724877
0.009295990442454898
0.009034982167699289
0.008676841837930301
0.008243132472053003
0.007739052195026913
0.007168462241012436
0.006547963810670877
0.0059107266185395154
0.005289845778559632
0.004720582320912191
0.004223866440489705
0.0038046113206123954
0.0034556112352585842
0.00316403644413842
0.002915297113144839
0.0026972295518642594
0.0025042255929537027
0.0023341054258664336
0.002187388801715656
0.0020653782689021988
0.0019681048086029208
0.0018924852641964377
0.001831800167486919
0.0017771416371325484
0.0017438082466176693
0.001761773973096796
0.001817397160902171
0.0019978597840484306
0.0023978229759083433
0.003114502172607155
0.004206092087321879
0.005647636758218083
0.007300044416543313
0.008871064177093695
0.010084086862221744
0.010736494686376727
0.01079344952767319
0.010373350708107004
0.009694710254849264
0.008946184308197483
0.00821292474174927
0.007476788759618004
0.006675948703619262
0.005773582752168109
0.004790682861151248
0.0038051273676017413
0.002912083402749644
0.002184004680663625
0.001652520957083362
0.0013101575576695767
0.0011298044479115363
0.0010769280081576178
0.001066871802511225
0.001115410905846193
0.0012000869684642825
0.001306488780932383
0.001425721420789113
0.0015542533987190714
0.0016845652461491107
0.0018141830935555704
0.001940229312940487
0.002060276609564918
0.0021717149729337227
0.002272219537119902
0.0023605267407116924
0.0024342571231323615
0.002493594895715197
0.0025549584511597476
0.0025958078959737066
0.0026267818264574245
0.002652634045641342
0.0026757787962067
0.0026969062308890516
0.0027143017877534134
0.0027341163021885897
0.0027858041841463334
0.0028534940636624462
0.0029238388795234625
0.003110260082028004
0.0034580163313126942
0.004042697711208395
0.0049291837208701225
0.006154097751887856
0.0076293194823409075
0.009199418318675249
0.010631332964329885
0.011697067834368576
0.012252998716882412
0.012297902679489506
0.011957298688922945
0.011411578059585323
0.010806359709806408
0.010198874617355453
0.009563001091140031
0.008842171495638861
0.008005097708323826
0.007074045441230151
0.006115345701870225
0.005207986459432899
0.004413309189700394
0.0037597660911158847
0.0032449211759331543
0.0028521828074730936
0.0026443119213201195
0.002387710285854383
0.0021854026761257794
0.00202759800816561
0.0019119070780174233
0.0018398370100502037
0.0018172203679173659
0.0018384822798558776
0.0018931622547628398
0.0019667175646150416
0.002040449848536391
0.002098962371130079
0.0021334110428099123
0.0021426463046892185
0.0021301314268839843
0.0020988670369457485
0.0020476387596954854
0.0021040296692294304
0.002194143262456631
0.0024545033404174796
0.0030211592461459554
0.004072411622832134
0.005765941774731673
0.008160459661048678
0.011204669101210008
0.01340025976875605
0.016627782075800276
0.01930440764665261
0.020996716193662477
0.02152108015880495
0.02099925043725441
0.019781268348842394
0.01827132456228226
0.01675343456459933
0.015307901552877654
0.013848829645584131
0.01224263419891068
0.010423617505249035
0.008448486273136616
0.0064712361245904335
0.004671739619322836
0.0031858830721066596
0.00206967563789127
0.001302756723215664
0.0008166432355830041
0.0005275394768610496
0.00036091370413135764
0.0002892890639156612
0.00027156479090043473
0.0003206558315808367
0.00046422105263807886
0.0006286962338224113
0.0009950026728222214
0.0014958276885638014
0.0020796406132139473
0.0026362844090801426
0.0030400982434993233
0.0032060016425890354
0.003120313583562298
0.002860802123830071
0.0025492456534170105
0.002288576731766285
0.0021152605780694307
0.001995863955655813
0.0018648954041569285
0.0016678186388101707
0.0013985192873370554
0.0010922456870977079
0.0008014355802160578
0.0005680474523217453
0.00040919772019334293
0.00031897011269982784
0.0002791401703254751
0.00027152340438290023
0.0002796529527802015
0.0002965741520794997
0.0003168412989379232
0.00033302246862639516
0.0003591419900762458
0.0003895157486268817
0.00042604969171324214
0.00047015009530529004
0.0005241161437508883
0.000588497830433419
0.0006619330845150718
0.0007395620084075031
0.0008132551817233414
0.0008723119027557826
0.0009699271271378969
0.0010737612798289214
0.0012512227602935703
0.0015924225635599004
0.002212924269391264
0.0032336170549540485
0.004735394469185643
0.006706105952777172
0.009026960017010477
0.011352182343906902
0.013325699417528808
0.014614178977937918
0.015047031897306658
0.014686091705340808
0.014128210736000655
0.013060398695353926
0.01197547910283027
0.011027910168718309
0.010202043987579274
0.009368906154024708
0.008420731321161794
0.007289861959644488
0.0060507854731874115
0.0048457801185267145
0.0038531336669913336
0.003189828957564708
0.0029317768970894276
0.0031004911954080855
0.003655045247523921
0.0045109491595163925
0.005538284638456797
0.006579301915648471
0.007429663430708291
0.00793734462405103
0.008036948659901306
0.007780683136988977
0.007314717617025061
0.006813778918540389
0.0063988911833085076
0.006088228923880834
0.005900467026580042
0.005574035361390065
0.0051259614239201135
0.004544769793013987
0.0038923751673583615
0.003265090471953519
0.00274531395875733
0.0023697832976159864
0.0021312053878055565
0.0019941237791340377
0.0019214997325222867
0.0018865837754608377
0.001875000031260957
0.0018800379087410772
0.0018972525370986458
0.001921966332747911
0.0019481192037839917
0.0019705781278495688
0.001985225262621532
0.0019894510647805205
0.0019817430564846037
0.001961518666241599
0.0019288337258510395
0.0018839820790256844
0.0018278194922630925
0.001761411068209597
0.0017120747701443468
0.0016315363042236001
0.0015445152747908602
0.0014551780064401413
0.0013613986872058389
0.001266539926012325
0.0011721156308785675
0.0010799783662076984
0.000995260595927863
0.000914626483538263
0.0008410842916775983
0.0007778419991978809
0.0007230420957884997
0.0006779725365938587
0.0006422875935406881
0.0006157344671712389
0.000599435773276935
0.0005898388742896592
0.0005887554025986151
0.0005973208383005171
0.0006170738972864253
0.0006517136390296039
0.0006977836726241715
0.0007546523784692425
0.0008184431312468359
0.000861978519949239
0.0009242247975759591
0.000995092965586079
0.0010653160388356976
0.0011617738810782907
0.001309697417382755
0.0015538832147381683
0.0019444032471315164
0.002521533634213769
0.003293484227606943
0.00422250966018407
0.005190264441308664
0.006038134931267308
0.006604805842818261
0.00678883318684404
0.006597808638052274
0.006145929315597817
0.005603000452851455
0.005118546234353648
0.004762661039968917
0.004504674432567418
0.004257841597250864
0.003937818323323241
0.003498081452935823
0.002962057225317255
0.002411694065935956
0.002065746884157841
0.0016311412363470528
0.0013293611695524936
0.001173658483916821
0.0011589562386004988
0.001263074739919275
0.0014588515441068272
0.0017143819859709497
0.001973795541812833
0.0021977751055925984
0.0023398088615433814
0.0023954213849921393
0.002381709613926554
0.0023377991433872155
0.002305360046780408
0.002310492625899316
0.002355648571488882
0.0024293207345500514
0.0024993920890727384
0.002548429368597951
0.00257344932126246
0.0025840520642959244
0.0025967804552975075
0.0026265154808916935
0.0026820061662392747
0.0027623008074173674
0.002826353869550151
0.00293154287783463
0.003038304162375788
0.003136795311577021
0.0032198865094623845
0.0032826505394371415
0.0033234101890828286
0.003344492230888314
0.0033471810783345306
0.0033355127169993155
0.0033138020876198734
0.0032929342492129896
0.0032733775263065925
0.003260323504988841
0.003258652644291435
0.0032613820915173668
0.003262195753896173
0.0032541149017938247
0.003233999698712186
0.003207196676896469
0.0031719336623705144
0.003128383082057989
0.0030690646474520605
0.0029798451303246955
0.002879129773708878
0.002751184936517848
0.0026634879281780227
0.0025640203717743285
0.0025468670316582793
0.002659962084683341
0.0029350258720496547
0.0033861031604221926
0.003986232180839694
0.004679907315863113
0.005378180425217927
0.0060056599594945905
0.006506839702280487
0.00686621677474167
0.00710591241139588
0.007269491190278072
0.007388642477467362
0.007468157183708435
0.007478425192444974
0.007379979557624173
0.007152212412114533
0.00681017802137849
0.006398462114794117
0.0059685032551808565
0.005561972506623611
0.005191103065791069
0.0048464076992171074
0.004621426658631554
0.004290075832522832
0.003964372111209384
0.003666803462779953
0.00342202419304528
0.003246565625077659
0.003140863500070159
0.003088730695128879
0.0030631621820835626
0.003037859434864953
0.002988100818905583
0.0029347342463138244
0.002870056435683506
0.0028402666861964956
0.0029022787305128736
0.0031186685189206914
0.0035441556263347777
0.004204186236895837
0.005072182029064
0.006062494131554698
0.007009153425323515
0.007731513019073245
0.008086254065282692
0.008020778410852893
0.007605327660357377
0.006990063513384281
0.006562767506465887
0.006008973001165954
0.005618430749660054
0.005362831671043624
0.005147450500235761
0.004866056800852638
0.004455333225040985
0.0039221693123060045
0.0033333003539920704
0.002769268694970181
0.00231875382731794
0.002037213239142679
0.001953491518660856
0.0020647511518259477
0.0023396024534327246
0.0027091895517107624
0.0030864021245197524
0.0033736613285780463
0.0035061988520624777
0.0034764724217275734
0.0033365160636704334
0.003172560359967007
0.0030611272282224564
0.00303357470352426
0.003067127534520084
0.0031027545758525116
0.003096266239472689
0.0030806032539285847
0.0029900179115962184
0.002905334420544307
0.002921193625309319
0.0031328819329275526
0.0036153360811022666
0.004397295062932223
0.005448068362123117
0.006689014163186267
0.00794120214131224
0.009011205682814367
0.009726746681179886
0.009985335631479153
0.009793166861195558
0.00925769653114259
0.00855333864619891
0.00785490264089606
0.007280763995289513
0.0068625081504673025
0.006550448597194533
0.006248936327456968
0.005862636631946737
0.005335449538116474
0.004661862073782657
0.0041553208223851735
0.003369591538896336
0.0026342144900715864
0.0020257618749699204
0.0015859546013240818
0.0013136927730028653
0.001173438635875434
0.0011099393925365067
0.0010719353144010807
0.001063964393007535
0.0010442360727166487
0.0010473051566873175
0.0011138192903355193
0.0012846021440336968
0.0015889646732503314
0.002039412421627157
0.0026171668080216567
0.0032816993934076553
0.003941569894185127
0.004499671067345143
0.0048734510478792206
0.005013231260686641
0.004923256412233214
0.004659715153627646
0.004309117236963772
0.0040009363138392455
0.0038302002525380575
0.003687932995049973
0.003696567607106113
0.003882364599517823
0.00426956329036535
0.004880357225534236
0.005706774451982093
0.006676307232820423
0.007659514984415683
0.00843926353380949
0.008826517857360118
0.008730861870467486
0.008198713888971079
0.007406312271641885
0.006587186523876123
0.005939220251932676
0.00554491018652362
0.005359578835222837
0.00525411164559707
0.005069510785614344
0.004713098758022185
0.004176995259547049
0.0035261034034098564
0.0028601035512044208
0.0022677332561277666
0.001799157947833426
0.0015600198124267454
0.001300645298401571
0.0011295310473990647
0.0011267374795500913
0.0012106805026734831
0.00146837283462788
0.0020015278115207624
0.002908509917359748
0.00427504952906702
0.006106786315831508
0.008280432806726825
0.010552360631009625
0.012545098640237036
0.013902310083163666
0.014417228068440958
0.014102927312935448
0.013199936385858585
0.0120776769604555
0.011083883337006753
0.01041490205469649
0.010062942482211611
0.009856543186051095
0.009564804476928998
0.009009243295760942
0.008133917211138906
0.0070235534800248975
0.006221032556681682
0.005055474661315473
0.004066736689846756
0.0033476279653206985
0.002927038593431329
0.002777432649875918
0.00282271668891039
0.0029546469647206836
0.003060892597171202
0.003046164637263463
0.0028740727380361657
0.0025766047458668415
0.002232687728011329
0.001929862088909094
0.0017248765692222483
0.0016227249972753054
0.0015824227220096682
0.0015417789377642492
0.0014711627890337535
0.0013432194772680496
0.0012143141897996428
0.001163297397358415
0.001296792050439739
0.0017023223645139373
0.0024090773436703755
0.0030190944126975375
0.004024774721084682
0.004929701570761152
0.005513080092027141
0.005592924154612727
0.005185664281500895
0.004464147577288151
0.0036917116872346788
0.00310826435024112
0.002834484790467721
0.0028389512459951606
0.002978288111407905
0.003060517808377761
0.0029536797116054025
0.00261935219418655
0.002117973591268625
0.001561587212707228
0.0010582562966727348
0.0006756813762445205
0.00042509146310563435
0.0002893121562514607
0.00023203052262329535
0.0002222909201119274
0.0002392256522509239
0.0002719171429285659
0.0003150896230641894
0.0003475446120065238
0.0004023898419077088
0.00046332340678872046
0.0005298385002203602
0.0006018055129749287
0.0006781195272153133
0.0007581225651672754
0.0008410584196940407
0.0009275624597949741
0.0010144449084456516
0.0011005746713987088
0.0011837758931646841
0.001260784669112581
0.0013284921740772592
0.0013845167684422297
0.001427837045886405
0.0014588533229407496
0.0014851278110648946
0.0015066211012022596
0.0015363828635705263
0.0015873031503394661
0.0016792081210734433
0.0018310642422556427
0.002051211473685842
0.0023233116407964296
0.002600583943592437
0.0027543240595386204
0.0028904418709787424
0.0028685631853909836
0.002687442364439244
0.002398883526114865
0.0020835618180107917
0.0018201291233668503
0.0016532004878438914
0.0015858352902610702
0.001574951839836386
0.0015679713789395742
0.0015227877824396886
0.0014276548596711149
0.0013021182094425266
0.0011839077313081782
0.0011055975430564256
0.001079714820802361
0.001088836172627727
0.0011047141575823306
0.0010995567672132773
0.0010657354702893428
0.001017373785507593
0.0009784678765286338
0.0009732045912302494
0.0010128501774874035
0.0010616604431064084
0.0011553247401671725
0.0012512246663455887
0.0013259230383480284
0.001362654799652222
0.001433812068291959
0.0015010140090484343
0.0016505926694783946
0.001981909000671672
0.0026077895680403306
0.0036261066376953068
0.005069929285504676
0.006855696050706238
0.008758514575189918
0.01047053966469611
0.01162704952610548
0.011987911355401564
0.011527894174475027
0.010446628559671035
0.009101163822634898
0.007872476183761475
0.00702710729888898
0.0066359312382691885
0.0065769520260573495
0.006611610741376262
0.006495142722061684
0.006251225295364785
0.005603882213665028
0.0046847410746532125
0.003640200958647871
0.002631672221133459
0.001779574632224574
0.0011386233180393918
0.0007053106007852996
0.00043834783263024357
0.00028784950211710214
0.000210795991156188
0.00017240239439427578
0.0001548353879063942
0.00014784989046671374
0.0001465897770507024
0.00014894654773205953
0.00015412081498643356
0.00016163316859494603
0.00017132857391794255
0.0001831089926909964
0.00019692716307399304
0.0002127369672793352
0.00023045979875584144
0.0002497599841119005
0.00027011933690932854
0.00029075626908765367
0.00030421088860441
0.0003232525544937641
0.00034024721550257673
0.00035469168307171136
0.0003663604717693664
0.00037519054660963295
0.00038112580331934546
0.0003840132065967594
0.0003836008552374299
0.0003796231162533979
0.0003719142586048482
0.0003604911416972371
