Y :84.0% Calcite, Diffracto n :1466
N :Gibbsite
Y :16.0% Dolomite, Diffracto n :1398
N :Hematite
0.0
0.0
0.0
0.0
0.0
0.0
0.0
0.0
0.0
0.0
0.0
0.0
0.0
0.0
0.0
0.0
0.0
0.0
0.0
0.0
0.0
0.0
0.0
0.0
0.0
0.0
0.0
0.0
0.0
0.0
0.0
0.0
0.0
0.0
0.0
0.0
1.0365410887493137e-36
1.5066713038707611e-34
3.6009658425683206e-34
6.141300076087079e-34
1.2746306565040021e-33
2.4307686934873327e-33
4.259308071814194e-33
6.85759114357337e-33
1.014477138867407e-32
1.378961535131831e-32
1.7222744470502914e-32
1.9764872619369954e-32
2.0841467516008702e-32
2.0193256381645274e-32
1.7977503826701648e-32
1.4706135610649225e-32
1.105388799781435e-32
7.634489913152978e-33
4.8450091014897155e-33
2.8252694856699983e-33
1.5138294135738296e-33
7.453269154381671e-34
3.3718671384660725e-34
1.4016797848832565e-34
5.354053878455839e-35
1.879200131104606e-35
6.06066708126986e-36
1.7960795698674315e-36
4.890902892704817e-37
1.9604369843325802e-37
4.63640396531203e-38
1.0075557353471902e-38
2.011947143334862e-39
3.691678584397005e-40
6.224308039928506e-41
9.64313186376682e-42
1.3727922401445875e-42
1.795771002916299e-43
2.1585204354400263e-44
2.3840753838873686e-45
2.4195903537489166e-46
2.256425899163022e-47
1.933556660662274e-48
1.5224689655891048e-49
1.1015259529468774e-50
7.323095223337918e-52
4.473496643232176e-53
2.5110234437337034e-54
1.2951028956212516e-55
6.137707468273937e-57
2.672729232793489e-58
1.069421693142213e-59
3.931756054031531e-61
1.3282074568852187e-62
4.122732857537614e-64
3.884855287227245e-65
1.0471841582016532e-66
2.5936177860241663e-68
5.902303156238478e-70
1.2341488740797896e-71
2.3710566207724485e-73
4.1846538003826406e-75
0.0
0.0
0.0
0.0
0.0
0.0
0.0
0.0
0.0
0.0
0.0
0.0
0.0
0.0
0.0
0.0
0.0
0.0
0.0
0.0
0.0
0.0
0.0
0.0
0.0
0.0
0.0
0.0
0.0
0.0
0.0
0.0
0.0
0.0
0.0
0.0
0.0
0.0
0.0
0.0
0.0
0.0
0.0
0.0
0.0
0.0
0.0
0.0
0.0
0.0
0.0
0.0
0.0
0.0
0.0
0.0
0.0
0.0
0.0
0.0
0.0
0.0
0.0
0.0
0.0
0.0
0.0
0.0
0.0
2.825173209386636e-35
3.855142392518386e-35
6.021307856928473e-35
9.177620840371395e-35
1.3650804945993104e-34
1.981414246432774e-34
2.806604206932489e-34
3.8795015786961134e-34
5.2331063945111115e-34
6.888617435041342e-34
8.848984594836533e-34
1.1092863834590583e-33
1.3570092109158404e-33
1.6199842024525905e-33
1.8872421774083898e-33
2.145523910431391e-33
2.380279488600668e-33
2.576982207888173e-33
2.723855265919401e-33
2.8100349330371077e-33
2.8308614860293408e-33
2.7864130642858064e-33
2.6819917566014773e-33
2.5272254927734126e-33
2.3343384909890556e-33
2.1159811579173036e-33
1.883290742064686e-33
1.7245580335155664e-33
1.4859429116621514e-33
1.2514412571999645e-33
1.0262575166512189e-33
8.161881388995428e-34
6.273515051657947e-34
5.663266627437991e-34
4.143801322955531e-33
8.4140713961405e-33
1.3083201273710137e-32
2.0035514440599734e-32
3.00632300377516e-32
4.4100002640071495e-32
6.318149813215942e-32
8.837164054316418e-32
1.206517776456324e-31
1.607760725993491e-31
2.0910429749084073e-31
2.6543170786154973e-31
3.288429536868142e-31
3.976208135329109e-31
4.692389110134187e-31
5.404593397568029e-31
6.0754157803965976e-31
6.665502193131858e-31
6.9953996596701335e-31
7.370281478666384e-31
7.583954446739659e-31
7.6218312094534905e-31
7.48458127726627e-31
7.191003767075252e-31
6.771287399129726e-31
6.2635059764608415e-31
5.70651633727468e-31
5.132414248512231e-31
4.56119996360804e-31
4.000083408656875e-31
3.4480584121521343e-31
2.9036695234740277e-31
2.371952996278888e-31
1.8668611455188188e-31
1.4080879558332539e-31
1.0144127242020958e-31
6.97347465779628e-32
4.5811774750270897e-32
2.887034493728355e-32
1.755390660255705e-32
1.0369653000561063e-32
5.993326384592643e-33
3.408571308729761e-33
1.914042807847313e-33
1.2942152787685269e-33
7.11938282370138e-34
3.858477233934519e-34
2.0548370134332706e-34
1.072737459482248e-34
5.48007160145054e-35
2.736159347088094e-35
1.3342981298895446e-35
6.352644280358255e-36
2.9523191037300955e-36
1.3391853466508299e-36
5.928845345081063e-37
2.561797961764123e-37
1.0803446975391426e-37
4.446532909552878e-38
1.786166432352033e-38
7.002664432388462e-39
2.6794488641539088e-39
1.000617726107912e-39
3.6469622275534933e-40
1.2972822574579584e-40
4.5037845875592394e-41
1.5260207261264993e-41
5.046412032031967e-42
1.6287116056340917e-42
5.130322094290191e-43
2.343208238667343e-43
7.087760088379571e-44
2.0924032284801514e-44
6.02864519321569e-45
1.6952421941111553e-45
4.652444210497672e-46
1.2461424410163188e-46
3.2575492266399077e-47
8.310951746443832e-48
2.0694106924438537e-48
5.028963060800881e-49
1.1927397689748257e-49
2.7608837106242884e-50
6.237137893204507e-51
1.375172076688184e-51
2.959121919765985e-52
6.214446131704986e-53
1.273724162369732e-53
2.547894074962914e-54
4.974162839660552e-55
9.477436843416627e-56
1.7623561879203645e-56
3.198364665473869e-57
5.664914801263411e-58
9.792408125829573e-59
2.9978845407494162e-59
4.9761638828981116e-60
8.061281773132255e-61
1.2745086249499055e-61
1.9665740269633872e-62
2.961462603911845e-63
4.352414303921043e-64
6.242834380453855e-65
8.738976898176594e-66
1.1938950335170514e-66
1.5918350323891314e-67
2.071361548210006e-68
2.630505901795242e-69
3.260226318479907e-70
3.943491361611946e-71
4.655199453006975e-72
5.363144827580588e-73
6.030095177738352e-74
6.616857739568444e-75
7.084400115920127e-76
5.887709399071379e-77
0.0
0.0
0.0
0.0
0.0
0.0
0.0
0.0
0.0
0.0
0.0
0.0
5.859890778973134e-35
9.280095295965678e-35
1.434181846421741e-34
2.1629420132732803e-34
3.183276788436141e-34
4.571858695467753e-34
6.407668949565347e-34
8.763875582048883e-34
1.1697181031243136e-33
1.5235443105797217e-33
1.9365015038635075e-33
2.4019803927083653e-33
2.90743455529416e-33
3.43430852651315e-33
3.9587451007185035e-33
4.453122479205786e-33
4.888331074777411e-33
5.23655240580724e-33
5.4741811756734895e-33
5.5625411496162285e-33
5.582924227971627e-33
5.468133398785481e-33
5.2264324150042216e-33
5.718437629594559e-09
1.3169050440663213e-08
2.7856450389664318e-08
5.412418030051666e-08
9.65942179401599e-08
1.583452978157334e-07
2.384259126843642e-07
3.2975848439118667e-07
4.1892159172010733e-07
4.888366437284965e-07
5.239489861352138e-07
5.158322572775367e-07
4.664684033191977e-07
3.874629747763706e-07
2.9561905695945943e-07
2.0717096454178546e-07
1.3335815881132197e-07
7.885051526832606e-08
4.282365410819916e-08
2.1362749669783574e-08
9.788695575515712e-09
4.119900573829966e-09
2.2071142344054108e-09
8.062637385482816e-10
2.7053514148893543e-10
8.338049838241505e-11
2.360475673429399e-11
6.1380272680230614e-12
1.4660620094109056e-12
3.216400406359868e-13
6.481598402254251e-14
1.1997434049671718e-14
2.039806004174186e-15
3.1855439576891097e-16
4.569541026696222e-17
6.0208221886792625e-18
7.286739840222724e-19
8.100372092322397e-20
8.271245577275656e-21
7.757666481413278e-22
6.683216645486815e-23
5.288521583942557e-24
3.8439552577278966e-25
2.5664636560217037e-26
1.5751777983252397e-27
9.018394368544766e-29
6.240138377716144e-30
2.321588746922267e-30
1.800384742092937e-30
1.7915009432866434e-30
1.764725721060122e-30
2.384994819782911e-08
5.6062876231762406e-08
1.0142483243888094e-06
2.689759426665422e-06
5.851454879508868e-06
1.1741856487532796e-05
2.1729047630817098e-05
3.707690894054071e-05
5.832716705924216e-05
8.458709889985769e-05
0.00011307798116717832
0.00013934084073083717
0.00015827036261824325
0.00016570742195266155
0.00015992251971314034
0.00014226830848106282
0.00011666554210581497
8.818923102492126e-05
6.145054212031515e-05
3.9469952500227615e-05
2.336821865451925e-05
1.2752149728565219e-05
8.138453369870983e-06
3.8764632367439415e-06
1.7015417382549952e-06
6.882060134981418e-07
2.5645625122486894e-07
8.803841702490551e-08
2.7837896127267594e-08
8.106697210578554e-09
2.173856641777578e-09
5.367007304205204e-10
1.2197827922203523e-10
2.5516264469124616e-11
4.912159440045565e-12
8.701355252195797e-13
1.4180810282277925e-13
2.1259751036368763e-14
2.9315984912916533e-15
3.7178280656014667e-16
4.335758837284115e-17
4.649301099263536e-18
4.583696991752899e-19
4.154433989466004e-20
3.461311165493312e-21
2.6507588241134874e-22
1.8658266576365323e-23
1.2070275112821926e-24
1.8559730184106676e-25
1.0429720009769206e-26
5.385903224709198e-28
2.555704613780111e-29
1.1143255813551889e-30
4.464241156771249e-32
1.6432497548148852e-33
5.557347356563905e-35
1.7267459663708742e-36
4.929198791922493e-38
1.2927134023092298e-39
3.1145706684992175e-41
6.893772988852568e-43
1.4017556588269095e-44
2.618425627038112e-46
4.4628953968993026e-48
6.111821437416848e-53
1.2404340349999339e-53
2.4571654341616947e-54
4.750632418078197e-55
8.964444359586342e-56
2.4984941302013922e-36
3.963875610846371e-36
6.136921557421328e-36
9.271926861559765e-36
1.204355060833255e-35
1.7469832906458432e-35
2.47293004324728e-35
3.4160465561749743e-35
4.604946633400917e-35
6.057791097444198e-35
7.776655388183527e-35
9.742272797689944e-35
1.1910132384563827e-34
1.4208942665497065e-34
1.6542296674953108e-34
1.879397822408706e-34
2.0836775078215753e-34
2.254400949691717e-34
2.3802396431274934e-34
2.70365341119929e-34
2.882092479851334e-34
3.0699977724768613e-34
3.3088273747271853e-34
3.652354457623644e-34
4.145362964689193e-34
4.856018626808992e-34
5.8521470571327865e-34
7.197766558505174e-34
8.94156995596616e-34
1.1102064787827548e-33
1.2762855288615225e-33
1.553086772897705e-33
1.8520669715420114e-33
2.1566689448500183e-33
2.4479994632908925e-33
2.7076339744470878e-33
2.919988700672941e-33
3.073577989369582e-33
3.161136237934021e-33
3.1791515785039216e-33
3.127462377319199e-33
3.0092189254811852e-33
2.8310451051385945e-33
2.6029940873700966e-33
2.3379830245187793e-33
3.315449131983335e-07
7.654723252266035e-07
1.6233451236747876e-06
3.162179141929991e-06
5.657913722570405e-06
9.298660969831723e-06
1.4037143787086573e-05
1.9463965474214868e-05
2.47900923469047e-05
2.9001416180422497e-05
3.11640942203019e-05
3.1187089400152095e-05
2.9087108549832976e-05
2.4918419916320456e-05
1.9608062864813252e-05
1.4172390922637398e-05
9.409050461237869e-06
5.737764435182269e-06
3.2139111981531825e-06
1.653557393362584e-06
7.814458985134696e-07
3.3921324442536755e-07
1.352511378411087e-07
4.9533988174807644e-08
1.6663257548813552e-08
5.148856162429842e-09
1.4613554191320484e-09
3.8097387142458084e-10
9.122812942575087e-11
2.0065805158408855e-11
4.053952481069612e-12
7.523067502461955e-13
1.2823468389035976e-13
2.0077530508691513e-14
2.832834799182636e-06
4.5064571000296925e-06
6.0582821764087084e-06
9.252908647099474e-06
1.3791005186425115e-05
2.005868413752663e-05
2.8470679205129046e-05
3.9435021933869364e-05
5.3303437342771354e-05
7.031001907051121e-05
9.050406498536167e-05
0.00011368621999370203
0.00013935945455053955
0.00016670703199392822
0.00019460781281094994
0.0002216947937308269
0.0002464561088554831
0.00026736992299521655
0.0002830573164845109
0.00029243213136351427
0.0002948252426209982
0.00029006351810343994
0.0002784905264133208
0.0002609255529892544
0.00023856771422526643
0.00021286075436134294
0.00018557844898919087
0.00015805031313845637
0.00014033945121478655
0.00011569721064679509
9.431017125365372e-05
7.693818134317144e-05
6.391359356035153e-05
5.504092647431751e-05
5.044949995002539e-05
4.841898305888835e-05
4.8556789025796e-05
9.44555909745312e-05
0.00016081636054031599
0.000324094103911696
0.0006150833735132416
0.0011189433632150985
0.0019103597107671436
0.0030332695321794714
0.004462107417273077
0.006071698805407881
0.00763727331207667
0.008878101304743246
0.009537456823361067
0.00946868383510667
0.008687977636125435
0.007367958036730693
0.0057755411584625395
0.004184626984947344
0.003231229551145751
0.0020530913978558983
0.0012054894680294062
0.00065395963493609
0.0003276928261142634
0.0001516313194118953
6.477086387764657e-05
2.5532397357946608e-05
9.284761919632e-06
3.1135883969348626e-06
9.625166708738917e-07
2.741963772262431e-07
7.195782536681278e-08
1.7390901685946357e-08
3.869620179508401e-09
7.925037145069515e-10
1.4935366950834865e-10
2.589507750349366e-11
4.129716175268325e-12
1.2797735576984797e-05
2.0484402835046322e-05
3.199649233563921e-05
0.0005698400048050391
0.0009060435625496548
0.0016863085358444039
0.002578241373078898
0.003376897378149105
0.004962613922280009
0.00712164822073796
0.009979846611579059
0.013656421940508466
0.018248053058205406
0.023810030222612896
0.030336453471765033
0.037742366351500314
0.04585125659180795
0.054391345353777286
0.06300336116558047
0.07126104019130265
0.0787035804097587
0.08487704967374103
0.0893797687456153
0.0919054328882981
0.09227755720953629
0.09046986673627568
0.08660935926689926
0.08096154586070428
0.07390141446237565
0.065869533274803
0.05733054356749038
0.04877246248864633
0.043232000591857375
0.0354614370499989
0.02857240432697759
0.022784951870269757
0.01823067462858254
0.014948605815907075
0.01286808302639327
0.011794745306491107
0.01141717235832403
0.011349305875510637
0.011208241277165767
0.010705137194893372
0.009713210752655145
0.008282637843666533
0.006596377814983609
0.004888970544401016
0.003365016156393337
0.0021480589760732613
0.0012706225611971527
0.0006960315872590459
0.0003529282791810918
0.00016559930817753853
7.189528116192447e-05
2.8887016023775012e-05
1.074946819106729e-05
3.71092226477879e-06
1.7543420774320274e-06
5.391860489450045e-07
1.5631541292070255e-07
4.3464888719687516e-08
1.1904550478481309e-08
3.3280805144950967e-09
9.825010359257644e-10
3.107637953939907e-10
1.0404965410149361e-10
3.592369723328429e-11
1.248379471066971e-11
4.298403384022115e-12
1.4542329861045635e-12
4.815439958502477e-13
1.5581041378800037e-13
4.923044888191171e-14
1.5185994748987904e-14
4.572847447550268e-15
1.3441549402098532e-15
3.8567707935132103e-16
1.0802027585954732e-16
2.9531770729510614e-17
7.880839766238028e-18
2.0528181834881572e-18
5.219389716440559e-19
1.2953185321097044e-19
5.04706825703312e-20
1.203005329599929e-20
2.7988155844361845e-21
6.355592922454831e-22
1.408671440938906e-22
3.047418351034866e-23
6.434579251896528e-24
1.3260839083278812e-24
2.6673609555174223e-25
5.236604294417228e-26
1.003395726154542e-26
1.8764918565868987e-27
3.425078913025831e-28
6.101569165781236e-29
1.0608629098136939e-29
1.8002570550892502e-30
2.9825886221354774e-31
4.995741172032983e-32
1.0696939544824145e-32
6.595244880852586e-33
8.806663105919615e-33
1.2972488179153528e-32
1.897180067184381e-32
2.71423280789133e-32
3.7931304726386594e-32
4.679523257857618e-32
6.287138559761404e-32
8.249633121673624e-32
1.0571646768468133e-31
1.323043263600602e-31
1.6170611449834646e-31
1.9308467051462059e-31
2.2510928085396197e-31
2.5631663894232697e-31
2.8503957188618447e-31
3.131360401753967e-31
3.3403501396118968e-31
3.506186893534984e-31
3.601163984458169e-31
3.638286974083934e-31
3.626855239103752e-31
2.504888609196517e-05
4.031345390905766e-05
6.331410464114904e-05
9.703754516192278e-05
0.00014513361184848882
0.00021182883416120762
0.0003017109130117534
0.0004193588692939487
0.0005688130041825259
0.0007529082763847666
0.0008954239415491982
0.0011379312935958174
0.0014112119650451557
0.0017078799088110581
0.0020170249933996695
0.002324631402681275
0.002614482813411109
0.002869500817541141
0.003073376631788189
0.003212285129881605
0.003276432764625594
0.0032611990242371186
0.003167686674318963
0.003002589779926334
0.0027774014437182758
0.0025070914873798126
0.0022084652909680016
0.0018984529766620263
0.0015925679860248605
0.0013037219829471606
0.0010415038178519956
0.0008119431356243444
0.0006177023210780055
0.00046957977492232246
0.00035837262102666697
0.00029195353999289926
0.00027550988532688684
0.00029843916077996986
0.0003848976307979964
0.0005366657400675405
0.0007434052424092612
0.000978145923661154
0.0011987965636665993
0.0013575617324959768
0.0014158066236543197
0.001357892282194557
0.0011969408745311628
0.0009693959791718535
0.0007212584376117121
0.0004929601454099644
0.00030949126088270943
0.00017848115443202167
9.45451526604801e-05
4.6003064879701024e-05
2.0560509909165323e-05
8.440742496201533e-06
3.1829378279256284e-06
1.1025006668420724e-06
3.507821412168856e-07
1.025209735391204e-07
2.7524598244716028e-08
6.7888151784362785e-09
2.5472671798711016e-09
5.456678499177704e-10
1.074756782936409e-10
1.9485797863891976e-11
3.2607183376650033e-12
5.068624243144643e-13
7.434711548398028e-14
1.0677325010402446e-14
1.6174304808838276e-15
6.115002982674615e-07
9.758714807739962e-07
1.5197685389261457e-06
2.309676438124925e-06
3.425419049357924e-06
4.957527633698251e-06
7.001731446513974e-06
9.650162472849342e-06
1.297934187418612e-05
1.703568451934281e-05
2.18200316577331e-05
2.727344724389883e-05
3.326699422318488e-05
3.959824712944748e-05
4.599675893644226e-05
5.2139561096476556e-05
5.591981496100408e-05
6.085841672407498e-05
6.463450753793763e-05
6.698801504284276e-05
6.77514578512991e-05
6.686965007728255e-05
6.440629649945664e-05
6.0536383733244844e-05
0.00020246718656804529
0.0002843171547879626
0.0004089756538202515
0.0005928510856783009
0.007211673107592357
0.011329599294497403
0.019993027297230254
0.030289953886593557
0.04484690918547621
0.064880619986092
0.09170793502147354
0.12664362527465772
0.17085482756397233
0.22517862306044356
0.28991653451172994
0.3646348108033325
0.44799917994093347
0.537682799147438
0.599386675689842
0.6918296045003582
0.7800353153471713
0.8591143697173024
0.92429002012393
0.9713718568942651
0.9972008284999169
1.0
0.9795767992478734
0.9373446848478626
0.8761609066187994
0.8000063944275253
0.7135577526180404
0.6217152406828631
0.5291523716645092
0.4399430343878778
0.35730387045116146
0.28351188585487247
0.2197879738328796
0.1665424010265851
0.12346763303476421
0.09162011798113176
0.0687757870810934
0.05571279931500884
0.05452851756429166
0.06542224485088194
0.08065713456099405
0.11640379391004484
0.16705136458011988
0.2288901957995439
0.29437161865046474
0.35299253630739835
0.39372065079169244
0.40819399861377004
0.3933709893536403
0.3524463530330856
0.2936500897809907
0.22753208532243668
0.16393345597045372
0.10978425260691088
0.06829647108440283
0.03943664786531061
0.02111764472016097
0.01047617288739898
0.0048098426399045754
0.002041740905848253
0.0008005865459258583
0.0002897246696896761
9.669500371002183e-05
3.007416969305439e-05
9.252782916563537e-06
4.91976872726266e-06
3.986415397713857e-06
6.40830167852765e-06
1.137300123891236e-05
1.8991614278679885e-05
2.921198681480682e-05
4.128520749280463e-05
5.359671217763623e-05
6.391133859010583e-05
7.26134028651067e-05
7.462658227858665e-05
7.167296006289034e-05
6.53372101580887e-05
0.0001452233864937021
0.0002092087441398972
0.00029797814660684473
0.0004925471578928844
0.0007271528764260828
0.00105929152165165
0.0015138814791215533
0.0021172490358503946
0.0028948462705643877
0.0038680284923789335
0.005050132618670116
0.006442278284357746
0.008029475682929551
0.009180016094636763
0.011006782793593307
0.012897954269514575
0.014763283494438511
0.016510400305259847
0.01804064173639584
0.019260919981402818
0.02009316220654595
0.02048270114916918
0.020404360262021876
0.019865285646257353
0.01890407357991321
0.01758633082125597
0.015997366273755708
0.014233134759819662
0.012390757882747417
0.010559905767047
0.008816064072029747
0.0072163043314814905
0.00579771688332204
0.00457824784018893
0.003559376112320418
0.002729910259706023
0.002070177995175406
0.0015592720760382835
0.0011695797225911289
0.0009667429586185656
0.0007335762171119325
0.0006398176825097123
0.0006504007813901866
0.0008209831369933189
0.0012819045904630386
0.0021048568739145475
0.0034356653606747735
0.005363894402614622
0.007876361965326638
0.010801211550483877
0.013791059442489421
0.01637911938216668
0.01809454408703429
0.018603096607520714
0.017812454118710522
0.01589704881012325
0.013234612227872387
0.010285993038979861
0.00746944044250623
0.005073609058779312
0.003228951689154412
0.001930506061692932
0.0010886571453103044
0.0005823185873597105
0.00037388427704008277
0.00018602532402615566
8.941759370179723e-05
4.166902404832163e-05
1.8807130730007655e-05
8.177149628958478e-06
3.396681987524212e-06
1.3358183085994284e-06
4.9329647466269e-07
1.699257911274804e-07
5.433239315458031e-08
1.6069136649772186e-08
4.3855775072838585e-09
1.1027389760993385e-09
2.552001457444769e-10
5.43210007184905e-11
1.0630920064200241e-11
1.912643653516954e-12
3.1639911996436187e-13
4.8161676089854294e-14
6.759951257378958e-15
8.797858605278563e-16
1.0774700495387002e-16
1.289592885129363e-17
1.6398127131637397e-18
2.500849534937987e-19
8.163237846390345e-20
1.7782112630688975e-20
4.2390177053792406e-21
1.0297702420799983e-21
2.474968104767346e-22
5.827682448980949e-23
1.3404930017149952e-23
2.149335145960396e-06
5.222800630430234e-06
1.1657273809112926e-05
2.389927843630492e-05
4.500562763135398e-05
0.0002092741395485641
0.000430625099893486
0.0008390039561669924
0.0016104618647373402
0.0028121084381039795
0.0045966151960696875
0.007011738612193495
0.009961223836125414
0.01316537459763983
0.016183115045372735
0.018506697408329026
0.019702867157723816
0.019545092307635854
0.01808094894933859
0.01651868126382647
0.013620050008745508
0.010482691593044758
0.007528107336935952
0.005040379878957531
0.003142688392339805
0.001827050542269977
0.0009888103758602673
0.0005018197168767882
0.0002447777049387071
0.0001241786689391306
7.805075568080736e-05
7.039404299844414e-05
8.274706478724065e-05
0.00012312921658986825
0.00016533555000809757
0.00021941798250917644
0.0002863730445111131
0.0003673922752552699
0.0012184041105198081
0.0017810141567397519
0.002582297233008375
0.00408379260795212
0.005853019469284628
0.008265654946941228
0.011480707703799265
0.014150402259793202
0.019058174104774093
0.025162121406474808
0.03254072866174368
0.04119666939958928
0.05103356281296076
0.061838941054770516
0.07327770551096265
0.08489956664599027
0.0961622964188567
0.10647025168370557
0.11522493636959648
0.12188188970212674
0.1260064771097015
0.12732066830088118
0.12573382348528916
0.12135277203363704
0.11446965039231312
0.10553095102932375
0.09508598636832413
0.08373589298857388
0.07207496278422998
0.060641772234527484
0.04988155509773672
0.04012318894525502
0.034280274090891266
0.026592835502374533
0.020200517602713502
0.015040681777439877
0.01099266614923564
0.007906607362316706
0.005875861938428432
0.0045854946452151355
0.0041516936619865365
0.0047845848585032266
0.006557005768148242
0.009697016834476373
0.014261984785307503
0.02004332565729705
0.02647751943164462
0.03267706162890574
0.03760766130498506
0.04036333541659838
0.040431232694691115
0.03783518892412129
0.033104538679782136
0.027094770675430344
0.020742093705701032
0.014842427495920074
0.009916006935573152
0.0061755538669378
0.004327628249642398
0.002388030173784668
0.001222490919679806
0.0005796051141856085
0.00025412262582820015
0.00010289951498979967
3.843859309667133e-05
1.3234749559563656e-05
4.19703631181916e-06
1.2251712270670298e-06
3.290629638714245e-07
8.12893054810899e-08
1.8464541538162247e-08
3.855674217421706e-09
7.400254959560212e-10
1.3053386710978636e-10
2.1158792175487028e-11
3.151565284715955e-12
4.313478965310806e-13
5.425437977189408e-14
6.273191959947234e-15
6.674321113025749e-16
6.552709073583169e-17
5.98734087614783e-18
5.224534616349387e-19
4.6792201931290514e-20
1.0207329200298612e-20
1.3290468150591312e-21
2.3046131010322114e-22
4.616215593824561e-23
9.577679929386328e-24
1.9724022556766177e-24
3.981184206449621e-25
7.850304955168958e-26
1.511046247514196e-26
2.8386972777560856e-27
5.205497031149313e-28
9.327018213257931e-29
1.6434792377476797e-29
2.964020612944214e-30
3.5235310971082735e-06
5.634700082083449e-06
8.793309743137862e-06
1.3391302126332545e-05
1.9901330678739746e-05
2.8862257297963272e-05
4.0847675037230354e-05
5.673993620503491e-05
7.682240637683777e-05
0.00010175869606298413
0.0001319451104927104
0.0001550675712038429
0.00019408727346316616
0.00023759875741624848
0.00028401724514306076
0.0003307860701839459
0.00037449761329954695
0.0004354460229420469
0.0004764005081852554
0.0005118050578249706
0.0005435278091994218
0.0005755798879593153
0.0013993045857725974
0.002062400292382375
0.002926206825171162
0.004182833252726205
0.006563649509960435
0.009360201024680683
0.013146821116790195
0.018133838126203977
0.024519851923961805
0.03246626960885907
0.04206725812758966
0.05331819469508226
0.06608700002597559
0.0800935751549318
0.09490258985926694
0.10493973884100438
0.11973833982846954
0.13356070729082073
0.1456371172630631
0.15524467850462556
0.16177511835941846
0.16480288268347643
0.16412867792607058
0.15980163251392637
0.15211318724077402
0.141564076429603
0.12880977573264607
0.11459285744587466
0.09967220792487969
0.08475847802705234
0.07046286558556927
0.057263207195757795
0.045488317558259474
0.0353191419524521
0.026803678367993924
0.019881618527830852
0.014414154799964345
0.010228210269694159
0.007107290618222076
0.004859110596751034
0.003305832195978149
0.0025806654127657827
0.0021319891885815605
0.0022147153410124877
0.003011831942774371
0.004832119160796226
0.008325625645949195
0.013769147609279483
0.021662143586612625
0.032026098810566374
0.044253105656494776
0.05702558932744037
0.06850825931176717
0.07679406677606264
0.08044217727868846
0.07888373604501665
0.07253715619628319
0.06262035553039554
0.05077362424491425
0.038648392202459775
0.02758241726416601
0.018420035189764445
0.011483678823794636
0.006666845950119951
0.0035955096153762293
0.0017974266012693754
0.0008313281982012701
0.0004757917392500889
0.00019266587977694366
7.192602697054124e-05
2.4733741700477557e-05
7.829416295590828e-06
2.2802652453386925e-06
6.107888738914595e-07
1.5042525743791516e-07
3.4054902981907305e-08
7.0859293673760285e-09
1.3549374230414153e-09
2.3807146232387757e-10
3.843542321345634e-11
5.701253292171384e-12
7.769751482585919e-13
9.728146178213983e-14
1.1190011178894936e-14
1.1825033644447435e-15
1.1480009644839725e-16
1.0238834231202832e-17
8.389501949117713e-19
6.315874594386951e-20
4.3697809938179135e-21
2.781146419425596e-22
1.6338651255836403e-23
2.3746624946274298e-24
1.2756543635249434e-25
7.316846949785554e-27
5.6829792793169485e-28
6.842894285046865e-29
1.0603492440326524e-29
1.7787646545281875e-30
3.3155899987878393e-31
9.954370120817663e-32
1.4127687617489488e-06
2.2556963008931717e-06
3.514625386666257e-06
5.343998486826514e-06
7.929439352220009e-06
1.1481734695699505e-05
1.6224129486387886e-05
2.237196702580056e-05
3.0104804257847388e-05
3.9532685317158125e-05
5.0660059277381824e-05
6.335252694309682e-05
7.731273933446012e-05
9.207188847809781e-05
0.00010700200390390714
0.00012135163768710093
0.00013430378204266484
0.0001417603917841439
0.00016739430389681108
0.00018301642894570183
0.0001999362327815291
0.00021989657391496863
0.0002453071015331769
0.00027915911691043724
0.0010822420359653461
0.001592093731683371
0.0023387013528512616
0.0036197081600233597
0.005338578209533711
0.007608202965798844
0.010636694140241586
0.014661909287388473
0.019748115159111807
0.02607941130963566
0.033787258232155726
0.042918962199997836
0.05342001663270164
0.0650906469571365
0.07752558659252351
0.09010894986877133
0.10205956429061956
0.11253303763484258
0.12075454794170919
0.12468562622827617
0.12798611765565732
0.1280770832441355
0.12509140792809165
0.11937367375007493
0.11141887648300111
0.10179205772057297
0.09108757508232197
0.0798685331422091
0.06863486959666326
0.05780372834578202
0.04770146914747873
0.03856277552964828
0.03053379013805951
0.023678495412659616
0.017988711657652295
0.013397703034161238
0.009796318391487615
0.0070498150007590995
0.005018241444658505
0.003556828526903097
0.002541023973931547
0.0018638748133987444
0.0014398373731386623
0.0012025997016105532
0.0012657291075958937
0.001470302435095789
0.001988595462034643
0.00299491651937314
0.004794634670587067
0.007634873811192407
0.01171690048594824
0.01707958144040605
0.023414885533037163
0.030045334038559114
0.03603742109702875
0.04043431206482207
0.04251995141997019
0.042014489987744756
0.03910804263358301
0.034359331983079215
0.028521571863095094
0.02236823683045477
0.016559239742876184
0.01155831617879131
0.007601255565145831
0.00471258797445983
0.0027616533171430464
0.0015379257635418557
0.0008204819065315192
0.00042345499520043153
0.00026869960891506926
0.00013357326823700396
6.507320599602944e-05
3.28668868761883e-05
1.8774630305097836e-05
1.615341088851719e-05
2.240646286074937e-05
3.707289650430099e-05
6.05962654941494e-05
9.253318851151292e-05
0.00013036467706563986
0.00016902120991625944
0.00020161190638901856
0.00022130689383472523
0.00022365120853859772
0.00020820721331509553
0.00017868013025501184
0.0001414759719448985
0.00010345500044281898
6.994972817002495e-05
4.378755627561706e-05
2.5413008683982897e-05
1.3694088595515742e-05
6.861137108013928e-06
3.2003404931838327e-06
1.3911423195247858e-06
7.678690281981715e-07
2.971322366715362e-07
1.0722722839129419e-07
3.6067353663738556e-08
1.1297216344058834e-08
3.2911418651546933e-09
8.905031858706661e-10
2.2346383403998782e-10
5.193307651087123e-11
1.1162703345594746e-11
2.2164873612585954e-12
4.061438910179006e-13
6.861649885193237e-14
1.068044583440175e-14
1.530725453598631e-15
1.3281820176783512e-08
3.195997729683375e-08
7.063981874930523e-08
1.434124755882636e-07
2.674351767938856e-07
4.580832075053542e-07
7.20716482207482e-07
1.0415467753638227e-06
1.3825706883514489e-06
1.6857382989195108e-06
1.8352229321236698e-06
1.942146736069798e-06
1.8878587330941505e-06
1.68558706267202e-06
1.3823789986883258e-06
1.041351405121204e-06
7.205460296087682e-07
4.579524571238988e-07
2.6734575933773145e-07
1.4335750959387325e-07
5.430039340556086e-06
8.686946960365443e-06
1.3652969323866323e-05
2.0981467633043147e-05
3.148260577743752e-05
4.610580597870487e-05
6.589375860206845e-05
0.0003848659131856567
0.0005907694243218434
0.0008885197266092133
0.0013088856183198219
0.0020297774261977377
0.002891619746008957
0.004034157215643346
0.005510395749243227
0.007367885200615653
0.008836122524962409
0.011397510155427967
0.01438513970244245
0.017763579708699795
0.021459837864506327
0.025361735118368027
0.02932066756741716
0.033159237523534606
0.03668351323619277
0.039698880223929
0.04202773191941778
0.04352677090073787
0.04410157423692264
0.04371636681385228
0.04239760749100667
0.04025004741405734
0.03738241540451237
0.03397949134774036
0.030233962295897726
0.02634080924754988
0.02248157268688874
0.01881181722234065
0.01642784563022755
0.014028856099861988
0.012338914262074728
0.011464154653072335
0.011766810179878719
0.012688690485855088
0.014772302933614978
0.018124595223452295
0.022836729450796425
0.028968186771592776
0.03652657889659323
0.045445897528993286
0.05556853688231576
0.06662781139286238
0.0782503456302214
0.08996352392040878
0.10123874325599246
0.11146722517901556
0.12012454433529196
0.12668902255746478
0.13080075904301275
0.1322679947413689
0.13109262541553154
0.12838933881492914
0.12323248540652171
0.11669385900159181
0.10931319664982928
0.10198600335085552
0.09459656195698278
0.08780506750452285
0.0838105429748639
0.07892031140486293
0.07570109414934932
0.07448910521936168
0.07550320940067348
0.07879688446643025
0.08423404570604534
0.09148751780289759
0.1000544987828844
0.10928749405486221
0.1184428754488024
0.12674652772863257
0.13346917294158828
0.13799896612349838
0.13989925877220283
0.1389438358247712
0.1351272184150735
0.12865160051543328
0.1198943534933766
0.10936606438209229
0.09764430542325385
0.08533286436073262
0.0730031829657401
0.061154696745018604
0.05018515419746646
0.043503274245113216
0.03472378176832104
0.0274078237015416
0.021706609368971924
0.01776301510467397
0.015736045428501162
0.015944484106347207
0.018320785750642818
0.022793730816055385
0.028853065041926244
0.03558767550629592
0.041831441915058734
0.04644985778844339
0.04864445547541132
0.04813258335013511
0.045143881924990706
0.04023636357057083
0.03412980463818946
0.027543062769156478
0.021115514207138406
0.015360524799479967
0.010783517459121317
0.0074781050373702316
0.005571294244709977
0.005120532930209448
0.0062128447278100235
0.007927979552765871
0.011969411508323907
0.01780052706142647
0.025171558703978646
0.03341163803433457
0.0414580110892462
0.04813557595143447
0.05245134549457523
0.053861719483852946
0.052357078684868
0.04836422859775687
0.0425585986592555
0.0356931044029415
0.028491391464214807
0.02158747348006913
0.015476650377995085
0.010469935979070462
0.006672743384788608
0.004007467191132711
0.002275359981028758
0.0012319172052468786
0.000648184723279486
0.0003441260348939825
0.00019591978104581948
0.00012741794906960302
9.619170238246878e-05
8.488504309511217e-05
7.388083183198077e-05
6.549305447770088e-05
5.918693470098453e-05
5.233653590288906e-05
4.607333681381092e-05
4.088016461806911e-05
3.719152843656522e-05
3.551554661770466e-05
3.6306208442811223e-05
3.9961577364104455e-05
4.6783876910143284e-05
5.691786865836134e-05
7.2434280747629e-05
9.210127784404313e-05
0.00011734918809005716
0.00014998167670558064
0.00019210582560437407
0.0002473411527181166
0.00031469825264099886
0.0003928291406243453
0.0004757694975403114
0.0005540149236101334
0.000616593778516467
0.0006541409896588177
0.0006625291640620166
0.0006496526488363552
0.0006094772714458258
0.0005483869533833088
0.0004743187494921804
0.00039426476779157643
0.00031515407085360613
0.0002427961049501557
0.0001816576078281591
0.00013433298780237554
0.00010119207755882437
8.048619206994482e-05
6.894885501271742e-05
6.270685357280064e-05
5.8228565109059433e-05
5.305205450051284e-05
4.611104772766946e-05
3.760442908557305e-05
2.8515221841759342e-05
2.000970473913637e-05
1.2961520291670526e-05
7.741236032744915e-06
4.261360375173042e-06
2.1627229812092784e-06
1.0130043448264098e-06
5.7023661745478e-07
4.220959374588609e-07
3.7969976010738035e-07
4.777809575511698e-07
6.825164814893316e-07
1.4588164595766586e-06
2.5792857305000524e-06
4.629461965296059e-06
8.245383081921097e-06
1.4248264748113987e-05
2.347182432025318e-05
3.6404208492185436e-05
5.273063384401139e-05
7.097946832754483e-05
8.854210965756289e-05
0.00010222853881777645
0.00010924471737645984
0.00010818757609555026
9.956581339313355e-05
8.557269380693725e-05
6.923708885033815e-05
5.339313153628988e-05
3.9938290528471116e-05
2.9614539125935397e-05
2.2242457471674998e-05
1.7158592409950472e-05
1.3612547435130702e-05
1.1795495651608627e-05
9.576274662116631e-06
7.746749516399708e-06
6.185548721587782e-06
4.8470375374192055e-06
3.716043834069139e-06
2.7832189242322377e-06
2.0351192377700466e-06
1.4524141456694038e-06
1.0115887716632973e-06
6.875657724549122e-07
4.560534847281407e-07
2.951935581839931e-07
1.8646058147001472e-07
1.1493600882776384e-07
6.913756383700214e-08
4.0584565999105986e-08
2.324858958423932e-08
1.2996343639628231e-08
7.089810575685072e-09
3.7743046161859e-09
1.960776688658465e-09
9.940499144831129e-10
4.9178708572673e-10
2.3742963138166845e-10
1.1186174424881871e-10
6.681658793613001e-11
1.03636860377102e-06
1.6480736749776115e-06
2.5576109195524702e-06
3.8733169632429575e-06
5.724281438406115e-06
8.255586458827718e-06
1.1618867303655257e-05
1.5957635281413575e-05
2.1387604842351284e-05
2.8003184857779586e-05
3.577633616945184e-05
4.463240298834123e-05
5.438443606849848e-05
6.473783124799203e-05
7.529017204437269e-05
8.553837636082143e-05
9.489732391330447e-05
0.0001027376780354939
0.0001084495079272798
0.00011152896642800977
0.00011167016393409527
0.00010883289139484825
0.00010361572663412902
9.600390236053163e-05
9.004346003011698e-05
8.03076206018046e-05
7.02444297464594e-05
6.048869116882723e-05
5.156546078872341e-05
4.387616127384854e-05
3.7697025205739136e-05
3.318252852729407e-05
3.037121045842396e-05
2.9194049332043132e-05
2.9486076434765908e-05
3.100140165081362e-05
3.343138305116377e-05
3.642557491038363e-05
4.008771483061102e-05
4.3395120154691806e-05
4.634779027810768e-05
4.872566116121544e-05
5.03963485935698e-05
5.13268129426976e-05
5.158408931776348e-05
5.132373717171899e-05
5.0766448497936924e-05
5.016521362187323e-05
4.9767183740699176e-05
4.977552675475707e-05
5.007329448468314e-05
5.099224400373425e-05
5.2432032540252606e-05
5.42471140790465e-05
5.620676521519673e-05
5.8025279226728864e-05
5.985800824192191e-05
6.112518832751804e-05
6.207197730266464e-05
6.296508475210513e-05
6.422366736805357e-05
6.62638379431254e-05
6.925433472945312e-05
7.287356265023328e-05
7.984049272402118e-05
8.37099937067407e-05
8.569373163318984e-05
8.539417560409636e-05
8.33931625783855e-05
8.123907460516952e-05
8.10504459385948e-05
8.492512049192891e-05
0.00025352524341083917
0.0003620845622919108
0.0005213054617710193
0.0007461692026995182
0.0009410148303781261
0.001381724488160463
0.0019105573018600333
0.0025928347163393273
0.0034510214988902775
0.004502538842692326
0.005756225351040109
0.007208755145498506
0.00884175386811567
0.010619164858879912
0.012487552373212803
0.014377276090594556
0.016206280371848028
0.017885724639080443
0.019327027159569243
0.020449557543460804
0.021188073248327853
0.021508289585535075
0.021379408057290068
0.020817808759993308
0.019860754670960844
0.018568213503669065
0.017016829289806516
0.015292631833228614
0.013483478191761917
0.012567966508606204
0.011020417420906547
0.009652561018117149
0.008576433914855368
0.007866481100168072
0.0077069702271897874
0.008040098502054529
0.008912799343001264
0.01040236323424472
0.012535479132543508
0.015315946475891433
0.018717805203646222
0.02267978684468708
0.027097338412732357
0.031825299046541994
0.03667825552966106
0.04143922393055523
0.04587291438795257
0.04974312137825289
0.05283355023266353
0.05496398382534719
0.05601075350757888
0.055916020782491464
0.054692916428597
0.052422794315409874
0.04924551737267689
0.046712609163281855
0.04244393421842334
0.03789104961218617
0.03320504676208426
0.028663975664322522
0.024501721661721085
0.020922916642352015
0.018108612180808756
0.01608143641395954
0.014793500625684164
0.014061392488254503
0.013621984279167965
0.013207418013963844
0.012621872060491604
0.011783143644916928
0.010711622415341827
0.009481533310370839
0.008169987919634313
0.006833061168640985
0.0055129333122773206
0.0042534634861655495
0.003110162449692123
0.0021380407512515383
0.0013755025985910095
0.0008267593441477247
0.0004698038068321033
0.0003190263996072802
0.00019186046491922125
0.00018189818537275396
0.0002163437489109727
0.00029733531918251443
0.00041225106068712306
0.0006712356883499147
0.001017786389553295
0.001545271433375027
0.002387054605700859
0.0037036448937045325
0.005678046840137272
0.008361211504205652
0.011654264007366726
0.015275656692569054
0.018773054458364614
0.0216550266460839
0.023546931811501005
0.02430133042397865
0.024003615290441496
0.022882586321096104
0.021187789628291563
0.019111759143293633
0.01678674944824479
0.014328057242212679
0.011870515764930619
0.010308352586489525
0.008181014279113212
0.006395286054913077
0.0049790350318698546
0.003898310810609566
0.003084439263214603
0.002463453574665647
0.001975195950804005
0.0015793313052325502
0.0012524424492312749
0.0009818910658272422
0.0007603281287291809
0.0005822413550701824
0.00044235763985968677
0.0003351998756044168
0.00025518250031561013
0.00019687712616583484
0.00015527594610531727
0.00012598827159133335
0.00010535366018316834
9.047553434628393e-05
7.918891195812006e-05
6.998055059121686e-05
6.188073500081277e-05
5.434388700804792e-05
4.950491998211699e-05
4.247944993057586e-05
3.578376864927125e-05
3.44470139924613e-05
3.164911161729772e-05
3.0914612604956836e-05
3.280522043943638e-05
3.793101147395423e-05
4.6932317910233346e-05
6.044508904506435e-05
7.904388847070049e-05
0.00024344273359108097
0.00037973975079394164
0.0005557016625182364
0.0008021021975059043
0.0011401211716132035
0.0015939150922713381
0.002287569955633694
0.0031079171670981855
0.004145052617607293
0.005423365783522636
0.006965911928932154
0.008767564022689961
0.010819133813716054
0.013089149290957386
0.015524876250811176
0.01720590571921185
0.019741362262837365
0.02219317681743021
0.02443692845094743
0.026338109975092457
0.027778509752088343
0.028666793321001686
0.028952357962583886
0.02862952982623245
0.027733191192541005
0.02632928498561781
0.024565639852715825
0.022467325067059212
0.020172167049955884
0.01780403581372071
0.015477802525862257
0.013296963306061116
0.011387419121434969
0.009754131487412296
0.00846397612049723
0.007539096078916584
0.006977290627104346
0.0067631966272884815
0.006865396701754777
0.007239390012859395
0.00782981011335494
0.008312462647529245
0.009119302844325675
0.00996267311572473
0.010845931230565401
0.011613184297196339
0.012243984051027387
0.012710946724896812
0.012997296687287233
0.013104738122280262
0.013100244171979006
0.012951196292896485
0.01273518716561017
0.012506357445943132
0.012319905633576335
0.012221677957109102
0.012248084982111348
0.012419012181765934
0.0127357671560124
0.013180088284938041
0.013714969886575362
0.01428744897052434
0.014833498922286224
0.015364724404509575
0.015765139856467027
0.016064691363863223
0.016225715645908953
0.016458866551243186
0.016751267725499334
0.017194138995442552
0.01774339303131078
0.018316004861343122
0.018732120375023316
0.018787412264393136
0.018334081121874856
0.0173450920905504
0.01591345242286129
0.014210369938345664
0.01240282753724989
0.010600760105814521
0.008851556537257266
0.007173193191564401
0.005592573588317119
0.004211491674741636
0.0030272799843227547
0.0021091539560956257
0.0014786428853783098
0.0011168181422356168
0.0009840800715151506
0.0010612014244876379
0.0012886049655109711
0.0016432156286293332
0.0019480921920262395
0.002503036488262312
0.003169394242501326
0.003964632013747223
0.004860854142727763
0.005861927948399368
0.006971174069676742
0.008191510954966183
0.009518147697276907
0.010939757537704872
0.012375821300949025
0.013725399402939976
0.014848698441395736
0.015606871937062583
0.015904939923804894
0.015719379720507246
0.015102726314077696
0.014154263581370166
0.012980849360688749
0.011667771863038188
0.010273566716775089
0.008842876071263389
0.007422346059505778
0.0061002665769989755
0.004915216562864187
0.003941539083796599
0.003440120482714978
0.002944338748995725
0.0027830102388734816
0.002976214133956058
0.0034733059731778663
0.004182310347609735
0.0049623477889911335
0.005648711129776436
0.006103337375524477
0.0062578125230911
0.006127404725713605
0.005787687651055755
0.005495421184981523
0.005107001053895016
0.004730236644570082
0.004404819877125384
0.004163040100929516
0.004059868417992568
0.004242063056288315
0.004710952396243984
0.0055226222334662425
0.0067280718320764194
0.008328843190344595
0.010300038132367502
0.012597137346962127
0.014279053935945009
0.016969310096418007
0.019775174870396123
0.02258502685529264
0.025274135739475376
0.027711866660554814
0.029771339382611818
0.031380377310347145
0.03243219349804061
0.032909671458509177
0.03283915830401023
0.032288925109709266
0.03135350338538807
0.03014452912291968
0.028705240183845588
0.027062761542775277
0.025198806997759025
0.02309104658425406
0.020752756879524516
0.01825675705657676
0.01572494973389888
0.01328983512561705
0.011050891414009278
0.009051724674743215
0.007288151739179926
0.005736399616175518
0.004810724011932259
0.0035842616613801035
0.0025610048742874107
0.0017490421944893596
0.001142759698835959
0.0007186225467051026
0.0004403304257908822
0.00026801060428216966
0.00016614648830715496
0.00010762786809694336
7.41383515513909e-05
5.4460627961134376e-05
4.2238582557538367e-05
3.407508925921221e-05
2.8224985579922236e-05
2.3808263927768522e-05
2.0375093197210227e-05
2.0236687763416016e-05
2.1507058301711867e-05
2.6595895173339784e-05
3.748907126506635e-05
5.6389795339477754e-05
8.487436146165501e-05
0.00012268543863424726
0.0001666424558166728
0.00021039625614884165
0.0002814008328091485
0.00038451335865315265
0.0005467857710763187
0.0008368704595145308
0.0013453535656029613
0.0021699013975114085
0.0033755371632077803
0.004995956507899638
0.006851578344088955
0.008725386521159537
0.010403211360634212
0.011532459803581913
0.012031494476854556
0.011963952628860896
0.011513060837609604
0.010893725817133021
0.010262956303641877
0.009749836275370948
0.009263473022937853
0.008843943614257579
0.008530282544103039
0.008401274431696111
0.008542051515982136
0.009003347961121688
0.00977758300132157
0.010800612044382782
0.011571591016362685
0.012776682481954686
0.013940870042495127
0.014966359658223136
0.015776088211939016
0.016315406454225752
0.016551767936784388
0.016473030920844595
0.016086447533404102
0.015416279834514705
0.014501046141679552
0.013389855989634157
0.01213810148931512
0.010802962719507096
0.009439283069072804
0.008096272262663283
0.006815262835893085
0.005628654189202415
0.004559012806213635
0.0036200601020705083
0.002816936293140814
0.0021474667695113464
0.001603563128375617
0.001172877167865459
0.0008405037992192622
0.0006656922968003025
0.0004619713777868735
0.00031533889650336424
0.0002125907445358385
0.0001425159172887522
9.599235012874948e-05
6.589932758568601e-05
4.690507538384574e-05
3.51775163385065e-05
2.80631989201933e-05
2.3777984533461704e-05
2.114480165571128e-05
1.9396717644132493e-05
1.8043900040043925e-05
1.6789261363382632e-05
1.54738689855101e-05
1.4037449210160846e-05
1.2486260951303535e-05
1.086601461929282e-05
9.23998779434132e-06
7.67279802952827e-06
6.219735935411624e-06
4.9209905058426976e-06
3.859375698210372e-06
3.009731820694795e-06
2.4359726685458954e-06
2.234467569763071e-06
2.256545132322065e-06
2.733094117457669e-06
3.7092357006312377e-06
5.1527233283552445e-06
6.909608356098726e-06
9.979193646531748e-06
1.4911905261156177e-05
2.2045609611235176e-05
3.431568557288469e-05
5.571717471641789e-05
9.097831506389248e-05
0.00014425872063565816
0.00021694892045014867
0.00030690768167332725
0.00040407220930793416
0.00054635514414131
0.0006839511594303406
0.0008584206509725307
0.0011110745209175876
0.0014972731915861204
0.002065946650639347
0.0028426860036794795
0.003772916591879773
0.004738986686464715
0.005615413799058813
0.0060492136451429325
0.006426817780619862
0.006460435709618022
0.006229937368849712
0.0058617016323472505
0.005472161790630372
0.005138016676421744
0.004850165509689936
0.004583526941051516
0.004325696131814274
0.004091194480596238
0.003921862320392402
0.0038648362143103724
0.003949177143374291
0.0041737320871889135
0.004509163748504591
0.0049089608717289915
0.0053220477288680665
0.005702087791173208
0.0060122511815263145
0.006226560926630916
0.006329458706305038
0.00631474292576173
0.006184240965245393
0.005946538522835027
0.005735187303007415
0.0053515448950984664
0.004905286290119717
0.004416953814423121
0.003906954583067901
0.0033943634974933873
0.002895974282784546
0.002425636292402877
0.001993885139905387
0.001607846383634113
0.0012713720237871517
0.0009853624717926798
0.0007482273753181118
0.0005564395090669112
0.00040639682226681166
0.0002907316149447037
0.00020449305459713723
0.00014220820992206766
9.895223965615906e-05
7.052478849511713e-05
5.351042464726006e-05
4.5246704450745445e-05
4.374457485892801e-05
4.7506487031348765e-05
5.543408919430758e-05
0.0001298491443160644
0.00016934741197953925
0.0002370874734733345
0.0003301793272013157
0.00045572718449637527
0.0006219158838607409
0.000837541444311379
0.0011450937915092614
0.0015043645593398056
0.0019437687584816746
0.002467605972219386
0.0030752884946787795
0.0037600344335136085
0.004508018120967132
0.005298210924524415
0.006103961264865872
0.006892139185750671
0.007628438901975248
0.008278523777246784
0.008811203587233944
0.009200862118589222
0.009429188563702952
0.009486132596733672
0.009370220019297684
0.009088446466252743
0.0086785747494886
0.0081523955879524
0.007761580570774
0.007157605488090659
0.006588196162815269
0.006115286160120449
0.005785225567272704
0.005619232143836373
0.005582003142813706
0.005598390251945026
0.005574943100970546
0.005429915951239148
0.005128312953221142
0.004694516959740776
0.004196055337912204
0.003707210022327297
0.0032735204688561464
0.002896882409577672
0.002546955988821957
0.002188213600584623
0.0018043758947425249
0.0014069512342239343
0.0010266731844133126
0.0006966302258582455
0.00043806977692781773
0.000255094581444062
0.00013780723673350082
6.946020204599779e-05
4.257642109231536e-05
1.9776898181128663e-05
9.14071238695798e-06
4.440261928083594e-06
2.389166212119145e-06
1.442763713853262e-06
9.460893748793594e-07
6.43721365610536e-07
4.4003941944625774e-07
2.9719034057605545e-07
1.96843202892234e-07
1.2748458658171334e-07
4.259831007535079e-07
5.978904501119565e-07
8.788971489674281e-07
3.140043837217545e-06
4.83776096544546e-06
7.3004395574305255e-06
1.129611511297561e-05
1.6830616815235962e-05
2.482884105705898e-05
3.625153208569516e-05
5.221628417339046e-05
7.375988701911062e-05
0.00010141673177865543
0.00012305999803679645
0.0002222330115667531
0.00030644945967403113
0.0004036022764581725
0.0005406862091204865
0.0007172886536193797
0.0009630211061696859
0.001316068177938162
0.0018501515479242476
0.002584449515123627
0.0035509091959704695
0.004760017542330946
0.006154380830603908
0.007629253389239613
0.0090543817160092
0.010308641066706328
0.011319997490512004
0.01208255767705913
0.012641652806975809
0.013067305784273722
0.013374537075121826
0.013554671779092382
0.013562028183613456
0.01334863065054702
0.012895872108937908
0.012227529306630465
0.011694213347503356
0.010806646735931605
0.009876474979274028
0.008956844782229785
0.008079856609035006
0.007262331214254929
0.006511048507989964
0.0058299942847636396
0.005221420955802037
0.004686141869343644
0.0042226886089572705
0.0038266807878417383
0.0034908606780731373
0.003205760353335392
0.002960742158791646
0.0027451222214160647
0.0025491532056171194
0.0023647365245450655
0.002185819892218517
0.002008499531782763
0.0018308847619421635
0.0016527986626353427
0.0014753873853266815
0.0013006989218525189
0.001131276118338182
0.0009697933503237279
0.0008678001996399341
0.0007249230510512566
0.0005956869844871797
0.0004812089535819878
0.00038194609450902987
0.000297723836210931
0.00022781633695169809
0.0001710636346372812
0.0001260079491722827
9.103192352248975e-05
6.448418859849377e-05
4.4781878462215544e-05
3.0484673714362125e-05
2.0561249891491745e-05
1.3657801051308385e-05
9.08647605298266e-06
6.2187229681028295e-06
4.661644707955335e-06
4.05901774338602e-06
4.991327467568653e-06
6.985849902448252e-06
1.0853350371851862e-05
1.739721103864356e-05
2.7530574116479088e-05
4.193503217347872e-05
5.393547400802879e-05
7.478994352952889e-05
9.705993599099849e-05
0.00011744455584865127
0.0001322675402959424
0.0001545318431373805
0.00017732712381781938
0.00022024863373290853
0.0003106360320466942
0.00048495232144529706
0.000779555336553323
0.0012204438554524709
0.001802850277209975
0.002491921855885074
0.00317962235484993
0.003756015096501423
0.004119102662561157
0.004220494727192322
0.004085206962006774
0.003798669602499439
0.003493241719351489
0.00321608288079166
0.0030033416123262007
0.0028366607634948532
0.002674817299877965
0.0024907491641507494
0.0023576416366201058
0.0021674881497103417
0.0020476740166410355
0.0020153447748822028
0.0020958802457547087
0.002276755530810748
0.002527666400558799
0.002814224165294902
0.0031114418911164098
0.0034069532392496282
0.0036964240923479854
0.003975096988636569
0.004231394524760679
0.004446219327951496
0.004597750963229751
0.004668497183602626
0.004650547910499598
0.004546924236563482
0.004368996732141741
0.004132145378643087
0.003851865559604329
0.0035416154658506047
0.0032124274366004653
0.0028735291028717347
0.0025331344890321458
0.00219890690088083
0.001983071782948313
0.0016746358377127152
0.0013895262632875954
0.0011321235657336458
0.0009050933893676794
0.0007096275261839058
0.0005453673196348099
0.0004106706322133921
0.0003029201441143219
0.00021886504623127074
0.0001549525800363267
0.00010761604046855576
7.349849090722575e-05
4.96040306340216e-05
3.3379240202900125e-05
2.2735304946145204e-05
1.6025781305657514e-05
1.2093410050663601e-05
9.9491712258516e-06
9.049653433052085e-06
9.007126026074856e-06
9.632543971809958e-06
1.0824455053625556e-05
1.249207230144069e-05
1.4473930200062198e-05
1.583629529693711e-05
1.8644657339019113e-05
2.0452476638175584e-05
2.1601279266400802e-05
2.2054002966473132e-05
2.205126131010091e-05
2.20802617767804e-05
2.2781360646476178e-05
2.4729630780687665e-05
2.8406620699958708e-05
3.449179512282618e-05
4.277014127413824e-05
5.3528088457540026e-05
0.00010659607764488627
0.00015176509813863404
0.0002092188823444201
0.0002866097084460995
0.00038889810033917196
0.0005219017692657789
0.0006904818319846464
0.0009005072373794963
0.001182866456055183
0.001525253223795492
0.0019372439672801238
0.002436816367662582
0.0030377218775327016
0.0034992959537587225
0.0042827155743275
0.005161099320907241
0.0060955206186867296
0.007029828388144477
0.00787216558440527
0.008545075091068532
0.008990817749024427
0.009192267387762005
0.009174793260422375
0.008991130645325713
0.008699127077933941
0.008334821411505463
0.007911396283940627
0.007424082257495367
0.006867059914708359
0.006247940756196777
0.0055918599834152575
0.004934194607168528
0.004308746280471134
0.003734230306067672
0.0032138865196218334
0.0027408302478069257
0.002306816279302152
0.0019098622873512806
0.001555706238113833
0.0013479429025981774
0.001083924196489097
0.0008770044768633058
0.0007189279462903267
0.000595510025310248
0.0004920419230523099
0.000398257378950982
0.0003104222933411755
0.00023015809362130423
0.00016134302972829683
0.00010704727167936066
6.787453494289951e-05
4.196628739506006e-05
2.606065647090063e-05
1.808456627839325e-05
1.478131518494256e-05
1.5938732737170404e-05
2.2677219270877937e-05
3.727189690173735e-05
6.242193717563037e-05
9.995321731594822e-05
0.0001492180910741846
0.00020646970220248033
0.000263349673481602
0.0003098520295913127
0.0003375817853752701
0.0003433240363636195
0.00033390579456484806
0.00030896549696265063
0.00027819714913483295
0.00025044111832725724
0.00023023958618447181
0.0002167689455847058
0.00020546772280912695
0.00019098950442142187
0.00017018830314858506
0.0001433567131024051
0.00011354583052244734
8.52899589820902e-05
6.148770528623535e-05
4.4151546698718865e-05
3.33377064489637e-05
2.7949139928428975e-05
2.6452355300518617e-05
2.7851429826008446e-05
3.0750833591476514e-05
3.4875463632257065e-05
4.023110402364318e-05
4.7158094155744804e-05
5.7606547717034606e-05
8.29842916493512e-05
9.976384269577045e-05
0.00012983402877521981
0.00016837192641927097
0.00021604944170210458
0.00027316531232888846
0.00033948825281153954
0.00043765783804466187
0.0005577643632599129
0.0007150384008090574
0.0009315521312491614
0.001233664425999892
0.0016427876718031586
0.002162934871365842
0.0027667818105802703
0.0034012324462761277
0.003966352679136206
0.0043787134304806965
0.004582691174947892
0.004577239353079495
0.004415470401363597
0.004180245815057192
0.003947765388007993
0.0037575820038423585
0.003603180804534655
0.0034454027794165714
0.00323905768261488
0.003060248755622292
0.0027293122320586065
0.0023449352093069973
0.001945640368407368
0.0015696723495236642
0.0012429675005430224
0.0009753945979221229
0.0007658353818272974
0.0006018481597191414
0.0004737792718190801
0.0003727325103025127
0.00029258899640549775
0.00022952391577338462
0.00018112647872417436
0.0001456568952164088
0.00012159616408177773
0.00010744090598427788
0.00010164217890677388
0.00010260778068625838
0.00015984509532395596
0.00020681810496469088
0.0002685122340919206
0.00035380427170330546
0.00046908417688685915
0.0006220932650781591
0.0008214967071562734
0.0009845909238215414
0.0012805244971352445
0.0016778045908635141
0.0021313645742326677
0.0026632327503200094
0.003268919409422756
0.003938016948145057
0.004652712654171244
0.005389837470939599
0.006121604490391169
0.006817782163965704
0.007448145135803913
0.007984848463136976
0.008404430687422996
0.008689293342870021
0.008829222264334979
0.008820612040178354
0.008668342323608337
0.008384389570240713
0.00798687620443044
0.007497570405073797
0.0069398300332144044
0.00633605915086897
0.005706297791854713
0.00506779227557546
0.004644754890029891
0.004023909511209727
0.0034300593285807404
0.0028740290866005216
0.0023648221651278584
0.0019094298740466801
0.0015115343873697846
0.0011772800956084653
0.0009062890174397604
0.0006963693965920585
0.0005510930099000751
0.00047315304136239737
0.0004651262634923165
0.0005262928006743043
0.0006537274260762202
0.0008205019354752973
0.0010024870157943747
0.0011608549828518813
0.0012679741106434849
0.0013107604331931992
0.0012976333905939175
0.0013604513876159289
0.0013969905894403699
0.0014916444954276489
0.0016683713328918964
0.0019345858443990409
0.0021599587718669324
0.0025661097617028397
0.003054840022960568
0.00363590614095693
0.00438879065125423
0.005239915754734616
0.00623843052838309
0.007379389034655597
0.00863989297919605
0.009980441988849034
0.011348889389767032
0.01268562409641938
0.013929041927811513
0.015020826534033464
0.01591068545626006
0.016560183629476814
0.016945267632664355
0.01705718659681855
0.016901760639390292
0.016497245198585083
0.015871282561463217
0.015057544701169103
0.014094022618063157
0.013015835719578709
0.011859852212451397
0.01066047669849863
0.009852276718350537
0.008649158196457854
0.007481222903656626
0.006372899080124975
0.005344989510247486
0.004413790926049022
0.0035901836610391724
0.0028790115623513316
0.0022790805851265936
0.001783955010434429
0.0014451324963185748
0.0011706038858435189
0.0009798591149515945
0.0008969782093907998
0.0009051823396538396
0.001025731702313142
0.0012816898101488726
0.0016979999502375388
0.0023128045989052933
0.003104847442786719
0.004041693717408126
0.0050638736229904014
0.006072695745209675
0.006971522839203536
0.007694670348252029
0.008225740232320415
0.008488326461225226
0.008790008076839441
0.009036285106783748
0.009263940058781572
0.009467192582386787
0.009602467214412456
0.009610626608734164
0.009444662676434889
0.009089685123487514
0.00856740363640278
0.007925709572846011
0.007220745311148548
0.006500688021616633
0.005797316669974905
0.005126127353812981
0.004491785556578853
0.0038943934481661326
0.003334448461050474
0.002813811192217102
0.0023363948769393136
0.0019081090625001668
0.001531569510977283
0.0012100025164177566
0.0009445759004425355
0.0007343515268933566
0.0006234094124859384
0.0004969043088715185
0.00041140842380436285
0.0003570302392379989
0.00032243387660984093
0.0002966219945432581
0.00027087705519103386
0.00024053697178645853
0.00020524811375700663
0.00023493829324611884
0.00029552829718560537
0.0004508809199965458
0.0007633843697352599
0.0012966734223059193
0.002096450143924731
0.0031584511877412497
0.004398413875333084
0.005658119849247199
0.0067075696063246815
0.007341440318192106
0.007446724878348299
0.007057628691004426
0.006347302964309248
0.005563055322176252
0.004931223187890675
0.00457352781985338
0.004485362754375299
0.004493910058522055
0.004521414474611956
0.004409130723719396
0.00406940690580112
0.0035098251419572
0.0028148498903090664
0.002101513190304067
0.001472769079592807
0.0009882579352263274
0.0006589686955489014
0.00046003076534676204
0.0003646134013100204
0.00031492422987597937
0.0002888458391251758
0.0002737312453417424
0.0002667607808392649
0.0002717820685446945
0.0002945910546907167
0.000339749056163172
0.0004090395945301949
0.0005089408739998087
0.0006250389759191106
0.0007575587631283893
0.000901464429750905
0.0010517120206017402
0.0011529904702478866
0.0013201823798581409
0.001488738345201886
0.0016727174861721483
0.001883596135096174
0.0021405519109376236
0.002459763968779401
0.002848050025122461
0.003290512186974972
0.003743809813560171
0.004146418227028593
0.004419193307434635
0.004505316075764676
0.004388480862781749
0.004100856636119966
0.003714021590129511
0.0033131966984056667
0.0029678078660371047
0.002710137066860358
0.0025302796690593408
0.002387878276559574
0.0022336192962079007
0.0020310939932027825
0.0017694252362624075
0.0014635675909334697
0.0012501753661594355
0.0009412837980400084
0.0006706880790098036
0.0004545039222077844
0.00029549192405599925
0.00018666716640584674
0.00011641424611317209
7.280724275888259e-05
4.611390089840623e-05
2.956035084848062e-05
2.3798889222645033e-05
2.363694804122728e-05
3.204830563180122e-05
5.2422333708294905e-05
8.852034644388351e-05
0.0001429717664577108
0.00021500139130349035
0.00029844709007668035
0.0003813712381219481
0.00045029563013300537
0.0004893211742162289
0.0004920342265024882
0.00046109927343803206
0.000408512208354948
0.0003511221322868425
0.000304427111159739
0.00028392192060265706
0.00026996330400013216
0.00027051794418001625
0.00027476095936119463
0.00027184497012757743
0.0002549725091007834
0.00022344241774182333
0.00018164244558121803
0.00013674686581364252
9.557310866110232e-05
6.257976427653328e-05
3.9284207789818655e-05
2.4851662820941748e-05
1.717825279613594e-05
1.3874782126581155e-05
1.2879956361554958e-05
1.2713848478284451e-05
1.2499127448753367e-05
1.1864444876245343e-05
1.0794884940905775e-05
9.466961420688067e-06
8.101895524452363e-06
6.882817652312569e-06
5.892522166268577e-06
5.136225056792009e-06
4.6033741179344415e-06
4.484388191503128e-06
4.47109284328507e-06
4.859221735430071e-06
5.773609088899061e-06
7.323325220190821e-06
9.539558153892921e-06
1.2311810348809645e-05
1.534820412641601e-05
1.8189453287702595e-05
2.0294512236230587e-05
2.118602988359046e-05
2.060679601857973e-05
