Y :70.0% Calcite, Diffracto n :1208
Y :30.0% Gibbsite, Diffracto n :1070
N :Dolomite
N :Hematite
0.0
0.0
0.0
0.0
0.0
0.0
0.0
0.0
0.0
0.0
0.0
0.0
0.0
0.0
0.0
0.0
0.0
0.0
0.0
0.0
0.0
0.0
0.0
0.0
0.0
0.0
0.0
0.0
0.0
0.0
0.0
0.0
0.0
0.0
0.0
0.0
0.0
0.0
0.0
0.0
0.0
0.0
0.0
0.0
0.0
0.0
0.0
0.0
0.0
0.0
0.0
0.0
0.0
0.0
0.0
0.0
0.0
0.0
0.0
0.0
0.0
0.0
0.0
0.0
0.0
0.0
0.0
0.0
0.0
0.0
0.0
0.0
0.0
0.0
0.0
0.0
0.0
0.0
0.0
0.0
0.0
0.0
0.0
0.0
0.0
0.0
0.0
0.0
0.0
0.0
0.0
0.0
0.0
0.0
0.0
0.0
0.0
0.0
0.0
0.0
0.0
0.0
0.0
0.0
0.0
0.0
0.0
0.0
0.0
0.0
0.0
0.0
0.0
0.0
0.0
0.0
0.0
0.0
0.0
0.0
0.0
0.0
0.0
0.0
0.0
0.0
0.0
0.0
0.0
1.6320624377615436e-36
3.6092265132844016e-36
7.464568482803601e-36
1.4438047716437783e-35
2.6117129173249335e-35
4.41830405603112e-35
6.990350633325658e-35
1.0343214216313148e-34
1.4312822210869273e-34
1.8522868016011377e-34
2.2418388240485133e-34
2.5375449147246877e-34
2.686187280589672e-34
2.6881819102195545e-34
2.5450903344931155e-34
2.253517563781319e-34
1.8660870163164893e-34
1.445160335933934e-34
1.0466786697379547e-34
7.089635583326054e-35
4.491047509588418e-35
2.660630618043625e-35
1.4741263795968702e-35
7.638323533797673e-36
3.701472947326808e-36
1.6775068715458414e-36
7.109961258343065e-37
2.8182749405320966e-37
1.0447507268966992e-37
1.7343196077669534e-35
7.121998931677421e-34
1.6266063382716815e-33
3.277741507951659e-33
6.181854876940473e-33
1.0914738850234606e-32
1.8033445794788616e-32
2.788646760385789e-32
4.0360589421233205e-32
5.467282501548349e-32
6.45173079647921e-32
7.829182182813154e-32
8.893767346450558e-32
9.462073761086283e-32
9.434118724243671e-32
8.82517124706489e-32
7.75944845046437e-32
6.428715774851471e-32
5.03430767399846e-32
3.737453299995878e-32
2.6352806158023463e-32
1.763905622254485e-32
1.116874279594856e-32
6.648624264482798e-33
3.692548365440737e-33
1.898716980984617e-33
8.981797810888675e-34
3.892006169352377e-34
1.5421286814003908e-34
5.592556656772599e-35
1.863179452485122e-35
5.738884580487455e-36
1.6484154562950338e-36
4.458840680313783e-37
1.146401986640827e-37
2.821342298531055e-38
1.0834378675096395e-38
9.151741094241142e-36
5.036561243142642e-34
1.2753165587378802e-33
2.6245380142223982e-33
5.0545066117753243e-33
9.109496458667766e-33
1.5473147945037165e-32
2.7924816376433935e-32
4.8815030744094514e-32
8.401990056518092e-32
1.452659729028362e-31
2.4695632333301975e-31
4.010472949486794e-31
6.0625425946790824e-31
8.373520261807224e-31
1.044173564300349e-30
1.1671140397652472e-30
1.1643362414980452e-30
1.0341554337861068e-30
8.166053390021696e-31
5.728186587706048e-31
3.56820469860083e-31
1.97382575320756e-31
9.699367530156943e-32
5.657468765358785e-32
2.2868834418785366e-32
8.242884518628014e-33
2.6589737858695093e-33
7.724359492844432e-34
2.0421060987106086e-34
4.996346238676936e-35
1.1592117201415823e-35
2.626281530167248e-36
5.956951171751928e-37
1.3646155273479884e-37
3.1248762667740904e-38
7.010949508403593e-39
1.5122881788541385e-39
3.0958089199891243e-40
5.970284434193548e-41
1.0806695468193975e-41
1.832883042186254e-42
2.9107797084624732e-43
4.3270495361332003e-44
6.020514154060711e-45
7.839971078042648e-46
9.554863227621802e-47
1.0898248419030832e-47
1.1633355139736795e-48
1.1621526946204496e-49
2.41159518593615e-50
2.1570740256195227e-51
1.8055867362697805e-52
1.4143519971711886e-53
1.0367535575979331e-54
7.111567527182265e-56
4.564778680584307e-57
4.335812706987695e-11
9.405983169467431e-11
1.9083194601328731e-10
3.620855212943259e-10
6.425167253808232e-10
1.0662791418676769e-09
1.6548955515390826e-09
2.4020578446616295e-09
3.2606901596898206e-09
4.1395087254870476e-09
4.9147481756683976e-09
5.4571631288744825e-09
5.6669032811890205e-09
5.503485961653417e-09
4.998539447335053e-09
4.24582004305181e-09
3.372820588005344e-09
2.5057520581352537e-09
1.7409894907524688e-09
1.315857472670821e-09
8.176904057601407e-10
4.752062579811387e-10
2.582787040763273e-10
1.3128292501214452e-10
6.240811831806136e-11
2.774515340812934e-11
1.153576421986362e-11
4.485582095685072e-12
1.6311896101800646e-12
5.547576269815891e-13
1.7644742109845804e-13
5.248564600295921e-14
1.4600878160130236e-14
2.3957950287556842e-08
5.118889221257099e-08
1.0228573139205221e-07
1.9114704268227094e-07
3.3406679500793346e-07
5.460246336604876e-07
8.346499275740921e-07
1.1931902122142163e-06
1.5955063676020775e-06
2.000557647890538e-06
2.347029882503007e-06
2.523333639315805e-06
2.667328637489208e-06
2.6625579230169e-06
2.5307794667086848e-06
2.3233822156387853e-06
2.1054325038086713e-06
1.9349749393615733e-06
1.8452246647296584e-06
1.8359368141221525e-06
1.8764910411334405e-06
1.9188105424815836e-06
1.9148676851147506e-06
1.8323405237843937e-06
1.6632546131996315e-06
1.423547613243084e-06
1.145085922847281e-06
8.64210751339613e-07
6.114139330281407e-07
4.053111990200725e-07
2.5169691335899833e-07
1.4640291335990527e-07
7.975807714122449e-08
4.069443847594171e-08
1.9445476706775974e-08
8.701922419133932e-09
3.646829119705626e-09
1.9691529226318812e-09
7.397138968534405e-10
2.602102360542778e-10
8.571357252287194e-11
2.643790097480842e-11
7.63560147056333e-12
2.0648308336682295e-12
8.088875997996485e-08
1.7907381513277138e-07
4.196252535205894e-06
1.0804596014454265e-05
2.2199760933341818e-05
4.273880822492709e-05
7.709188627245267e-05
0.00013028328602459073
0.00020627548346467597
0.00030596635452683206
0.0004251654360501868
0.0005534698311977658
0.0006749587511529015
0.0007710899081105772
0.0008252315925472749
0.0008273498378246159
0.0007770430971701474
0.000683665930039057
0.0005634896763258451
0.0004777054547229432
0.00035313479194056625
0.00024454707869695213
0.0001586441354863681
9.640996530683023e-05
5.488475417566963e-05
2.9268979568144313e-05
1.462117365457513e-05
6.841745987224604e-06
2.998827578113898e-06
1.2311875348170362e-06
4.734476927481938e-07
1.7052201772267502e-07
5.752199336270764e-08
1.8172539109766184e-08
5.376599966416248e-09
1.4896752553150338e-09
3.8649853867756554e-10
9.389803469865893e-11
2.135979691373749e-11
4.549346111552153e-12
9.071752353117424e-13
1.693568642663031e-13
2.9598041480867173e-14
4.8422925921526685e-15
7.415604863984499e-16
2.0460996090864243e-16
2.806449597087104e-17
3.602822770059937e-18
4.328775492869832e-19
4.867496772829223e-20
5.1220911626186705e-21
5.043978183750679e-22
4.6480125772483116e-23
4.007876278094463e-24
3.2337106530347062e-25
2.441414045350544e-26
1.7265392530405153e-27
1.1623707427587144e-28
9.167911518290504e-30
2.1649105015773878e-30
1.3165789480954075e-30
8.492795564123016e-31
4.943063542579858e-31
2.561572086481454e-31
1.180704001285252e-31
4.8414805407792227e-32
1.7681767376633166e-32
5.775737697749009e-33
1.71134011714465e-33
4.8088451704997785e-34
2.113833042871186e-34
7.316011869708492e-35
3.4012601622755277e-35
1.906562611064784e-35
1.1070739150221565e-35
6.196958060990367e-36
3.269469295430625e-36
1.616187322627659e-36
1.142441666345771e-05
2.5418444655267342e-05
5.289043144100204e-05
0.00010292442392661126
0.00018731518190151598
0.0003188164415450397
0.0005074831654104898
0.0007554674695460184
0.0010517756081969312
0.0013694419252491138
0.0016675441555735005
0.0018989969353496031
0.002022480688046889
0.0020144556068397075
0.0018764811978333022
0.0016347220906742634
0.0013318546888620405
0.0010148058329045957
0.0008156572379302977
0.0005558476862735259
0.0003542559133695664
0.00021115025623142452
0.00011770077309423358
6.135927455340156e-05
2.991536564906857e-05
1.3640227471961936e-05
5.816505037883223e-06
2.3196144339757984e-06
8.651326343628232e-07
3.0176077409352903e-07
9.843647965992743e-08
3.0030499835910745e-08
8.568055006441664e-09
2.2862047852567907e-09
5.705073069500438e-10
1.3314365999215979e-10
2.905982330858917e-11
5.931692729292108e-12
1.1323417507736203e-12
2.0215737680825422e-13
3.3753193162804086e-14
5.270518405456084e-15
7.696707850602461e-16
1.0511625216168098e-16
4.348383374690419e-09
9.665337897151217e-09
2.0091828242539325e-08
3.906025468775766e-08
7.101725518700077e-08
1.2075521435726278e-07
1.9202647150557807e-07
2.8558113064555485e-07
3.9720171392508317e-07
5.166612819424943e-07
6.285124990898686e-07
7.150478723381863e-07
7.607982708586327e-07
7.570370125729586e-07
0.0001177482419380961
0.00024654282676682095
0.0041363849955500295
0.009990516299974897
0.02007238937706352
0.037840427498113914
0.06692520713770589
0.11103137237221747
0.17277527379167174
0.252153707621896
0.3451254415965472
0.41054106461417833
0.504868945898197
0.5822373132865004
0.6296810574812507
0.6386221952191561
0.607402654573294
0.5417860023847363
0.4532202105150227
0.35557983978960095
0.2616579197185678
0.18060644718788246
0.11694673160773131
0.07105316183124859
0.04051884689778998
0.021698623170739166
0.010921101164208013
0.005172798398263059
0.002310401267613817
0.0009760661430830063
0.0003917732102124188
0.00015032202849173923
5.55701090204951e-05
1.9967430886717742e-05
7.0312063342517975e-06
2.4393737504415127e-06
8.343005000397118e-07
4.0398231062424386e-07
1.3335257247093565e-07
4.2601516216263854e-08
1.3055324305096668e-08
3.809285266620853e-09
1.0522377424370134e-09
2.7404731176699795e-10
6.710617737238338e-11
1.542102160995967e-11
3.321582000056195e-12
6.700578264432068e-13
2.8710979115347866e-08
6.252828342234534e-08
1.273561211560151e-07
1.946518122738664e-06
4.557299375595659e-06
8.972670576382626e-06
1.6585366026185664e-05
2.8776190013478154e-05
4.68572402873635e-05
7.159800426352383e-05
0.00010265153565207244
0.00013808359660939237
0.00017426615846586623
0.0002063332019424352
0.00022919633030184247
0.0002372660721705213
0.00023696517859927443
0.00022203791631566095
0.00021558851544831035
0.00020622257547125465
0.000218387080174366
0.001427429220702363
0.0028820835820972225
0.006395411168394073
0.012017297470365644
0.021262983707233823
0.0353578590869884
0.05519501645606096
0.08087278417896761
0.11165001871877692
0.14446972549024906
0.1760364202498188
0.20184776440278146
0.21851181785263807
0.2241948487419372
0.21929955908467752
0.20626211070245695
0.18865383613351688
0.16996084117045765
0.1525509391964155
0.14211315377976444
0.12792998253528245
0.11452549606899165
0.10074874547402221
0.08599616523791576
0.07046059811347732
0.0549761044292708
0.040625191856252144
0.028335391519607008
0.01861514830247692
0.011512320355330003
0.006714589546598942
0.003722847600498367
0.00200824923975251
0.001112069585967802
0.0006861963105561927
0.0004940904676555357
0.00039377910788668057
0.00031528622576116174
0.00023668112089878863
0.00016100217960697598
9.780512009799644e-05
5.273702661766747e-05
2.5175771749010938e-05
1.062868948364065e-05
3.966321045080287e-06
1.9194127124310412e-06
5.828548438376995e-07
1.5638365345559178e-07
3.7071868738115396e-08
7.764451700424401e-09
1.4367638249261674e-09
2.348905886439797e-10
3.392737324626497e-11
2.3267560490444521e-10
4.812421948043462e-10
5.3033502902744616e-09
1.2477605408345904e-08
2.8210315814865763e-08
5.452945305248673e-08
9.905752899215131e-08
1.6906172478008125e-07
2.7101834849272975e-07
4.080057158843112e-07
5.767515279015436e-07
7.654671433076775e-07
9.53798224534405e-07
1.1157549423215549e-06
1.2253602371338645e-06
1.263422527180735e-06
1.2230223120287144e-06
1.1115605244944051e-06
1.0070612070114816e-06
8.240068567811044e-07
6.330482657293613e-07
4.566355757290846e-07
3.176577234968859e-07
2.1517747435602303e-07
1.556452146621837e-07
5.111236804009135e-07
9.813841213629845e-07
2.1215076442392624e-06
4.017691396430243e-06
7.185734138557218e-06
1.2091189520010806e-05
1.9119833407362854e-05
2.840132896943523e-05
3.9623096300284814e-05
5.191196814804859e-05
6.386689513459987e-05
7.378390314474417e-05
8.004443224185852e-05
8.154493856718714e-05
7.80149183887613e-05
7.009638024687797e-05
5.915311766168714e-05
4.688760709836253e-05
3.491296464232276e-05
2.7705114312909212e-05
1.859720855940269e-05
1.1737378824594042e-05
2.3142505516023298e-05
4.835828412812975e-05
0.00011003609730559952
0.0009061180821666596
0.0022828367170551677
0.005569027237038662
0.011633722251956833
0.02185439797358831
0.036833784779847153
0.05561975111872857
0.07519647939676363
0.09101420623387944
0.0986474244791727
0.09579231134114456
0.08337808905455592
0.06507222881785682
0.045540285039168904
0.028572262080526423
0.01606154879047076
0.008082335603303134
0.0036366699263817043
0.0014618274998661539
0.0007476736141264123
0.0002497244554224383
7.705170592193373e-05
2.6431571649078095e-05
1.702620200014655e-05
2.1299988359333328e-05
3.11015566458821e-05
4.394488364777373e-05
5.831863784437665e-05
7.241623269882381e-05
8.410105090433632e-05
9.259642840079286e-05
9.550882814784343e-05
9.368544669115829e-05
8.885685911622929e-05
8.383889582817795e-05
8.180885732483093e-05
8.5399213347765e-05
9.581642826294181e-05
0.00011234534119960135
0.00013230610959940787
0.0001516164057564415
0.00016582532302086172
0.00017133339371914048
0.00016639594660548227
0.0001515518526396163
0.00013734423285160775
0.00011221887559755373
8.591580194011562e-05
6.167431821159118e-05
4.1554930109978134e-05
2.632221985426415e-05
1.5710767290385888e-05
8.863707689166476e-06
4.746596242588372e-06
2.4251835795520058e-06
1.1892441368314585e-06
5.630589349186866e-07
2.586659249399519e-07
1.1561495625739082e-07
5.026613755281529e-08
2.1191476873347482e-08
8.618310204878674e-09
3.360797278436347e-09
1.2493602065497164e-09
1.432239222172505e-06
3.02431764492209e-06
6.040404366267667e-06
1.1177210189696236e-05
1.9430479270868643e-05
3.154804165575809e-05
4.797950776375973e-05
6.11946279818845e-05
8.349661260819411e-05
0.00010685896433151536
0.00012839060488634946
0.00014499562277205328
0.00015415436334472506
0.0001546020904502349
0.00014663860294976365
0.0001319551957037388
0.0001130750104189323
9.2653233611639e-05
7.290006772527296e-05
5.528315508953876e-05
4.051587964170714e-05
2.9099389266604553e-05
2.0521576442062122e-05
1.4743774330410066e-05
1.1621378397069235e-05
1.1112435158243084e-05
1.3248836195410983e-05
1.8031248170945153e-05
2.526752840302398e-05
3.440441415285362e-05
4.443145255571892e-05
5.393651587956315e-05
5.920170806898424e-05
6.442675220847126e-05
6.559357571555638e-05
6.250076710471315e-05
5.571314432205918e-05
4.65030810887897e-05
3.960101670386668e-05
3.384288583569683e-05
3.3161028919296614e-05
0.0001239260631701495
0.0002658778237171125
0.0005262883992531975
0.0010866491343734272
0.001973353670005995
0.0033801161251778254
0.005453203574852755
0.008296117542087533
0.011875690551767735
0.016016774974491405
0.020377962117581895
0.024472559335411485
0.027779174836872703
0.030050750002071656
0.030778978275912902
0.030134397157126142
0.028420298317976527
0.026981604469423333
0.025035516273223292
0.024149113633895467
0.025055655145434244
0.02806472980533552
0.03292749395275159
0.038851881474738025
0.0446816717814871
0.049178450019140084
0.0513280109852684
0.0505867618714175
0.04699565043574493
0.04113030260931161
0.033911703187857
0.026349621706265668
0.01930726115850307
0.013354459356010715
0.00873248329207083
0.00540993388370108
0.0031850503032468075
0.0017894729296238391
0.0009646420672901162
0.000502158150780753
0.000254162467923316
0.00012582872177313977
6.115828594369823e-05
3.743507810375136e-05
1.7631224941159176e-05
8.104877119935095e-06
3.614989550388219e-06
5.936184936834951e-06
1.0282572047243468e-05
2.0092782310218793e-05
3.866066311162776e-05
0.0003139102364111852
0.0006405743911306604
0.001329489013676687
0.002468759117218848
0.004295188481873432
0.00705296169812651
0.010904436802417922
0.01588120897212275
0.021784043526118506
0.02814236883959763
0.03424570719176176
0.03926206132412645
0.04242386516758687
0.04322167865720817
0.04153970659240159
0.037682441508034334
0.03228442999960431
0.02613977817106194
0.022012719552860664
0.016243065287772192
0.011346243480614868
0.007506087457118175
0.004707098359748492
0.0028047881180753922
0.0016981484522345684
0.0011057112105819172
0.000978294157986367
0.0012533522320830326
0.001936843536642384
0.0030918795022743884
0.0047737043624796836
0.00698962822127425
0.009652216632398273
0.012551243787165095
0.015361389883165039
0.01769360576899535
0.019180281903084788
0.019570114923290704
0.018797002939971504
0.01700681502664335
0.014492445470847964
0.01164652195619576
0.008841825422524534
0.007144799290249404
0.005000438795888511
0.003406307297195582
0.0023453712579326424
0.0017316607237393045
0.0014469505029940787
0.0013693957062860854
0.0015290765778518186
0.0018183386831558098
0.002397199960688
0.0034918196717641527
0.012240143216408664
0.027029781398958053
0.059559774704680435
0.11955089001778141
0.21977051400257056
0.36641249384560687
0.551237773144379
0.746665503099744
0.9103606456928913
1.0
0.9911433278667947
0.8877405333093767
0.719309934413871
0.5274067205671362
0.3496845253892698
0.25124127251297473
0.14031264190780893
0.07046281172630374
0.03173217479533481
0.01278216256593442
0.004595987538164923
0.001473792355263589
0.00042354798905300625
0.00011208788764848047
3.229278926865459e-05
1.7444736322388527e-05
2.065670324131812e-05
3.114284398491787e-05
4.7073011400406384e-05
6.817329964895041e-05
9.33943138487564e-05
0.00012075831189794201
0.00014722208467334166
0.00016922396283508822
0.00018347467864212593
0.00018778700569709543
0.00018164606186013736
0.00016630703030284173
0.00014439398852206294
0.00011916915185684456
9.374922934366232e-05
7.791335517889622e-05
5.698967256867595e-05
4.007338125959463e-05
2.7159849335685616e-05
1.777047904512776e-05
1.122671144620617e-05
6.839317788164106e-06
4.007140631039984e-06
2.2500337650905652e-06
1.2061019847745218e-06
6.14831096218757e-07
2.9702847426459237e-07
1.3558940374246828e-07
5.834300672221736e-08
2.3618676715657105e-08
4.280899062426801e-06
1.1575444435912599e-05
2.7696689077205893e-05
5.8560693674206267e-05
0.0002742700688607676
0.0006289994554481704
0.0013836529859434401
0.0027534272961216937
0.005007404015679055
0.00825997892204261
0.010897480623793141
0.015144590171847497
0.018964719094766998
0.02142591435884502
0.02187632040915578
0.020235223597186696
0.016992012663083467
0.012977113380211527
0.009035500961027376
0.005769350795045165
0.0034367259924111453
0.0020027747110029207
0.0012544346642265002
0.0009435748945114808
0.0008684806636646093
0.0008922358559673433
0.0009479582332114925
0.001010876305857528
0.0010793175570853121
0.0011590591071197769
0.0012527205962171136
0.001353984865066236
0.001446805006828532
0.001509243089238977
0.001520197506640742
0.001466479414827077
0.0013937883807274456
0.0012369102116578136
0.0010399583337895705
0.0008270304533073863
0.0006214768283472787
0.00044104780616670947
0.00029554736633750683
0.0001870581825736539
0.00011194017493095881
6.348328069396007e-05
3.4271155227871875e-05
1.774913660976662e-05
8.936870523750223e-06
4.455774649317693e-06
2.9570390620032173e-06
2.7371745641780267e-06
4.1125113870931126e-06
7.157196507066714e-06
1.5797793607629528e-05
3.0371606010087416e-05
5.6515256699164566e-05
0.00010211403933090856
0.00017103677660792647
0.0002657412711426301
0.0003789156433615498
0.000503198221481952
0.0005744105525276719
0.0006550396440853871
0.0007044569804581126
0.0007295947182744218
0.0007589950630207306
0.0008207063965399569
0.0009319422958313578
0.0010923900431247223
0.0012846647810972854
0.0014799097864262364
0.0016440198660842185
0.0017463713742941205
0.0017658228780506032
0.0016955202140735163
0.001544191706233518
0.0013335304083805456
0.0010924481703798647
0.0008501185103761804
0.0006303482004523165
0.00044728194122081255
0.00030618587168434677
0.0002048153680124712
0.0001368332551414961
0.00011585232539139207
0.00011641134863240153
0.00013571232791393197
0.00020865014153511626
0.0003373945386652283
0.0005412268010999376
0.0008370293124566515
0.0012317191426124631
0.0017158064496829652
0.002257879586765544
0.0028048348469897
0.0032887265106442366
0.0036402939265155272
0.003805107371152403
0.0037572706474741603
0.0035058832116946796
0.0030921262948925637
0.0025782655802187985
0.002032567899173969
0.0015150226007416832
0.0010677273701854863
0.0007115823390453043
0.00044862211158231406
0.0002678919358863304
0.0001518020118929007
8.202122498575734e-05
4.273942640559948e-05
2.211971000165587e-05
1.468554840932543e-05
9.103010415674603e-06
7.370798129357918e-06
7.604923294396928e-06
8.72505716497259e-06
1.0050293613714414e-05
1.1110929039987482e-05
1.159559141334442e-05
1.135671350589228e-05
1.0416054102844902e-05
8.939146988289462e-06
7.176213940633236e-06
5.403508248730535e-06
3.817986250559343e-06
2.5566080017942835e-06
1.6665243340436379e-06
1.1335216597044863e-06
1.7877009265701485e-06
2.847605655259081e-06
5.067011100277986e-06
9.417270138124778e-06
1.6190127733066914e-05
2.646198546687809e-05
4.0953394428804063e-05
6.155875315715525e-05
8.634494269858883e-05
0.00010520994205474675
0.0001364151731137249
0.00016943701238506355
0.0002027043376426449
0.00023534586187455708
0.0002668871559393824
0.0002970158625745837
0.0003249581251364138
0.00034898931342210285
0.00036619180328691987
0.00037321060015949265
0.000367197757828546
0.0003469474586907199
0.0003165514627152363
0.00027686985931744577
0.0002353620107269093
0.00020318609917412304
0.0001855507370857645
0.00019362434760575512
0.00023731433504874398
0.0003248005281909683
0.0004582001273662112
0.0006276102852039882
0.0008081851571799442
0.0009609350286093084
0.0010482839328197564
0.001058323368703391
0.0010006371566003884
0.000880750902884349
0.0007286012254855339
0.0005823317739218056
0.0004755404462099655
0.0005275409416325085
0.000694322997799768
0.001075949692351062
0.0018490462979587538
0.0036132470689996207
0.006447996437368016
0.011272555467552013
0.019497604353824704
0.03206598505409775
0.04993172380431367
0.07270572623196127
0.09824874604489428
0.1223266020841661
0.14052465211660498
0.1496005942025264
0.14874847478860564
0.1395921215560043
0.12519698985181085
0.10881170701834966
0.0980568900686256
0.08330102612093378
0.07060455632625244
0.05968281094822446
0.04996897964817872
0.040966162878477985
0.032571894086652425
0.025005792682115634
0.018594302205671463
0.013615096792999389
0.010194436284856704
0.00826877553826644
0.007617704552966311
0.00791401892175088
0.00877648937833646
0.009819959938944252
0.010702668243527627
0.011168327152002758
0.011075922757472677
0.010418374776438304
0.009280854470707088
0.007838127722898752
0.006290049671460931
0.0048217166018885965
0.003928331883500468
0.0033934417455399567
0.003411172698376671
0.004148984395553651
0.006209137979315279
0.009597122883806318
0.01469132911927684
0.021635286926661203
0.030309353291707673
0.04019341594671017
0.050388861265131285
0.05970228222562663
0.06686787011498085
0.0708437860016633
0.07105922822913723
0.06754875846219809
0.06092352524366816
0.052199632014654475
0.04254680652109895
0.03304462084782248
0.02450531451110299
0.01739802427384608
0.011888224974999246
0.007856578468346712
0.005079897432749816
0.003290623631209382
0.0022244949087750245
0.001682360233029463
0.0015364368325362916
0.0015563036452977785
0.0017818260564652388
0.0021312937233786593
0.0025247980664298664
0.002884161340838497
0.0031403685561953187
0.0032441296707217356
0.003174403152576206
0.0029409606775956244
0.0025797406372039555
0.002142578030137612
0.001684715375647135
0.0012537495001371914
0.0008825884972817671
0.0005872900321580507
0.0003690733762372093
0.0002188352284508262
0.00012243284616290177
6.46375219173285e-05
3.240667232373051e-05
1.5826521543609258e-05
1.1135847870638344e-05
1.163620146535442e-05
1.7476051266792007e-05
2.4453286386803792e-05
4.030487936465815e-05
0.00014416412972397655
0.00027100313797331915
0.0004956292459923642
0.0008951094720992144
0.0015342552764706593
0.0024916932171404104
0.003846676327154626
0.005626157161007537
0.007776983334143407
0.010144204349910165
0.01247809736665574
0.01447636209926919
0.015851676731842287
0.01640144517412329
0.01607063634752942
0.014928776934197975
0.013191450528411608
0.011150084363090777
0.009114046532272463
0.007762490820747656
0.007333171146334728
0.00859830292378079
0.012692791026875599
0.02143430423304915
0.03030206602765683
0.048673997240224795
0.07193647206348076
0.09666298913007519
0.11767376627899198
0.13023735546739174
0.1318924121578175
0.12313650877533626
0.10682629795831118
0.08687581296082499
0.06706127338243645
0.050259804201666536
0.03803975110341248
0.030572260635052688
0.02691030101260881
0.02555361932577706
0.025041713211471462
0.024333829990527824
0.022911962602445157
0.02069178384880572
0.017861448850738357
0.014728659338173184
0.011607668261447471
0.008750427364216686
0.0063160633046645326
0.004369794948170206
0.003340529687489721
0.002158733819974673
0.0013414158275845444
0.0008022684448317787
0.00046311343083193623
0.00026023458119042855
0.00014600678450846244
8.762642213596222e-05
6.358526643008895e-05
6.078459948120507e-05
7.019457312454173e-05
9.466086781879881e-05
0.00012241886528777506
0.00015704380631061302
0.00021534055592482338
0.0002912687451971502
0.0004010036442327935
0.0005589658979688753
0.0007881826352187518
0.0010871535569492038
0.0014601956801589427
0.0018944423599607293
0.002361912403249211
0.00282108661521783
0.0032264224143257986
0.0035245929832756137
0.0036454718047631753
0.00369347871931195
0.003580924207513905
0.003329012823102023
0.003171672449900788
0.002989622948038502
0.002995875703033378
0.003390027890455105
0.0043104175975433555
0.005901228345779992
0.00830391363009826
0.011502902231707442
0.015356784256036095
0.019572717281596135
0.02371281220830335
0.027278544593906443
0.029825546895590856
0.031050509539842747
0.03085455828355972
0.029347667347995852
0.02680208647825742
0.023577024735351088
0.02004077115086775
0.016510568305568372
0.013219347858696485
0.011231251302425497
0.008611978645639522
0.006441143682436292
0.004695416872785537
0.0033290614841529993
0.0022882554478001306
0.001518788295164108
0.0009693486569362234
0.0005926119484983909
0.00034631941521847624
0.00019341780683882287
0.00010430537222461696
5.646666443459254e-05
3.4547073404382385e-05
2.9990644789354467e-05
3.696728273477845e-05
5.571962986682917e-05
9.044160681678331e-05
0.0001455946199239067
0.0002263224714308562
0.00033180132607681264
0.00045113095723445793
0.0005628517553895717
0.0006409378546771438
0.0006653340473819116
0.0006309728421848641
0.0005805641640221176
0.0004794368802587672
0.00036874112084301963
0.00026743887787637895
0.0001861549727761495
0.0001265751635749059
8.606838695993446e-05
6.0141432725976e-05
4.472859670320911e-05
3.692740540077143e-05
5.578361403347739e-05
8.179821420266409e-05
0.00013163971658488287
0.0002206702349430976
0.0003609086182315169
0.0005660238863424249
0.0008575619048897862
0.0012352071897355399
0.0017004854774469802
0.0022419849161861177
0.00283869694128735
0.0034499719563995434
0.0045103874543656105
0.0058462537525464245
0.008144215134605493
0.012262977773824945
0.01674611969617461
0.02631429934695596
0.03946294736643303
0.05478703239699063
0.06947921004254211
0.08028229108255083
0.08486965684848145
0.08269080092965218
0.07482910392911714
0.06320718101094848
0.05007181454834493
0.03703738960620297
0.025748848797771087
0.01731836929722171
0.012361040016342934
0.010662970787550047
0.011813388609560872
0.015184494435141613
0.020095140143646197
0.025849895010188684
0.03169812241394183
0.036867334936040747
0.040635710735751916
0.04248136406325383
0.04217559584817394
0.04081689013016673
0.03730293837398028
0.03250383965024013
0.027052409108944735
0.021558676953267755
0.016531938917837857
0.012270846562649183
0.008922177878006409
0.00647452409195404
0.004808864701367113
0.0037602119706985917
0.003162347975633784
0.0028710204887592438
0.0027723864723627244
0.002779306690466797
0.0028241137562255514
0.0028602021378835076
0.002842564110712312
0.002752846080927631
0.0025878786409854106
0.0023650294032796
0.002107074842894581
0.001853487336269927
0.0016295138244214389
0.0014602270176520354
0.001355463528752565
0.0013210092351384518
0.0013110456136111444
0.0014964597924270507
0.0017209931131097443
0.0021091310515630266
0.00275123205296933
0.003855318474457969
0.005472795875164667
0.007762766877505522
0.010767027257972683
0.014391512902097796
0.0183788803577474
0.0223209682915855
0.025731722971077942
0.02814737992565263
0.029232743551957586
0.028854206044202083
0.027103422211280277
0.02424898361163422
0.02068254352951358
0.016827622447424435
0.013071930098703968
0.009707622771513682
0.006917569319291384
0.004768650780747258
0.0032324090563172385
0.0025078502775644843
0.0017951892874872753
0.0014013398340451228
0.0012324521185281515
0.0012169234205232243
0.0013237642501588381
0.0015285297312304957
0.001837957740763105
0.002252487913663133
0.0027572016522542874
0.0033136042655636786
0.003860392713092808
0.004323571868873971
0.0046327199383400805
0.004737671108843579
0.00461982847348019
0.004294791247900931
0.00380653985233466
0.0032161833056791192
0.002589176085514116
0.0019841948405475533
0.00144550014551194
0.0009998561700584297
0.0006556152337753359
0.00040758218438466474
0.00028875501662246607
0.00016689936253304062
9.642587239971474e-05
6.130034841851489e-05
4.9104744250794385e-05
5.103015915772288e-05
6.064841907025128e-05
7.342233467805892e-05
8.566182648523379e-05
9.498301061190138e-05
0.0001020925419282804
0.0001082728957721338
0.00011366721242565998
0.00012690475819943206
0.00015393966011439253
0.00022633577813864755
0.00041951105230817566
0.000719208742385536
0.001221621970125203
0.0020336412994379333
0.003289210423489312
0.005325394485626689
0.008221129585752817
0.012448338587895236
0.01884007736476701
0.028375115137624134
0.03726086802301556
0.05431303353419888
0.07539996286994134
0.09818778995896668
0.11882768410959524
0.13353225201727173
0.13986117144996396
0.1373743920588917
0.12725766192996743
0.1115060414332534
0.09238490435462576
0.07217851026862335
0.05299966179120097
0.03647930532197159
0.0235182084831072
0.014244405034979474
0.008204996549877422
0.004647595456282624
0.0027753688349602327
0.00191080939197391
0.0015659609612514844
0.0014383514968446197
0.0013701982354372064
0.0012940574131075004
0.0011926305657339264
0.001070152386750067
0.0009822942426309096
0.0008495731453584246
0.0007235015331785761
0.0006095004637584997
0.0005096730945119575
0.0004236907187120234
0.0003498582280876734
0.000302674782715122
0.0002768904312010315
0.00029642552889416366
0.0003893996391573063
0.000584667363192047
0.00089291183133552
0.001629518310114429
0.0027744833855835797
0.004847373947088863
0.008756325042918763
0.015810231374571573
0.02707020271021233
0.042577684021331046
0.060680089211564495
0.07802666293490695
0.09081202713371792
0.09647808247990325
0.09469952953682097
0.08699241590113062
0.07962027584320874
0.06660468886329908
0.052513694263959784
0.03859814323137068
0.02609853094560838
0.0160428996531392
0.008894152087914668
0.004438766049871335
0.0020166035151390977
0.0008744604454371566
0.0004147229258409803
0.0002651669158741249
0.0002349144921173687
0.00024084811645599892
0.00025127973426886384
0.0002555099528131246
0.000250441081435394
0.00023620519444897167
0.00021444833480738644
0.00018766753528998218
0.00015867554521884001
0.00013011785872480666
0.00010409225109587104
8.192555335184687e-05
6.412467514970357e-05
5.4604046500868864e-05
4.336426009474204e-05
3.497148196896359e-05
2.8496463248263984e-05
2.323030176665701e-05
1.8644917446135186e-05
1.4585882112238543e-05
1.1082111994352507e-05
8.262215844371788e-06
6.22147725286354e-06
5.013389518443673e-06
4.5432095713987425e-06
9.455568730214672e-06
1.5503550560179597e-05
2.65126898425058e-05
4.514761874111529e-05
7.458801265759826e-05
0.00011780959671444813
0.0002691732399999448
0.00047509584736634536
0.0008065997888287525
0.0013492898478043554
0.002207944915182066
0.0035850287299421133
0.0055160102702694
0.008114704420027815
0.010211915605678098
0.013799823366495238
0.017666625189519745
0.021414681069983343
0.024596723507422414
0.026799775800727607
0.027756243313155286
0.027385417833709104
0.02579775360389635
0.023245651481313502
0.020065377798299727
0.016609169931314238
0.013195410925542037
0.01007454475879075
0.007410575662755795
0.005277306910770432
0.003668638485693057
0.0025202324569705606
0.0017367412478965015
0.001217381193520112
0.0008742877178835857
0.0006411616509519816
0.0004743238707715569
0.000348908329853297
0.00025187009384587813
0.00017784371851407472
0.00014008436859185597
9.960631789520248e-05
7.652719645442851e-05
6.731355533932029e-05
6.693211479506262e-05
6.957776314195405e-05
7.014232113376917e-05
6.574026176149257e-05
5.635203429783745e-05
4.413705055673885e-05
3.1878737504965805e-05
2.171885291283894e-05
1.4360601570966404e-05
9.63750797529486e-06
6.935868365446425e-06
1.0167659954659122e-05
1.5020712775109318e-05
2.528714300048368e-05
4.317688406708009e-05
7.159752474971719e-05
0.0001130767792422813
0.000169636127675093
0.0004127292041246405
0.0006882762367943722
0.001136160304514718
0.0015738032582406948
0.0025159355531063784
0.0039858296245638865
0.0059687095305859875
0.0085270198652591
0.011573129504583998
0.01488982920090656
0.01814919399493799
0.02097090783131267
0.023003523196511114
0.024002178541705197
0.02387588124838401
0.022691583092271393
0.020640926240140498
0.01800687917591157
0.015059488255342219
0.012083438843393534
0.00931384026781181
0.0069309267969641115
0.005038603817626517
0.0036695189251324057
0.002792120539462574
0.002323092093412504
0.0021499720264138533
0.002153780996853981
0.002228053581559776
0.0022753773763384416
0.00230181895095639
0.0022498112824255187
0.002114148145553064
0.0019071478691161676
0.00165069305367387
0.0013697888660299912
0.0010882589743903372
0.00082603097279732
0.0005976017079559304
0.00041167710946363336
0.00026989311725998194
0.00016938056283189592
0.00010388608425525005
6.580223258548137e-05
4.819647716597541e-05
4.468293988280615e-05
5.085633084566946e-05
6.323908529984683e-05
7.89496905013671e-05
9.535943333728601e-05
0.00011003259136468954
0.00012091330215223602
0.00012691643728232635
0.00012722747395213217
0.00012240115496747614
0.00011686996689012452
0.00010622440188348102
9.424511235424329e-05
8.251449461571766e-05
7.232522469565029e-05
8.100852684565526e-05
9.409420667391009e-05
0.0001251137091105255
0.00018218392550933468
0.0002782708513599948
0.000420976856351541
0.0006156624531309243
0.0008616236156572377
0.0011506571862798006
0.0014545540974332768
0.0017443448510805566
0.001987912227831165
0.002159491801995624
0.0022455296282257067
0.002244985749953884
0.002297231740626765
0.0023087739557943504
0.0024100827311005057
0.002697632075341557
0.0032831253319778593
0.0043608264962520125
0.00534351327780846
0.007279315925908702
0.009725084553707429
0.012522470675436836
0.015409243539475023
0.018056560755593705
0.02014673046455793
0.021441898688323642
0.021826357974910053
0.02131214284505461
0.02001311978423052
0.018105648237061737
0.015792531306072364
0.013279956189012771
0.010759615362865071
0.008396340013330155
0.006313471822479113
0.004582883060346672
0.0032232383013430254
0.002208146984267933
0.0014839655154237198
0.0009849912638330589
0.0006508807335802744
0.00043279595389770673
0.00029504328604060807
0.00024070621282139553
0.00019163834417312774
0.00018968130830344888
0.00021928718652292943
0.00028904100955779013
0.00041617894209148085
0.0006152547311619351
0.0009127931432557062
0.0013182964070417933
0.0018302982205069334
0.0024300300184393908
0.0030744672605312927
0.0037016697055457415
0.0042414425653908685
0.004629995340432802
0.004823618482488678
0.004806967918087447
0.0045996461981537605
0.004232020374489116
0.0037558472465475073
0.003226831692391349
0.0026977960143173677
0.0022212210050598174
0.0018293074546738557
0.001552127554773746
0.0013936990450060728
0.001350876165439979
0.0013652369709722116
0.0014588608522894746
0.0015887579079235598
0.0017345824552554708
0.0018837910028454339
0.0020287923397531355
0.0021768915136460383
0.0023236946109443063
0.002469799002681235
0.002609495472730105
0.0027301349002715274
0.0028173047897296294
0.0028570755977733054
0.00283892489780009
0.0027588599736322245
0.002619974525694104
0.002430850690713016
0.0022036005606302514
0.0019513788380252977
0.0016874457667137841
0.0014242313187021426
0.0011729227546555653
0.0009428071958781448
0.0007404590329158049
0.0005691665575915022
0.0004723644669991988
0.0003516566514259495
0.00025708839316029484
0.0001844180259027527
0.0001295251668104394
8.937302464777709e-05
6.062493776273702e-05
4.1493023221228973e-05
3.1745950916815554e-05
3.0342871112623826e-05
3.8754507204550714e-05
5.899266663086676e-05
9.314010487986317e-05
0.00014156632101514852
0.0002005121049584318
0.0002634026755486305
0.00037156343691738134
0.0005182740092732745
0.0007933191746982691
0.0013422462535540394
0.0023382455843607617
0.003914943554197217
0.006013095131332761
0.008325466960156833
0.010368622294309267
0.011342259006825334
0.012019191045506718
0.011800410097299324
0.010973464424483038
0.009866600978705264
0.008657716427472211
0.007359167628487565
0.005950342431060156
0.004512911600532306
0.0031864875128491863
0.0021398108096591906
0.0014690988951484261
0.0011666620338416861
0.001183707059228334
0.0014636617097432685
0.001959453661296373
0.0026288645080034634
0.0034567157409401447
0.0044038027720582846
0.005677053059836403
0.007105242284474994
0.00893817748207065
0.011473932575864031
0.01503429032543072
0.019822498195430343
0.025365850552121098
0.029032247161049272
0.03353369882270177
0.03586186590271516
0.035613442079068254
0.033290780180683446
0.029874958228111224
0.026186490729203506
0.02248746248682419
0.018707103076826888
0.014810914556809036
0.011043716835937818
0.007828480557550786
0.005494980102779596
0.00412301997140781
0.003555202963071048
0.003514074613536124
0.003724840954284616
0.0039795092795044595
0.004150118449392883
0.0041764895686178145
0.0040471738229633175
0.00378099460352604
0.0034152536602954087
0.0029849485852073273
0.0025280788722504303
0.002077964007384091
0.0017964473179141627
0.0014212988743140778
0.001123300294878166
0.0009126761589412792
0.0007927963228871424
0.0007535979937635537
0.0007750296296751438
0.0008307812383775339
0.00089520509729597
0.0009451804960003513
0.0009779995005686438
0.0009798259194853628
0.0009623348025959616
0.0009391050598407964
0.0009255291423199125
0.0009399266870280932
0.0009883502846456055
0.0010755409315815756
0.0011950794233389307
0.001331254713931133
0.0014620757528220171
0.001564401431231792
0.0016197564397482836
0.0016183450499234696
0.0015600470302316297
0.001452451952620318
0.001359183868332473
0.0011965245150880421
0.0010184484466895319
0.0008364137527349856
0.0006614452403615871
0.0005031592304828409
0.00036912867385842883
0.0002640562548625082
0.0001893704680891537
0.00014728966919791615
0.00012886648548065798
0.0001320610088057308
0.0001535902094248117
0.00019077382880660027
0.00024379828488227604
0.0003113539735153679
0.0003917195418891631
0.0004861812120593343
0.0005850617765987588
0.0006823233614348957
0.0007719404994788663
0.0008498361611409593
0.0009167755283467006
0.0009744247984614313
0.0010257376883684314
0.0010573708959403265
0.0010995469419267962
0.0011305832718343607
0.0011432344850272477
0.0011308119101773825
0.0010901732645629471
0.0010227856700603477
0.0009340592464846076
0.000831357001550067
0.0007218865238438584
0.0006114462824993655
0.0005042866939803765
0.0004084074671807758
0.0003243919759132244
0.00025794696460559885
0.00021825523301998494
0.0002111443045948209
0.0002460002687030199
0.0003269563559178323
0.0004524774545317203
0.0006122555752373493
0.0008276124746220882
0.0010669151561505843
0.0014158050862916943
0.0019586052038472893
0.0028929796559603576
0.003848554850764864
0.005949999706430706
0.008868279071317427
0.012470285213308204
0.016263988553926037
0.019630657133242437
0.02205259590941173
0.023344245298958757
0.023725008331157673
0.023649987433487483
0.02338893367938698
0.022881805806163707
0.021786762615643596
0.019832967794900305
0.017113011672848764
0.014073300607194701
0.011233707942536031
0.008897253602749953
0.007052744301281519
0.005535536995808329
0.00420763193982762
0.003047347716724755
0.002111304480781411
0.0014468896869312198
0.001046326427536846
0.0008523229906081585
0.0007999878208940731
0.0007850597946200424
0.000800507220152187
0.0008139606205185174
0.0008098919828043787
0.0007841815286490942
0.0007394487739433964
0.000680681615005841
0.0006195895842606974
0.000560606488476407
0.000506664614307269
0.00046980534691070205
0.00046196713089950866
0.0004967412788727217
0.0005884571312727551
0.0007377462871833334
0.0009397323489672474
0.0011763937894692699
0.0014193365128644777
0.0016359627099605688
0.0017972412442200736
0.0018847641278595662
0.0018933267151927454
0.0018323399675689912
0.001715152850611042
0.0016148623216929914
0.0014436890146430716
0.0012602208487285892
0.0010764729212156732
0.0009039000834350855
0.0007507576740472768
0.0006248744916634728
0.0005299792532587029
0.0004650039934720353
0.0004243004951211328
0.00039939041342605967
0.0003815010780309515
0.000365431491224854
0.0003460252364987307
0.0003231126524779909
0.00029828619099509873
0.00027467964065288556
0.0002569350823001173
0.0002481405783921778
0.00025205388604745087
0.0002726644151237606
0.00031139579469874
0.00036601798526856785
0.0004294518594541208
0.0004908199417371632
0.0005641650115653557
0.0006710887791112358
0.0008516090194484883
0.0011872113581351202
0.0018080071893305312
0.0028438518883435668
0.004372046726861654
0.006365697352183905
0.008576113224723026
0.010718835060163589
0.012518293980376991
0.013830883622617567
0.014656781010174352
0.015057316302621075
0.015059381240524673
0.01463198289107103
0.013744041775484212
0.01243678488282974
0.010841117027883559
0.009130679190016299
0.007457563132363276
0.0059154136658996475
0.004548277775921912
0.0033736981532961744
0.0024007989833287444
0.0016331046524916443
0.0010634380986585337
0.0007837251656084703
0.0004908833425292503
0.00031693649798231785
0.0002741156281313799
0.0002866872630527878
0.00037322602773314417
0.0005465489270902097
0.0008315914670339067
0.001256081661257239
0.0018628007717293755
0.0026156848891004977
0.003485328875846191
0.004393172698718288
0.005236277308263462
0.005911402561541543
0.006341715268658918
0.006494927324725534
0.006385415666242911
0.006060562219710531
0.005582920662621937
0.005004175623030701
0.004368937648591271
0.003711970020719958
0.0030659043943972544
0.0024627620971393407
0.0020991257179043973
0.0016272078572741253
0.001248168795520208
0.0010082608057440637
0.0009024054479496062
0.0010047545599301106
0.0014268908103594832
0.0022941349933081646
0.00367362553316293
0.005494473678158553
0.007528756650885776
0.009324254453746067
0.010601829099840318
0.011397061941095495
0.0121208092688266
0.013320235505206305
0.01528366538083738
0.01767763827453386
0.0196706460475966
0.020413357320384802
0.019559592113328767
0.01747966639038481
0.01498461257632908
0.012793428620276444
0.011149445194137072
0.00983221409758018
0.008948526094869833
0.007436196639344515
0.00577957228226199
0.004146457137356032
0.0028341887113670712
0.0020068699927805454
0.0016888121985823756
0.0018141876115638786
0.00231313296162417
0.0030606801171848452
0.003968848576157148
0.004925462066789972
0.005810556937837018
0.006509361621553249
0.00694472454837599
0.007090723150348977
0.006972369844841738
0.00664795200039167
0.006184443646315795
0.005678543812947705
0.0051252033838370984
0.004582836715654831
0.00408979409386472
0.003696781904677593
0.0034574164485530103
0.0034335957453864563
0.003533843028097132
0.0038534940201190595
0.00432546354886622
0.004857321309737129
0.005345471297871561
0.005698716274945968
0.005861841155045894
0.005819899287285032
0.005596506142378791
0.005234190999567274
0.0047773876664163025
0.004261718316597234
0.003713280103488646
0.0031517911343762993
0.0025981171505224713
0.0020749285702894417
0.0016043095544720956
0.0012031754496595786
0.0008797174980615376
0.0006326627485947663
0.00045318020976497944
0.0003282252068308158
0.00024488523477300743
0.00018956306185598077
0.00015299174957530246
0.00012884384059470925
0.00011791252425304338
0.0001081751752451017
0.00010651568443874336
0.00011388717397565895
0.00012939136709417195
0.00015157583208141049
0.00019011356013914736
0.00023139315179987848
0.0002803544719782102
0.0003427400932694969
0.0004292724443780868
0.0005475017118621282
0.0007114440609036176
0.0009172910116714476
0.0011595848414767227
0.001419644840244304
0.0016719222381543415
0.0018881522663747098
0.0020460856340745173
0.002134234246554624
0.002152137599716419
0.0021075186141115906
0.002011511379873718
0.0018747927055607584
0.0017062030526010358
0.0015799878940270602
0.001376105081624115
0.0011633655525876067
0.0009525167942112618
0.0007540722429970812
0.0005765599891927557
0.0004257671091968849
0.00030332041601176116
0.00020872383239813904
0.000139439530992652
9.206947036954381e-05
6.280865566853471e-05
4.805367483596594e-05
4.448303397013419e-05
4.912825830465334e-05
5.9124483432311006e-05
8.981761910464027e-05
0.00012582545798544927
0.0001784715009696151
0.0002603942036075074
0.00038792048592364105
0.0005807649402654118
0.0008584444766851823
0.0012201898108743648
0.001653963073136728
0.0021306689994310983
0.0024504788017520513
0.0028964387335208798
0.003263865268370646
0.003522876201481617
0.003663041556810626
0.0036931065121367434
0.003629900476727938
0.0034898191187701147
0.0032842935262485
0.0030208453604399577
0.002711598913218926
0.0023677936429309957
0.00201230393574884
0.001670252404474194
0.0013654586899249001
0.0011160324241575796
0.0009329187281131743
0.0008166995497629722
0.000759943636870258
0.0007481469747010597
0.0007616709526956816
0.0007803638555142921
0.0008072919022897265
0.0008327928676751078
0.0008867107745548966
0.0010163750178868623
0.001172022757675235
0.0015404662918240804
0.002069442086204586
0.0026998475048625966
0.0032849296445916563
0.003674497146781224
0.003774663161194419
0.0036059629928679995
0.0032894207363038347
0.0029684851525977126
0.0027252715665527396
0.0025473275877284894
0.0023632379022083716
0.0021091097082891856
0.0017750046356613883
0.0014029494261974856
0.0010514890366746263
0.0007615578091460583
0.0005439463694743268
0.00043583109859366955
0.0004082245903321125
0.0005138021149229689
0.0008127834405966841
0.0013618141894895415
0.0021676983059347086
0.0028096667428737935
0.00379648608140314
0.004582450577585175
0.004977556392692738
0.0049378015876327085
0.004605763327575675
0.004228916472536961
0.00400988163982032
0.003994826062121635
0.00407742284011282
0.004094550265136106
0.003935385878201121
0.0035946389334166524
0.0031488901037662297
0.002700270165248738
0.0023129410115186265
0.002010579872799125
0.0017872679115907583
0.0016247226905719504
0.0015062623419740346
0.0014232538583734762
0.0013695093419835245
0.0013436702788415288
0.0013402001046599373
0.0013515343094328564
0.0013655811318556235
0.001369943244481078
0.0013609228612359498
0.001328139536114159
0.0012717025993039734
0.0011963382974525913
0.0011309144598282124
0.0010592715556122948
0.0010020637240535496
0.0009716403906315845
0.0009829291157980985
0.0010517114172479494
0.001194523533021815
0.0014092753831529306
0.0016799006298540214
0.001974824901721489
0.002249991530421098
0.0024629310865178964
0.002582501887559913
0.0026008588861866815
0.00253090778368385
0.002399385770195143
0.00223466529491832
0.0020570981490016104
0.001875979644410881
0.0016909440610510839
0.0014995408442606258
0.0013683311207569719
0.0011696835437836918
0.00097638786786161
0.0007982912301525012
0.0006437441205590051
0.0005170016723813865
0.00041841907167696184
0.00034491923510667757
0.0002914154434288625
0.0002519767785474893
0.0002212340746853741
0.0001950626815645496
0.00017086860063737644
0.00014797197631993969
0.00012924810687277863
0.00011369219927837426
0.00010457729450262167
0.00010506314340398565
0.00011855941455190161
0.00014806043153093416
0.0001959205410920107
0.00026325224210576475
0.0003459277251549034
0.00043657301340731453
0.0005249703920161802
0.0005993241214634449
0.0006359967434615166
0.0006670440110126261
0.0006687348783730667
0.0006455681977386411
0.0006054267602155714
0.0005569433646169777
0.0005055203276909528
0.000454599678341516
0.0004057450307369538
0.00036038724300621974
0.0003203686834873544
0.00028695610133100836
0.000259216276998664
0.00023355994238717412
0.00020547959374323606
0.00017206311461311609
0.00017330223410253235
0.00021066711977268243
0.0003455680680170838
0.0006541133162846344
0.0012094758010697366
0.002037775163485821
0.0030624976518014856
0.004102280857916807
0.004874193156514414
0.005133169615829792
0.00508501778723782
0.004622697782119908
0.0040037341733068455
0.0034876491517303373
0.003194757056701531
0.003065982445719393
0.002937732742467302
0.00266671187193504
0.0022160155330621313
0.0016574210610324778
0.0011089670533954543
0.0006647093548146402
0.0003605753720221152
0.00018215269867616324
9.154797968487788e-05
5.187807302857252e-05
3.7567115857679185e-05
3.448760065808858e-05
3.874772033090256e-05
4.5138436722027276e-05
5.3801272980339344e-05
6.533946251817722e-05
8.124114204486132e-05
0.00010730910602896332
0.0001464265670544871
0.00018441768754609512
0.00026434391268783536
0.0003804921692048887
0.0005399294887867331
0.0007401649984729647
0.0009612248346173818
0.0011664481482204423
0.0013050182290025125
0.0013429121345236033
0.0012797712544805003
0.001150474671827558
0.0010109939713116394
0.0009045498655461092
0.0008446828578366926
0.0008138560115078561
0.000782156934399064
0.0007298044557956015
0.0006569828982918662
0.0005802448129428822
0.0005178486394103368
0.00047893952255914727
0.00046067678696689706
0.0004528284823119198
0.0004450114243835529
0.00043102784267156133
0.0004099069092499156
0.0003929810830204399
0.0003657225246295672
0.0003383783949097775
0.00031170925458895383
0.0002847693902898117
0.0002556753686424202
0.00022297533213609346
0.00018668901188071964
0.00014864751845563456
0.0001130027726398615
8.228697346565678e-05
5.949854336706212e-05
4.604598524750305e-05
4.206301476765643e-05
4.6936402792833165e-05
6.079174218736303e-05
8.173418292567565e-05
0.00010855747219277743
0.0001404318917471029
0.00017599743147157603
0.0002135208406978956
0.000253763011972331
0.00029825206364833854
0.00035027164072205276
0.0004098545063744923
0.0004541449225848898
0.0005246869187382268
0.0005959580266430576
0.0006594654024916482
0.000715376191633375
0.0007521939082263768
0.0007728681340553833
0.0007847338953635996
0.0007978484869030267
0.0008251092135040057
0.0008771559377381947
0.00096191557625719
0.001072496259049097
0.0011959084950783514
0.0013142688771792738
0.001407493469308425
0.001461444170213154
0.0014715398475788728
0.0014435558641659088
0.001389343146253783
0.0013230513966279898
0.0012528917534913434
0.0011817204622927918
0.0011068546242596696
0.0010238793260707603
0.0009306014311395573
0.0008635795765446807
0.0007599963743207806
0.0006597108530979934
0.0005689264511612027
0.0004925257670128436
0.0004319209946034409
0.0003863185036644633
0.00035334123894185596
0.0003297586404712471
0.0003108378572588834
0.0002920611352040215
0.0002700861487024927
0.0002442976804366333
0.0002352926704389452
0.00024700726072377454
0.0003159577339473245
0.00048519689191353616
0.000807828548645822
0.0013190697094398547
0.00199838326174802
0.0027609815924428986
0.0034408158267628984
0.0038752239020470956
0.004018197780939852
0.003961343256452414
0.003890432893684899
0.003918952625137892
0.00411824497635717
0.004418903689632047
0.004633284744833439
0.004591501601463825
0.0042451843729775255
0.0036881501119031337
0.003089805815431205
0.002586314563716012
0.0022267219165722873
0.0019737095028891922
0.001756828106666256
0.001527231573422074
0.0012801549336880686
0.0010429450980778303
0.0008453964929960741
0.000701473703646693
0.0006059732927539601
0.0005425464930284661
0.0004945879935729047
0.0004514513467737305
0.00040919170407984124
0.00036863234620792786
0.000332171029426662
0.0003011491264978863
0.00028330128934103856
0.00025928988026306584
0.0002362384098961821
0.00021188267723584172
0.00018711913407720008
0.0001616060746935881
0.00013854703600883392
0.00012452870573239957
0.00012053823172133246
0.00013104820549346684
0.0001629066019390314
0.00021712493355272158
0.0002976677324101902
0.0004052826780638372
0.0005400701702362924
0.0007009268004779451
0.0008789816617322268
0.0010654632962324815
0.0012497497398457835
0.001416080873892138
0.0015580302582282053
0.0016593977539553684
0.00171828833545032
0.001741712210607733
0.001743664571935835
0.0017444367242747782
0.0017544650927082137
0.001794654429835617
0.0018739965527328753
0.001978775464508528
0.00208718543373714
0.002172314542365509
0.0022094392648777683
0.002186297967006705
0.0021064428253247344
0.0019877625077728794
0.0018530975267668616
0.0017220630296330033
0.0016040122372805133
0.0014963406377844332
0.001388844087884567
0.0012702596133722466
0.0011352498754182466
0.0009868609559098645
0.0008349019283214113
0.0006915322831592916
0.0005662346158886497
0.0004629894997208431
0.00038031465247644194
0.00031331639435270295
0.0002570273013503121
0.00021291137307813415
0.0001880566073672241
0.0001603283142497901
0.0001468881551778335
0.00014976610213590747
0.0001696351418061072
0.0002056230577039224
0.0002548339754099105
0.0003150765017022492
0.000377129526472151
0.00043823650224690937
0.0004882821348817504
0.0005260990841860092
0.0005535918596481557
0.0005788008343548995
0.0006127545183946307
0.0006658336873655211
0.00074256924787168
0.0008459952100479251
0.0009593629303651726
0.001068932738722751
0.0011609213040624318
0.0012261617264712078
0.0012677191215593848
0.0012929761031175938
0.0013167766718606747
0.0013534763131765762
0.001386946212190329
0.0014467334297631191
0.0015075968626456677
0.001553333732374981
0.0015693605740364541
0.0015471714801807367
0.0014894057169010466
0.0014065875030155968
0.0013125778289369756
0.0012198578755066084
0.0011397799151569923
0.001072312713566385
0.0010172901300916726
0.0009720731219984678
0.0009340244813058616
0.000902047054173084
0.0008765924651565244
0.0008589344852618482
0.0008512621167703169
0.0008501013849514686
0.0008512884171886387
0.0008477882729541029
0.0008325250635486531
0.0008009811151255326
0.0007531165311274561
0.0007141947574901201
0.0006504267935636988
0.0005878965987577781
0.0005328613118439064
0.00048618638651363766
0.00044901130300428684
0.0004210631139476842
0.0004034294478325906
0.0004038140751112999
0.00042108828118070737
0.0004621585757215957
0.0005306008539672965
0.0006247684403629846
0.0007398858216704608
0.0008669231439381412
0.0009958147542282838
0.0011161535792631374
0.0012191801154797942
0.0013028605150929155
0.0013720133633174682
0.0014703340300392448
0.0015925026936770444
0.0017849519497874946
0.002096784740256686
0.002575370740298584
0.003225696156251325
0.0037287173928300305
0.004489087430579258
0.00510215930146704
0.005395799126406044
0.005303827828228687
0.004902429384637893
0.004366162832220093
0.0038755101521640196
0.003535714359315118
0.0033453304578904036
0.0032206738949036
0.0030553380114712813
0.0027796449340830197
0.002389984620969286
0.0019367506932785634
0.001487402715530106
0.0010905191499578513
0.0007674914127160328
0.0005199009738481237
0.00034144033150162334
0.00022314936584858001
0.0001563264036619122
0.00013087183557483796
0.0001365228856210175
0.00016333787564613275
0.000202873922568679
0.00023283068055854813
0.0002781326956759775
0.0003193385300098125
0.0003514533611597185
0.0003714548756030552
0.0003784822351570196
0.00037356508779555156
0.0003592759500624691
0.00033895315928850916
0.0003157571005970092
0.00029196723262788664
0.0002685835282661188
0.0002454850632168519
0.00022188899517578342
0.00019801916295918503
0.00017310726537417013
0.00014842468535492882
0.00012595145644231666
0.00010778874563222208
9.591891118694581e-05
9.284545009830598e-05
9.760187471851555e-05
0.00011022610351305812
0.00012907028726824176
0.00015255580418675817
0.00016962503240344236
0.00019655087863952275
0.00022414603331917795
0.0002531348420217516
0.00028301929904802015
0.0003126886680900069
0.00034157880510939017
0.0003681671219288348
0.0003911322975474628
0.00040920757883732326
0.0004218738064031465
0.0004293735209613007
0.00043122434521210425
0.00042697317073842116
0.0004157662638403513
0.0003971339452411115
0.0003723200273889629
0.00034263005240425364
0.0003114300935669204
0.00028240769084430655
0.00025868934078558924
0.00024245592653571863
0.00023372198286512297
0.00023144490151501688
0.0002333811987453378
0.00023721148357669955
0.000244393052516105
0.00025290434771020994
0.0002651222410051278
0.0002879484559992049
0.00032979297822215235
0.0004005240210634367
0.0005076778235019628
0.0006522961240588615
0.0008235728590710109
0.0010044502830295597
0.0011631749665221344
0.0012779916089882151
0.0013334841825806988
0.0013298730412128269
0.0013051357689848817
0.0012809848555124148
0.0013368186997297347
0.001558631103723738
0.0020608983669525177
0.0029338156142409027
0.004176239409425409
0.005622539526187458
0.006941190769314643
0.0077541506800070815
0.007787159304082287
0.007050889837820553
0.006276002914858242
0.005018912081990436
0.0040249778177384645
0.0035382715248854827
0.0035381027040094475
0.003788130454131242
0.003975169152423436
0.0038615703291190627
0.0033848409052037536
0.0026532070535012385
0.0018594277749069171
0.001174261632206375
0.0006826765467758469
0.00038241014073354566
0.00022184776577720245
0.00014152807528309123
9.807546998846462e-05
6.88959069722954e-05
4.614772533287196e-05
5.5929012303660504e-05
9.550299118357995e-05
0.00020432312939298937
0.0004314468118505852
0.0008266022072749508
0.0014091228774960219
0.0021283591009284702
0.0026184274869800617
0.003227634015370615
0.003536050142454386
0.0034426409662268375
0.003011361196628372
0.002426559715928525
0.001908977699003604
0.0016150944760186838
0.0015786395586903396
0.0017141715795678154
0.0018714129244765648
0.0019107136208716261
0.0017644018773421497
0.0014556885035814824
0.0010701604089626542
0.0007028931453796737
0.00041665275277539946
0.00023392382973015408
0.00013580769497633307
9.913364666149043e-05
0.00010325319558460954
0.00013586384608092717
0.00019158069417444967
0.00026972539707612595
0.00036592169194595616
0.0004378799994011324
0.0005533557897630571
0.0006662954911398553
0.0007688551370717549
0.0008513863572767497
0.0009186155060291373
0.0009816765756553922
0.00106386063236535
0.001184993087796306
0.0013506427837355333
0.001540363190636004
0.001709120626227285
0.0018072706483753293
0.001801883484822994
0.0016987741202489125
0.0015369543713130498
0.001369311364804964
0.0012377222272532372
0.001156637101566626
0.0011127065397479256
0.001075942137202544
0.0010164876064086043
0.0009194505592439222
0.0007902802277879201
0.0006490293168461417
0.0005179530226472394
0.00044356938025822003
0.0003541077750964345
0.00028691528294733294
0.00023430435056676533
0.0001892685321658746
0.00014945064155280006
0.00011502767817961013
8.805433038507884e-05
7.014287792224192e-05
6.165543137240891e-05
6.182776174354262e-05
6.8337434365016e-05
7.898661041689488e-05
9.185025908366698e-05
0.00010616208756703529
0.0001198296116264131
0.00013397460048156156
0.0001507043693424151
0.00017270923624322033
0.00020255009821178518
0.00024117339655569054
0.0002878244653118241
0.0003382975597141744
0.00038685241544002925
0.00042585531638299483
0.0004504840778126477
0.0004577418421647805
0.00045584534104854013
0.0004427104138660974
0.0004245332073507759
0.00040738386564071106
0.0003945009499650639
0.00038558119383374606
0.00037733125717223675
0.00036531857520754956
0.00034599878501321717
0.0003182524280789435
0.0002838110148546741
0.0002463136573429241
0.00020986504571276392
0.00017757717386334378
0.00015080206768594884
0.00012911572778467921
0.00011108076710836869
9.511777133927123e-05
8.025530631160901e-05
6.612032558466644e-05
5.311361361956103e-05
4.186183938262633e-05
3.331152400954543e-05
2.7418228418634597e-05
2.515919663929654e-05
2.410846203818467e-05
2.582871359508161e-05
3.0031263188384736e-05
3.6523826628937375e-05
4.471712304542443e-05
5.397690758925764e-05
6.35744940463275e-05
7.246995168020918e-05
7.97573228110529e-05
8.48358481039185e-05
8.752596949139072e-05
8.844542990375325e-05
8.796863326156913e-05
8.81520944099168e-05
8.948000092823789e-05
9.574632684456583e-05
0.0001074739094625385
0.0001276302136129273
0.00015885704457400292
0.0002022721648805347
0.00025820632122216315
0.00032392952692028695
0.0003945077448079977
0.0004634078317675735
0.0005217377791534627
0.0005511586888102467
0.0005772837773288963
0.0005808270398435596
0.0005646937087198238
0.0005346872175962976
0.0004984979480649099
0.00046280886854974384
0.0004316750717480748
0.0004057760966049665
0.00038293258699047446
0.00035953190705801817
0.0003321975465959705
0.0002993973339462977
0.0002611114543903579
0.0002196345143756795
0.0001781756394807311
0.000140021717581752
0.00010775556205986457
8.282024339087462e-05
6.545474619758543e-05
5.480700584533069e-05
4.93176287441239e-05
4.713565329018092e-05
4.6286750710050815e-05
4.528178370489076e-05
4.3218008146290736e-05
4.111711359446255e-05
3.7072972966847986e-05
3.249063230077785e-05
2.8051642691901403e-05
2.4283185420948243e-05
2.1406804690504783e-05
1.932873754924829e-05
1.7743785472198977e-05
1.6289461017282705e-05
1.4683753493375773e-05
1.2802117908110764e-05
1.0682245593912539e-05
