Y :15.0% Calcite, Diffracto n :1477
Y :66.0% Gibbsite, Diffracto n :1407
N :Dolomite
Y :19.0% Hematite, Diffracto n :1334
0.0
0.0
0.0
0.0
0.0
0.0
0.0
0.0
0.0
0.0
0.0
0.0
0.0
0.0
0.0
0.0
0.0
0.0
0.0
0.0
0.0
0.0
0.0
0.0
0.0
0.0
0.0
0.0
0.0
0.0
0.0
0.0
0.0
0.0
0.0
0.0
0.0
0.0
0.0
0.0
0.0
0.0
0.0
2.1406061898476926e-36
3.548175182495167e-36
5.7159986996902853e-36
8.9494836534374e-36
1.3618291540379868e-35
2.014030605686367e-35
2.8948648625569203e-35
4.043982935148619e-35
5.490464957822796e-35
7.244822076711873e-35
9.291056793734171e-35
1.158033960718365e-34
1.4028016471208382e-34
1.6515435450432154e-34
1.8897422853492117e-34
2.1015219167323367e-34
2.27134997532478e-34
2.3859040804011976e-34
2.435794770032846e-34
2.4168360914734704e-34
2.4571993329674423e-34
9.959161390553247e-34
1.2942079101029863e-33
1.9441468894196552e-33
2.9266791557879527e-33
4.362308305273086e-33
6.388460659866826e-33
9.149454717292735e-33
1.2780353354110883e-32
1.738501148373881e-32
2.3010131602144e-32
2.961881775913609e-32
3.706855488542621e-32
4.5099228060312747e-32
5.333628640356268e-32
6.131223220610337e-32
6.850643573325034e-32
7.439941776285714e-32
7.853410818315277e-32
8.057417742697619e-32
8.034913644543979e-32
7.787781349625385e-32
7.336571807712556e-32
6.717679866109535e-32
5.978497337243776e-32
5.171438004369891e-32
4.347875652249555e-32
3.5529524381560427e-32
3.0568057542781416e-32
2.3822695503096083e-32
1.804514643263114e-32
1.3285452984758832e-32
9.506896396358444e-33
6.612224442289902e-33
4.4699517656442275e-33
2.9370037755757056e-33
1.8756533796060198e-33
1.1642521991493875e-33
7.024055692883157e-34
4.118842774467024e-34
2.3475176278148835e-34
1.3004356923773192e-34
7.001889628423674e-35
3.664274421816083e-35
1.863833273967107e-35
9.214514491616555e-36
4.4277609732091106e-36
5.5571743342464086e-36
5.995572710276093e-36
7.635078437243753e-36
1.0336945736101657e-35
1.4157209984985694e-35
1.9265248981694488e-35
2.3500918867265728e-35
3.129965177983303e-35
4.108715820096467e-35
5.314696137816443e-35
6.77368785887923e-35
8.506231818859761e-35
1.0524753414795314e-34
1.2830647882104654e-34
1.5411573414166568e-34
1.8239253159601304e-34
2.126810457228837e-34
2.443499093681201e-34
2.7660322289844726e-34
3.085062367291865e-34
3.3902546344471866e-34
3.670813723590431e-34
3.916102343879652e-34
4.11630340059348e-34
4.26306918306988e-34
4.350098006353003e-34
4.373582877964807e-34
4.33248769499931e-34
4.44890174617256e-34
1.2013051781175659e-33
2.027989553525106e-33
2.708364960265686e-33
3.297165608277319e-33
4.4344050058063564e-33
5.9503456860990066e-33
7.927867081461347e-33
1.046536437541394e-32
1.3662716897949428e-32
1.761824117915789e-32
2.242167325700233e-32
2.814574348899006e-32
3.483676420633979e-32
4.250488477012947e-32
5.111488130977171e-32
6.057850261262529e-32
7.074945233902181e-32
8.142202065970454e-32
9.233416873525397e-32
1.031755195889853e-31
1.1360024375865807e-31
1.232442946582803e-31
1.3174591142614514e-31
1.3876783988304763e-31
1.44019396653511e-31
1.472796672794647e-31
1.4840237190043246e-31
1.4734049978995192e-31
1.4414137885328625e-31
1.4088693402351148e-31
1.3447867562201428e-31
1.2648321683507094e-31
1.1722418831024246e-31
1.0705763867624307e-31
9.634951930274795e-32
8.545423026217204e-32
7.470324317998454e-32
6.513872939543014e-32
5.623470942084439e-32
4.800791187633109e-32
4.0928242354794925e-32
3.510872525953998e-32
3.062306577949945e-32
2.7513210795341853e-32
2.5796567661485495e-32
2.547174627120176e-32
2.65220055822099e-32
2.8915988017974025e-32
3.260576612436914e-32
3.752265550278631e-32
4.35716183507342e-32
5.062535100751224e-32
5.851928455390162e-32
6.704871044562403e-32
7.59690693904878e-32
8.199601568735069e-32
9.093121607133972e-32
9.94552457819259e-32
1.0726460022453192e-31
1.1401966326548078e-31
1.2039267880245064e-31
1.2535809021783154e-31
1.2872475303481167e-31
1.3085873815228287e-31
1.319463027728683e-31
1.3228094192571038e-31
1.3224110120672742e-31
1.3225293424251233e-31
1.3273988692028173e-31
1.3406359649615623e-31
1.3646331459568722e-31
1.4000315808856713e-31
1.4453724454984438e-31
1.4970158919827528e-31
1.5493829471705917e-31
1.5955235974571268e-31
1.6279525756048734e-31
1.6396363041114345e-31
1.6249746924669041e-31
1.580611713675474e-31
1.534113910742437e-31
1.4402978919910845e-31
1.3213277940906472e-31
1.1833195325804084e-31
1.0337167992719678e-31
8.803673794342712e-32
7.306410623825286e-32
5.9072056025983e-32
4.651488584946741e-32
3.566589477723531e-32
2.662589377317249e-32
1.9350773712827162e-32
8.819849267957491e-11
1.264409752654819e-10
1.7859782639503766e-10
2.485570920167429e-10
3.408299945593797e-10
4.6048036249195164e-10
6.129796809852069e-10
8.039752910716076e-10
1.0389651554322095e-09
1.322881434741235e-09
1.6595965329182181e-09
2.051378380899009e-09
2.49833508973766e-09
2.9979008099548056e-09
3.3575162040058933e-09
3.930557186107065e-09
4.533689564282901e-09
5.1524181040392335e-09
5.769418913223317e-09
6.3652389027171364e-09
6.919249659836796e-09
7.410797594420016e-09
7.82046471382058e-09
8.131334515670076e-09
8.330148683915175e-09
8.408244590172845e-09
8.362181277662992e-09
8.1939909084629e-09
7.911030075443378e-09
7.525446135216393e-09
7.053312496721952e-09
6.5135186042289105e-09
4.608459732703495e-08
6.298143751683617e-08
8.628812244600887e-08
1.1783452842906198e-07
1.597457512873027e-07
2.144116900875592e-07
2.844223818316014e-07
3.724629080110978e-07
4.4288463341339764e-07
5.668872865543884e-07
7.339724741363436e-07
9.259170696167734e-07
1.1418968438765858e-06
1.3890077973581547e-06
1.6666336824857699e-06
1.972799812442197e-06
2.3040690764565763e-06
2.6555273347333006e-06
3.020870539154836e-06
3.392596495620913e-06
3.762293394603268e-06
4.121006516188549e-06
4.459655428678029e-06
4.769467974117772e-06
5.042395388720445e-06
5.2714754331890615e-06
5.451117065441715e-06
5.5772899336676565e-06
5.647613235020422e-06
5.661349474188693e-06
5.6193176743208655e-06
5.523746378609952e-06
5.3780887345876895e-06
5.255332122407918e-06
5.03655521361705e-06
4.781349085586799e-06
4.495944895888576e-06
4.186898824551355e-06
3.860925179678549e-06
3.5247333264230886e-06
3.184865101383527e-06
2.8475323495551e-06
2.5184580085892116e-06
2.3668208812894436e-06
2.1425447191304095e-06
9.182013083181773e-06
1.5833164652475847e-05
2.1797063350811984e-05
3.000699176979537e-05
4.10708134955688e-05
5.568885054435546e-05
7.464151613534364e-05
9.876537945008831e-05
0.00012891590014073632
0.00016591603122940188
0.00021049128596208638
0.00026319363184068757
0.0003243185658698914
0.0003938217102039336
0.0004446035349435883
0.0005268150655995943
0.0006151046022649055
0.0007076879576881958
0.0008022959555598684
0.0008962437290298269
0.0009865421405848656
0.0010700465798326106
0.001143633787069538
0.0012043933499441097
0.0012498177396024455
0.001277973679927568
0.0012876385525868136
0.0012783884295303435
0.0012506288992581312
0.0012055655618234756
0.0011451171813536781
0.001071780211143681
0.000988458013539777
0.0008982710280950935
0.0008043650964207067
0.0007097341221636437
0.0006170704976852532
0.0005286527499003811
0.0004462752562601615
0.00037122028963005644
0.0003256568187711611
0.0002643118773378636
0.00021138283784559981
0.00016657863245931497
0.00012934968206645186
9.897099211513428e-05
7.461857411793448e-05
5.54347903479853e-05
4.058021002145936e-05
2.9271337242474623e-05
2.0804975137395886e-05
1.457096029482417e-05
1.0055541284792978e-05
6.8378411002302e-06
4.581722613551543e-06
3.025065491045257e-06
1.9680536407810286e-06
1.261639277256037e-06
7.969471951731536e-07
4.960436809317706e-07
3.0423297013090184e-07
1.8386055317207705e-07
1.0948805045056055e-07
6.424520239552342e-08
3.714586187916769e-08
2.1162933838529167e-08
1.4425410669340773e-08
8.018989327837133e-09
4.392447728394547e-09
2.370767757408459e-09
1.2608597766647124e-09
6.607540860018887e-10
3.411993001062406e-10
1.736087171554157e-10
8.704221984876403e-11
2.9839750151041985e-05
4.2939488789401176e-05
6.088081941573557e-05
8.504834353556348e-05
0.00011706118581981237
0.00015875289277611312
0.00021212508920771616
0.000279269873044125
0.00036225784209721205
0.0004629916538506054
0.0005830290398836516
0.000723383951782067
0.0008843195184003523
0.001065151074592172
0.0012640808937266924
0.0014780876303760338
0.0016270723676355511
0.0018561010449411504
0.0020862099819275873
0.0023103409771683286
0.0025209010613574407
0.0027101740299043057
0.0028707820082375267
0.0029961593694221495
0.003080996911694189
0.0031216145320709376
0.003116225971726895
0.0030650691006217936
0.002970388502647639
0.002836272137523829
0.002668358638839129
0.0024734444428317717
0.002259028852415682
0.0020328393264072253
0.0018023784575036802
0.0015745286964570972
0.0013552419325217153
0.0011493299905024326
0.0009603605375388816
0.000790652285950991
0.0006413548952992743
0.0005125933351884401
0.0004378369999088623
0.0003414053278820513
0.00026229382414041913
0.00019855376466104522
0.00014809820202581203
0.00010884801198880043
7.88357121943058e-05
5.627539832452996e-05
3.9602445109307076e-05
2.7488284177879265e-05
1.883625213161893e-05
1.2764398909931155e-05
8.580497031724618e-06
5.753531565688671e-06
0.00015843986983962103
0.00022504398683311646
0.005928925645744956
0.008558663218207406
0.015710718856488965
0.02211521565858432
0.030677099712560312
0.041933611676502086
0.05648505560660016
0.0749768771534401
0.09807554051007061
0.1264154678108495
0.14850794267299827
0.18679206350887187
0.23151996704934716
0.28277410169135603
0.34033909184715283
0.4036500064991819
0.47175763200528403
0.5433174909659008
0.6166080275727384
0.6895811354083545
0.7599451891198657
0.8252772544165111
0.8831576062797195
0.9313165619791832
0.9677814044539014
0.9910102171550509
1.0
0.9943585071468356
0.9743326375480654
0.9407905149565639
0.8951590693123312
0.8393233722942983
0.7754976192176727
0.7060800452878804
0.633504964495527
0.5845270104726183
0.51176720948687
0.4415337658775532
0.3753871718444282
0.31449914558211883
0.25964777235708414
0.21123964713207224
0.1693529038682051
0.13379411154155518
0.10416200437448359
0.07991178318687965
0.060414645769977376
0.0450095786363259
0.03304693799912188
0.023911401695428887
0.017051210013993703
0.011984494462441033
0.008303975911559262
0.005674374835939893
0.003826826251099275
0.0025508483645232645
0.0016853808078685117
0.001109835621723391
0.0007357913542907995
0.0004996933565582913
0.000356714443965685
0.0002973413179582095
0.0002455067777263924
0.0002679244278953892
0.00028596775171102446
0.00032371119985281314
0.0024714178939833336
0.003459306953270158
0.0060453385981316145
0.0083761871492807
0.011467628293543843
0.015521785060832379
0.02071236044654195
0.027269182692126158
0.036309779669850106
0.04691474016773472
0.05962079133231564
0.07459406994485313
0.09205520160409904
0.11205373915920455
0.13453800373127506
0.1593380317869117
0.18615405055101003
0.21455244211667576
0.24397069444493744
0.27373213052742407
0.30307031699555803
0.3219886348304956
0.34878189242308005
0.37294003273482323
0.39369095020863487
0.4103604107580584
0.42240904594254153
0.4294611860391408
0.43132337322566894
0.4279913738935373
0.4196455715122905
0.4066356365591623
0.38945622130626545
0.3687160304039697
0.3451029308814178
0.3193477886477544
0.29218949154667995
0.2643432060380991
0.23647339180506177
0.20917301960138612
0.18294685837010058
0.15820461142097642
0.1352564133007112
0.11431491905622018
0.09550131519930198
0.07885459198074257
0.06894749497326136
0.05581286565477346
0.044639080684459355
0.035270213994889464
0.027527375646559705
0.021220020014785065
0.016155629701738228
0.012147562480973205
0.009021000205479022
0.006617002923466974
0.0047949781674892075
0.0034335917912823046
0.0024306029354285346
0.0017017677063505948
0.001179169867916043
0.0008092031385770298
0.0005504198145630491
0.0003714099013320664
0.0002488281613732391
0.0001656431865482284
0.0001096454386382824
7.222165141089223e-05
4.7381506392748486e-05
3.1008710828648816e-05
2.0301537610613742e-05
1.3366166327392916e-05
1.018975586024659e-05
6.9220632025836535e-06
4.911676128597114e-06
3.6865024874899357e-06
3.543319342263425e-06
3.5035098870064827e-06
4.051088945345496e-06
4.655311147396128e-06
5.562114099033647e-06
6.80472702900429e-06
8.438526836680102e-06
1.0534656418368657e-05
1.3173882591251876e-05
1.6440082574241205e-05
2.1727793773926685e-05
2.731112928118602e-05
3.414848075612487e-05
4.242015735502779e-05
5.229714413531177e-05
6.392275643393658e-05
7.738767347263558e-05
9.269897073465158e-05
0.00010974563125711528
0.0001282651901279128
0.00014781813623727797
0.00016777777558191976
0.0001809205965651911
0.00019970832560911424
0.0002164991209669995
0.0002302948767620168
0.00024018881883705774
0.0002454674345373665
0.00024569826525016757
0.00024078822873084896
0.00023100151843226917
0.00021693313276059353
0.00019944212545593674
0.0001795558295547496
0.00015836092339755378
0.00013689832842038923
0.00011902899999055686
0.00010142088116161563
8.662456228032496e-05
0.00019711820072940015
0.00029605357764993847
0.0004444305165611641
0.000656283015264752
0.0009663688875146502
0.0013993336849630372
0.0019843590142585243
0.0027478976017980767
0.0037105712423819537
0.0044684944039914175
0.005777665691537932
0.007275644537165225
0.0089220737044101
0.010653892882859572
0.01238755510994318
0.014026840529360327
0.015463773275125953
0.01660005909110833
0.01735206322003557
0.017662545526969248
0.017507954181867725
0.016901499878671584
0.01589135478171308
0.014554533196656581
0.012987259077694352
0.011293683636116832
0.00957470107163258
0.007918508131468379
0.00639404822700997
0.005047834431186001
0.003904005174575495
0.002966966006392095
0.0022256885369844985
0.0016586864356038223
0.0013642085275344922
0.001026445525998518
0.0007885849483270242
0.0006253417969100349
0.0005154069899960398
0.00044181869322864036
0.00039175588958921775
0.0003559977152145892
0.00032824479001351093
0.00030443832123822534
0.0002821554918869899
0.00026011459606945837
0.00023779332397853755
0.00021514712086145247
0.00019949477582315592
0.00018130048561859998
0.0001659727319811636
0.0003498043878334226
0.0004737499669231595
0.0007747592259924667
0.0011513267832570383
0.0017098690014482835
0.0025069846150105606
0.0036046289472625313
0.005064056927397869
0.006937649336519605
0.008434301559130348
0.011057156675232953
0.014109253110358978
0.017520118571080573
0.021168459321681425
0.024884565443283588
0.028460464523688604
0.03166762201762422
0.03428040966373252
0.03610291984922753
0.03699058837713517
0.036872681537997595
0.035759452046971923
0.03374125133525842
0.03097645304871101
0.027670965177538254
0.02405300510268407
0.020347409319002946
0.016753428945015084
0.013428882374115419
0.010482028529054903
0.00797098122545674
0.005909306751992548
0.004275343820119719
0.0030236980940138735
0.002095977362028392
0.0016337562190062943
0.0011121576741112877
0.0007586909237918002
0.0007790560358936816
0.0007463290850537914
0.0009078223941629351
0.0011559266966348503
0.0014902854904990958
0.001955226386810486
0.0025710964784504357
0.0033626409198680963
0.004357070218812124
0.00559325400315036
0.007078841156075803
0.008842456480394181
0.010897242193721403
0.013822281120830308
0.016702635640161063
0.020208764750311834
0.02388553736039279
0.02790286738717039
0.032228412683218466
0.036824035076002404
0.0416341900524363
0.04660884679500195
0.049986767970931434
0.055104510617835833
0.06023290835932822
0.0653168769207022
0.07030295178678732
0.07513816254961302
0.07976815994070452
0.08413484428778947
0.08817412186347792
0.09181992913779509
0.094985169878841
0.09758769444520286
0.099538899350985
0.10075201668587339
0.1011484695504375
0.10066495429499091
0.09926042961334959
0.09692213300658332
0.09366981519980233
0.089557574803338
0.08467295996012252
0.07913333629969506
0.07307984920600757
0.06666958345583267
0.06007818740886055
0.05344988681123609
0.049090784658933136
0.043045312168858346
0.0372224238684663
0.031853332544640664
0.027315975823102908
0.023277678271882207
0.01995687613881165
0.017411423595054865
0.015626888862647327
0.014625810077557191
0.01440671145688168
0.014959799271590413
0.016266908164261993
0.01830029865703977
0.021020499486366324
0.024373554581945758
0.028288165330830874
0.03267329616414616
0.03741682134917138
0.042385762583090354
0.047428285856906095
0.05238257255449345
0.05706709355160506
0.06131016917303176
0.06494723022506922
0.06803376311110676
0.06953101862823956
0.07107795077471514
0.07166324664004144
0.07128111031572905
0.0699955406659637
0.06789395602894527
0.06510185950971861
0.061774682723411294
0.05808761710600577
0.054224265205752194
0.050365379414175244
0.046676582127563794
0.043300524663169485
0.040348293665380834
0.03791091424490153
0.03599886735279609
0.03462903618994567
0.033752975737497914
0.03330878524136888
0.03320610141723589
0.033338982692245646
0.0335942664015991
0.03385981789376288
0.03403210097838545
0.03402257538236242
0.03376263931364958
0.03342652363005122
0.03265905046898422
0.03157191725732823
0.030180868399484764
0.028520259466092393
0.0266387403770301
0.024594366277018546
0.022449585658894933
0.0202665372890839
0.018103010655110503
0.01600941980626465
0.01402637522885455
0.012184149820082554
0.010502348003510588
0.008990742366836826
0.0076506313025466
0.006476549635455934
0.005458107224938399
0.004581763897424914
0.0038323969325668034
0.0031946210760796794
0.002653545500236939
0.0021956220347259157
0.0018088137289363707
0.001507301010654517
0.0013289456332818484
0.0011068313475039902
0.0009355187245369943
0.0008134324262709177
0.0021381137181851746
0.0029890864573705084
0.004908636489141175
0.007292663929222726
0.010736622202099201
0.015533579162209314
0.021990992250572394
0.030398399858243146
0.04098379634051674
0.05386196402940039
0.06898104797652282
0.08607630756057298
0.10464142687877653
0.12392724199799504
0.14297480906054005
0.16068452067098
0.17591627860292575
0.1876089264940939
0.19490188908939465
0.19723973482695806
0.19444202724703738
0.18672626847310142
0.17912701756960836
0.16467022373687532
0.14746981431299427
0.12865362270936803
0.10934074966437446
0.09053015790785839
0.07302496881444423
0.05739078505674667
0.04394909009525864
0.0327998923229575
0.023864313612682223
0.01693676094026928
0.011737345531404339
0.007957621199241267
0.005295832939094833
0.0034796011460986576
0.002279059434381897
0.0015100808832603117
0.001037875875626698
0.0007518055994655277
0.0005825454520945001
0.0004867401499103597
0.0004278436369690692
0.0003908529568320073
0.00036551761013542107
0.00034783210704773804
0.00033970262977727096
0.00034494186632828215
0.0003541676228110542
0.00037423175895316376
0.0004161930989899969
0.0004696585951096398
0.0005412196329427293
0.0006316279827846373
0.0007410485324743907
0.0008690700115095207
0.0010147189829098047
0.0011764688539319496
0.001352265463033151
0.0015394527044854907
0.0017348893918872432
0.0019349120639130255
0.0021354006701035156
0.0023318578645834098
0.002519519172654255
0.002693493543817505
0.0028489309726071515
0.002981211106819612
0.003086144122014835
0.0031606430049384666
0.0032013448753905552
0.003208974867943733
0.00319059865946264
0.0031367469294755856
0.0030739322222339757
0.0029719443487817017
0.002849889024678915
0.0027324300933397796
0.0026069565165070087
0.002494449664474116
0.002407505410069702
0.002357533343408844
0.002358845486937575
0.002414101613724141
0.0025300252187214368
0.0027060173203089077
0.002954245517928317
0.003233433751621433
0.00354470436024333
0.00386076220433766
0.004158159878082797
0.0044167399113242386
0.004615644965767282
0.004741072954647538
0.0047859046749040525
0.004751555092496014
0.0046458207323855265
0.004543132247154105
0.0043548693590160096
0.004144297733444135
0.003932364607781895
0.003737557696727091
0.003573991471833385
0.003450247669871038
0.003369045685095851
0.0033285114083008824
0.00332005346602072
0.0033339989779061726
0.0033584594378044267
0.0034127052632087697
0.00344228116086918
0.00345316802702436
0.003461894241286464
0.003442710238062814
0.003403980618912176
0.0033535958067545477
0.003299094285881187
0.003249801456494109
0.0032155555893452928
0.0032065405325125387
0.0032318493299175032
0.003299052032988476
0.003413356614763699
0.00351702373806619
0.0037135299776420707
0.003956336275301987
0.004239204350011241
0.004552890826881369
0.004885577714576198
0.005234442073307237
0.00556995952116601
0.005884352614591657
0.0061645351268071824
0.00639866478871337
0.007194787228715455
0.007714457929733843
0.008384406732593355
0.009637920833836891
0.01110681760120978
0.013151788369746708
0.015940624801761994
0.01963787250808738
0.024382071211285924
0.030258191015550853
0.037268467360526344
0.04530634476000179
0.054139144441780494
0.063404929169044
0.06959132516851342
0.07847943744932924
0.08637881064802418
0.09272148167160911
0.09701751428510652
0.09891630117955741
0.09824721152598102
0.0950467852774275
0.08955171527048468
0.08216620915200068
0.0734131215444997
0.06387091797336675
0.054111687690878096
0.0446410054199166
0.03586274099808431
0.02805961851839777
0.02138573964552781
0.015882845626002038
0.011502618157351855
0.008133628081327638
0.005628853807077752
0.0038291094691114682
0.002580806971456858
0.0017468960004658662
0.0012131438370362726
0.0008890582120644471
0.0007549064851105162
0.0006428180357312934
0.0005951554298192625
0.0005887484008959657
0.0006086346558680211
0.0006393178639138917
0.0006755186687282512
0.0007128851377102598
0.000748831835812122
0.0007819193981983565
0.0008125098322027403
0.0008388321651370942
0.0008618427963506316
0.0008820425995501177
0.0009001591409093377
0.0009244290332234076
0.0009436095676974913
0.0009637561688088492
0.0009855288599618106
0.0010093768961298647
0.0013842620000558208
0.0015633675117830942
0.0018120829014534531
0.0023061971147630925
0.002787904260239408
0.0034081373098885422
0.003912887466584422
0.005354117503024301
0.006721828251337959
0.008426092595753646
0.010788681511102932
0.013441120547765691
0.016628207074060323
0.020394303323661024
0.024781251598218586
0.029813042231972852
0.035598571152620585
0.04199969277999076
0.04901177964106193
0.05663381168200173
0.0647426086008253
0.07322499891152388
0.08206491017311195
0.09097393577255888
0.09982748940789653
0.10851142946079148
0.11674455192698996
0.12436316845554851
0.1311609178395993
0.13693287764241854
0.14148367751772928
0.14464569033232988
0.1459031946354206
0.1464394257375277
0.14530598228619146
0.14250644178311458
0.13838900808316934
0.13280459060556302
0.12606002183664597
0.1186245377659465
0.11076438427775882
0.10286120795444811
0.09615494498214622
0.0897551371154394
0.0845617346547391
0.08124401075703676
0.0793721126349982
0.07926881437756592
0.08090381891826229
0.08414679240888433
0.08871331932521849
0.09427588354017874
0.10045881047877704
0.10685671488565872
0.11310499352650227
0.11889649383736312
0.1240107104247468
0.12697950042168824
0.13074128177654612
0.13370086165639444
0.13594320791818898
0.13757854734380207
0.13870972317470692
0.13943937754109018
0.13972780603474674
0.13955730723906584
0.1388530180464259
0.13746402818752282
0.135268885691527
0.13215056681757828
0.12803022895353916
0.1228836903325361
0.11674834003387169
0.10972459808514287
0.10196736604169121
0.09367304656355858
0.08506299570654341
0.0763659426969842
0.0678014265876427
0.059565825557053045
0.05182198763834034
0.04469290556477665
0.038259381090384056
0.03437803035337106
0.02917379456168228
0.024692189741995683
0.020888794500036
0.01770014050125788
0.015051871953614952
0.01286495656491322
0.011065259359920296
0.00957411224128542
0.008329917165257557
0.007278398440954958
0.006375761525723348
0.005725923835667817
0.005112959635999985
0.004583651398367696
0.004204879085888196
0.003919255612249953
0.0037337221178275716
0.0036784233489063766
0.0037684237209246172
0.00401951796920483
0.004446904549479991
0.005063813487600607
0.005880071465307537
0.006900620001198014
0.008124042900235176
0.009050417454969284
0.010588295153950553
0.012285071131349549
0.01410658153963822
0.016009913853851625
0.01794216320215755
0.01984478411333111
0.02165941693180608
0.023314077336129637
0.024750073205989685
0.02591146736454039
0.026751823927456526
0.027236879544344797
0.027615605581564867
0.027463680342534207
0.026988360124710065
0.026362754041939735
0.02544560792319317
0.024382644264370375
0.02326112778375968
0.022176746545442747
0.021217886250600806
0.0204522911017728
0.01996364872051822
0.0198138048691268
0.01992529796848389
0.020624454072024984
0.02167085839122756
0.023188666555482757
0.025234759376628706
0.027732845448038248
0.030652863694592723
0.03396341207914262
0.03761488214578603
0.04154332415732112
0.04567592894124673
0.049908057112302465
0.05413048043214295
0.05820619178507526
0.06198265031564762
0.06529221938011462
0.06796070476535593
0.06982109214094023
0.07072758369174698
0.07057260341752954
0.06930740254805129
0.06692441412161927
0.06349872650429651
0.059165459411353954
0.05414792598284313
0.04861305364299094
0.044768068758657666
0.03894662161126016
0.03327616626505581
0.027923845911539985
0.023050623774357546
0.018758742062079056
0.0151019538380159
0.012090819077056992
0.009709351208924553
0.007893491622876331
0.006582695117862116
0.005702652365072308
0.005177459821689187
0.005230213403683081
0.005336424269496803
0.005648738169692268
0.0061360933679503096
0.006950682250902701
0.00778752298205155
0.008814240882785561
0.009985725677912097
0.011318865893979369
0.012858220657220094
0.014612205815833947
0.016596914740042042
0.018835050898245876
0.020474616795471537
0.023157620728604986
0.02610214285137539
0.02928607116292678
0.0326700456039648
0.0361964640677909
0.03978986831656697
0.04335886584272224
0.04679960115502243
0.05000062891864658
0.05284888152137063
0.05523628606248776
0.0570665239099524
0.05826116323949897
0.058765068340689494
0.05854995622059771
0.05761658573173945
0.05599505288764438
0.05373989009556645
0.05093085895833861
0.047667182062891375
0.04405565891444412
0.04021033232470184
0.03624592701843248
0.03227013218488924
0.028452594599208045
0.025977426276106615
0.022468930002445223
0.0192614197880953
0.016443169496060138
0.01399612503561963
0.01196845086798886
0.01037359289223923
0.009213355518657294
0.008477877961404597
0.008144566503654525
0.008176996388457718
0.008524808030552982
0.009120976448678073
0.00988704544088284
0.010734189816080939
0.011569075414167407
0.012300634764959658
0.012883688527292981
0.01319799537631394
0.01322860237938669
0.012973767589509118
0.01243536911166705
0.011652083484370844
0.010685078129440738
0.00960417694912337
0.00885663244440128
0.007747436746711434
0.006711897071142735
0.005795545676126204
0.005035896945633101
0.004452109223301168
0.004050373256856378
0.0038193884317667647
0.0037427787727161233
0.0037964370593560363
0.003952678398172575
0.004182571784526697
0.004469796201516122
0.0047688357345679585
0.005064916250982971
0.005337122545186901
0.005572948046212259
0.00608919087024473
0.006415364889620798
0.006703981073327195
0.00702894985058474
0.007606010789153619
0.00831776274876948
0.009119469958874055
0.010196958639527848
0.011659002004359622
0.012872957211433054
0.01509826302400308
0.01791136503285288
0.021408721267232853
0.02561617033176524
0.0305771612201083
0.036286597190625505
0.0426805315344829
0.04964733239297929
0.05702159362423321
0.0645835719654637
0.07210098120721212
0.07923505310569963
0.08570890221573803
0.09124814361130605
0.09559618785052404
0.09856374756136721
0.10003549876226141
0.09997443661003011
0.0984207656773895
0.09548937172597373
0.09135431860524328
0.08624557583078507
0.08038369138016863
0.07402523829937405
0.06741180248122197
0.06296664528463568
0.05638422738965966
0.05005605826810091
0.04409147007323948
0.03858461342845286
0.03359088329942362
0.02913264054507255
0.025452063462746023
0.022194471311022927
0.01943976491448889
0.01718525350506541
0.015512134064345937
0.014267622450894026
0.013419946465642795
0.012989162151686948
0.012965293856306834
0.013350368719875745
0.014134495366882743
0.015319681045661294
0.016905302439218287
0.018886593754810194
0.021245151259282193
0.02396050117882568
0.026977161142126605
0.0302410009781145
0.03251717399816381
0.03601906994415951
0.03952547676204003
0.04292611428165136
0.046100989151931074
0.04892979983054561
0.0513077033891367
0.053162595793950086
0.054353928538550596
0.05485744948000434
0.05465355115570741
0.053767517382692157
0.052203933167567884
0.05004789737558195
0.04739227886757799
0.04434785883501629
0.04103602218603443
0.03758106512872997
0.03410329647903351
0.030710798294436945
0.02749644853065836
0.02453301266835215
0.021871569575501678
0.01954129356352297
0.017550691249457847
0.01589000209005406
0.014954422010566482
0.01378271458890673
0.01285275879937447
0.012116165026041893
0.011525832022907133
0.011035654323574492
0.010603704679479072
0.01019417305635162
0.00977859724743388
0.00933664009455064
0.00885542042538863
0.008330034927427695
0.007761684838328487
0.007157772176664387
0.006532971177424834
0.005899985549883928
0.005265216764108362
0.00465144998881215
0.004066949189378098
0.003551247562735897
0.0032454558735923716
0.0029341725480035315
0.0027036263495584054
0.0025978364533050767
0.0027059335880306136
0.002898786595793553
0.003119335489943828
0.0036009339158549207
0.004279039306124692
0.005170673193505424
0.006291118319256508
0.007652607508653467
0.009262183603967885
0.011117984487023528
0.013210639854914857
0.015519089911925526
0.018010410881296558
0.020648053368674386
0.023359125315612937
0.02607875461132023
0.028730106411925888
0.031230034166988788
0.03350289908345864
0.03545485923714381
0.037019947750354686
0.03814072136665856
0.0387732007299585
0.038897251208385636
0.03851035260681337
0.03763255269947177
0.03630366078044796
0.035195291747720674
0.03324795323073516
0.03102841342985195
0.028618559050572586
0.026157920232603226
0.023646750923775252
0.02119554900863446
0.01887157977565036
0.01675928892520241
0.014864251501304722
0.013237254428957165
0.01190024451604912
0.010863140541566245
0.010123922317918761
0.009668655033145498
0.00947162267734509
0.009497001142019025
0.009695240140186736
0.010011160212827223
0.01038315020836471
0.010747431128708513
0.011042977440680309
0.011216484504310493
0.011226571656770875
0.011047324708918527
0.010674798919772653
0.010318705465776255
0.009642525303436367
0.0088264214740063
0.00791436320547318
0.006951694029432533
0.006106426519464366
0.005279494026340844
0.004563237803876378
0.00401373295059514
0.0036693477010437603
0.003669532894868423
0.00389940141712307
0.004452657640557784
0.005354762624956963
0.006621578497115969
0.00825422592140606
0.010233846168258145
0.01251640785678866
0.015029661471608535
0.017672914652622145
0.020319574852296948
0.022826166184889335
0.02504285722887592
0.02683093281733344
0.028065661296410003
0.028664334746675468
0.028688194127366586
0.028161328251731607
0.02699890187065248
0.025284860823691517
0.023272262324207153
0.020939566213033858
0.018494529356597043
0.016109431691806654
0.013929697538582649
0.012192187859781087
0.010838324864721091
0.010013046217824239
0.00976463547789934
0.01011844118345077
0.011052052437008532
0.01252662170908532
0.014466963930844465
0.01676640742383832
0.019289657106698253
0.021878824277429106
0.024644061818467792
0.027018918927868237
0.028978472165163253
0.030436663146813377
0.03143113613611473
0.031817631759853665
0.0317492828044748
0.03125145761973448
0.03039027841348172
0.029320427652136133
0.028214980668388963
0.027256392641883474
0.026589143814350406
0.02634818424394488
0.026622615928341257
0.027460009653919943
0.028850873181770247
0.030750596129849164
0.033073406314891
0.03570304703813893
0.03850201031563937
0.041321235063873356
0.0440096761828113
0.046423195152016324
0.04843244460586928
0.04992944569524118
0.050832734019763626
0.051090358085304245
0.05068184807453926
0.04961756071894257
0.047936707030545055
0.04650450852021463
0.04394901362117058
0.040990007783781465
0.03773188679956968
0.034285058368098184
0.0307519189299868
0.027232149403581193
0.023812347826202868
0.020564531299449587
0.017544530942463676
0.014791603406915061
0.012427561807791827
0.010345728775357454
0.008589463037414284
0.007170679543276385
0.006122942636581863
0.005420352428347355
0.005048683240975529
0.00502181845568764
0.005336763409515858
0.005984698635142412
0.006946740092929999
0.008189880570084695
0.009954280962841906
0.011718047031256881
0.013602148282774456
0.014882740747584382
0.01677226711132926
0.01870514656714662
0.02035247091868912
0.021767595380346772
0.022926879208368223
0.023838048592740014
0.024539813722950034
0.025098889246694865
0.02560151540235549
0.02614207493046063
0.026811079711105898
0.027683602289121725
0.028830854184461206
0.030241780362400755
0.03191078904135847
0.033792738577979486
0.03581042784981209
0.03788043117754714
0.03986910152950549
0.041672413899411315
0.04318236102516118
0.044304866810930696
0.044966534270518055
0.04511894681557244
0.04474099098496322
0.04419636713749059
0.04296097881042167
0.041266586908034225
0.03917846900841732
0.03677524181899701
0.03414296620433696
0.03136937931035467
0.02853882253882953
0.02572751339292049
0.023001824137996053
0.02041230763287633
0.017997550762017523
0.015782091731129568
0.013777847698005014
0.011986798840438323
0.01040065660340509
0.009006849917688334
0.007788239698887498
0.006726176912639857
0.005801796984163466
0.004997286659340771
0.004296642015095735
0.0036867037743182674
0.0031548249736351973
0.00269192765310719
0.0024177336014246068
0.0020531107926880766
0.0017393973851968507
0.0014715333638025078
0.001264879393905243
0.0010869490425040626
0.0009431073736669546
0.0008324287365051969
0.0007521160191839859
0.0007129178861371376
0.0006925016792048702
0.000698724801888955
0.000737193296818766
0.0007983990162225102
0.0008869519206055002
0.0010034572181687647
0.0011484138802698018
0.0013225108211543741
0.0015243082434531737
0.0019553060779787103
0.0023288457751305318
0.002738493174076916
0.0032114088464652024
0.003753960909759954
0.004522079964948568
0.0052941523005125505
0.0058730443123062
0.006847743218336786
0.007965663308122038
0.009251035129951714
0.010709276464011971
0.01235320017399794
0.014191355984047834
0.016224982321057253
0.018445943092020245
0.020835636103135713
0.023363298208555032
0.02598593541405302
0.028648329019024137
0.031284419101638275
0.03381972484745284
0.03617450456867536
0.03826841874151941
0.04002377436853827
0.04137293714030163
0.04225798364070792
0.04263980296167864
0.042497716612862765
0.04183165392585353
0.04067233264087807
0.0390457083056916
0.037013578490628585
0.03551127581792303
0.03299220529676886
0.03028277871595442
0.027469669421040458
0.02463750317337341
0.021892186448225125
0.0192614580795123
0.016822107995271084
0.014619048722209493
0.012684979039129974
0.011039373076392103
0.009689589319256614
0.008632452648803647
0.00785461765110864
0.007348367501383933
0.007068330847233304
0.006989009333873213
0.00707782087590098
0.007297600700496692
0.007623189303922385
0.008001357276662329
0.008412434284817971
0.008814643690477466
0.009184891121641057
0.009521815768511827
0.009778738551317332
0.009909055544070594
0.010031450993276814
0.01007355046716369
0.010041265366835278
0.009938338393917369
0.009780635764153858
0.009680968416602162
0.009539603342443415
0.009420674966340822
0.009365111137556921
0.009406334657003312
0.009632799165104523
0.009994724906782784
0.010557375794795095
0.011344347923022479
0.01236806188179588
0.013626404874144444
0.015098543892010445
0.01674237431864976
0.01849388163433894
0.02026909740801147
0.021969101272914043
0.023487104764413888
0.024718587675050106
0.025571213136497222
0.025893169408228976
0.025971869459801854
0.02555172234665476
0.02464686802611688
0.023305347749325526
0.02160104391832794
0.01962667865491706
0.0174840590891589
0.015274833241820739
0.013092191267643591
0.0110145819783861
0.009101822916100778
0.0073995065298883955
0.005918952652949262
0.004668724227963205
0.0036383025808679093
0.0028091802523465483
0.0021600873902301245
0.0016597154722989605
0.0012844786999761301
0.0010095596265850834
0.000815321218025437
0.0006830226691016601
0.0005992897479056491
0.0005532423794688671
0.0005382039127219291
0.0005409001746061821
0.0005646217973363292
0.0006017811676819721
0.0006815542684855879
0.0007587067236007466
0.0008464721743882384
0.0009486690865255751
0.0010950771618160361
0.0012559708696428594
0.001440221822230761
0.001684613827045433
0.0019564291524025424
0.0022951360919154745
0.0026905716920107717
0.0031631381933135733
0.003739448045058985
0.004398548205250801
0.0051551711616964375
0.006006527663458018
0.006944341622942542
0.0079500954103891
0.009000889713904137
0.010066884574278236
0.011123711469791187
0.012121049777032157
0.013028011181800365
0.013566974273217567
0.014300482281218087
0.014854256125804025
0.015238970351319582
0.015453815070231844
0.015506008318720916
0.015430925372542424
0.015214056841537815
0.014894546911302842
0.01455313388821538
0.014152347714783521
0.013744075168767174
0.013365333710880495
0.013046711067026382
0.012816531726523198
0.01274744169986644
0.012794157469477326
0.013015339276883267
0.013404621825692277
0.013969803651684402
0.014701384898906406
0.015576155145283033
0.016561739160111083
0.01759900649142083
0.018629164158897257
0.019278380395667052
0.02014377080969765
0.02081918532509872
0.021248465820784056
0.021383930947797513
0.021219960734674134
0.020725070885638838
0.019928761878480517
0.018869982921540154
0.017600159665459938
0.01619046274366186
0.014694000956174175
0.013181978739684743
0.011713248273881578
0.010358700762233443
0.009125090221879167
0.008051444182677312
0.007151928663164285
0.006430273426571069
0.005891884565121876
0.005511940012172817
0.005281965515465991
0.005185225735351333
0.005201119339859405
0.005309735213816399
0.005489199515500995
0.0056370377161918
0.005883552742840484
0.006139308186893671
0.006385166311238552
0.006588788924073424
0.006732961014535169
0.006805694180887051
0.0067916100609699175
0.00668748649685874
0.006493667523412806
0.006222647354913546
0.005892990950559856
0.005517676282444808
0.005116754988149098
0.00471690912093444
0.0043420146661841035
0.004013583806629584
0.003743379895231179
0.0035424385713364987
0.003416842793613365
0.003366035879756127
0.003384208801143254
0.003461278637410292
0.0035832239737403435
0.0037343419565265853
0.003897968363346445
0.004005947275654082
0.00415517001999532
0.0042776977498112856
0.004363521869380129
0.004411668990969114
0.00441065387084455
0.004362507142950277
0.004270763506559673
0.0041402527966453795
0.003977302486070274
0.0037934048307063403
0.0035893589751224897
0.003375306890733981
0.0031697844444153727
0.002962494819468163
0.002764221872619095
0.0025809751007450643
0.0024167562641320556
0.002274384231992352
0.002168595923690279
0.002082389561114668
0.0020245096844607262
0.0019960227760852083
0.0019969049344414178
0.002028486226707636
0.0020893561080015475
0.0021432279993901585
0.002243711255473514
0.0023653259598253817
0.002505944430474759
0.002660137575918439
0.002822394708619739
0.0029887774646645137
0.0031539769340801225
0.0033202895451080057
0.003472222641714562
0.0036095500095711442
0.003727986455343885
0.0038247089999964546
0.0038972873059959687
0.003948803630900942
0.003971478533046145
0.003969120286949119
0.003943398705092813
0.0038960470831624168
0.0038722648600949478
0.00381810775031356
0.0037663775075371265
0.003725957658729176
0.0037065097298607476
0.003731835379440412
0.0037839185330627006
0.0038970728597868924
0.00406876176101917
0.004310623145180088
0.004626869100555351
0.005015470371920621
0.005479368540509495
0.005988718233328901
0.006529130812723325
0.007077075918080021
0.007603892708232254
0.008081392999921527
0.008483122364535692
0.008787324673980943
0.008978782793210188
0.009054742092418343
0.009009664575513188
0.008870669104445129
0.008635153154587719
0.008330009900145464
0.007981902021581435
0.007613507488725032
0.007247357870575412
0.006913580268359654
0.00661241067097239
0.0063611600745939545
0.006223830028714665
0.0060642405508078145
0.0059600218239334556
0.005900580509604324
0.0058765105472630575
0.005874968932217474
0.0058813218630213646
0.005883602009854622
0.005883096746998109
0.005844294735725514
0.005768113958018259
0.005653117648948733
0.005500989948507259
0.005317465678234821
0.005125214446474164
0.004919155831513106
0.004848808217926655
0.004749631935913672
0.004696831210294972
0.004719061636793233
0.004828410524558171
0.00503242597770118
0.005415505397650527
0.005847649469666839
0.006382148636510375
0.0070138070250294554
0.007485750300423291
0.008264982259779242
0.009124013196254811
0.010056719054179453
0.011056985424354302
0.012117904346741783
0.013230591734671384
0.014382913664867176
0.015558374025202694
0.016737418237627304
0.01788996382882567
0.018985956158807667
0.019990475777471258
0.02086699464237876
0.021579652165988627
0.022096150420621283
0.022388778064533068
0.022438851060099883
0.022323755162808476
0.02190608363578132
0.021260277365610102
0.020410791993826817
0.019391067129186094
0.018268732265700034
0.01707727915920289
0.016253003047303767
0.015028082462235843
0.013860975961130473
0.012797606822631907
0.01187802603719913
0.01114352987741667
0.010605125395672516
0.01028208989769178
0.010177892613928423
0.010286932609216705
0.010587847797453179
0.011054129837683835
0.011649059632031352
0.012329738578618467
0.0130479560932233
0.013755050763843587
0.014400114431298844
0.014939660279979962
0.015336012685510046
0.015560727052601678
0.015594798499109292
0.01543105938295983
0.015073023536709983
0.014573987193364274
0.013908187377052475
0.013123305379399841
0.012554762671030263
0.011664840375737
0.01076860328394774
0.00990854182274586
0.009158323574067961
0.008505058006139928
0.008002702455887332
0.00766559744786199
0.007504951442649239
0.0075174001729001825
0.007686232586251084
0.007983705452835728
0.008367713696283821
0.008791588731738343
0.009204419721158973
0.009627300850845897
0.009917376931859134
0.010075724803842754
0.010092147550196384
0.009963929675229197
0.009738651325621881
0.009428827978949157
0.009049208542775534
0.008651536258621128
0.008292308323122872
0.00802295963942978
0.007935792754282132
0.007934035247932904
0.008130936683326869
0.00855415074367638
0.00921371447653016
0.010104636212386461
0.01126489187471063
0.012575354836345608
0.014016060268352875
0.015541295476776929
0.017077193211846465
0.018558997083997095
0.019947025988228246
0.021155762003448056
0.022140213735002343
0.022880448899247195
0.023356073784745156
0.02357084573305106
0.02354265306352252
0.02329776062477874
0.022874315240032448
0.02231483494253806
0.02166271660188491
0.020959929875900923
0.02024107139827069
0.019766972856519318
0.019078537707135905
0.018428329305944798
0.017820316377048524
0.01725058592469724
0.01670905705280965
0.01618154301536686
0.015651866899846177
0.01515376432750902
0.014613752605120928
0.014046941183798952
0.013455850310747867
0.012848464069258193
0.012237697928875673
0.011667841845399375
0.011121564426309398
0.010638064644504314
0.010236355544935186
0.009931209432178997
0.009751646119667095
0.009664531089927753
0.00966780869954866
0.009742147540580245
0.009863790783986671
0.00999141321359878
0.01010483805042156
0.010146037496699983
0.0101457245853797
0.010053987536731325
0.009864516057927672
0.009576713042947623
0.009201765290147811
0.008758914003402727
0.008271856951431558
0.007766513741550563
0.007268343876129532
0.006818037846394249
0.006412130188785104
0.00607190198473511
0.005807796113516258
0.005623149542549081
0.005516323649739077
0.00548890996156159
0.005525505363721466
0.0056167987123929815
0.005751728077919827
0.00591929402306025
0.00610722420010525
0.006302960127427716
0.006493100044817319
0.0066638641557398735
0.0068014269807564745
0.006867969729210842
0.006951528210779381
0.006956441342759799
0.006890035819431247
0.006752759310700511
0.006547477412681396
0.006284497993766058
0.0059735948328176105
0.005649161095852275
0.005295188397307456
0.00494844775571506
0.004629105720310915
0.004358218616766749
0.004151267457986099
0.004019816282766534
0.003973739981165184
0.00401766041875451
0.004151476120318282
0.004369894768387867
0.004663528075642053
0.005019050571342967
0.005429502853448595
0.005861724252660605
0.006302842856760546
0.006732690391288837
0.007132637388384768
0.0073741186522728415
0.007690305621154302
0.00793606489466571
0.00810208463375118
0.008183658988647634
0.008178590275111289
0.008089829866912666
0.00792830881932966
0.007690295730110563
0.007391785677589535
0.007044957541681419
0.006662609524208039
0.006258604237366736
0.005848354865906574
0.005438204519421827
0.005040829382521032
0.0046646329446384934
0.004315928049698744
0.003998833659094917
0.0037156649460460237
0.003466871847901676
0.0032513590206075136
0.0030672496564509008
0.0029106932467014997
0.002777764614917143
0.0027007287181552387
0.002598069063833677
0.0025078027260023368
0.0024257836941465037
0.002348675103927607
0.002272842621527775
0.002195906161625852
0.002115893480837225
0.0020314715038111312
0.001948319183764087
0.0018745875509688693
0.001789085934745205
0.0017020943784216806
0.0016180451158893335
0.0015394533023070749
0.0014715708239607123
0.00142216875497961
0.0013869664884689794
0.0013701590147566132
0.0013773171676192903
0.0014110574289397109
0.001473716006078108
0.0015666402201116624
0.0017007439639409947
0.001864554640630185
0.002054664065076443
0.0021963650034687865
0.0024288516223192336
0.002680774545229472
0.002947079007897875
0.003237578190902384
0.003522639236464463
0.0038030934335308102
0.004075352945608188
0.004334574143366329
0.004577045759857088
0.004803707987796283
0.005009562547470116
0.005193994518156933
0.005388084247692383
0.005549536928024535
0.005693184467246005
0.005822687154821621
0.005937994793427942
0.006038334211458155
0.0061223086678877285
0.0062083090757397074
0.006263161564785987
0.006300317440256163
0.006320281130557967
0.006327221577743147
0.006320588378280475
0.006311574900733931
0.0062936960794461975
0.006274845063161152
0.00625935539580519
0.006250497500156271
0.006251368945592653
0.006261061561937481
0.006278507352885878
0.006300532805105325
0.006322625175000261
0.0063388732025794715
0.006342722556611923
0.0063272833550220755
0.006285946068175424
0.006213514573094944
0.00610542450813586
0.005959274749421822
0.005774279343359419
0.005551791220567626
0.0052948228100455
0.005012556550954108
0.004705218727544149
0.004390686026426346
0.004062931246542022
0.0037460523207765504
0.003536669894764372
0.00323943451710139
0.002968932271300397
0.00273049474979865
0.0025369219812642245
0.0023866944577212385
0.002291663441973968
0.0022503923690529
0.0022636040149730417
0.002331048307570295
0.0024487583105651453
0.0026101062367219216
0.002805920519716513
0.003024678971041949
0.003253272815298966
0.003477677230204566
0.0036838919029835247
0.003858930513406001
0.003991718589868371
0.00407382790240077
0.004099983484421357
0.004068276227718639
0.003980328159073162
0.0038397803159207983
0.0036532765099689477
0.0034289876472171745
0.0032629540260361396
0.002996158179071133
0.002716397546551307
0.0024327278443269915
0.0021527895053644846
0.0018834437469835033
0.0016303648456007843
0.001397075783762981
0.0011862415942173006
0.000999115578748581
0.0008357938651280344
0.0006954621543402556
0.0005766432024069442
0.0004775674271895206
0.00039593935551488017
0.0003294482497511399
0.0002760206732469734
0.00023364717327301968
0.00020046275476586528
0.00017483829604655044
0.000155342316529759
0.0001407235927517185
0.0001299192659278262
0.00012206376273771708
0.00011635162133299144
0.00011847751586417833
0.00011844751234492633
0.00011942100330674054
0.00012213539149176896
0.00012669769655113833
0.0001334192175013262
0.00014250351263769183
0.00015750414567121084
0.00017395121147511855
0.00019450074947036217
0.00021959799119828673
0.0002613652657969138
0.0003060431893896258
0.00035965692734120434
0.00042505602475999765
0.0005062908672202188
0.0006029164991825075
0.0007199188706468254
0.0008624737119362365
0.0010276029784621625
0.001216831815432647
0.0014312525677316844
0.0016697874924408082
0.0019271075364202018
0.002197252372466345
0.002470448058176178
0.002736272396476486
0.0029039363182164143
0.0031327550984002702
0.0033424991281625306
0.0035033824581186734
0.00362038830467628
0.0036917523785017117
0.0037216988653217286
0.003716947760063791
0.003686435495942623
0.003650382046638473
0.003605636130061449
0.0035696414133123285
0.0035488955841035228
0.0035515508595490965
0.003576855582866224
0.003623892573341553
0.003687370337578432
0.0037587565591797774
0.0038274360723343863
0.0038819387608723154
0.003915982068302882
0.003916352526026522
0.003877753104838817
0.0037981931450803636
0.0036761566403122835
0.0035739329671910618
0.00339424249626313
0.003192369280473498
0.0029761821690459595
0.002756832178887824
0.0025434457553870867
0.002347375071221653
0.0021734612791520077
0.002044197693338982
0.0019409470973156657
0.0018726426478210129
0.0018421577412819719
0.0018446977374972687
0.001877383616643446
0.001935750061643406
0.002025959691875546
0.002125040817813778
0.0022367652069975167
0.0023575325076913554
0.002482833653949813
0.0026109543788194727
0.002740056699391994
0.002870025411341149
0.002999120556385173
0.003124755393257567
0.0032462352582042935
0.0033242550337205584
0.0034355984040173294
0.0035382632782221244
0.0036300043841440604
0.003708829747807683
0.0037714098277211237
0.003815256954493719
0.003838369126527265
0.003838577673384023
0.0038145939285858963
0.0037657420023488645
0.0036921499333042924
0.0035943143110779953
0.003473883870999271
0.003333045904731996
0.003174551631393659
0.0030016539867128204
0.0028176946904101734
0.002632921549700074
0.002440468874761461
0.002248499669615092
0.002060370150634007
0.0018854448856567105
0.0017174670595743403
0.0015616950349052298
0.0014240214921966195
0.0013401654673346442
0.0012295142827513442
0.0011380174196615597
0.0010664648380703248
0.0010194465321266518
0.000990478272703296
0.0009822477578184528
0.0009940939118854926
0.0010250328807506644
0.0010783977042697294
0.0011453711531557666
0.0012261735504746274
0.0013184713822900294
0.0014194338189094007
0.001525839565656201
0.0016342849107875408
0.00174322568422767
0.0018470622953846673
0.0019427421844443104
0.0020281121956188964
0.002100657970221467
0.0021586127738405314
0.002205570970697343
0.002234901354985792
0.0022490207363921213
0.0022509664034974525
0.002243353488302128
0.0022252796954209636
0.002199330561937352
0.002168436946297902
0.0021405526301563078
0.0021118618312729034
0.0020861146028738225
0.0020720236572155212
0.0020622066848073072
0.0020589955555106077
0.0020624410180281193
0.0020834613079199755
0.002103320543408135
0.002122712166372115
0.002142368319869875
0.002165483025874599
0.0021846807036881135
0.002203461805024019
0.0022283578487396908
0.002256039410108814
0.002306477691842958
0.002363117819114286
0.002432913954339482
0.002523155178417769
0.00263453115307805
0.002721503832192497
0.0028714027643347976
0.003047310170591138
0.0032529076499399766
0.003472272779669226
0.0037080469508216536
0.003955441262345155
0.004210182732806845
0.004467205455574161
0.004720688360476827
0.00496761388427861
0.005199055387004347
0.00541171602031428
0.005601226760363582
0.005763356690758727
0.005895265574453437
0.005993416017807399
0.006055767645713644
0.0060806712049504335
0.00607480001204053
0.0060283478045154324
0.0059456170950935375
0.005829689496423878
0.005683534184276118
0.005515847422562737
0.005325015452502576
0.005188896816615826
0.004980893000170783
0.0047663029799673955
0.004553702058048792
0.004347919641016845
0.004152990516450882
0.003972653717147565
0.003806652440611507
0.0036615714766190166
0.0035353424777537445
0.003415996471440263
0.003310329035374666
0.0032163678136817283
0.003136127074416276
0.003072303668961187
0.0030270552634653466
0.003022273028766506
0.0030351801142973213
0.0030771996578815974
0.003151451971253845
0.003255959213654374
0.00339265058166477
0.003551314674174836
0.003727656142619599
0.0039203380533263275
0.0040487662389778415
0.004239688475078302
0.0044228375691152426
0.004593663276413493
0.004749054231998244
0.004880298796186163
0.004988253430002438
0.005072078807584054
0.0051316883226392085
0.0051674867510107195
0.005188762511557571
0.005184303730130178
0.005160597921205794
0.00511810620922552
0.005059477044779084
0.0049865154438142305
0.00490089895922561
0.004807147354415356
0.004703751512322899
0.004592605968718285
0.004475443936515116
0.004353664055258826
0.004228210800682243
0.004100056264385775
0.003970038246364961
0.0038389077605316974
0.0037538826088809067
0.003628035491323873
0.0035009185381223358
0.003375315149049103
0.003252007359961754
0.003131391446249592
0.003024765928998652
0.002918382912634362
0.0028168622252058785
0.002723086464378184
0.002635509109762089
0.002557423025187074
0.002490596244361841
0.0024406709160486274
0.0024052464071218074
0.0023876012688049874
0.002389113880207978
0.0024152363781013214
0.0024598816558391826
0.0025243854576364583
0.0026072043923760454
0.002705247205892038
0.002814407041579787
0.002929794320263032
0.003046047190342293
0.003160239280923006
0.003230386800999581
0.003324344636507187
0.003401348664691677
0.0034580510124571843
0.0034920992045851342
0.003501867986434187
0.0034867748160817566
0.0034470015742556243
0.003383473514751917
0.0032977425394885656
0.0031918996259348853
0.0030684787154843314
0.002932363352603815
0.0027837137763832443
0.0026271210567949546
0.00246502163299652
0.0023030579509922696
0.002140370499056234
0.001980575014021831
0.0018260173549461574
0.0016794589542631704
0.0015413774231917794
0.0014134211720125253
0.0012966641368378617
0.0011933092015688383
0.0011041697720945082
0.0010514894801175515
0.000984651789118333
0.000932889219681946
0.0008953629530586145
0.0008723302511209488
0.0008634918474211457
0.000868336172299765
0.000886050070921194
0.0009173349938134903
0.0009581034515117884
0.0010098635865855956
0.0010673607438176716
0.0011288783966040827
0.0011917605300564573
0.00125261073063726
0.0013081511561881683
0.0013581281743057262
0.0013955090835644245
0.0014205837803068749
0.0014308150018591578
0.0014277622902248706
0.0014102782315717148
0.0013803267699270287
0.0013420623333240574
0.0012967422136796762
0.001262945309736809
0.0012102438722704967
0.001157523782018904
0.001108046780587763
0.0010629197390021393
0.001024136255541078
0.0009938350996990827
0.0009720572809274553
0.0009596177511239953
0.00095635344341185
0.0009618699983279161
0.0009767190213570197
0.0009974759731836331
0.001023305358422582
0.0010525329174783527
0.001093372143782676
0.0011322923774898447
0.0011717498294941534
0.0012130974292102578
0.0012574004018896692
0.0013153540635083309
0.001373698893617359
0.0014439777805482536
0.0015328810058846106
0.0016449441336687293
0.001772593496622204
0.001870586904443922
0.002038168325389574
0.002228193846848753
0.0024434923431176404
0.002673312788250553
0.002916707008265162
0.0031630985111439974
0.0034061470918449353
0.0036397431337008026
0.0038583844542526354
0.004056675830929831
0.004230672247028151
0.004377497606903901
0.004495038412800857
0.0045839982207518965
0.004640208438484954
0.004666535721146056
0.004661353111098059
0.004626434257070414
0.00456368562278663
0.0044755470539193255
0.004364949552164701
0.004235149425054348
0.00408951361517449
0.003931944157056683
0.003764834576694523
0.003649439394848734
0.003472214570934389
0.003291666090234039
0.0031092626720916105
0.002927205720829531
0.002744665775994762
0.0025632972613244286
0.002384251531921521
0.002207401855485807
0.0020342819834096807
0.0018661719332757757
0.001704547137415738
0.0015509468552437015
0.001407758763605286
0.0012752453909693998
0.0011546310976167549
0.0010465202672186342
0.0009508839901385916
0.0008671301474435165
0.000813268573208505
0.0007647322760978657
0.0007301174124952201
0.0007127059178405538
0.0007141549160725644
0.0007380723922633081
0.0007684930252857988
0.0008391052515078345
0.0009433707247436995
0.0010944372084115965
0.0012842894467900176
0.001512977680809167
0.001779060922796417
0.0020755939244285126
0.00239139544139547
0.0027126235156427637
0.0030382676315373666
0.003331842469829148
0.003586081852476369
0.0037913077085446837
0.003940611906875343
0.004031877601288072
0.004071257693602569
0.004059472511679884
0.004009174099793248
0.00393462638417403
0.003836498105934688
0.0037280385685198084
0.0036184679724606587
0.0035137111453430723
0.003414463984591713
0.0033267566508939266
0.0032734913526388573
0.0032039220074972217
0.003147417543207467
0.003104320298547052
0.003074536971109568
0.003058184250854691
0.0030547733655876827
0.003059133841386639
0.003084473692744299
0.003108893950223303
0.0031360930798191916
0.0031651309817603587
0.0031946588899321657
0.003224228062941502
0.0032542244844255106
0.003285730421066924
0.0033249523647065128
0.0033681701053531942
0.003415839701582367
0.0034689937264100108
0.003524359058550293
0.003578326617216099
0.003624720561952642
0.0036573509177247614
0.0036697413690066124
0.0036562593040544524
0.0036307310147996445
0.00356669998070847
0.003470308568433265
0.0033433384442078363
0.003193741624579732
0.003020073915821357
0.002830025348517497
0.0026297267309424556
0.002424634129922636
0.0022198530193836366
0.0020193527906965858
0.0018279413914464953
0.001648598701119964
0.0014847544268147233
0.0013370927735200057
0.0012090740705756418
0.0011022768607783875
0.0010176601097253398
0.0009551103584376191
0.0009137847339678319
0.0008928330023399964
0.0008886436292942667
0.0008985566273084697
0.0009194343725590677
0.000947963156500933
0.0009808194653552502
0.0010036646712314626
0.0010372202036385409
0.0010678048556007045
0.001093418623356092
0.0011125311561050973
0.0011239351291808834
0.0011268916633052064
0.0011210576470972028
0.00110646299103092
0.0010834503491111806
0.0010523565491807828
0.0010140275694509545
0.0009700031072380361
0.0009204290768796274
0.0008669214835711538
0.0008105032302631652
0.0007524936757035393
0.0006940281706556369
0.0006363495195287054
0.0005801923654876423
0.0005267858881901713
0.0004770145667762709
0.0004310633686947119
0.00038974930772644464
0.00035337820109786216
0.0003331774824340491
0.0003060816715031178
0.0002848678445705748
0.00027164367174079305
0.00026414451239108205
0.0002641741419860036
0.00026851255129963744
0.00027947595657020407
0.0002965094187884881
0.00032882389825127876
0.000366462778609234
0.00041436900312663045
0.0004760899681816802
0.0005528058483134567
0.0006474771671006907
0.0007595140129749731
0.0008918704990235051
0.001044520468330586
0.0012201652641499036
0.001412756808856221
0.0016184552628692038
0.0018323931465531356
0.0020475323699957015
0.002255805360930577
0.002448780856704087
0.002618883982294772
0.0027156109877042494
0.0028319090499424435
0.00291030803848563
0.0029490708997509645
0.002948592527977915
0.002911042990425354
0.002839898003723939
0.0027394860159904205
0.0026142930900917355
0.0024690531832786008
0.0023079720983333585
0.002135252796310589
0.001954889156046686
0.001781656587179761
0.001603738548830138
0.0014306973733338327
0.0012673621676783146
0.0011174956737590293
0.000984378842601845
0.000870710690681424
0.00077825117350234
0.0007105373092935729
0.0006692660861854774
0.0006498266589449306
0.0006523068633824905
0.000677136685335592
0.0007053518183604483
0.0007641157086978035
0.0008409549149247187
0.0009341556638062069
0.0010414227632667883
0.0011590758855942553
0.0012840637428761332
0.0014132166910718156
0.0015428689345476938
0.0016694130733193873
0.001789079394736143
0.00189999594332937
0.0019969219076186855
0.002077765087427076
0.0021408305782863687
0.002184405439013602
0.0022078302733773043
0.002211012863859911
0.0021945155709111822
0.0021593608962730796
0.0021078146358519214
0.0020420131690011166
0.0019627446470709725
0.0018736306682569709
0.0017768080020583272
0.0017093161917704127
0.0016055349135153847
0.0015007802685986524
0.001397397489356323
0.0012969284433613569
0.0012010947760955056
0.0011115843000904164
0.0010286999851843279
0.0009530883783937602
0.0008850481695327025
0.0008245705639574805
0.0007713740123170502
0.0007249793516473728
0.000684862143361436
0.0006500531818182649
0.0006198331625197387
0.0005933683915687336
0.000569853184738901
0.000548488302532488
0.0005286054859412666
0.0005095942812216419
0.000490873772443005
0.0004725230411217674
0.0004536281527188743
0.0004342102209046339
0.0004142636489422957
0.0004006691916056903
0.00037989902179754776
0.0003588042168036522
0.0003375684304724063
0.00031640289599729727
0.00029567861949916855
0.00027543829407702074
0.00025590370385092387
0.00023901723589472406
0.00022247172944057326
0.00020748780740550925
0.00019415802656450414
0.00018272787453080662
0.00017337311714576346
0.00016623899781675587
0.0001614531137755703
0.00015915933143728398
0.00015938025165150406
0.00016216341840809232
0.00016748343225482707
0.00017523701153203655
0.00018523055768463267
0.0001971685106261403
0.00021064798057395044
0.0002251620523353222
0.0002401132902262227
0.00024999753031848407
0.00026418361247241494
0.00027698085329638317
0.0002877247025815622
0.0002958255844357668
0.00030080558373282755
0.0003023270675144331
0.00030021083907928216
0.00029444276693870765
0.00028516911576309306
0.00027268183423018915
0.00025739573579494553
