Y :19.0% Calcite, Diffracto n :1204
Y :32.0% Gibbsite, Diffracto n :1131
Y :39.0% Dolomite, Diffracto n :1015
Y :11.0% Hematite, Diffracto n :1111
0.0
0.0
0.0
0.0
0.0
0.0
0.0
0.0
0.0
0.0
0.0
0.0
0.0
0.0
0.0
0.0
0.0
0.0
0.0
0.0
0.0
0.0
0.0
0.0
0.0
0.0
0.0
0.0
0.0
0.0
0.0
0.0
0.0
0.0
0.0
0.0
0.0
0.0
0.0
0.0
0.0
0.0
0.0
0.0
0.0
0.0
0.0
0.0
0.0
0.0
0.0
0.0
0.0
2.3460063453601282e-36
1.4150865060236122e-35
6.166246983056661e-35
1.9410778842433755e-34
4.414170724154601e-34
7.25169299786097e-34
8.60624712966651e-34
7.378572260361915e-34
4.569987119182119e-34
2.0447571538752574e-34
6.609256636189822e-35
1.5432902567841805e-35
4.884922518763827e-36
6.634265943368391e-37
6.508968849597218e-38
4.6133417588117084e-39
2.3621266702070167e-40
8.737251900745533e-42
2.3346976693018302e-43
4.5068236200991564e-45
7.923740902945386e-36
6.513581641402517e-34
4.32795395740504e-33
1.7916169833083e-32
5.398930016342553e-32
1.184124234015703e-31
1.8901331415480546e-31
2.1958667474427123e-31
1.8568157881316185e-31
1.1429162868506747e-31
5.121129934477184e-32
1.6704164785031128e-32
3.966105594262946e-33
6.853681131045986e-34
8.618041715444752e-35
7.88297910133703e-36
5.243392531449836e-37
2.5350969734654355e-38
2.8174288218394164e-39
7.99638997917188e-41
1.6476059446445296e-42
2.463333806246142e-44
2.6711714089759114e-46
2.0998903788189752e-48
1.1962671626718933e-50
4.936634597703337e-53
1.4752127443833445e-55
3.1912736492938496e-58
4.9961886389758264e-61
5.659430623652301e-64
4.637379073117981e-67
2.7482528482896145e-70
1.1434017091678445e-73
0.0
0.0
0.0
0.0
0.0
0.0
0.0
0.0
0.0
0.0
0.0
0.0
0.0
0.0
0.0
0.0
0.0
0.0
4.117290953412199e-36
6.864423804104818e-36
1.1109926179069391e-35
1.7455520835149957e-35
2.6623736369528537e-35
3.942028416492968e-35
5.666110644893515e-35
7.9061473686546e-35
1.0709256323971685e-34
1.408212761320348e-34
1.7975947528251847e-34
2.2275623134111246e-34
2.6796772287234257e-34
3.1293177510218187e-34
3.547573446272515e-34
3.90416066298216e-34
4.170983973081309e-34
4.3257748843278115e-34
4.359689865999908e-34
4.303335897697592e-34
4.123532772476791e-34
3.835731584754121e-34
3.463709978548698e-34
3.0363329098486663e-34
2.5838768250881602e-34
2.134562033952279e-34
1.711828720270549e-34
1.3326815653635479e-34
1.1630748112076008e-34
7.446724140585029e-34
1.6524405948367163e-33
2.6811107203399295e-33
4.2693383666648794e-33
6.633664259015456e-33
1.00233049462668e-32
1.471636944797306e-32
2.0985424302038357e-32
2.906625315002141e-32
3.908154539995789e-32
5.102104985028427e-32
6.467211162939969e-32
7.959277918824412e-32
9.510869169795528e-32
1.1034654984665926e-31
1.1985892563213377e-31
1.3239438410642292e-31
1.4199440484989167e-31
1.4787053520334274e-31
1.4952331829758328e-31
1.4681271637218293e-31
1.3997800323508078e-31
1.2960317769175685e-31
1.1653480179592367e-31
1.0176826821150705e-31
8.632363474807797e-32
7.113230578041724e-32
5.695138851377456e-32
4.4315089814605064e-32
3.35242223968121e-32
2.4667823409955585e-32
1.7672113262959955e-32
1.2334109385204642e-32
8.400216853045973e-33
5.594986083340184e-33
3.657090549031555e-33
2.382938438915941e-33
2.3371486120221904e-33
2.8490900790608134e-33
3.746745768811733e-33
5.463461420103949e-33
7.131427837534345e-33
1.2880595142516235e-32
1.9412265110004497e-32
2.8197964547511367e-32
3.993770963187537e-32
5.510878739423916e-32
7.407292998862654e-32
9.699618907259088e-32
1.2377396804529548e-31
1.5397508462380392e-31
1.868182364905915e-31
2.2119045885327593e-31
2.5571049905261194e-31
2.8883183141054946e-31
3.1897227562375903e-31
3.446519053229897e-31
3.6461957398334044e-31
3.779512662156313e-31
3.841096870351727e-31
3.8296218940186706e-31
3.74761191687273e-31
3.6009597381448087e-31
3.39826439426886e-31
3.150084376466204e-31
2.8683767298718317e-31
2.667810398990955e-31
2.3648650584961864e-31
2.0631274294529796e-31
1.7692277818513145e-31
1.4972018975954704e-31
1.2553699843133054e-31
1.0501977182228017e-31
8.86231061696423e-32
7.66133659765904e-32
6.907933953436247e-32
6.594577067011047e-32
6.698615357694734e-32
7.183269279192946e-32
7.998353793331842e-32
9.080967013975059e-32
1.035654641052985e-31
1.1740744146923421e-31
1.3142482579628425e-31
1.446833247304285e-31
1.5628055738782032e-31
1.6540840360497143e-31
1.7141503477840669e-31
1.738581386702298e-31
1.725412445394939e-31
1.6752709295399862e-31
1.5912530351724691e-31
1.5189166182986884e-31
1.390771110707717e-31
8.796750589016404e-11
1.46147801016302e-10
2.3570936920139475e-10
3.6904213997501813e-10
5.609054092190727e-10
8.275949853379367e-10
1.1853882734731506e-09
1.648230539400969e-09
2.224794185326422e-09
2.9152531868906593e-09
3.7083205745925784e-09
4.579233788434359e-09
5.489375206059293e-09
6.3880391653336455e-09
7.216502690035197e-09
7.91408188488768e-09
8.42536753735867e-09
8.70746474148123e-09
8.7359300525316e-09
8.508267299517671e-09
8.044288852908977e-09
7.3832698564767736e-09
6.578462165335469e-09
5.6900302394422055e-09
5.081003047668891e-09
4.18276923589157e-09
3.3426654216798775e-09
2.5932027078500533e-09
1.952965529812523e-09
1.4277995589786702e-09
1.0133383126362164e-09
6.981620469787829e-10
4.669523480885077e-10
4.476510523184675e-08
7.366208586054448e-08
1.1797466457271813e-07
1.8360274932075216e-07
2.774909762200142e-07
4.0718893014068356e-07
5.800715912418667e-07
8.022152852649184e-07
1.0774906675093304e-06
1.418161472194115e-06
1.8071592281270896e-06
2.232696834010861e-06
2.683079388288852e-06
3.1382291048719857e-06
3.575544762173145e-06
3.972520046971845e-06
4.204893603456864e-06
4.4937517344068355e-06
4.70300993712297e-06
4.830561218741784e-06
4.881164202755525e-06
4.864641808301276e-06
4.793282893033991e-06
4.679081925575605e-06
4.531479689732276e-06
4.3561151068704204e-06
4.1548100483545956e-06
3.9266721994825094e-06
3.6699147294491254e-06
3.3838349417640505e-06
3.0704023673138097e-06
2.7350629496000115e-06
2.3866108269628544e-06
2.0362340329806836e-06
1.6960336247238514e-06
1.3774037374936047e-06
1.0896362214227687e-06
8.390039172977206e-07
6.284262978717704e-07
4.5767709504724464e-07
3.2399050793819907e-07
2.2287622668538872e-07
1.7092192053006464e-07
1.1205225560238812e-07
2.4025859704140006e-07
3.281808827081218e-07
8.025471433247595e-06
1.693033006411793e-05
2.7609220601103028e-05
4.3740256775396266e-05
6.730315414554606e-05
0.00010057197662677354
0.00014594584582502157
0.00020567152870772828
0.00028146339322093875
0.00037405350173030526
0.00048273501355084483
0.000604987715526258
0.0007362859620308706
0.0008701784014297942
0.0009986919861020795
0.0011130535050283415
0.001204651708333627
0.0012660992564274415
0.0012922146030057606
0.0012807431595212176
0.0012326785752698273
0.0011521206512122477
0.0010835585693394559
0.0009644228908413231
0.0008335712529779774
0.0006996453735332859
0.0005702602930734984
0.00045136525348573946
0.00034693718747598235
0.0002589608213959024
0.00018770978313199942
0.0001321360116303567
9.033646798890225e-05
5.9988896377160915e-05
3.870566260542483e-05
2.4280939583664048e-05
1.4831967853910763e-05
8.852020138834704e-06
5.20046286481917e-06
3.055630199715114e-06
1.851845622532911e-06
1.2155650579330748e-06
9.093325540006191e-07
7.872124091436976e-07
7.619881914001921e-07
7.825706082799249e-07
8.193491436515697e-07
8.552262392186356e-07
8.736127655658182e-07
8.885524152164462e-07
8.856952134193126e-07
8.642029131837859e-07
8.25020850217069e-07
7.704488370815621e-07
7.0374633322005e-07
6.287343257517222e-07
5.494028401278605e-07
4.6955333267841567e-07
3.9250780189184896e-07
3.209080557921087e-07
2.566148324665787e-07
2.0070197348443114e-07
1.5352894297141351e-07
1.1486761329991158e-07
8.405695479190159e-08
6.016146777883548e-08
4.211452530423052e-08
2.8834611996366326e-08
1.9309233268401232e-08
1.2646916808151482e-08
8.10164127761876e-09
5.076098875048405e-09
3.1106836855199612e-09
2.2167786162542205e-09
1.3091697469953833e-09
7.562028564773026e-10
2.3107087679284532e-05
3.907059426763302e-05
6.413173968379798e-05
0.00010219079124396832
0.00015807581990305388
0.0002374147274451401
0.0003460955241810171
0.0004913053353021661
0.0006752464544855002
0.0009020600383707894
0.0011688721320513534
0.0014706249267352372
0.0017966498658304939
0.0021314820550247106
0.0024558155659179957
0.002748253185134553
0.002987663076516952
0.0031557926482046568
0.003239689841446798
0.0032334794236543053
0.003139146917569314
0.0029661748858062185
0.002730108406452223
0.0025471734032904807
0.0022497787324961866
0.001942611014418183
0.001643248514307284
0.001365247067275252
0.0011174867084714683
0.0009042847163122585
0.0007260942794597931
0.000580539787352363
0.00046353816819202356
0.0003703056204462758
0.00029612625284507617
0.00023683898624426904
0.00018906325661057264
0.00015022348404801082
0.00011844654570259151
9.240119833066625e-05
7.113167073608438e-05
5.3917254991020695e-05
4.0171325622560225e-05
2.9379816145562595e-05
2.1081631764101313e-05
1.4826507269253348e-05
1.0222043167837053e-05
6.914357411017547e-06
4.5995875253637155e-06
3.4816534911676227e-06
2.2878197020532437e-06
1.5263122392939767e-06
1.0690157548779344e-06
8.218576733893701e-07
7.17160639432971e-07
7.066328205115339e-07
7.554962684794188e-07
8.379861085435856e-07
0.0001801880128760146
0.0002972377444872265
0.00655915306783647
0.013309819342263697
0.0216581120327217
0.03423360128621255
0.0525608689386213
0.07838734716016744
0.11355316189599009
0.15977885856743448
0.21837938162580953
0.2899080576939761
0.3738263657232085
0.46820844815700996
0.5695963772504314
0.6730589392667913
0.7402073148235663
0.8332361355977136
0.9110451594926481
0.9675399459726297
0.9980571708442328
1.0
0.9732029898594821
0.9199553939272309
0.8446783167053231
0.7533188542715571
0.652576331697322
0.549099871002243
0.44878883391098096
0.35629298645609453
0.27475889961076144
0.2058170536251562
0.14976254895376553
0.10585862080858616
0.07268776641807184
0.048486631110700285
0.03142135895731872
0.01978293620552721
0.012101653153661624
0.0071931310385105075
0.004154787350548726
0.002332297803532112
0.0015622435790057277
0.0008364838828687232
0.000435463517387166
0.00022045845002853861
0.00010856680111991942
5.202346332090266e-05
2.4314859082383588e-05
1.1104832175657123e-05
5.012868169707401e-06
4.865968713853833e-06
6.387136979199655e-06
9.257791424191125e-06
1.4114103490025161e-05
2.1368193682048884e-05
3.1607210965926305e-05
4.5483869841577495e-05
6.360668050302553e-05
8.641651693298473e-05
0.0001140526129353106
0.00014622369543404985
0.00018210855343422816
0.00022031343083509249
0.00025890970310117584
0.00029556394967814335
0.00037217230197053553
0.00042769581266499955
0.0004693006403319716
0.0024081013238405045
0.0037616458134702804
0.00699387896396307
0.010865392428420948
0.01653805719001297
0.02458082824456856
0.03562836063156665
0.050231390023978834
0.06960915403487493
0.0930411801590232
0.12139172243978705
0.1536444667566399
0.18921601804131552
0.22680088208603266
0.2647020723330862
0.30096745012158305
0.33358725080599233
0.3607103634575401
0.38085095053713935
0.3930448539393559
0.39692882264746193
0.3927317358445214
0.38118619929370334
0.3633852424254433
0.3486759847178793
0.3233406220641781
0.29522537574034935
0.265502715521174
0.23518544803405178
0.2051255828727157
0.17603261285623373
0.14849478737443986
0.12299224369634662
0.09989832263652026
0.07947209834822848
0.06184904812348743
0.04703722256013647
0.03492390125245366
0.025293966771205545
0.017857641090963456
0.01228291209091521
0.008227357682105333
0.005364940570849354
0.0034050976075649286
0.002103395177167402
0.001264624017048524
0.0007401810439744987
0.0004219049047400731
0.0002343431481472703
0.00012695093523911342
8.325093896469494e-05
4.3389948670913995e-05
2.2154205188794624e-05
1.111176760487357e-05
5.4935672641966735e-06
2.6883265197944507e-06
1.3229494604917413e-06
6.657293915785633e-07
3.588106589432543e-07
2.2900372500825025e-07
1.9259624313954335e-07
7.659485268123838e-07
1.1283842500723096e-06
1.6616067539849072e-06
2.4102308946283425e-06
3.427936571872937e-06
4.773649285757886e-06
6.506783474028807e-06
8.681163026700096e-06
1.1337653063646374e-05
1.7322290188850828e-05
2.4899088905041637e-05
0.00010920770070968789
0.00020330101719210147
0.00040030021964628204
0.0006528714821045699
0.0008450261020476031
0.0011173078115458862
0.0013570178169067906
0.0016346847137516168
0.0020493488798987453
0.0026486440279789654
0.003431474622014157
0.004383424446658117
0.005491155302353334
0.006737135311535409
0.008096578139058066
0.009522839161551855
0.010964138467386132
0.012503308079338525
0.013862615644179054
0.015154969907632505
0.016219177701209637
0.017078408260139694
0.017728304301432588
0.01818863943348284
0.018502538241907687
0.018732293822152708
0.01895201317399273
0.019237844945108752
0.01965699807764702
0.020257060584076975
0.020768440025530056
0.021696005059877406
0.02277957971187278
0.023947832666572723
0.025102988963733308
0.026131397704950387
0.026916610861535444
0.027353176786545485
0.02735921733699669
0.026886039073366674
0.025923499595575872
0.024500525722139548
0.022680936173695748
0.020555418347078056
0.018231022896884972
0.015819789410334694
0.013428077537254791
0.011147885836931343
0.009050977194403344
0.00718610080527004
0.005580650466529881
0.004237959405653108
0.0031480352254372075
0.0022882734462009533
0.0016290588131281805
0.0012849672566561995
0.0008878829216912758
0.0006066883728175411
0.0004143896350547588
0.00028828276910889566
0.00021002132428769147
0.00016716601265020565
0.00014625331773049707
0.00014041170983194735
0.00014387923340032603
0.00015260461357610863
0.0001661905579573543
0.00017962649427248408
0.00019364461825088287
0.00029565530180068706
0.0003609769519521395
0.0004960804446609551
0.0006464690057128808
0.0008541241277022332
0.0011353892122906676
0.0015080966340781498
0.0020044897318744347
0.0026709542499135856
0.003611485551741851
0.005392945986137584
0.00900494364235894
0.013925160026335022
0.028466480870616415
0.05441846293767247
0.08654740817876294
0.10986873529188014
0.11187388404354472
0.09369727430743115
0.06668164656531633
0.04248950333597189
0.027019478919474954
0.01971729822485285
0.016971453459407548
0.015778373300387994
0.014784953046609192
0.013639241692355461
0.012323705357693901
0.010899461999797376
0.009435931084977414
0.007996896957100721
0.006636452726700461
0.005394969278625679
0.004299421560584243
0.003362883631540359
0.0025868613647252315
0.001963380479198666
0.0014777522174425131
0.0012214135263440336
0.0009228976886928526
0.0007092580925985476
0.000560969996417972
0.0004606223089636267
0.0003935052134800763
0.00034783540801491255
0.000314705475237366
0.00028783766709094616
0.0002632176679968788
0.00023964393086216382
0.00021492617417585218
0.00018984330440111432
0.0001651504309621085
0.00014185274020378762
0.00012096667084694586
0.00010335557383688929
8.963002249769087e-05
8.009882284766874e-05
7.475657462120088e-05
7.329658634014711e-05
7.514246503007899e-05
7.949589140639332e-05
8.546371917641551e-05
9.192654497157205e-05
9.60251893196741e-05
0.00010116606919754224
0.00011250031046005024
0.00011859957556793463
0.00013405000024182843
0.0004101228675994485
0.000605314331976259
0.0010285028206935122
0.0015617023141165623
0.0023417836958056623
0.00344530738010035
0.0049538068431742716
0.006945158904405402
0.009481579398982977
0.012605785540836313
0.01629053976339671
0.020471733481438627
0.025013315630587847
0.03028525973346038
0.0352635339043092
0.04031597441075671
0.04487841877093568
0.04896050066742689
0.052500339286627444
0.05553509670539662
0.05818959218599714
0.05984537460978364
0.06233135523697934
0.06501255065385876
0.06805291594474476
0.07150672594242091
0.07528776725965808
0.07916284281797847
0.08277428319077888
0.08568864824931588
0.0874631993705965
0.0877176184518837
0.08619722067635907
0.0828157287559179
0.07767011684618381
0.07102596006975748
0.06327766826076273
0.05489253939035559
0.046349789301078845
0.0380853263067006
0.030450454018192616
0.023688809266256473
0.017931761652364625
0.013209166560743333
0.009470359078446998
0.006609741770924031
0.00449967286528008
0.0034327163920978483
0.002244269908151663
0.0014407909271315644
0.0012059784800501796
0.0011364512823792208
0.0012989750536358934
0.001996844376229954
0.0029232377428910195
0.004309520011654827
0.006284572219814413
0.008932052446618566
0.012366863879029553
0.01666014497689276
0.021828167641085052
0.02782713217869003
0.03447910444987775
0.04154214237469998
0.04867212988149294
0.0554557506600303
0.06144887761827591
0.06622393099702928
0.06942105193255473
0.07079381423818577
0.07024524730854567
0.06782950758437752
0.06375806614356586
0.060283791811013086
0.054352462014813016
0.04778515209880236
0.04106706777219886
0.034712609258447394
0.02892629683041306
0.024017246512736037
0.020148254572167564
0.017398354376891842
0.01577485875371118
0.015226479162204907
0.015654407454835532
0.016920067733828384
0.018850521488045294
0.021241303742002865
0.02386415235154238
0.026485634337582033
0.02885110964488136
0.030739818098134204
0.032022061931857485
0.03249497367991972
0.03214088933636215
0.03213239098825459
0.031163295935579163
0.029892668908520426
0.029844903279553848
0.029487736266396926
0.03014977706792409
0.032300340904338365
0.0363935064545246
0.04283733423011345
0.05196080676745843
0.0639783653660281
0.07895315131483177
0.09676180082216153
0.11706566338167848
0.13929470905004282
0.16265069369374377
0.18613487718871147
0.20860277486685272
0.22884370240673707
0.24567968401397425
0.25807175050920267
0.2652210315576006
0.266650307785825
0.2622540683544275
0.25230937090036126
0.23744562799134555
0.21857766891085265
0.1968118660383683
0.17333844242524105
0.15732121877671054
0.13354205131868274
0.11087689040588207
0.09004310300965213
0.07152337830330714
0.05557065530217294
0.04224042844957248
0.03143662140743037
0.022982032676993492
0.016642721021854007
0.012075166466329798
0.008776739297773756
0.006235988551325254
0.004193594667462026
0.002656340453381511
0.0016444000778014303
0.0010538009897850269
0.0007291654564128643
0.0005529209299570267
0.0004580637043111346
0.0004079493134916617
0.00038113898610917494
0.00036471420420174154
0.0003512119345731168
0.00033678350693167633
0.0003199146960149185
0.0003072267529126734
0.0002864602169870007
0.00026442078862852193
0.0002420601168343054
0.00022018006146879088
0.00019932915346946578
0.0001797863399542747
0.00016160423794147266
0.0001446841794615364
0.00012885844452406055
0.00011396102073578467
9.987576861826898e-05
0.00020790516878404288
0.00026182572948453694
0.0003473234569431254
0.0004736099595084508
0.005364755543529629
0.008202655420458744
0.01414076366059107
0.020967748613677395
0.030449924968697598
0.04332352617450318
0.060338949590180886
0.08229136356812822
0.10987754099861023
0.13167651901975874
0.16972787440447895
0.21418497772368864
0.26461676391469613
0.32006121232674667
0.3789949368566829
0.4393557069429168
0.49864482778470615
0.5540402747257307
0.6026624671134448
0.6417949645916834
0.6691176062149727
0.6829663325142206
0.6824823592670616
0.6677054969037971
0.6395696375626934
0.599805604064723
0.5507663106411096
0.49519381412010155
0.4359720417020166
0.37587789328126464
0.3173798945852651
0.26248653735263383
0.2126641205762922
0.16881965262209217
0.13133996847614687
0.10987831114645255
0.08271785449789444
0.06108788816037237
0.04428089765773311
0.03152697162151589
0.022066588130216846
0.015201061789441493
0.010321997775913382
0.006923315211342622
0.004600295025165893
0.003041986321468986
0.0020125139909431674
0.0013435207486377132
0.0009139165031156892
0.0006411335735659197
0.00046970759825239975
0.00036489411601861653
0.00030028477729796373
0.00026459532759214195
0.0002545351109649435
0.00029593890248976845
0.00041331774815727557
0.0006387982405844742
0.0009268127732791398
0.001120699812035507
0.0011238921478521644
0.001049459659721842
0.0009428274655987029
0.0009417489832234565
0.0010567712897910837
0.0012464376768364465
0.0014771885592496413
0.0017302600985911055
0.0019943323488049633
0.0022571060635697493
0.0025434914094309186
0.002919761776618471
0.0036228025004823024
0.004945287729642029
0.007662028536090921
0.013173689794761351
0.0283452456052832
0.06657858873424284
0.13403799535952335
0.20970026855037827
0.2534929159365586
0.24725131481141996
0.20731233004513475
0.1541301758947057
0.09793727757373834
0.050310961928158225
0.028413910537280783
0.010766884768446634
0.005138740438714805
0.00457443477749423
0.005612070230590398
0.0072163702032609035
0.009184145128105559
0.011475074426209986
0.014052405240376521
0.01685754318596702
0.01980779384744961
0.02279885363734087
0.025711850124535748
0.028414657693810616
0.030779229973728856
0.03268649782091858
0.034037020415021116
0.03475939362645597
0.034815606833951
0.034205042807683425
0.03296390303566586
0.0311620424991554
0.02889684043710914
0.026284902599304934
0.023452513764087107
0.020525878946330952
0.018580899892433087
0.015749757638386007
0.013098020952534315
0.010689505238812624
0.008563982631150562
0.0067386290736833115
0.005211202809444619
0.003964308734739523
0.0029701195149188903
0.002194785399997731
0.001602506901361489
0.0011585065507716706
0.0008311539612989376
0.0005949071823402473
0.0004249543287693384
0.00030473386871127274
0.0002216972742275089
0.0001648313785248003
0.00012868452937742062
0.00010724549975340428
0.00010133760692798566
0.0001043920797423753
0.00011730425659830285
0.00014078885073715716
0.0001724694178909963
0.00021272046177993066
0.00024407581742529223
0.00029738436425258836
0.00035775430215553974
0.00043000793953978055
0.0005056833029898875
0.0005888311028632644
0.000667162402112049
0.0008767492012604814
0.0010466414206635073
0.0012467206699482058
0.0017622619450663214
0.0022723725154433555
0.002942619268448423
0.003942530615417782
0.005187474130648435
0.006811967157267713
0.008885699800381681
0.011469867961590606
0.014609063485682165
0.01831852573227198
0.022578657374486878
0.027325158702916675
0.03244531802412485
0.03778458692177607
0.04313092502239743
0.04825425593525154
0.05142322713749815
0.05562436094639131
0.059186379517361526
0.06166669799023181
0.06303661563874358
0.06340907410092256
0.06278852419889874
0.0613933065660951
0.05966937985585984
0.058430720575096844
0.05778560167361878
0.058688255106439366
0.06506802701580378
0.08526359980834332
0.12596009999711674
0.17779117177367187
0.2151168715530013
0.22181135784071845
0.20720765621110485
0.18614769706177825
0.162096549379802
0.1373214313259261
0.11918105636701462
0.11142684049482734
0.11078752452169524
0.11186454405896326
0.1131111604373594
0.11278153985447581
0.11051192047664214
0.10627735242291834
0.10026305745887318
0.09280162642910651
0.08431583613721093
0.07528822759116206
0.0662127714172384
0.05754512441272123
0.04965877889197628
0.04281336934399282
0.03713916000012073
0.03263887149358714
0.02922304555638142
0.02667973404276024
0.024787677462698273
0.02330709371666958
0.022022025286297073
0.021437089912067407
0.020561050402429268
0.019812182364155526
0.019592603229319737
0.019625299823269004
0.020361381250744697
0.021368154757500733
0.023896164030679914
0.027895020924797606
0.033502747460440435
0.04078961006434968
0.049679130177297366
0.059927994639736665
0.07111058580894253
0.08265983512241014
0.09388346479156932
0.1040299702078335
0.11269665829004091
0.11882923898737324
0.12211393186319956
0.12251787642141429
0.11998388958596934
0.11486694190484073
0.10770874133620693
0.09923643613299267
0.09024221425494111
0.08146467530365765
0.07358354258974284
0.0671185477786029
0.06240255240987426
0.05956873442430574
0.058559026830832514
0.0587944376485221
0.060262601924780924
0.06269206835996351
0.06561365261330332
0.06854777507325881
0.07104646725323413
0.07272868758475083
0.07330736454189402
0.07260654018979547
0.07056764665151176
0.06724483252163596
0.06279031029218961
0.05743176197303859
0.05144471068394498
0.04512346079693331
0.0387528668535856
0.03259197095727164
0.026837803940892916
0.021646993699648006
0.0171028798928354
0.013244112419433822
0.010250796099893461
0.007842134282377657
0.0062128096424693005
0.005164348626493824
0.004797824584411821
0.004756463434063857
0.0053149289012898015
0.006486393006518979
0.008336151261304457
0.011018670746574474
0.014804664708655086
0.01984509931089724
0.025772558742605454
0.03178347598973446
0.0374010868005861
0.04280857955928049
0.04816227226421593
0.053137552628444724
0.057374600554717686
0.06076689522791432
0.0632155673597457
0.06448528038130172
0.06435569731190828
0.06275824874894083
0.05978908085433952
0.05564207766461479
0.05059763943174449
0.04496961471595688
0.0390762487275137
0.03345154314941783
0.029782166437119718
0.024705151196920808
0.020295186084207776
0.01682754715010955
0.01417886905641627
0.012466666831668805
0.011708628098057077
0.011888448997513613
0.012976914545305926
0.014898013434089408
0.01755440346821185
0.020803108964081208
0.024459388297610747
0.02830017446406857
0.03207369902702069
0.035516387792621285
0.038374896934958574
0.0404305933309268
0.041522397303783175
0.04156407462290469
0.04055288269824352
0.038567999212815944
0.035759015801784394
0.032326533175470136
0.02849965063088318
0.024506229549972273
0.02185709647925104
0.018037644120302534
0.01452764093592274
0.011423024688066063
0.00877257474558974
0.006585123106937048
0.004836265533938928
0.0034946351471424816
0.0024862197656161577
0.001759765108159336
0.0012835974526478934
0.0009811016085965925
0.0008231012518772735
0.0007799592562816412
0.0008490826038639187
0.0009980619988948936
0.001229678155024671
0.0015412645027657438
0.0019307203690281346
0.002393794038327721
0.0029290581194830424
0.0035127992045493038
0.004128979567744056
0.004759298062066985
0.005386291285506957
0.006015812363941607
0.006743406064444267
0.00755796539619901
0.00839477126135118
0.009466623523929931
0.011588534660904929
0.016582322420611206
0.02591989233288538
0.03744129961955288
0.04574373091102422
0.04785470175533496
0.047685803953522336
0.04785829803987362
0.048825842029764414
0.04951963909474889
0.05067961191688926
0.053990802940069665
0.05964456883578857
0.06662891346922685
0.07406163274833664
0.08153655526343082
0.08892836448530388
0.09621418085609416
0.10339558937983838
0.11046007694026094
0.11735195177551616
0.12179412250844175
0.1280929955243571
0.13373190215342598
0.13840767236246304
0.14178748973220406
0.14354800895751577
0.14341852192158272
0.14121643638466164
0.1368814383764685
0.13048718660884934
0.12224172399158477
0.11246641629030928
0.10157301975448838
0.09001248891920233
0.07824982214320889
0.06671720713129449
0.05578570181082219
0.04574422813994866
0.03696828860513521
0.029306665994298407
0.02290692675813926
0.017791291748586305
0.013835021508609227
0.010931769785248365
0.008982473436411528
0.00787093311785644
0.007541052555686185
0.00758475992291016
0.008190610007994061
0.009268483004847308
0.010730320597232461
0.01248563467467634
0.014469548677656988
0.01653640503120846
0.018597656308607973
0.02054453825409285
0.0222909782036351
0.02371891781968582
0.024764261812300042
0.025379126890913057
0.025543882017819083
0.025268644704741675
0.024593396322106695
0.02357432504559654
0.022285937378990837
0.020807804966030238
0.01921836175037663
0.01758291846997193
0.01595667631677134
0.014378759400118785
0.012873991662156229
0.01145550609495793
0.01056844973378391
0.0093080664591816
0.008141920969415213
0.007070807409344004
0.006095743367829628
0.005219914055539296
0.004761387059112997
0.004365629027384675
0.004181146510922997
0.0043143979926073385
0.00501174116860264
0.00609559328580053
0.007789220677386186
0.010210591563629313
0.013441297472080676
0.0175554846833264
0.02257271528163742
0.028456162751752938
0.03505495959860163
0.04213412938489836
0.049374650233555896
0.05642306506140791
0.06296631083103515
0.06876972418077286
0.07350640253496989
0.07576311744640715
0.07726050557439679
0.07630498216763254
0.07315185701027142
0.06857926103267942
0.06293888550415716
0.05647223021504009
0.04955774359959767
0.04287171974534279
0.0368594768738327
0.031728783209765334
0.02757223137766859
0.024438687357355878
0.02230338522083944
0.02109515802203217
0.020690707648052125
0.02093430727769677
0.021640556936455384
0.022636624191028513
0.023736439927144793
0.02478729120272912
0.025658244349779518
0.02625696862759152
0.02652257671760085
0.02670415135634866
0.026368433084404126
0.025952682034526563
0.02509704124858757
0.02420135868224872
0.02336718447000677
0.022751450003443346
0.02253503199355993
0.02285203255650759
0.023814554564637644
0.025497928005154567
0.027894435512632668
0.030943955044445734
0.034507582740657884
0.038362533178430525
0.04224388524211369
0.046168239594337336
0.049420431909865184
0.05187586744015359
0.05340388132613687
0.054072928244680664
0.05377602438345275
0.052657818240074705
0.05100992027116525
0.049143844160315836
0.04744310023865535
0.046174905897272564
0.045633991559340115
0.045779023148549314
0.04685370183191825
0.04894197998424136
0.05195321111948347
0.05569855008448095
0.05990572624256276
0.06424932159615833
0.06838122791762066
0.07196167158460269
0.07468791546728093
0.07631818903833343
0.07668915942559926
0.07572498640970898
0.07343952415127467
0.06993269790547434
0.06536768981974193
0.05996688692988481
0.053984756685554976
0.047683164330116
0.041319767237285226
0.03512246262315611
0.02928322765236957
0.023947223553835908
0.01926482395392454
0.015207453632653713
0.012875383093357302
0.009923644220700946
0.0076081223713510785
0.005854438081558382
0.004594960088228291
0.003767099960783014
0.003308144103187662
0.0031578638674402038
0.003259551650277896
0.0035689640665256474
0.004050442355589934
0.004662526699900382
0.005401572791663863
0.006414035282469828
0.007390362835456475
0.008450149611451796
0.00960956953476375
0.010962710636820042
0.012392831305673686
0.013994562894046141
0.015999229072480855
0.018156172542320933
0.02061891877448327
0.02339743225025605
0.026566899041699146
0.02993304452592441
0.03227675023694324
0.035854129205368186
0.03937864603295198
0.04269455199533394
0.04565489387355343
0.04811120294722879
0.04996136133577378
0.05114284181831629
0.051637485621666104
0.051477492223891246
0.05070965408162331
0.04941912610346276
0.047696808790898784
0.0456292072038479
0.04329641873622214
0.040764762588421065
0.038081569196197027
0.03529090735422116
0.032426819475305256
0.029522200489140265
0.026612345816486506
0.0237355787100278
0.021105393850628845
0.018517789353289595
0.016133620005385218
0.01400479966125464
0.012803945195241348
0.011258533347843956
0.010082053737974588
0.00932141734850741
0.00899771264703079
0.009120237301673412
0.009684707412432804
0.010671226736476976
0.012042325367843412
0.013742865093768666
0.015694760517579693
0.017804394026682248
0.01996219896964798
0.022048460629749883
0.02394085039728896
0.02552325522819675
0.0266946536097565
0.027377614734783708
0.027524686687288684
0.027122774369381708
0.026196117712936878
0.024803005244146206
0.023038091356321008
0.021010596041636433
0.018815312067209322
0.016510014061657433
0.014938738045120342
0.012596725679486557
0.010381882616702661
0.008394662362584284
0.006676597145456112
0.005228566702092737
0.004034640991182334
0.0030753719546130886
0.0023261320833057836
0.0017584269555519316
0.0013420940249835034
0.0010472890906225861
0.0008466448146183864
0.0007154152176146192
0.0006329955233703161
0.0005824909026818912
0.0005507112488513826
0.0005278685503335292
0.000507175344884448
0.00048439094500538516
0.00045734531604910497
0.00042546160718469637
0.0003892955188396578
0.0003501098663927573
0.000309502796159918
0.00028251933444355104
0.0002464633849158625
0.0002113866333137855
0.00018050403555517928
0.0001569058113028719
0.00014879932204062943
0.00018638584130476057
0.0004162476529735028
0.0007888029220179471
0.0012594392276822188
0.0016160002801447401
0.0018463893348913485
0.0025829638135344644
0.00553327560736027
0.013554531019414258
0.028031523261493996
0.043814933123692
0.05172556064007347
0.04841174527387658
0.04133482346293074
0.03911209365694261
0.04073634042628214
0.04047217090575471
0.03691682782252329
0.033772884858225743
0.03401095981568067
0.03602285262200986
0.040639074535149526
0.0459777711059208
0.05127485046782777
0.05611794270996647
0.06020695839641953
0.06327290977325131
0.06511899411235243
0.06558751326976375
0.06463778558501908
0.06231866206630993
0.058772556237436074
0.054219521171151905
0.048934698200036666
0.043742217838371705
0.0381857434817406
0.03290080794550558
0.028155185687798304
0.024330966410935947
0.021430105967233045
0.01956270708919207
0.018852916794242357
0.01933460755384846
0.0210039057187673
0.02382040674202386
0.02770585352779443
0.03083286004804973
0.03621257645054035
0.0422423941898997
0.04868207442185567
0.05524879607162727
0.06163150257706928
0.06751842040591821
0.07257482120256839
0.07652622377546352
0.0791452503845244
0.08030717659081131
0.07991815437643107
0.07801423434012567
0.07517823410899283
0.07101450570732082
0.06600599828980598
0.06051442699708175
0.05492499251666387
0.05009830928375653
0.04571580234001216
0.042353875621750275
0.04031180377444872
0.03980685357864633
0.04110801273141534
0.044117113085478075
0.04710362938743142
0.05299242232968785
0.06041575325267027
0.06911014814028277
0.07871770505140759
0.08879678973279377
0.09883962950002145
0.10829864796492718
0.11662142386827218
0.12329131321143816
0.12788846688669303
0.13006978383439402
0.12966972795438136
0.12668289238515232
0.12126774824246134
0.11374534588988597
0.10452574340110815
0.09412091318913789
0.08306494632549158
0.07187744817815914
0.061025191952338805
0.05089093025028244
0.041752539225475546
0.03377700011318399
0.027027346494185003
0.02147813281758774
0.018401573908184053
0.014622166111051072
0.011704599831029583
0.009482539480049203
0.007796774437698299
0.006506344491086063
0.005495506317883145
0.004676896360950987
0.003986597163869714
0.003389431608308998
0.0028560543173701738
0.0023790560143986442
0.0019564084172360476
0.0015879542652574954
0.0012785814509562125
0.0010252073477941557
0.000828692183613445
0.0006861788355695993
0.0005929940707014819
0.0005430768649942519
0.0005301242668599802
0.0005458787153424028
0.0005833495236575602
0.0006354201263653757
0.0006954412441652236
0.0007573919113216595
0.0007971568207599643
0.0008675540428281868
0.0009259323509528942
0.0009768796914187779
0.00102367160811229
0.0010695277140992047
0.0011276553407344326
0.001197121766022304
0.0012851789309135005
0.0014067536273383462
0.0015627954392300545
0.0017612013951028155
0.0020038213479847467
0.002288118164810257
0.002606588439728888
0.0029474626967382605
0.0032931063134202855
0.0038789158914748203
0.004344366964309502
0.004847064560183503
0.005411698195821431
0.0060827583888126415
0.00711029844859902
0.008398494210944704
0.010132863592895721
0.012232452746419435
0.013725926839457295
0.016015138326080827
0.018752362672588382
0.022824730344241533
0.030396142634555638
0.044063802666864826
0.06314504538272295
0.08007288763180134
0.08512000892846923
0.07808225486507048
0.06913370021477265
0.06619843776694895
0.06653551435816178
0.06284688398836805
0.05326760997195612
0.0420510733921005
0.033193880238193745
0.027195564628212196
0.022805398382799574
0.019074651713366766
0.015698148360335146
0.012670819145432536
0.010023495405519318
0.007780723237805532
0.0059768429688221835
0.00498060294278093
0.0037813069354849563
0.002914331902769719
0.002330985469231459
0.0020124429098091973
0.0019140271311125538
0.002009250241795051
0.0022808963142048814
0.002710230518359315
0.0032774235369396865
0.00395887766317313
0.004725122874005497
0.005539578444015841
0.0063594986848746074
0.007150502541697233
0.007848993502803806
0.008416162523449823
0.008818419905295983
0.009031573288258663
0.009057783343381223
0.008890479178923147
0.008563683409910422
0.008103083136451916
0.0075546172034651
0.006980122381875943
0.006404776839597025
0.006047093635911758
0.00556757522295223
0.005200960574572236
0.004935784429860652
0.004795999322741022
0.004765902022036736
0.004839259972746941
0.005011101591942676
0.005256264210556741
0.005558409627037358
0.005903552572150799
0.006274566814628963
0.006655664225064188
0.007031769585021015
0.007387704719262935
0.007708720289371396
0.007980030873603668
0.008188238806228794
0.008321412292395816
0.00836991160800892
0.008327048019926106
0.008189612701299458
0.007958207054064718
0.007639014264844066
0.007237845681795108
0.006767409504884381
0.006422290248471884
0.005869194914115148
0.005290603652585999
0.004705001624563705
0.004135932044981376
0.0036663965081971013
0.003215405022199509
0.0028122632703990653
0.002447426481537675
0.002137576376091218
0.001948618670777453
0.0018626714788940908
0.0019103800331633973
0.002082398383983828
0.002380191840178193
0.002800562979718776
0.0033369952629286248
0.003978688206321729
0.004703607503112747
0.005491930232191895
0.006320432827427099
0.007170554914645807
0.008033558497123922
0.008894568662203456
0.0096939885308445
0.010132934907853173
0.01055861006191678
0.01067372839186564
0.010542292740785806
0.010288949760330752
0.010054372275337608
0.010048916982569626
0.01077504223164235
0.012520789287923223
0.014491445835411301
0.014988768337637483
0.013247485829625639
0.010662183285653846
0.00914795962937494
0.009134287889814265
0.009436384853174783
0.008958482552897183
0.007874853344377316
0.007002781015513568
0.006807156195388429
0.007155971862141318
0.007755069088247214
0.008412356074734425
0.009037615058334673
0.009585062118630548
0.010032565009270576
0.010258259598917864
0.010478656095208637
0.010551359073471564
0.01050825894689506
0.010319250396260702
0.010021692523048078
0.009639754876388821
0.009208706793177888
0.008771115194540593
0.008347588158285936
0.007970286643006275
0.0076790631674943976
0.007511551586439894
0.00757100376122315
0.007996557945463511
0.008775519363225326
0.009563714975824263
0.009900611069110674
0.009723341466012645
0.009446869790361224
0.009427699768207473
0.009588710061577256
0.009563911987857065
0.009139139094159119
0.008431151167776492
0.0076745804844386215
0.007198127116921315
0.0065263541948113795
0.00587757569381025
0.005245054748626166
0.004645294121207823
0.004102244285020377
0.0036298595461166567
0.0032543560389461717
0.00295388699216118
0.002733767320348589
0.002583839668117562
0.002493963673492111
0.002454584076470708
0.0024506580864514073
0.002473255210800785
0.0025183048458609497
0.002582376821581492
0.00266335753449528
0.002759050680839486
0.0028661307205677853
0.002979206222446973
0.003090492098363923
0.0031901429576999393
0.003267280928443535
0.0033107420807557478
0.003312247526987289
0.003288018024794943
0.00320602945225526
0.0030727580208017025
0.0028924991053538643
0.0026740251791622866
0.0024278820418100733
0.0021732527048239055
0.0019150185481719851
0.0016687685723740125
0.0015666516813768274
0.0014455776920167705
0.0013964586714182872
0.0014320708874950296
0.0015955758887159894
0.00191353657612261
0.0023366843508461706
0.0029136083417093134
0.003657658696851792
0.00458793432070696
0.005698332414686478
0.006990594836133864
0.008446620447374851
0.010046218140409676
0.01175312906399567
0.013519772227285762
0.014702420429421666
0.01643501350550685
0.01805590168967369
0.01949422282301199
0.020682878418607442
0.02156361293933703
0.022107279700840622
0.02226613628806937
0.022040938831628578
0.021453616995195022
0.02053040508467981
0.019324349946113976
0.01790864777697231
0.016342976648407316
0.01470934976804903
0.013282817353201025
0.011862981571813513
0.010602443889414831
0.009592240127400453
0.008868243749348767
0.00854263438712657
0.008589026399273978
0.009007412134336413
0.009834917655046129
0.011085243720818152
0.012732726345276614
0.014043447251048112
0.016309077073497904
0.01887340248586315
0.0216719243858469
0.0246160147580974
0.027599133159701996
0.03050220012107569
0.03319971275588144
0.03556727637197372
0.03748791609779073
0.03886316438697076
0.03962084634532776
0.03972041143112951
0.039155986177321044
0.03796503259128942
0.036198023712314065
0.03394632760001735
0.03131793717958722
0.028430773779425333
0.02540505934772403
0.022360469987622915
0.01939199256998556
0.01658803230682517
0.014013810512974047
0.011712373229299425
0.009706724169701742
0.008536616207319842
0.007024912650307906
0.005786468881989794
0.004791627484328464
0.004005692336467477
0.0033959023362912905
0.002937347684449496
0.002578073879222786
0.002302006425117941
0.0020903785382531885
0.0019310480850054604
0.0018230698624810183
0.001761199170883035
0.0017423851086574857
0.0017730693511658396
0.001856021958173114
0.0019916384313072677
0.002188143656283414
0.002417312292136569
0.0026738372452409093
0.002959685462084847
0.0032370007528527787
0.0035032065145799815
0.0037397779564081056
0.0039345252300673735
0.00403810936862924
0.004160168433652188
0.004232689302887856
0.0042672195565804216
0.004274990039475762
0.0042683932526814405
0.00425939043936411
0.004257727880070309
0.004269550352681263
0.004299036357005118
0.004340544105081843
0.004388327311300645
0.004435290875484844
0.004476426000692051
0.004524576499008917
0.004603039169327985
0.004716910280667422
0.004793661477991729
0.004704228543616266
0.004399533555401048
0.003976909871943545
0.0036815009251510147
0.003858163797689084
0.005516572999872256
0.009892414684134147
0.017205335463529297
0.022284960833109914
0.026402027740706
0.02386513763356912
0.01753877296572592
0.01314201473670046
0.01355865948914554
0.016915919437912652
0.019224439921407682
0.018467839446243497
0.016067508746086694
0.014472322776540562
0.014587175068065844
0.015849553587413936
0.017468327008949652
0.01898273758347594
0.020187846266851432
0.021020207584499028
0.021380810785218834
0.021274484188491715
0.020718231331471552
0.01975369933462162
0.018449546303166052
0.016918390262241182
0.01523889505263717
0.01352499899411252
0.011868742555396503
0.010894458478477564
0.009536441602472445
0.008411170759521682
0.007557838861818394
0.006992617316585131
0.006716073282970452
0.006744319419227423
0.007029240754112483
0.007541346982637552
0.008380128835147322
0.00932678995344907
0.010424818522045297
0.011635057933291159
0.0129140799488472
0.014215651322838915
0.015559067347803223
0.016808859356595023
0.017970058735113963
0.019016916779877022
0.019932921011255114
0.020711484512715053
0.02135542973362779
0.02187245983416588
0.02227447719860301
0.02257615262495613
0.02273322182047254
0.022925323985510893
0.023075632605159595
0.02312367432859913
0.02294173196710443
0.022443480666566307
0.021674437361608283
0.020778374465350538
0.019942443355994422
0.01966606799351713
0.021027557214822263
0.025071316389811412
0.030642440789224092
0.03374700726287755
0.030976538446053695
0.023789631313266044
0.01718661090395966
0.014670837792434164
0.015636631513301847
0.016814289417294223
0.015485894127515507
0.011883281256892775
0.008238237054440394
0.006110431605737567
0.005463264419125474
0.0057186027038411665
0.0060883412534429625
0.0068020520198408705
0.007646698859430793
0.00858305835018213
0.009583325335741884
0.010727955928864474
0.011859800231637132
0.013016383777787664
0.014195249581176262
0.015390407107316
0.01659866288956689
0.01783563733496058
0.019030021231439494
0.020180503301845294
0.02125608127519965
0.022221949639621427
0.02309597751125974
0.023782913394537898
0.024283545685266056
0.02459899008155527
0.024724659060125716
0.024675570700975886
0.024494450851260886
0.024191880736506258
0.023799684680633943
0.023358226525250627
0.023049810684915118
0.022582410342699238
0.02212245310272795
0.021675683220302895
0.02123313127942087
0.020778222418833866
0.020285916124096172
0.019726951183090157
0.019073410455025617
0.018304396081098972
0.017407204398720105
0.016381467243112447
0.0152412673452576
0.014012085415191477
0.012732810662689257
0.011433602971155846
0.01012201389868595
0.008800408111204683
0.007500890851934037
0.006285697131330207
0.005208832986660176
0.004331650984948078
0.0035791714196332257
0.0029476789291149608
0.002432476659084723
0.0020438791012114513
0.0018611924431404237
0.0017039011125059638
0.0017077037265992205
0.001832932095360616
0.0020739239575502315
0.002433334208309883
0.002909369011984264
0.0034971584945385228
0.004194656080224696
0.004982331044950794
0.005858421151764979
0.006784098044405669
0.007740699679495318
0.008697865439205112
0.009624456049484436
0.010483673937131005
0.011241150435974363
0.011865572445635252
0.012329488270252736
0.01261179550535667
0.012699299767249822
0.01258773087436171
0.012282097882777088
0.011796323794067497
0.011152176297173088
0.010648371971499334
0.009804537334753597
0.008884994088290799
0.007923828077095239
0.0069545643312102
0.0060051555600896065
0.005101100253096076
0.004262093615895186
0.003502311328246112
0.002830582598679921
0.0022506561212614247
0.0017643959102418114
0.0013633954036048124
0.001042952787577452
0.0008345762277201845
0.0006823582678016678
0.0005973952328035316
0.0005790366062019525
0.0006234987466748563
0.0007327795050303774
0.0009299131241652637
0.0013088884168549336
0.0017360009125668423
0.0022742733096522373
0.002944031481183863
0.00375231430181916
0.0043722080689397565
0.005414671734147373
0.006658000611333316
0.007988701558646609
0.009435534686093898
0.010978316106962099
0.012591944945084983
0.014246920865749281
0.01591710759190518
0.017554554238761278
0.019120469529656715
0.020570656570240993
0.021858352357176397
0.022938207833863595
0.02377127000280268
0.02432060459130855
0.024561676004916023
0.0244830840728527
0.024085766049619158
0.02338515930394367
0.022413032012030622
0.021199000799978728
0.019791200583398637
0.01824011209242561
0.016598267991841085
0.014918267314099414
0.013802157774201004
0.012172080762759094
0.010626018436394167
0.009195349853800132
0.007893517922919865
0.006726414002558152
0.005702793271825006
0.004831395888217086
0.004113264874337867
0.0035453261176310656
0.003161445266460109
0.0030312338023541665
0.003237801674013559
0.0036706130572562064
0.003936142610429968
0.0036776375829711667
0.002985217655315555
0.0023069378529401736
0.00198312212321849
0.002047791545111879
0.0022740546314332405
0.002356464457655077
0.002164788441953578
0.001843426262175302
0.0015908778352116961
0.0015131525348029576
0.0015122771588239872
0.0015942980445014456
0.0017176040730729886
0.0018699447872285544
0.00205019713990035
0.0022526143203351564
0.002475990392061393
0.002720412632208212
0.002982072686375062
0.0032545527707586812
0.0035285635354025007
0.0038030591978412717
0.004055609771497247
0.004274002585413962
0.004446607497321473
0.0045666614240101
0.004629942616282814
0.004640969753156738
0.004600520950960101
0.004520788999469319
0.004410301372895275
0.004282918488542203
0.004150112448020903
0.004083465396278032
0.00400784580113873
0.003969992637021322
0.00394156038240874
0.003950587882472826
0.0040411253294685865
0.00416034262930233
0.004369713658253125
0.004645822867155139
0.005001782324473831
0.005457393755966214
0.006035214273671178
0.006736829914898804
0.007573327396426972
0.008548988322239237
0.009628339133905497
0.010747270970527157
0.011841563800173262
0.01288554137052313
0.013863989342943233
0.014741166056164063
0.01552364716501962
0.01627510656928026
0.01730504436361848
0.018965290278718846
0.021032942347321285
0.022286644372254846
0.021449569945235836
0.019745814640149843
0.016539028228509774
0.013934815631336866
0.012613774386752463
0.012275387237722776
0.012012177938067848
0.01093682109050772
0.008950781027264291
0.006750356775725068
0.004998484773697557
0.003818299393281158
0.0030158187919213765
0.002418845760480904
0.0019426756900792956
0.0015618347048679988
0.0012658879286440972
0.0010638313255656665
0.000978569193993292
0.0010694068100756376
0.0013414926932833052
0.0016452886281340857
0.001752923258882168
0.0015977288019716476
0.001357746843941704
0.001255310318317299
0.0013818297491629454
0.0015719228024295051
0.0019146975451294725
0.0021812775133287633
0.0022862936659185837
0.002286180022477336
0.0022899522710862477
0.0023432838569996447
0.002423554017214599
0.002495128809881024
0.0025380988705152336
0.002545830374479556
0.0025172491055081457
0.002454921249524489
0.002359099146450759
0.0022350913013123542
0.002089067751949931
0.001927357929208206
0.0017560850565534506
0.0015811612500226807
0.001408951778302308
0.0012437129556848179
0.0010896498330687653
0.0009504303209236465
0.0008279070640431453
0.0007232912409144393
0.0006636083476417631
0.000588722813346459
0.0005302413500340858
0.0004863697146978956
0.000454727873842326
0.0004330032305993905
0.00041847239916049006
0.0004086685923500012
0.00040158732772065895
0.00039584844866920267
0.0003907401402156172
0.0003865478271333688
0.00037949846634914694
0.00036721621633859983
0.0003486942883093987
0.00032637891790567703
0.00030354016267156625
0.0002866623141531854
0.00027019768546126226
0.0002566467088010279
0.0002475108487653799
0.0002441726211677461
0.0002888849316287379
0.0003295729730055752
0.0003898468142737539
0.000475818325794585
0.0005497802706202155
0.00068984497450632
0.000868837778856185
0.0011048295988352142
0.00138560161044438
0.0017127768376351004
0.002089885948521673
0.0025161515955252627
0.0029837116149514682
0.0034864254246442902
0.004010474044826357
0.004542657818314764
0.005066930139119621
0.005565763158312335
0.0060222660828211025
0.006418911550589849
0.006741417319225359
0.006977309985375517
0.007118520353176261
0.007161326703554993
0.007106027314146327
0.006956828247422115
0.006721384759671584
0.006409880428285553
0.006034597789120285
0.005609041880946519
0.005304367797183167
0.0048264001838098265
0.004335605967975512
0.0038448729028212943
0.0033659084966526477
0.0029087364692080286
0.0024814400389800077
0.0020914795800157605
0.0017405583563669424
0.001431327601280533
0.0011642219558626072
0.0009381851502351209
0.0007511715788210602
0.0006017419586182398
0.0004893138342880538
0.00040620150654699594
0.0003530318808935188
0.0003279475479125561
0.00032910412911287684
0.0003504400514423061
0.00039278014280077296
0.00045657071816261884
0.0005379597209360756
0.0006374593321856138
0.0007960123058014962
0.0009021910009823147
0.0010744958871215958
0.0012837742677334755
0.0015174463839842964
0.0017833895731566376
0.0020869220443539217
0.0024300516015608262
0.002844890664626681
0.0032983318014768253
0.0038211646182088853
0.004406210435739214
0.005039475496875326
0.005702552248550688
0.00638619287059733
0.007088915349806972
0.00780441556661082
0.008510969500810194
0.009177595200066934
0.009765984490577665
0.010237177651848381
0.01056567640504575
0.010740799045140487
0.010762378398307623
0.010632802822283781
0.010357607582563665
0.009948821819088538
0.00961044535386261
0.009020041332690304
0.008352541248311258
0.007633275745446425
0.0068870918077303025
0.006134678965299933
0.005395881203262081
0.004692941030428249
0.0040456340141203015
0.003458533454862281
0.002919085365371697
0.002419103481882974
0.0019698898905812843
0.0015928795479830892
0.0012864183006689434
0.0010492197439576796
0.000897183516201218
0.0008894057127167245
0.0012095760565116226
0.0020362534036050114
0.003232891268759427
0.004138086801440172
0.004074833846759262
0.003145726012009244
0.0021004597264817123
0.0015737223058815036
0.001607688921315335
0.0021346763707175117
0.00294453227660036
0.0035565059701640916
0.0036254184751887183
0.0032693044486688566
0.002879367871518746
0.0027012510725900915
0.0027109639124517733
0.0027909657828528224
0.002863432822642577
0.0029002458176997322
0.0028963880387012086
0.0028572755404972865
0.002783785217911777
0.002683889421413772
0.002564215598869681
0.002430711247383908
0.0022889116079342162
0.0021430294950914018
0.001995989527051745
0.0018502121858774941
0.0017089560067130854
0.001570824529693931
0.0014379522796060342
0.0013527620116102275
0.0012308795578649299
0.0011192003265225656
0.0010150683265914354
0.0009213622005555727
0.0008379098458510555
0.0007742238951066859
0.0007207666582939766
0.0006817567774248635
0.0007217323098396054
0.0007632928314245286
0.0008383284694713876
0.0009600440171079714
0.001140254319757631
0.001386310112211766
0.001707182089782616
0.0021250500719292137
0.002627399394084981
0.0032087367860501766
0.003856914248686434
0.004577526053167345
0.005360451601499073
0.006188971724705703
0.007039691093918984
0.00789851503047727
0.008762338202977154
0.009368372289230395
0.010346050543792404
0.011395426640603012
0.012327688614137876
0.012841071803633503
0.012851239373979048
0.0125741362366753
0.012275581586156025
0.012072916170979544
0.011950925008789628
0.011833901487708605
0.011585968531074938
0.011069245775843669
0.010306884497548843
0.009454680085576898
0.00864835251970863
0.007921181729870856
0.007250145680423733
0.006616023973771378
0.00601502914282057
0.0054500640943690795
0.004925133224842935
0.004441705409500199
0.0040045093075374546
0.0036031522240557693
0.00323595025294099
0.003009874158538308
0.002700133491293168
0.002426880039789742
0.0021892434172706434
0.0019854373293671217
0.0018148124921358807
0.001675301854148206
0.001563082951838908
0.0014873373544305683
0.0014332209465227857
0.0014046152670855385
0.001397565317890181
0.001410913860705383
0.001443177481167386
0.001493478423960879
0.0015573225853943889
0.001648751241392917
0.0017426328012852305
0.001850487148285242
0.001973599836376705
0.002113746555365974
0.0022642285462202115
0.002424169857834595
0.002593763329962945
0.0027915258620395482
0.003031648245529859
0.003223982290597465
0.003532679410505146
0.003774001693511012
0.003868871602049335
0.0038349026214043102
0.0037729396636528544
0.0037536283045525877
0.0037878736324646533
0.0038575947058848386
0.003934795436437734
0.003950164461739382
0.0038674161657197333
0.0037055175959063045
0.003523705375946766
0.003360543572246601
0.0032196448856258676
0.003091479351195014
0.002974856244404393
0.002862495524530317
0.002758085630985319
0.0026613641929239466
0.0025721007753733063
0.002489326089900979
0.002413461279867292
0.002343945384172288
0.002299828863428293
0.00224170936695691
0.0021673706740810705
0.002073758337414504
0.00197398466148979
0.0018805361478588648
0.0018037715348206572
0.0017323067889688827
0.0016817409318024413
0.001680346076248757
0.0017866526051314616
0.0021389569600456762
0.0028059672074513048
0.00365847627407673
0.004279831037143892
0.004335686653479569
0.003965750528032539
0.0036187371265226703
0.0035913318799157775
0.003921268716645309
0.004527901419752251
0.005266008455672222
0.005888185545254253
0.006184324402267778
0.00619914871084144
0.006159740399073359
0.00618777494076485
0.006326448218188066
0.006517399254318634
0.006698243081486692
0.006834020089427444
0.006911273608922141
0.0069277895566797615
0.006882074233939078
0.006773417852405077
0.006601016318577631
0.006368734672618497
0.006087314366137991
0.005784950274492571
0.005511935054459552
0.00531629280253113
0.005148710297060237
0.004872318738210882
0.004384861002546994
0.0037556180804323024
0.0031476353190145936
0.0026700409977170516
0.002341037610948966
0.0021470350672006806
0.0020448264724439932
0.0019557927669814077
0.001805893208013569
0.0016714725600497343
0.0014745219876235046
0.0013435427933364663
0.001296497841934097
0.0013109902847457486
0.0013625044369693575
0.0014330795125737073
0.001501760676663616
0.0015458953081786606
0.0015567536304847281
0.001543627329607781
0.001519057092569123
0.001498534385240224
0.0014659948825386708
0.001420719020676822
0.001389202447243839
0.001424401315119063
0.0016726870135450986
0.0022884772765302407
0.0031828885939464116
0.003857291505223374
0.0038093091776195977
0.003083343566751643
0.0022442166413532863
0.0017508513438000833
0.0016741273148258818
0.0018948002662883513
0.0024352240561764833
0.003096038729696807
0.0035418533472938996
0.0035565206919885564
0.0032696906574792655
0.0029855148487021982
0.0028642564884421074
0.0028725585293250377
0.0029544573514996685
0.003014481542488209
0.0030500967591075216
0.0030633033613832886
0.003059047376425012
0.003046122896279916
0.0030308547849214685
0.0030248470321592924
0.003044919775358774
0.0030888855785351035
0.0031661699237562177
0.0032867046581064366
0.0034573539462989674
0.0036785438713870583
0.003945293687996959
0.0042420415961560674
0.004440037222743627
0.004738456947988087
0.005041904979727779
0.0053437426574101075
0.005632844289155781
0.005898530789479497
0.006132987372483353
0.006328644617100876
0.006483304998254253
0.006586079678579482
0.006653009145330583
0.006688752129353783
0.006695465600838782
0.006671560998860304
0.006614066248830061
0.006519526868186464
0.006385733014311332
0.0062120028394125615
0.005999535548706868
0.005753841252288654
0.005477243080348156
0.005177652197870244
0.004862090408591033
0.004537093222633887
0.004208095118826695
0.0038791675508640937
0.0036613585400546204
0.0033383947393296164
0.0030214237279970607
0.002712155528862379
0.0024126487415317226
0.0021254189866672895
0.0018533030371309005
0.0015991660345483275
0.0013654569910031185
0.0011539933984334987
0.0009655942991921935
0.0008002032444586417
0.0006569106328708827
0.0005341891496652146
0.0004301457783346411
0.00034275991250079394
0.000270071844422372
0.0002102002520258789
0.00016147796832648932
0.00012240727238151583
9.180672230903032e-05
6.818357565697612e-05
5.0464263441928486e-05
3.7616597971519204e-05
2.8687068342786384e-05
2.2937418487474093e-05
2.052059707261177e-05
1.8784990852254634e-05
1.912267646136055e-05
2.1479960015977117e-05
2.5674608314869575e-05
2.899421209525764e-05
3.198202963164127e-05
3.5621012073310156e-05
4.070983490361224e-05
4.751345968649318e-05
5.583100520740734e-05
6.537684249827213e-05
7.880059105191597e-05
9.580692711381604e-05
0.00012178676183779286
0.00016262080915741754
0.0002244694230551749
0.00027823165044470996
0.00030910405610268103
0.00032157700582041227
0.0003380796092255487
0.0003770737899240487
0.0004441730694556197
0.0005311869690023999
0.0006369081451397065
0.0007289253143328996
0.0009088669495136154
0.0012401773204508454
0.001926210222551635
0.0031435325754719644
0.0046458464437505445
0.005675935905308968
0.005578252925328597
0.004589324012583802
0.0035161536168530814
0.0028999504018376184
0.002794581329656974
0.0031036325785699158
0.003754483633996713
0.004521139569737787
0.004971643105360955
0.004807367240490588
0.004225184035922948
0.003662292750754686
0.003355211334390522
0.0032638748657010715
0.003266323802028136
0.003285436314506694
0.003292360979758971
0.003278843732803782
0.003242570764728171
0.0032053229808359056
0.0031301107715010802
0.0030333816357885346
0.0029159808467676667
0.0027809654569379205
0.002630335880592231
0.002467252955309768
0.002294845231856951
0.0021164320651895605
0.001935302686357395
0.0017559329962057362
0.001580533838222089
0.0014123600574154375
0.0012594440636461202
0.0011176924397449377
0.0009915172374202687
0.0008838735767334353
0.0007946395686288389
0.0007250585895425837
0.0006759202994123187
0.0006471972139533002
0.0006375645346224283
0.0006477785575920596
0.0006733819417470527
0.0007126171250119819
0.0007625944778862475
0.0008000652574110261
0.0008596285652129576
0.00091941054003466
0.0009759102918942799
0.0010549875792477822
0.0011152056619419069
0.0011701775102651195
0.0012243963469346242
0.001281412783109987
0.0013458219691549521
0.0014230121615322353
0.00151848032906538
0.0016374292985978178
0.0017964213084627702
0.001985429914918923
0.0022065371656619175
0.0024620536941253406
0.0027484341700667286
0.003059168402551292
0.003384822001084818
0.0037132698421456904
0.00403095607815979
0.004324329217815358
0.004579048894285796
0.004783858155820972
0.0048880580088003
0.00499157116983309
0.005029289615313816
0.005002036809252279
0.004913213726860427
0.004768902492175508
0.004576798596066955
0.004344922528320667
0.00408155323815683
0.003794709153415032
0.0034917048148734578
0.0031806892497440497
0.002866296250267588
0.0025556931343879022
0.002257211014810466
0.00197456116739602
0.0017116473594634355
0.0014745979319312208
0.0012677932889986298
0.0010955363667030224
0.0009591833862823797
0.0008597708851193056
0.0007965683340441943
0.0007710192933357207
0.0007772711547960846
0.0008137940417508123
0.0008548401538439604
0.0009407578542561671
0.0010478793073651672
0.0011572435401465352
0.0012387412957365364
0.001288908511942778
0.0013230036939054415
0.001355442843418945
0.0013884757923850112
0.0014173860425257085
0.001436891352455908
0.0014442530173781702
0.001535613827635043
0.0016565460997286976
0.001985977443364298
0.0027534830859023505
0.004015138303213553
0.00532821587283601
0.0059402514363979106
0.005580152802436138
0.004787683590114332
0.004286345668406092
0.00435989606068776
0.00493111872873044
0.005905615417533452
0.007246612246323001
0.008265619578264664
0.009682024120186298
0.010584139143929135
0.010893429365941733
0.01092243057101917
0.010970148603117838
0.011069169027872243
0.011097602210456334
0.010952298894982511
0.010596924239329873
0.010039637808586886
0.009310386102638079
