Y :51.0% Calcite, Diffracto n :567
Y :19.0% Gibbsite, Diffracto n :873
Y :28.999999999999996% Dolomite, Diffracto n :316
N :Hematite
0.0
0.0
0.0
0.0
0.0
0.0
0.0
0.0
0.0
0.0
0.0
0.0
0.0
0.0
0.0
0.0
0.0
0.0
0.0
0.0
0.0
0.0
0.0
0.0
0.0
0.0
0.0
0.0
0.0
0.0
0.0
0.0
0.0
0.0
3.151133223232744e-33
5.699428825261358e-32
4.399294974312799e-31
1.5882428447860673e-30
2.676764008173675e-30
2.4824265999885645e-30
1.1752280762736232e-30
2.599760626598755e-31
2.7281572584249656e-32
2.2460689570746076e-33
1.7707330411104057e-33
2.966478590753061e-33
4.736571836305437e-33
7.093389018342752e-33
9.962455140650732e-33
1.3122030987402342e-32
1.6209033580703119e-32
1.8777333263292774e-32
2.040003075933161e-32
2.0784867940185577e-32
1.986015866131593e-32
1.7796583802566042e-32
1.4955763118640138e-32
1.1786858188532688e-32
8.711734911132854e-33
6.038484338429106e-33
3.925251961996245e-33
2.3928917682479316e-33
1.3680252839521214e-33
7.334666730349295e-34
3.6879199646047418e-34
2.2502129979519943e-34
1.016596702448339e-34
4.3071270793350147e-35
1.711355566141758e-35
6.376847752853038e-36
2.228356766778463e-36
7.3025732272323575e-37
2.2442915383332444e-37
6.468363267390849e-38
1.748319990729972e-38
4.4315783843953814e-39
1.0534320402882838e-39
2.3483604481586776e-40
4.909448292810366e-41
9.625202124305127e-42
1.769684218752419e-42
3.051335399599924e-43
4.933917052106985e-44
7.481710927966259e-45
1.0639387429710434e-45
1.4188561153420916e-46
1.7744571374689256e-47
2.0811216338225988e-48
2.2889354988357654e-49
2.3608756320849556e-50
2.283575790359881e-51
4.643136931060948e-52
4.0351232796649295e-53
3.2885383915933825e-54
2.5133272343011524e-55
1.8013345062524616e-56
1.2107043047096166e-57
7.630962998474222e-59
4.5104231511369256e-60
2.500063402144829e-61
1.2995100713404962e-62
6.334352791557266e-64
2.895462055797552e-65
1.241153753215881e-66
4.9891251345739145e-68
1.880673161196883e-69
6.6480055566245574e-71
2.2037256308881648e-72
6.850318225214685e-74
1.9968709836028558e-75
3.908342763627488e-77
0.0
0.0
0.0
7.202215295998021e-37
1.037894581205436e-36
1.3132905315497199e-36
1.8462749361848683e-36
2.55729591277258e-36
3.4899133536947164e-36
4.69242515462535e-36
6.21625917836673e-36
8.113531419635064e-36
1.043373448507822e-35
1.32196113930838e-35
1.6502382390315577e-35
2.029661685314662e-35
2.4595163288548286e-35
2.936464917044043e-35
3.454211871764339e-35
4.0033372536603055e-35
4.571349571169844e-35
5.142990685184523e-35
5.700803767295474e-35
6.225948097189646e-35
6.699215514005854e-35
7.102176358024621e-35
7.418361705632811e-35
7.634377082065203e-35
7.740842994589001e-35
7.733070334484539e-35
7.611402896373031e-35
7.719363985853182e-35
7.534805284593058e-35
2.867506862350103e-34
3.7775098268402575e-34
5.033062623381299e-34
6.735563126945238e-34
9.00867520249135e-34
1.1975981330710154e-33
1.5785555639634794e-33
2.0586972915578052e-33
2.6527101994239504e-33
3.373951823567909e-33
4.233182269567828e-33
5.237151007969476e-33
6.38713794585667e-33
7.677579947975276e-33
9.094936746132609e-33
1.061695838078647e-32
1.2212505456454133e-32
1.3842041126901263e-32
1.5458860348358924e-32
1.7011051439932646e-32
1.8444104579275708e-32
1.9704001354489885e-32
2.0740550013558817e-32
2.151068332210838e-32
2.1859318312997803e-32
2.2118193985805443e-32
2.2051081275291137e-32
2.1660937001889673e-32
2.0964848819038936e-32
1.9992792454093692e-32
1.8785489992698313e-32
1.74405352728798e-32
1.635251106396887e-32
1.6463779305355148e-32
1.7140772334051458e-32
1.5206701179258362e-32
1.1338389753580034e-32
8.581227452765682e-33
7.0447636755146e-33
5.9587835875525264e-33
5.088913717872687e-33
4.421221044169775e-33
3.961819458711543e-33
3.714516827500536e-33
3.680638931797805e-33
3.859507645965831e-33
4.248513642131543e-33
4.84276054433739e-33
5.6361246025740804e-33
6.615161343059363e-33
7.363667019079616e-33
8.614676778007274e-33
9.995839132050815e-33
1.1474144693795616e-32
1.3009562402969308e-32
1.4555363229919576e-32
1.6059134123310395e-32
1.7464668304747585e-32
1.8714837316631457e-32
1.9755341570671324e-32
2.0538938254079307e-32
2.102947985464819e-32
2.120501127236124e-32
2.122626939922432e-32
2.5208676991135686e-32
6.895040236915356e-32
2.9939286325753314e-31
8.37106646917416e-31
1.215508676482826e-30
9.009620395464806e-31
3.4639902704144704e-31
7.478067212923072e-32
1.604479194842696e-32
8.987404745380953e-33
7.37735793908071e-33
6.534057499948935e-33
5.3850489034976035e-33
4.373098132460633e-33
3.4991378997601616e-33
2.75869185764516e-33
2.142962951007126e-33
1.6401931257830177e-33
1.2369266183696687e-33
9.25412791775476e-34
9.177250794223364e-34
1.2384384498097674e-33
1.9158502488538072e-33
3.31670140912451e-33
5.8159032161619246e-33
9.85237350535352e-33
1.5831905711625791e-32
2.397084934900688e-32
1.2596583116679456e-11
1.811436248040506e-11
2.5665066918854628e-11
3.582702918623825e-11
4.9275182749776244e-11
6.677205452735229e-11
8.914772909770786e-11
1.1726674744136369e-10
1.5198072923701137e-10
1.7917624286552331e-10
2.2653874284459797e-10
2.8219778209391534e-10
3.4634885461612747e-10
4.1881571098913903e-10
4.989777998463015e-10
5.857179478811878e-10
6.7739952858059e-10
7.718809054396679e-10
8.665722043314129e-10
9.58535631454589e-10
1.04462596834146e-09
1.1216630761539204e-09
1.1866238667134293e-09
1.2368378984262318e-09
1.2701690870036998e-09
1.2851663419996167e-09
1.2811683368117402e-09
1.258351874019543e-09
1.2177189182693239e-09
1.161023621637766e-09
1.0906467459193987e-09
1.0094300045468384e-09
5.6979959640529536e-09
7.752854882425742e-09
1.0624280228501103e-08
1.3112312428961941e-08
1.7915769100152053e-08
2.4293644368782854e-08
3.2606476148432214e-08
4.324412438235995e-08
5.6609608979230117e-08
7.316465780401167e-08
9.507086522576265e-08
1.2086102771924305e-07
1.5066375322339886e-07
1.8481674652890242e-07
2.236118123943276e-07
2.6687796531522336e-07
3.142337346034645e-07
3.6507701894815764e-07
4.1858927353669675e-07
4.7375529947995245e-07
5.293983666369486e-07
5.842287457573389e-07
6.369021857861367e-07
6.860836826072019e-07
7.305112425879606e-07
7.690543652948147e-07
8.007626658113354e-07
8.24901325400047e-07
8.365321754598017e-07
8.470663463164589e-07
8.492358000018639e-07
8.431657762090843e-07
8.291827534103258e-07
8.0778712923787e-07
7.796242911473585e-07
7.454563219298291e-07
7.061355638503486e-07
6.625802695380951e-07
6.157518041573121e-07
5.666324687352226e-07
5.162030322810899e-07
4.65419439162702e-07
4.151887712949334e-07
3.663452238339523e-07
3.196274286594927e-07
3.0883523039090656e-07
1.1651079288005936e-06
1.7062198845080396e-06
3.0247868329040212e-06
4.174755621285211e-06
5.731236463448337e-06
7.796306598947212e-06
1.0484614821883171e-05
1.39201892553666e-05
1.668908795506428e-05
2.1653985918566488e-05
2.7696887592882653e-05
3.4916293992402785e-05
4.3379080089339016e-05
5.31078661815348e-05
6.40688397131315e-05
7.616132328644226e-05
8.921048693998353e-05
0.0001029645486175994
0.00011709757061379
0.000131218539726321
0.00014488684145666904
0.00015763355944926354
0.00016898733021617943
0.00017850285399756026
0.00018578969952003975
0.0001905388221555296
0.00019254429035353788
0.00019171809273856675
0.00018809654222535073
0.0001818376276397749
0.00017320958172623404
0.00016257181786315166
0.00015035012261408544
0.00013700848704828293
0.00012772604121929972
0.00011356165157306566
9.94876257602952e-05
8.587990129274859e-05
7.304644663707705e-05
6.121977434523685e-05
5.055561647595908e-05
4.113695445179166e-05
3.298221988247355e-05
2.6056293197838322e-05
2.0282914763524606e-05
1.5557258254124463e-05
1.175765457445746e-05
8.755747916472109e-06
6.424668048594137e-06
4.648433860953712e-06
3.3162446281749273e-06
2.336859199069931e-06
1.6325002893981505e-06
1.139803102985113e-06
8.082345248256527e-07
5.977820772134725e-07
4.763158623798492e-07
4.171358341404472e-07
3.972371363707002e-07
3.966593502131714e-07
3.986933506435721e-07
3.9588315720556493e-07
3.790362131345725e-07
3.4553483656737794e-07
2.9785815133981883e-07
2.418919877823027e-07
1.8469334926446345e-07
1.3243833081598029e-07
8.913226024820016e-08
5.628048057442204e-08
3.333435321449569e-08
1.8517725935953926e-08
9.647644922400576e-09
4.714006786986417e-09
2.1602864600408864e-09
9.285941989459033e-10
4.113383227753775e-06
5.93994786665305e-06
8.451553532026829e-06
1.184800727213761e-05
1.6364570903897732e-05
2.2269647777373462e-05
2.9858721587653183e-05
3.944374469215679e-05
5.13374298594078e-05
6.0695186556558315e-05
7.706526054195637e-05
9.640778413615839e-05
0.00011882685441879212
0.000144299939779078
0.00017265006597329955
0.00020352435965975883
0.0002363823767208582
0.00027049724270914274
0.0003049717695252173
0.000338770422973189
0.0003707664106939994
0.0003998014165582756
0.0004247538499938077
0.0004446101460146948
0.0004585328595901118
0.0004659302078761325
0.00046646835911374215
0.00046049002748743586
0.0004480900936906106
0.0004304300045570325
0.00040837592340701133
0.0003836178666339596
0.0003579071265615185
0.00033300013621716967
0.00031037144369963247
0.00029701560142422756
0.0002797029778775427
0.00026503199116427803
0.0002515355087745214
0.00023727406850456356
0.00022040714892779503
0.00019977969674120626
0.00017530914166399833
0.00014802561204897016
0.00011975976102749248
9.260337052942856e-05
6.83735467514705e-05
4.823478044748822e-05
3.258339630245708e-05
2.1159313576342466e-05
1.328657587804443e-05
8.130839447280698e-06
4.896062931552523e-06
2.9323019922686516e-06
1.7657345904933878e-06
1.080018941279463e-06
6.778000979810615e-07
2.378414780896735e-05
3.38841127025894e-05
0.0008855563438585627
0.0012788058168498426
0.0020839422567366294
0.0029488515375880467
0.00411184948756124
0.005649833330608409
0.007649741214157165
0.010206332934312393
0.01341850371849217
0.017384717841619816
0.022193506368056955
0.027918682903978274
0.03460783844986585
0.04227313080327535
0.050882051346366
0.06034967872741281
0.07053349082146104
0.08123174681763526
0.09218625166750899
0.10308997672233956
0.11359955639167811
0.12335215606791924
0.13198567397932698
0.13916077120983963
0.1445828907008199
0.14802228527428507
0.14933016032852217
0.1489857276626207
0.14666137366450266
0.14226479036509226
0.13598465038126792
0.1280835452153917
0.11887978699496295
0.1087261956513736
0.09798783525930631
0.08702063931772305
0.07615262691206161
0.06566900618817398
0.055801953737233186
0.04672532124463754
0.038554022907891894
0.03134745369229553
0.025116014389206978
0.019829687261495078
0.01542760769744185
0.011827688563292893
0.008935549100436372
0.006652172209486924
0.004880095587885949
0.003528308097267521
0.002513971193737152
0.001765368569276228
0.0012220147877757652
0.000948794300819522
0.0006418011630500635
0.0004286918510054357
0.00028332707764600133
0.00018601870328117077
0.00012224925480203432
8.15301177627224e-05
5.642969802782178e-05
4.1777885922340056e-05
3.403666407254009e-05
3.081729428711317e-05
3.739510882803557e-05
4.2014397475574916e-05
4.891431700515718e-05
0.00038351525377261703
0.0006361911385040362
0.0009361330610574685
0.001295505642706323
0.0017713350142315443
0.0023942740128863006
0.003190541079379782
0.0041946777424884596
0.005573544110053139
0.0071892760215462115
0.009121770077839798
0.011394859001054882
0.013116289301392607
0.016013414515734643
0.01928362459353374
0.022905254385131187
0.026837817815332402
0.03102089386378637
0.03537464983340209
0.03980173435149619
0.04419060954128967
0.04842019331919629
0.052365549424829294
0.05590424734717235
0.05892292767811911
0.06132356013412526
0.06302888140243088
0.06398655696947765
0.06417172752819936
0.06358776560120642
0.062265255676834844
0.06025938673936895
0.05764607861019068
0.054517236865143044
0.05097554710435057
0.0471291922138367
0.04308682308264698
0.04033495801869911
0.03619461768803821
0.032118282848852236
0.028183482276531096
0.024453944538556992
0.02097893760508663
0.01779335956694413
0.014918465145579778
0.012363096642270512
0.010125282144943876
0.008194065962886306
0.006551444586870639
0.005175448019587891
0.004053005578537898
0.00322007058750061
0.00269668623461123
0.002225519751537824
0.0015921889950488036
0.0010392633677548553
0.0007042565556961371
0.0004951621528343763
0.0003474988401587556
0.00024081715978220187
0.0001646180886977435
0.00011098790734363913
7.380100062920481e-05
5.5792964207978275e-05
3.625481668900283e-05
2.3240148461953957e-05
1.4702251176557393e-05
9.187376579547998e-06
5.681331997365271e-06
3.4889996589132605e-06
2.1421945349752368e-06
1.330939015897515e-06
8.534129156937802e-07
5.80331289586732e-07
4.301488105329179e-07
3.555487669528899e-07
4.442173865836915e-07
6.65178488356558e-07
9.99954802853789e-07
1.6218923248449103e-06
2.5703357927760143e-06
4.006711772145939e-06
6.031874949882958e-06
8.675376524837397e-06
1.260270631057561e-05
1.6935943792568206e-05
2.1976663773051997e-05
6.194041029572839e-05
0.00010718574969540197
0.00017096030484317336
0.0003032610831560923
0.0005229414757297367
0.0008643028527665762
0.0013577863550526166
0.0020180501324161644
0.002830590231940842
0.0037418515226395293
0.004658611148157685
0.005460490648494941
0.006024744097454495
0.006256758319523915
0.006115935697885536
0.0056272418851263765
0.0048739163652121295
0.0039742715791698776
0.0030514522982488814
0.0022066985676653847
0.0015037278001075794
0.0009663824420183402
0.0005866209132305462
0.00033734519011791
0.00018482085074570954
9.750998889213447e-05
5.052378018913011e-05
2.655724713541502e-05
1.7811282512222454e-05
1.0536808048438727e-05
6.915603187254035e-06
4.954912992140633e-06
3.742913008826541e-06
2.8899915089286547e-06
2.4630360960532932e-06
7.1689937217771534e-06
7.916221340587098e-05
0.0005311482234731696
0.001876480050529927
0.00570543194619337
0.02409030728332512
0.07001588750376385
0.10525673461707714
0.09427027065704634
0.06413595779566264
0.030354071319622967
0.007705083526270503
0.0009347684780321001
6.130850561590551e-05
1.332057243641047e-05
1.4122727278276422e-05
1.6358221350057852e-05
1.8758089679613865e-05
2.043011853270368e-05
2.3025021457660658e-05
2.5696001913974255e-05
2.8409050476888713e-05
3.112818117508378e-05
3.3815809272271125e-05
3.6432860012132024e-05
3.893865927212468e-05
4.129073027629328e-05
4.344467713662984e-05
4.53543620246211e-05
4.6972568729510416e-05
4.8252288760857136e-05
4.988366439098387e-05
5.120155946078458e-05
5.282290501658607e-05
8.201989699092792e-05
0.00011699803013158534
0.00019611857961882758
0.00032674263652134484
0.0005442154897565719
0.0008814644226514737
0.0013672787739606995
0.0020148815845031083
0.0028092037501748005
0.0036978603555692883
0.004299005135583156
0.005129412532838248
0.005766553395620054
0.006106997904867098
0.006092150855290599
0.005724481714031456
0.005066845388893525
0.004224747738809765
0.003318729736356756
0.0024566200190708387
0.0017142572686892077
0.0011286782453990237
0.0007025633841909751
0.00041534586340038717
0.0002356860936639298
0.0001314551311912371
7.563230105041356e-05
4.841517865649215e-05
3.6806445194150546e-05
3.3044910454132087e-05
3.2866505671829733e-05
3.423416509913294e-05
3.5865816848427714e-05
3.737405971485542e-05
3.8536574571078926e-05
3.925475575156973e-05
3.946722225394245e-05
3.938423204169943e-05
3.8840392570259734e-05
3.7881224192238035e-05
3.6571384048193406e-05
3.498950050348376e-05
3.322240379842631e-05
3.135899710866209e-05
2.9493055154720387e-05
2.7686344808959585e-05
2.6006780063619715e-05
2.4499219418831185e-05
2.4389283550052578e-05
2.380258126378943e-05
2.3598068365253488e-05
6.582906930772823e-05
8.492068180569317e-05
0.00013165045423692474
0.00017629922189624648
0.00023588571574117664
0.0003140035882502862
0.0004146536128177338
0.0005421171617641364
0.0007007610901612447
0.0008965844512640829
0.001047921391474261
0.0013095881067003454
0.0016145353622190575
0.002042990388560161
0.002468583799487711
0.0029833630194924135
0.0035249529938759785
0.0041161005326184824
0.004751858587858352
0.005426340707793882
0.006131485255639358
0.006859393854403384
0.00760211184310879
0.008350771553619017
0.009097636422639784
0.009835131093851115
0.010556018236493185
0.011253162355099433
0.011919182368905743
0.012546039801121487
0.013124663345772818
0.01364795359832486
0.01416003634411318
0.015059559256438263
0.017205491200543925
0.019526720970932023
0.019469128039108805
0.017156966715216555
0.015218434425990244
0.014434876391143776
0.013925825241312079
0.013334308270619799
0.012626555570357245
0.011816963897644457
0.010926120512515035
0.009977442941995231
0.008997120370582559
0.00800793816977515
0.007034396606401098
0.006097716776861946
0.005278614425963805
0.004492135677099489
0.0038227292282796707
0.0032390401656185548
0.0027580390552300518
0.0023900700932164764
0.0021326893131121297
0.001988019769401107
0.0019552872899962106
0.0020328613703924987
0.002218277215685435
0.002508056075664107
0.0027568991444296477
0.0032089680884653158
0.0037481603254244235
0.004363642018485428
0.0050415518658339705
0.005764823782842592
0.006513281867698604
0.007264021852762772
0.007992830743686712
0.008672818125836777
0.009278905680248388
0.009787450350375565
0.010207535379629281
0.010475911560473863
0.010617259629688907
0.010606980331453818
0.010458443563942555
0.010182333100595837
0.009800571792132241
0.009330461148581859
0.008801901231288186
0.008245526842866472
0.0076930805034330415
0.007175080546527204
0.006717746027689423
0.00634088600728315
0.006141629071625113
0.005935699822001022
0.005837392617712436
0.005778100515484202
0.005689600834697252
0.005612257825074745
0.0055663642066352305
0.005524983068656497
0.005473010636888693
0.005408550241069053
0.005331824485394707
0.005241209179860184
0.005132476229582588
0.004999712702733569
0.004837095485846597
0.004640660725029832
0.004409452782088534
0.004145844718168965
0.0038551397843290336
0.003544737531619966
0.003223147668887287
0.0028990604126652737
0.002580589031270301
0.002274741509740001
0.001987046040126912
0.0018073642240248803
0.0015579858635172178
0.0013339636785619276
0.001135477838638709
0.0009616951316120554
0.0008110452813321217
0.0006814878591908849
0.0005707480776341876
0.0004765135919693613
0.0003965551989305335
0.00032884542602794824
0.0002715895858354822
0.0003022076947622977
0.0012591179428447878
0.006813163122182432
0.018817589282694405
0.029713058544417848
0.08101877191464517
0.35602574114530194
0.8496737509850852
1.0
0.7680306246166022
0.605212934752857
0.373066903772821
0.11937054466353621
0.01777779583920971
0.0032490596355572486
0.00015269637326571588
2.6791893609993837e-05
2.6644687157918248e-05
2.9235463105738715e-05
3.208390707305696e-05
3.502005778695008e-05
3.7898977393571793e-05
4.058330306022437e-05
4.294655636405999e-05
4.4877338423325175e-05
4.6283772584498665e-05
4.709759338415803e-05
4.7277317117832395e-05
4.681003477195239e-05
4.571152781943815e-05
4.402459990089134e-05
4.181571734781057e-05
3.917023334256994e-05
3.618661225244894e-05
3.319033513611776e-05
3.010318720711368e-05
2.722373463200659e-05
2.479072754491208e-05
2.3067898846206495e-05
2.231161506137952e-05
2.2443295658723566e-05
2.365203344980062e-05
2.5973910256488213e-05
2.909426373048233e-05
3.238068831245809e-05
3.5124454669596004e-05
3.661673858947306e-05
3.755010853379318e-05
3.59153714070296e-05
3.3183786446942526e-05
2.956244337496872e-05
2.5855734488820624e-05
2.286577778971218e-05
2.1212878501702705e-05
2.1258139653165096e-05
5.804841618592537e-05
0.00010001645502725219
0.00017619452522109344
0.00030672698051882765
0.0017956232713981387
0.0035434039349441036
0.006974326372882594
0.012801004243368956
0.022070410599547438
0.036093361551870526
0.04845859102501461
0.07177061271975013
0.10188794475680887
0.14129881403185618
0.18436084135028877
0.21434012128136537
0.2306410652918805
0.2390851343789016
0.23265486393413362
0.21308313364121387
0.18674201930208625
0.15587991023583048
0.12316094088892958
0.09197915205398831
0.06493240265456768
0.04334602375846268
0.027384564908889145
0.016402031281576978
0.009348687183188964
0.005110316058959267
0.0027207004333342955
0.001451610608476514
0.0008113763360342983
0.0004993332549489927
0.0003468500025916513
0.00026768090418158996
0.00023394030573516814
0.00019729815468129508
0.00016974519163027942
0.0001478652418362582
0.00013325236687465627
0.00012134076427811054
0.00011363673681062995
0.00011110462533980798
0.00011062016743926247
0.0001124587747567516
0.00011601039450391582
0.00012099423258047482
0.00012753014582259027
0.00013615036918919986
0.00014737300914788594
0.00016183571658333852
0.00017989888147146134
0.00020159022356147047
0.00022659047768861106
0.0002542858014069302
0.00028384972774367275
0.00031500469261043615
0.0003564972364005219
0.0004668631563697227
0.000731684433841005
0.0009582953875038657
0.000911182174625105
0.0006590105328568035
0.0005123242233873199
0.00048421880732619593
0.000485715553586372
0.00048598439659733507
0.00048172523712525786
0.0004746384350943467
0.00046593336613187913
0.00045703540815303286
0.0004494497237484995
0.0004447469131502446
0.00044442533821337037
0.00044978425200615233
0.00046187091619244273
0.0004813628266395513
0.0005085023297429805
0.0005430479376837265
0.0005842540614293742
0.0006308827666903471
0.0006812491761683656
0.0007332997470427745
0.000784719989811653
0.000833065487915159
0.000875931035110533
0.0009003128792940298
0.0009305571394440473
0.000950182531261348
0.0009592368712624153
0.0009579225834978058
0.0009852699640051994
0.0010193750900874246
0.0010886177720255638
0.0012509979380257684
0.001524117815617515
0.0019675600115329115
0.0026262642463189692
0.0035242234167861394
0.004646775452369662
0.005926825896959775
0.007242610981542873
0.008432122781712114
0.00932363852266274
0.009774805440175158
0.009708094633925368
0.009130403315124597
0.008130422257754401
0.00685417628944576
0.005470025092055058
0.004132244549427263
0.002954425992323947
0.0022910225446580897
0.001494232348457973
0.0009228977495910828
0.0005405965691065137
0.00030154024790344857
0.0001621119165258607
8.639868991933928e-05
4.857133261265061e-05
3.184496400264269e-05
2.6216167931276626e-05
2.6217172860252493e-05
2.908205083857418e-05
3.351820286565062e-05
3.890030615162213e-05
4.495298876699954e-05
5.1505014106590376e-05
5.841422451230099e-05
6.632918576420332e-05
7.384547380992338e-05
8.135836349322441e-05
8.912596801821127e-05
9.635295716374983e-05
0.0001031946288959642
0.00010954569278032694
0.00011532941321993356
0.00012050299172121142
0.00012360852638099965
0.0001279567645678061
0.00013165161426011683
0.00013490800122516357
0.00013784117624328788
0.0001405590232110005
0.00014447723153718578
0.00014762310396969474
0.00015100575867490535
0.0001559630132549341
0.0001979979726895873
0.00022748282541385615
0.00026200688435580854
0.0003315875027397998
0.0004704737159487546
0.0006387396410285667
0.0008960398352316692
0.0013743147624926111
0.0020046629640236616
0.002882466023537893
0.004084707095869643
0.005614289982300479
0.007528039501191696
0.009820260485525074
0.012012419670402083
0.013627879598110331
0.014489067178594207
0.01561600615855362
0.016421114648760265
0.01680874038355528
0.01684224622843036
0.016658594998934653
0.016409563382828406
0.016240981664804418
0.016210500311229146
0.016382984727682227
0.01692539610572121
0.018258241475007344
0.019995357515907496
0.020400006623169743
0.021326519694585204
0.035320831591502164
0.08032995341211016
0.12373768964320854
0.10633564674391104
0.07576138530152059
0.07525831683875393
0.060939150863411555
0.03192806930048542
0.016937652748258276
0.013225314201401887
0.0123381189360375
0.011294473549421433
0.010415124053589376
0.009522144733346862
0.008706096047131547
0.008032671942616582
0.007431329759719403
0.0069428404285192605
0.006574905043110104
0.006334707167459756
0.006227110833721131
0.00625377481607831
0.006420021869081162
0.0067295538889574884
0.007181252071867857
0.007773585566664212
0.008500196409684892
0.009349641830517825
0.01030471879542063
0.011341640099468168
0.012430690801606876
0.01353772012976514
0.014622099073209913
0.01564698915867421
0.0165647492857564
0.01733789645617206
0.01775589836463499
0.018217966059012387
0.018460645416872954
0.01846944398312842
0.018243060833590535
0.017789118293238967
0.01712523106276867
0.01641123002908364
0.015561212704808923
0.014724784638935375
0.014070360102869776
0.01366909797515594
0.013682753697922389
0.014217739777486943
0.01531324307179444
0.016906349516817697
0.018814193013296773
0.0207464522455338
0.022352844428052094
0.023296748987062445
0.023333923252852922
0.022370998579001967
0.020484613222132825
0.017896750962865894
0.014916337532307455
0.011868396217744088
0.009938199422609212
0.0073480970955149974
0.005225045893711089
0.0035974789591407476
0.00244400562824545
0.001654748225690992
0.0011454124702476622
0.0008332462005814963
0.0006661884533086625
0.0005734591151353468
0.0005364628540236247
0.0005392360201553224
0.0005742812775026357
0.0006389435605969664
0.0007329202669787388
0.0008567040257297703
0.001010653478631821
0.00119443496944902
0.0014070077573322985
0.0016451940969773554
0.0019051922979578966
0.002181489276136529
0.0024672228516694384
0.002754319372019535
0.0030337968610559102
0.003211202284121861
0.003457780602282442
0.0036711144120590796
0.0038435151637717193
0.00396802438749156
0.004039619094796727
0.004089576063723111
0.004064531921244253
0.003998760063831075
0.003957708535038695
0.004014366714320518
0.00402692513722735
0.003738741018995405
0.0033440501505752154
0.00309051997094865
0.0029456879990532496
0.002855586970481973
0.002815793559076519
0.002832257623484003
0.002909235113629942
0.0030642728594628744
0.0034466543775265113
0.004612759607721212
0.006603163463249461
0.00733330831416388
0.00651104091966377
0.0077670203863322886
0.024861340623331712
0.08053514826331835
0.13714266341986045
0.11549971130755074
0.06978994542155692
0.07294882047822819
0.0725919986799993
0.03914837347161709
0.013627492858515595
0.006680837080438983
0.0056500893957464205
0.005272728428129252
0.004885878329782689
0.004465926015458701
0.0040268690416920775
0.003582598776795232
0.0031511617328281285
0.0027348146812707125
0.0023459532224812873
0.00199318409528407
0.001677923909259933
0.0014040592774666662
0.0011721967834153082
0.0009817029259238832
0.0008307477001364342
0.0007507837883516219
0.0006607311583618712
0.0006012138013438866
0.0005693678070584617
0.0005614000526387311
0.0005734674535080623
0.0006385347979014285
0.0007020158609280314
0.0007780084777192311
0.000869099252439706
0.0009994575502801817
0.0011300109487098655
0.0012846118248827205
0.001460793485513609
0.0016602892160290218
0.0018879116756720406
0.0021497786934754483
0.002444192729472593
0.0027730707539791537
0.003138115971350775
0.0035388020155516396
0.003973691893054433
0.0044397274797796345
0.004931876348990613
0.005442685067161188
0.005961998592420658
0.006306701810838415
0.006816461083644262
0.007296618295918442
0.007735273627005252
0.00811917460003377
0.008437182768926757
0.008826730970076385
0.009189698903381248
0.00962601527623089
0.010255751378088106
0.011332536976332012
0.012904794704586093
0.015190633637629453
0.018288249292228272
0.02216145186401784
0.026589747890379968
0.031158525262335486
0.03530933957598998
0.038443819468093464
0.04005603109821012
0.039851629517918735
0.03781489677810889
0.03420465405435471
0.029485306658313983
0.02421907159793793
0.020678125292497927
0.015666675931838937
0.011307140042891978
0.007776017736764865
0.005100464573945985
0.003198199502302105
0.0019261714515578451
0.001123940302237708
0.000645183228263153
0.0003733174856834678
0.000225114020625369
0.00014645627583261586
0.00011025002936567132
9.016919838608655e-05
8.058309927879673e-05
7.858961790249595e-05
8.035808090687e-05
8.50397833450009e-05
9.299216221435457e-05
0.00010438153407634337
0.00011953884934606876
0.00014332662827874765
0.00021436179667021335
0.00045750756937526347
0.0008506067900498363
0.0009317043485753958
0.0007432605666790952
0.00047123506407622027
0.0004122267213897574
0.00045217849543317893
0.0005088312572837659
0.0005670254375739468
0.0006257590852584443
0.0006807591118120105
0.0007313186679000484
0.0007758264230396266
0.0008126422743714308
0.0008406028091988039
0.000926712748674015
0.0009645879195976207
0.0010033209166893993
0.0010501209797295827
0.001142126979436249
0.001227386559525616
0.0013407080719164675
0.0014921919615604648
0.0017331793885721882
0.002325328117451018
0.0036210389938934845
0.004795499558832812
0.004609155719959424
0.004338091619501489
0.005810004212268747
0.018469967797090054
0.0564653456468338
0.09252041547747399
0.07534924625568998
0.0420909194891677
0.044745630754822886
0.05497812775522763
0.039176682183233585
0.019288629350913147
0.012408944036866765
0.011448225210267842
0.01133816980046279
0.011308450236971534
0.011205554604479738
0.010971228863775377
0.010608009907067908
0.010129826790636195
0.009557599200184268
0.008914493377067392
0.008256131822230369
0.007578786384569583
0.006932101008026796
0.006352124373558441
0.0058960983601626426
0.005668240034967446
0.005473801850227402
0.005473152502857018
0.005698134010533265
0.006066481772559639
0.006527920667107374
0.006997112730019281
0.007392936004371715
0.007613686910254533
0.007607779350385566
0.007368938485059171
0.006930548821698187
0.006358057186748756
0.005733778648802965
0.005141042468297726
0.004650190774011125
0.004309651866350119
0.004142846998046299
0.004150905049457485
0.0043144211252427265
0.004604206323457858
0.0049854666162782455
0.005423436563032324
0.005884029291531916
0.0063385994213064345
0.006762089203031888
0.007016551857482426
0.0073430790932288706
0.007599478574962388
0.0077628204256263615
0.007831594952278134
0.007805072623345041
0.007689699196803653
0.007489254358813884
0.007317477659407651
0.007099256423923941
0.0069364516885281665
0.006903034192440842
0.007140516688241836
0.007686148596351841
0.00864742814302648
0.010060724950877656
0.011886689040304103
0.01398678782876399
0.01613492805490158
0.01804829212443784
0.019445569498349146
0.020106420333697115
0.0199223373551104
0.018914202305627834
0.01721786995936633
0.015048414807371294
0.013461116944778225
0.011045374029252503
0.008765541579171138
0.006764545765655562
0.00511714254172048
0.003836181594457201
0.002888057984397284
0.0022124436072994695
0.0017406437479283198
0.0014095947862828345
0.0011698527334755196
0.0009864499954138337
0.0008366919638047751
0.0007106013918252724
0.0006015376666281608
0.0005117174589587304
0.00045940999169134464
0.00041241254356143845
0.0003822845300433891
0.00037413054123424056
0.0003978379548966909
0.0004425063413526096
0.0005093444512687356
0.0006023875942789424
0.0007224009231823466
0.000817818627784504
0.0009848878496879665
0.0011819813838972776
0.0014106463017609827
0.0016719184271251986
0.0019660072015468127
0.00229141884438042
0.0026445282443749805
0.0030192287940565285
0.003409377492934292
0.0038012619252358938
0.004184742086156974
0.004547393729083438
0.004877743912814656
0.005162131556219994
0.005390646651093054
0.005554560518075819
0.005647900639743291
0.005667022376376196
0.00561158395647375
0.005484487513224198
0.005291608974565861
0.005064233940220503
0.005003352852675744
0.005733362694238148
0.007104408438021082
0.007238086275466378
0.0055491715068686515
0.0037821395659979216
0.005150569930825576
0.02224302499457123
0.07830672660128686
0.1360416555061751
0.11129857493586111
0.05033245766185904
0.042840053132596645
0.06953309670873607
0.062293480195413045
0.026247589878537245
0.005520655283625575
0.0009951171320239762
0.0005138077930884576
0.0004364949156771721
0.0003837800496273869
0.0003377512934255025
0.00029697498492843713
0.0002606286801675024
0.00022809354068742705
0.0001989568534943421
0.00017293532651712745
0.0001498116199991563
0.00012942407442649372
0.00011746596570017564
0.00010142523774482045
8.773602617277045e-05
7.62571932208809e-05
6.698841774006378e-05
5.96293480717289e-05
5.3839729065245564e-05
4.9541012271106635e-05
4.661227301930057e-05
4.479242457995525e-05
4.391396731008792e-05
4.543444771140635e-05
7.720129743334601e-05
0.00035203742684030483
0.0013467188946678628
0.002546287333154834
0.002225749043075017
0.0009121349220933178
0.0005287789509778875
0.004432510132543303
0.027317690808623323
0.07799946516103368
0.10252540348559672
0.06347206463675588
0.027081510437644875
0.0356576936804562
0.05040898045863788
0.04810578986530192
0.021295251776995792
0.004393412495391524
0.00048167700273005144
9.283356675921429e-05
7.303001650596609e-05
6.936565791940756e-05
6.549284850861662e-05
6.11890757587667e-05
5.6562849474360786e-05
5.291844505566908e-05
4.8564613416488046e-05
4.4430371936381914e-05
4.068726958374327e-05
3.7488234646132756e-05
3.497208511625759e-05
3.3268265361054515e-05
8.455862591863837e-05
0.00010739620480270606
0.0001401471921740284
0.0001846547822035552
0.0002675253837608037
0.00035579105547300704
0.00046986344694577065
0.0005626724282267679
0.0007306030573215833
0.0009583708950683212
0.0012354195951845295
0.001580667943755131
0.0020096498095687524
0.0025482920691924428
0.0032121052019365706
0.0040147251289378095
0.004959151490081437
0.006027409428666724
0.007175468880394922
0.00833462887312785
0.009420006622945698
0.010344994486230993
0.011037399301937093
0.011452082002085888
0.011576475546935444
0.011428395065831895
0.011048327903783038
0.010489559734391097
0.009808779193730343
0.009058851132084737
0.008283807238952792
0.0075162162376957884
0.0067767448320164335
0.00630485836876694
0.0056315898293196375
0.004999587691443405
0.004407121051120446
0.0038528352274940078
0.00333672657590784
0.0028600742637598514
0.00242477889191356
0.002032565283831146
0.0016843515326597047
0.001379904008481018
0.0011178219253585983
0.0008985916569108552
0.0007162547173499183
0.000570406401065815
0.0004574219523809379
0.0003757962362197739
0.0003236713796970351
0.00029861682537931397
0.0004268320670552272
0.0005861188960896951
0.0009081268715780256
0.0014116999411631235
0.002216834162300594
0.00338801332274341
0.004978222156515818
0.0062978402738292725
0.008599484192386292
0.011178669490638117
0.013804226967288802
0.01615964874398399
0.017990857738600458
0.01913825316944343
0.01950297743138543
0.019094940509470183
0.01803410140518869
0.01650929226641941
0.014814327834998977
0.013107744482570082
0.011614934425578167
0.010526019373207475
0.009984840384262067
0.010149790131535361
0.011004266819463947
0.012560697864816792
0.014716423098002742
0.01727931412928565
0.019972779694700966
0.022470537384147213
0.024455856326592054
0.025673475175111846
0.02599118150519335
0.025730220440798927
0.0246523895465686
0.02279470171157834
0.020324517123072764
0.01759606746319415
0.01485835198436048
0.012250152039140108
0.009885358383170556
0.007841913651775192
0.006150596587515902
0.004799904518530061
0.0037502119748501453
0.0029479756850869484
0.002338727753158152
0.0018748924946993132
0.0015190927965463314
0.0012435882842275674
0.0010281255863659174
0.000857762928968274
0.0007212709600298854
0.0006101734790138166
0.0005182673389193689
0.000440939593714166
0.00037509476207194274
0.00031865434106137134
0.00028553807492718024
0.00024186571291515924
0.00020469292621090292
0.0001733594571949761
0.00015199803628891738
0.00013328059435202782
0.0001200310996135878
0.00011243154746518628
0.00011199138953131217
0.00011833877765311552
0.00013132940866027545
0.0001517742832855003
0.00018033363827899947
0.0002142388919474105
0.0002523198486158796
0.0002922210433728477
0.0003315760796907169
0.00036859544892663235
0.00040219235282320295
0.0004685938557336811
0.0005115727884209931
0.0005584872270098674
0.0006120971408890912
0.0006752373884780884
0.0007741219325449624
0.0008748175393902827
0.0009530987629617602
0.0010889608593716332
0.0012491113686354585
0.00143700780084627
0.00165147046633377
0.0018946999470147738
0.002166862793291524
0.0024675842669457377
0.002795255520711155
0.003146809024334821
0.003517400229668613
0.0039003579054746143
0.0042871917895510835
0.004667840211890894
0.005031087401078213
0.005365093244801378
0.005658110064952144
0.005898991034523495
0.006078251734589527
0.006188177528437457
0.00622365076432244
0.0061825959282134505
0.006065945407488009
0.005879027416287204
0.0056266498117428934
0.0053184972354007164
0.005093110775221058
0.004720105491481108
0.0043230788063349
0.003914157311731389
0.0035048566005253727
0.0031091977612086982
0.002731015316833466
0.0023804909753600634
0.002063815385654535
0.0017857020697579272
0.001549167264707102
0.0013555491297399583
0.0012045765406092708
0.0010944665719269393
0.0010222393611723105
0.0009864277899444811
0.000979169661283432
0.0010044169061064175
0.0010798021638793653
0.001193958673216291
0.0012587201471238897
0.00125827192728653
0.0012752963530590514
0.0013214888826012436
0.001370475267701303
0.0014028524010328025
0.0014502143712162038
0.0014964255212021654
0.0015078793597354616
0.0014783967000297187
0.0014451848797003687
0.001415603342130246
0.001383810762719065
0.0013476612961160702
0.0013093044475402191
0.0012710064549224986
0.0012348703096930415
0.001202733159759847
0.0011753175609845767
0.0011534528238745377
0.0011372462479685749
0.00112633855227206
0.0011198756326003068
0.001116710172433336
0.0011154375304372193
0.0011145130511202711
0.0011123613311210198
0.0011074767165854577
0.001098511959763575
0.0010843508362261699
0.0010641620425465524
0.0010470874842449691
0.0010158790156592464
0.0009780106095096943
0.0009339300050025662
0.0008841158231581882
0.0008295141458783804
0.0007711371798972772
0.0007101495030355677
0.0006477696477885768
0.0005851840045504894
0.0005235398863989467
0.00046387355824595723
0.0004070808097462284
0.0003545778162204956
0.00030594723798839406
0.00026197976190032004
0.00022283467920274604
0.0001886131946782574
0.00015962655110474233
0.00013509299714071165
0.00011506024915619238
9.915795652693727e-05
8.706800210111635e-05
7.862434721502268e-05
7.325468517012593e-05
7.075400850186861e-05
7.05163725339404e-05
7.22388938619479e-05
7.643838844033544e-05
8.20982328541567e-05
8.93189379312617e-05
0.00010337224326062948
0.00011516701503464026
0.00012868226627419784
0.00014378498813749473
0.00016171421532941413
0.00019102221039367812
0.00023583435108148054
0.00032012161835253176
0.0004800361056988582
0.0006329033560538583
0.0005866444256522356
0.00046467214756388165
0.00044437299247438865
0.0005161730074574617
0.000962898523485278
0.0034660995772881494
0.009732342486707641
0.014015571959092258
0.009904789369269041
0.0040272250531406565
0.0026053342470799975
0.004261397784338605
0.007627497187899354
0.007524786171745702
0.004202427239082372
0.0020836317686410122
0.0016342881355302622
0.0016427722259895869
0.0016897971400330098
0.0017289787575681234
0.0017527126465539502
0.0017632446182320367
0.0017614325081123207
0.0017533053133161754
0.0017839717687463965
0.0020159663107787817
0.002466684939950665
0.002547645929905287
0.002073726732042206
0.0016800284620984603
0.0015546166997422453
0.0017377728294515015
0.004008263951551476
0.014710495134497953
0.033513905834719845
0.037389855873778355
0.026884694925967276
0.009915945123526124
0.005697776145410862
0.012810054306611978
0.020823202636567607
0.01678847540544636
0.00699598882187362
0.002240768724699755
0.0012941708859365503
0.0011626036426557959
0.0011003077869615172
0.001049461724253056
0.0010371590349420139
0.0010527434991723546
0.0009960200888819695
0.0008663732139957372
0.0007668764318239883
0.0007119128432393157
0.0006739932137458011
0.0006434815212453871
0.0006191679727673674
0.0006007030087304023
0.0005876055769814809
0.0005792456654266621
0.0005747758808639943
0.000573523157567466
0.0005737906901786845
0.0005751888004145919
0.0005769106836685229
0.0005780078918043122
0.000577616609131515
0.000575132453758455
0.000570732254911605
0.000562519913523795
0.0005506463102379042
0.000535055324070583
0.0005160156480210849
0.0004937995446716817
0.00046863703468748085
0.0004417054471666352
0.0004148810597750774
0.0003879414172480982
0.0003626347958970154
0.0003404711740705171
0.00032267590890195475
0.00031064262242119393
0.00030434501979530713
0.0003167376610271522
0.0003388283567919751
0.0003794846718688232
0.00044856599915238073
0.0005582549256537335
0.0006608694277682774
0.000877488582821661
0.0011663441562726274
0.0015311752607159448
0.001956434562216949
0.002409754307805225
0.0028458869609737907
0.003215679364629783
0.0034784788942018433
0.00360705196965464
0.0035970814753658966
0.0034614377920778473
0.0032242762520763657
0.0029143793889142527
0.0025590514051371644
0.0021835674856053866
0.0018107879028634469
0.0014627659129963517
0.001153653218979268
0.0008947619213505253
0.0006913422901976056
0.0005419735650663595
0.00044123262227723496
0.00038048905815380276
0.0003500293086263399
0.0003428998008878659
0.00034701542495105844
0.000395564212632361
0.00046236014570396385
0.0005666061808363134
0.0007295812400941465
0.0009782857299817764
0.0013428267685484812
0.0018733035940064675
0.0025524107300491762
0.0033757997202277595
0.004293054307381197
0.005221241485806024
0.006060747157322646
0.006713965411586165
0.007112216203268788
0.007227208299097303
0.007071711975880901
0.0066942154585984265
0.006198737119149932
0.005756627397326335
0.005318088291657891
0.004510015826628676
0.0034647227384362062
0.002616735576527152
0.001999389360438954
0.0016922893569975997
0.0017140346190203744
0.004670448134761556
0.014763230814381753
0.025044110914382082
0.020383301757460354
0.008153976698582033
0.002481419291351637
0.0042764579087656365
0.010565438947648668
0.013397787300853723
0.009788398791060048
0.008890747528228951
0.010410719571463816
0.007259009424153965
0.0026964186054957893
0.0010998278990888319
0.0022491121673106746
0.004794651373506227
0.005282244178499031
0.0029284841681718916
0.0010373889799007554
0.0005221251876638763
0.0004783770184152243
0.000495715320507586
0.000516747908840168
0.0005303073674157959
0.0005494061249141206
0.0005661966285696452
0.0005798005238854042
0.0005894384093696411
0.00059451594711624
0.0005950346726407127
0.000593549779081118
0.0005920973208401104
0.0005829455872300587
0.0005571260610626973
0.0005249536161024846
0.0004956327740630183
0.00046682832966627564
0.0004370128790321536
0.00040678756199376487
0.0003769564990425529
0.0003481953207551928
0.0003210879618600941
0.0002961223457485252
0.0002736542645695622
0.0002725747504005115
0.0002666031464041739
0.0002649027015946647
0.00027015924863702624
0.00027948920750700253
0.00030030638512246416
0.0003425400789328731
0.000394049233658289
0.0004698154674653757
0.000572212701080938
0.0006861862215935941
0.0008091603176297929
0.0009612235780133898
0.0011443298602564292
0.0013486457264786065
0.0015659134394869377
0.0017890689618130953
0.0020117010481444614
0.0022284764640023522
0.0024354457659134495
0.002628615580940736
0.0028046198397151784
0.002959557895323568
0.0030895793829106106
0.003194776660067219
0.003293531796396355
0.0034059553766788947
0.0034553644562080677
0.0033689990575368725
0.0032234669107426596
0.003136414155536881
0.0030083206703023974
0.002869714887691548
0.002818869885879319
0.0035128048856569094
0.006063180083733704
0.008619365759295658
0.007218232058874039
0.0038388120522786324
0.002142230878739792
0.002262383828679622
0.003705860478440516
0.004840029429502433
0.003809402954774474
0.0021561339442892668
0.0014807494872286417
0.0014002086230976139
0.001447068337079183
0.00151678692401896
0.001596280838692715
0.0016799324123914525
0.0017620337295140714
0.0018501627592060802
0.0019299756698217465
0.002006879683769552
0.0020885656256356957
0.002151186618999639
0.0022683122240037485
0.0024267346803531166
0.0026503901195828344
0.0029260949389226885
0.003246617897867015
0.0035817118510720856
0.0038884548366068306
0.004120969327607175
0.004242333028424722
0.0042338663788684255
0.004098185254237512
0.0038555233458252144
0.0035332580897195227
0.0031598251300148684
0.0027581802007966096
0.002346301536679943
0.0019394661039041756
0.0015527950986211822
0.0012009327005221779
0.0008968040723211152
0.0006483701992976025
0.00047172208946147685
0.000339949755505303
0.0002550741389388888
0.0002195295686212608
0.0001909866475027716
0.00018587233945462268
0.00021388605030104904
0.00033189107002914287
0.0006742466790315472
0.0010567807871846653
0.000996817997765233
0.0007054617680612083
0.0006167296754088482
0.0007003788534128473
0.0008537758639809677
0.001305468166593936
0.004010425044775628
0.014182571640163632
0.02869994840588368
0.028815806425082646
0.0150641067551941
0.005819892052260111
0.004768559953240262
0.009700986851055127
0.017448750443771924
0.017904934283016656
0.010541525474300666
0.0052417444374872075
0.0038084022921870617
0.0036098681469357912
0.0034751873958426467
0.003343661882667108
0.0032014694607010283
0.003064675696961552
0.0029355621648869154
0.0028274834815853354
0.0027518170628795186
0.002717510311948552
0.002731545448329293
0.002800438389440384
0.0029200213493987296
0.00308014265967005
0.0032635856461942403
0.003444942226783237
0.003592523299853535
0.003676564530578084
0.0036826560923984347
0.003608403889244794
0.0034605595103185632
0.0032531207280290407
0.0030027529361801903
0.00272420793514137
0.002429104368301989
0.002126601026329094
0.0018257114182298083
0.0016310208309578955
0.0013587342937933034
0.0011116363298981475
0.0008991557202844716
0.0007243280567967745
0.0005872728376837069
0.00048320233954102514
0.00040928081968839554
0.00035732503036736024
0.00032370475367012605
0.0003171359609857848
0.0003231610228427121
0.0003496386954171212
0.00040165711545726856
0.00048618308042885206
0.0006100098420144215
0.0007823769622213707
0.0009955550834261648
0.0012419658657438772
0.0015026032358705006
0.0017521231561750672
0.001964230376436641
0.002118028461363885
0.0022028120286743504
0.002219348211626092
0.0021772406863627487
0.002123079927268296
0.002012408974398135
0.0018754151086024982
0.0017191925518743674
0.0015491846115939514
0.0013713036791775126
0.0011928800370183484
0.0010220835261224406
0.0008662808502062698
0.0007348070973125075
0.0006230202299989213
0.0005318827744149383
0.0004589810248313693
0.0004009226911262287
0.0003555087772400228
0.00032005909719802955
0.0002961215970787083
0.0002785250954318401
0.0002696098738129274
0.00027029577114658803
0.00028034569826815975
0.000300830624209801
0.00033190122361260283
0.0003733902357953205
0.0004255614415228684
0.00046607795773994965
0.0005347028399829157
0.0006112675135508162
0.0006933460724678101
0.0007983971950180844
0.0009074399883233748
0.0010317825230389739
0.001182855806825007
0.00137450467808736
0.0016218060273536074
0.0019420937620705351
0.0023337443562454377
0.0027805503488404003
0.003251780888416874
0.0036998836962726157
0.004072362216684347
0.004325571822007813
0.004434006868089857
0.004399691369507645
0.004249126129673241
0.004014576905715749
0.0037077460887858437
0.0033462229882036997
0.0029660069752472837
0.002582208685529056
0.002199886121191194
0.0019510956265387576
0.0015985423228067595
0.0012845532793547758
0.0010208584958173671
0.0008125675127458317
0.0006575213578504278
0.0005483963654534765
0.00047506548807280753
0.000427437844953628
0.00039694861678654734
0.0003770720917694875
0.0003634222666882302
0.0003531089682069486
0.00034434044171256415
0.00033585985620449677
0.00032683866929224975
0.0003176378616225205
0.0003142834038268736
0.0003346014350127393
0.0003685200295866492
0.0003509521494715769
0.0002910172600422815
0.000249846685796728
0.0002314353272482506
0.0002200989840119269
0.00021270605690686296
0.00022270619942576153
0.0003971555039187834
0.001311934988060842
0.0031164016506602665
0.0037623830575269452
0.0022750319375549675
0.0008164938125055472
0.0003662702515256697
0.0005341759725238801
0.001300710619090645
0.002184744371120906
0.0019774511665687847
0.0010692456980354432
0.0005842172315082356
0.0005111366475671451
0.0005418079463325939
0.0005978393008950845
0.0006937336387614634
0.0007844251324086849
0.0007790105227436218
0.0007285858888417235
0.0007125613368575126
0.0007187821466625882
0.0007302702458636747
0.0007396378222356762
0.0007699156229108577
0.0011220404066503839
0.002751781838032268
0.005581091966464831
0.006158737506031884
0.003616206285169432
0.0014682748628965007
0.0008484597958345527
0.0011064753835190243
0.002282430458616724
0.003599514589321212
0.0031803832306365356
0.0017044583485728117
0.0009101584267148135
0.0007539338551481947
0.0007557081791221372
0.0007758041451254436
0.000799026422316368
0.0008244346637411106
0.0008516581760952354
0.0008801996663604614
0.0009094742398652944
0.0009382013637883529
0.0009640630612596595
0.0009847423173784476
0.0009976824890179684
0.0010009064389461624
0.0009965723155276746
0.0009808687610561415
0.0009544858144886236
0.0009188977821731895
0.0008757728921513138
0.000833589999025548
0.0007895290433744558
0.0007487397781231663
0.0007186650917919272
0.0007082559905296571
0.0007277882366512907
0.0007866425314080265
0.0008935634726398384
0.0010443057283278984
0.0012259836216129399
0.0014182162626889213
0.001594455928172241
0.0017292592748360549
0.001805235127803601
0.0018173684593150142
0.0017728797168184212
0.0016867970318572556
0.0015754457761551863
0.0014510556624996091
0.0013196566711007741
0.0012289239892202958
0.0010881551634111673
0.0009431083396779391
0.0007981742487873483
0.0006603824303881844
0.0005372882367037363
0.00043456644186832383
0.00035453822504571665
0.00029596703683156103
0.0002552270744062465
0.00022754813660140128
0.0002082963294208161
0.00019373177778756793
0.0001812786138527462
0.00016943776211182158
0.00015742963215099388
0.00014505428292388965
0.00013242641392674642
0.00011969634430933797
0.00010713997534888932
9.500961193826768e-05
8.351919110133326e-05
7.286143258593867e-05
6.354881166487594e-05
5.841683695159517e-05
6.282195915211308e-05
6.827833192160968e-05
6.40790614653033e-05
4.4751090121574434e-05
3.0194303510321313e-05
2.431159682584842e-05
2.1523834647873884e-05
1.9608304593018965e-05
1.819954652066533e-05
1.718261128433661e-05
1.6935662640477153e-05
2.3120680810578268e-05
5.812151097208207e-05
0.00013633733535552858
0.00017315227719654457
0.00010994583827281894
4.323102458839893e-05
2.260197667347288e-05
2.144236257601228e-05
2.3276153911618726e-05
2.5673167905960385e-05
8.08435279844195e-05
0.0005718709579424548
0.0025855951412934587
0.005591606206831636
0.005705365106773292
0.0038577908651656707
0.0012235232672426642
0.00025755504208069686
0.00022954801217288723
0.0009446650153913066
0.0025318667529993237
0.003325143087331768
0.002114066012732461
0.000713555123967407
0.00022021037955060065
0.00015461033001507434
0.00016453990834678378
0.00017933780201809105
0.0001982700820262278
0.0002255593305778064
0.00026651052612744735
0.0003268782490284411
0.00041178663411873656
0.0005284577705178758
0.0006743946322015549
0.0008248076630464518
0.0009523145933297544
0.0010566582899963037
0.0011342979307261264
0.001172996835198786
0.001170274636951964
0.001148887241009932
0.0010976641783371948
0.0010549267797140644
0.0011568908658284472
0.0015778753824100165
0.0019143228527959129
0.001548922915458168
0.0009180621357555864
0.0005676725483230007
0.0004316699980098348
0.00041781402715987447
0.000588742871712622
0.0007851666501167943
0.000643586344453655
0.0003203010271722925
0.00014739600335447194
0.00010405737697982508
9.559620462079439e-05
9.411727892284861e-05
9.577980896384432e-05
0.00010155995255118189
0.00010869690962884469
0.00011780094142643643
0.00012887952706766443
0.00014209007524835905
0.00015718374231331322
0.00016923735166509015
0.00019519249228633814
0.00023392211229708893
0.0002627345592558029
0.0002682182589400032
0.0002743854340432748
0.00029223129869294104
0.00031500031640873766
0.0003387219202205511
0.0003627339632484351
0.0003869717916247532
0.00041074103625879583
0.0004340748210484996
0.00045669500968596364
0.00047841070823123914
0.0004989718053405302
0.0005181017451438519
0.0005354002210033176
0.0005505132985421649
0.0005625482652237892
0.0005708791108350607
0.0005794519954219324
0.000584529519778539
0.000589682832540571
0.0005991904779008128
0.0006106670536587416
0.0006407903151034836
0.0006941389758164523
0.0007778383551577064
0.0008870084565681478
0.001003042420741182
0.00112225283333531
0.00123589314006113
0.0013241332023655262
0.0013711538630913236
0.001371507838477927
0.0013305973432006235
0.0012586520298612414
0.0011700247161244002
0.0010766368172173575
0.0009836001357228146
0.0008916806304172352
0.0007984588547936009
0.0007023383585362453
0.0006037571826907406
0.0005068079197200554
0.0004175552075616997
0.00034174162429840866
0.00028315383968114473
0.0002435809998651615
0.00022050305358668886
0.00021301801052111475
0.000211055640640611
0.000217092937039301
0.00022811142781655074
0.00024178780238600536
0.00025669631908771876
0.00027138392866291695
0.00028507304614427633
0.0002974703959884891
0.00030961998176841534
0.00032827098579600643
0.0003773702850799795
0.000462140962018819
0.0004867979698781022
0.0004107626235820036
0.0003413116095178261
0.00031654792338851314
0.00030674733069695534
0.00029757850421042477
0.0002872262203506059
0.00028476301598414066
0.00040644484161091534
0.0013470588932374557
0.004122773092015752
0.006629449785965985
0.005233132120496346
0.0030788799948367404
0.0009058516108127886
0.0002884488137883589
0.00029830798407823935
0.0009172387874980622
0.002496156581705477
0.003585577875823164
0.0025454581273216116
0.0009644431412591765
0.00031156838282386774
0.00021039459588508694
0.0002184859621545794
0.00023894618195914122
0.00026402932872065366
0.0002931727105099932
0.0003263169454784339
0.00036323299529746294
0.0004049245969556803
0.00044903088723528
0.00049531326899574
0.0005426536933569578
0.0005899224187494675
0.0006358374683227272
0.0006867859948701843
0.0007360705700106896
0.0007706916184744021
0.0008283117526613245
0.0008977198994430208
0.0009848697730602822
0.001094274528391197
0.001226909396670863
0.0013819037866231807
0.001543283646350417
0.0016961942023155422
0.0018216439946665895
0.0019033180947530266
0.0019323435483209763
0.0019097282637959958
0.0018469365187147992
0.0017574211956182973
0.0016571455425379742
0.0015549332606154362
0.0014548258383243588
0.001355672863718214
0.0012545206003024066
0.0011500424076681193
0.0010430309816439319
0.0009367137541622921
0.0008358063773581415
0.0007424238484715557
0.0006598705661049479
0.0006099607024817989
0.0005436797263368193
0.00048745190397209604
0.0004407796359659057
0.00040346944070655957
0.00037491514679267233
0.00035347530116927367
0.0003381914347673227
0.0003245724086120775
0.00031316810980873975
0.000304392090038493
0.00029846448908532846
0.00029688897067478424
0.0002996989697800241
0.0003075951445914269
0.00032140604191504874
0.0003427718955610638
0.0003797742436285446
0.0004286668503043041
0.0004568381685823664
0.0004601150032030053
0.00046820979387419357
0.0004886496321270784
0.0005132680208407555
0.0005397801962814202
0.0005717988266430473
0.000595418274238095
0.0006180827572425979
0.0006224194236467763
0.00062472985632525
0.0006313139375403782
0.0006376561349710912
0.0006411828924081707
0.0006415189543812897
0.000639271913791465
0.0006338476435140868
0.0006257726209001709
0.000615337611393604
0.0006029079516790728
0.0005888426758558328
0.0005735048413232909
0.0005572298380710005
0.0005406507818548409
0.0005240563985335448
0.0005070461142404171
0.0004900317518000142
0.00047313730989269765
0.0004564105299812047
0.0004411927735570125
0.00042558031058840114
0.0004104440103152771
0.0003960789290393272
0.000386943634977131
0.0003738848295783155
0.00036201471936031076
0.0003516080276671482
0.00034295442738763057
0.00033731212155813095
0.0003333842508664488
0.0003320195919586878
0.0003338867413476597
0.0003379693745053451
0.00034430028486342746
0.0003525397490707435
0.0003646941768460181
0.00037859715582866073
0.0003958523791956266
0.00041821549576939943
0.0004482431744990534
0.0004880512515073196
0.0005394977633998892
0.0006032005899571736
0.0006781443219999931
0.0007582645825048149
0.0008352368882877551
0.0008997153626555968
0.0009431265625442074
0.000957613418011872
0.0009569615014551649
0.0009331021600236379
0.0008946730052400611
0.0008504376498642575
0.0008016952491141121
0.0007480957817088593
0.0006954380055804893
0.0006440741113882716
0.0005904345966637383
0.0005320177673567279
0.0004707609085895864
0.00041188934051447277
0.000362641546367078
0.00035176990600217377
0.00039123746846354786
0.0003849872715743936
0.0002923331983011906
0.00021974758327719004
0.00020296550575365824
0.00021010842217668755
0.000223630873205005
0.000238257468442438
0.0002508307346789774
0.00026789236948729833
0.00041063429749711754
0.0008884159544284817
0.0030880651379721056
0.0061556896656649795
0.006061520050866962
0.003053518486319339
0.0009398649689248633
0.00032257398396863155
0.00024643926313191376
0.00044996134421846224
0.0014266329603539467
0.00309396415629127
0.0034172433341814155
0.0018860313721726025
0.0005879717058539792
0.00018856895757036408
0.00012818042422830424
0.00011831369243877314
0.00011301827520873388
0.00010894544843333255
0.0001063884887159587
0.00010492066150607286
0.00010493982386932539
0.00010698186106745812
0.00011134185515963087
0.00011856615334904862
0.00012912007338951293
0.000137821396167953
0.00015316864060463262
0.00017064656438934493
0.00018832402950569023
0.00020489676296966193
0.0002184105116721387
0.00022792833908515152
0.00023325561438386358
0.00023498533935130316
0.00023435529809139215
0.00023240455882419855
0.00023000600369049918
0.000227465888035425
0.00022581263101679596
0.0002221966241247194
0.0002174475106412357
0.00021123139190836273
0.00020384202078570384
0.0001964350797843297
0.00018954260077832906
0.0001843603846235837
0.0001815082540651696
0.00018257053486363015
0.00018688783510867313
0.00019524946550544245
0.00020291086278636521
0.00021757653622889335
0.00023573019271366628
0.0002564876895428133
0.0002790251429764517
0.00030213901055928304
0.00032490726461756276
0.00034661030618899323
0.00036705115722377596
0.00038583520788266525
0.0004067361721399614
0.00042703550861644186
0.0004495451721877603
0.000476900718069388
0.0005122752862806433
0.0005591813094662297
0.0006205012925224705
0.0006970069601415812
0.0007857765748819482
0.0008824298602559384
0.0009722077944206209
0.0010436871916299905
0.0010856419117255363
0.0010919449001691567
0.0010636531441406943
0.0010086321782761891
0.0009629408893338693
0.0008901667212199745
0.000823004785445485
0.0007796460498029958
0.0007908159726229884
0.0008493970740252544
0.0008324841701113348
0.0006665806827430389
0.00048639909469779257
0.0003735543874440819
0.0002954515759906137
0.00022930345697357336
0.00017183750259883496
0.00012529213973650583
9.08473128320721e-05
8.526983060706978e-05
0.0003303233488451853
0.001939053986506125
0.005930649962650324
0.008557891023999271
0.005961588950001381
0.002118807602336844
0.00041334408366101123
5.208854058864378e-05
4.7208852439393574e-05
0.00038146992143115274
0.0011630760987355335
0.0033343101887547827
0.004519243264974252
0.0029301228387587377
0.0009228406913234724
0.00014897797831475517
2.1729737192009414e-05
1.4496815527891322e-05
2.159947166026566e-05
5.0205529652207534e-05
0.00011020677879696986
0.00014355081727632555
0.00010787382511699067
7.063358821430417e-05
6.588106029381066e-05
7.464148016015989e-05
8.551690304363695e-05
9.70943763246564e-05
0.00010958064313084966
0.0001229411039732786
0.00014491159312007455
0.0002644978944058558
0.0009787107944704309
0.0029041545086722765
0.0044576459318358425
0.0034236024118457636
0.0020490818687000107
0.0007235520570373263
0.0003550610620326889
0.00031938651859358616
0.0003819220396127155
0.0007419589502112786
0.0017351299530254543
0.0026154672201438786
0.002132602058357927
0.0010656053438744828
0.0005543954240340272
0.0004707599951092346
0.0004895359711145169
0.0005210667091575769
0.0005534372348436842
0.0005799441844846258
0.00059623520035953
0.0005987463992864647
0.0005864177494231279
0.000560992409869054
0.0005269063957369043
0.0004913647436781773
0.000464146042877239
0.00044317452414389307
0.00041036990963941024
0.000382280015067055
0.00034398936779774815
0.0003118677692031627
0.0002800017479253062
0.00024649696440359677
0.00021265226474265997
0.00018065041150806666
0.00015242873207651564
0.00013059317189679598
0.00013223469532566576
0.00026359785651602165
0.0007013852290065819
0.0011413162737586365
0.0009581547045597232
0.00045352152053977933
0.00017648164421688595
0.00011021345574495544
0.00010770732801091574
0.00012720125931514438
0.0002240489772338485
0.00048102113612349235
0.0007010758286206286
0.000575460901100028
0.00030959467974842015
0.00018383959548000443
0.0001621959075439565
0.0001627540766344962
0.0001669230734802092
0.00017517618930267318
0.00018565528740138355
0.00018488026228721837
0.00017256387682806836
0.00016247275069060374
0.0001563306461017736
0.00015070067363137792
0.00014460258014057978
0.00013802250721698525
0.00013125562492503497
0.0001245659078667038
0.00011807047641338579
0.00011181840097471542
0.00010576094499744219
9.966090178060241e-05
9.330757587338144e-05
8.65594727138387e-05
7.933715100924022e-05
7.76575341393994e-05
7.71615342208117e-05
8.247870376389413e-05
9.778618019952857e-05
0.0001269286749755711
0.000173881848869378
0.00021660301281849754
0.000296627504750024
0.0003917946595482187
0.0004952595001481129
0.0005932636936489186
0.0006724236116433492
0.0007221047304771523
0.0007372854669028386
0.0007206475838970014
0.0006818475947188843
0.00063391136711873
0.0005891332608782295
0.0005554506196452682
0.0005343655323830285
0.0005216686753289692
0.000509875709329166
0.0004919698261590961
0.00046387504399347405
0.00042565476663269713
0.0003809186467008468
0.00033503253232248343
0.0002932101586633536
0.0002590278444127671
0.0002343899337606861
0.0002182330275746336
0.00021154205701744388
0.0002061443153124974
0.00020461245912099034
0.0002053876978947284
0.0002073398018306294
0.00020964071860530648
0.00021154507934949897
0.0002122807273344176
0.0002110252438156428
0.00020695134778663928
0.00019950785109937178
0.00018856146761633206
0.0001874019114505795
0.00018620927228384603
0.00019595263254869517
0.00022643695889492876
0.00028871994582118493
0.00039408190986336023
0.0005509664061611316
0.0007608207619257056
0.0010145143675014143
0.0012937616894987344
0.0015625187490197893
0.001784140516044745
0.0019285073685315344
0.0019795764555591315
0.001963113224270225
0.001878443825598912
0.0017520390491386718
0.0016207451455597832
0.0015134556498208813
0.001443044395374903
0.001404542910909095
0.0013798171456456908
0.0013463805420208107
0.0012871901837504954
0.001194560380129569
0.0010731485871193762
0.0009363953250929221
0.0008007856447750502
0.0006806855237655627
0.0005849797125834019
0.0005161425120905529
0.0004712784932158139
0.00044443841400239954
0.0004282725348824304
0.00041602323971107983
0.00040296945264750974
0.000386529254435337
0.0003662683721422019
0.0003433710475626509
0.00031975974625679705
0.0003045694093132317
0.00028355210504757644
0.0002649505586608986
0.0002481956418822914
0.00023209880883014736
0.00021544352271636632
0.0001976891333637818
0.000179087990484452
0.00015916439159768036
0.00013745594934416852
0.00011622921518060057
9.754972354928059e-05
