Y :49.0% Calcite, Diffracto n :352
N :Gibbsite
Y :51.0% Dolomite, Diffracto n :374
N :Hematite
0.0
0.0
0.0
0.0
0.0
0.0
0.0
0.0
0.0
0.0
0.0
0.0
0.0
0.0
0.0
0.0
0.0
0.0
0.0
0.0
0.0
0.0
0.0
0.0
0.0
0.0
0.0
0.0
0.0
0.0
0.0
0.0
0.0
0.0
0.0
0.0
0.0
0.0
0.0
0.0
0.0
0.0
0.0
0.0
0.0
0.0
0.0
0.0
0.0
0.0
0.0
0.0
0.0
0.0
0.0
0.0
0.0
0.0
0.0
0.0
0.0
0.0
0.0
0.0
0.0
0.0
0.0
0.0
0.0
0.0
0.0
0.0
0.0
0.0
0.0
0.0
0.0
0.0
0.0
0.0
0.0
0.0
0.0
0.0
0.0
0.0
0.0
0.0
0.0
0.0
0.0
0.0
0.0
0.0
0.0
0.0
0.0
0.0
0.0
0.0
0.0
0.0
0.0
0.0
0.0
0.0
0.0
0.0
0.0
0.0
0.0
0.0
0.0
0.0
0.0
0.0
0.0
0.0
0.0
0.0
0.0
0.0
0.0
0.0
0.0
0.0
0.0
0.0
0.0
0.0
0.0
0.0
0.0
0.0
0.0
0.0
0.0
0.0
0.0
0.0
0.0
0.0
0.0
0.0
0.0
0.0
0.0
0.0
0.0
0.0
0.0
0.0
0.0
0.0
0.0
0.0
0.0
0.0
0.0
0.0
0.0
0.0
0.0
0.0
0.0
2.748406857122956e-35
5.236006996774745e-35
9.511488691696025e-35
1.3791034286386656e-34
2.314161091064532e-34
3.702707615992331e-34
5.649035894450271e-34
8.217852313060963e-34
1.1399122288800472e-33
1.5076952837555075e-33
1.901449618804487e-33
2.286573426731413e-33
2.621890586271066e-33
2.8666393582216475e-33
2.9885507643693333e-33
2.970826560980331e-33
2.815937697497968e-33
2.5450590805413717e-33
2.1973175701248494e-33
1.8083381722332817e-33
1.4210627591183295e-33
1.0679245616017888e-33
7.699062528472128e-34
5.361058115025528e-34
3.6574960674053483e-34
2.514914331340664e-34
1.8283900098104035e-34
1.48896034816652e-34
1.4007270193948263e-34
1.4432529382251371e-34
1.6158425623327438e-34
1.881310953033574e-34
3.0292205396863555e-34
4.17715219016805e-34
7.022779849404902e-33
1.3775206901185463e-32
2.4744509924647914e-32
4.256786875446393e-32
7.001299918646458e-32
1.0999292311581507e-31
1.649725209845065e-31
2.3614986073495595e-31
3.2256382389588636e-31
4.2038684569997425e-31
5.227086366012267e-31
6.2005413543855465e-31
7.016938181138795e-31
7.575416727181404e-31
7.801919944540986e-31
7.6653044691414345e-31
7.184362659402845e-31
6.423573567202717e-31
5.478908083269043e-31
4.458133249894546e-31
3.785161633673232e-31
2.8572301137790477e-31
2.062145872912676e-31
1.4267296890620176e-31
9.541087561612752e-32
6.269778056961771e-32
4.191020370337415e-32
3.0265119962219433e-32
2.529687670208005e-32
2.5076595286481104e-32
2.823525989548237e-32
3.387123241991022e-32
4.1412606527073934e-32
5.048151338736858e-32
6.078427065806365e-32
7.203461699005503e-32
8.390820129093942e-32
9.602306744019082e-32
1.0794048421098798e-31
1.1918109842998547e-31
1.2925195634207533e-31
1.3768013099467024e-31
1.4404863896393472e-31
1.4803030869848963e-31
1.494155291791599e-31
1.4813050185732935e-31
1.458184251342023e-31
1.4030315316247303e-31
1.3259474939425287e-31
1.2308047684325115e-31
1.1221632523758024e-31
1.00490967237687e-31
8.838981061878674e-32
7.636276691597491e-32
6.479857677052981e-32
5.400745579775917e-32
4.4212644628122845e-32
3.5550349360597796e-32
2.80766920692306e-32
2.1779744074921445e-32
1.6594510770235206e-32
1.2418840855781863e-32
9.128568445882476e-33
6.590667083350301e-33
4.673704317622099e-33
3.255354790514657e-33
2.227105202422636e-33
1.4965406562645873e-33
9.877379974280763e-34
6.403250998235541e-34
4.077226912654013e-34
2.54996897285433e-34
1.84636721621505e-34
1.1207214010531895e-34
6.681640028963025e-35
3.9126803275809125e-35
2.250461557072694e-35
1.2713783865858227e-35
7.054790073971497e-36
3.84502759525625e-36
2.0583582689477143e-36
1.0823024998111513e-36
5.589623830845278e-37
2.835455056992645e-37
1.4127628161259464e-37
6.913883832519991e-38
3.323389667623361e-38
1.5690863487414869e-38
7.27643808278765e-39
3.314341604908185e-39
1.4827985502732737e-39
6.515886414692327e-40
2.8123627467006545e-40
1.1922728510655077e-40
4.964625165984356e-41
2.0305036107748598e-41
8.156945440787674e-42
4.3969043782374946e-42
1.7142794271595356e-42
6.5648177138436735e-43
2.469279097734244e-43
9.122715270574e-44
3.3104304595689895e-44
1.1799163008134262e-44
4.130706001577022e-45
1.4203771911695095e-45
4.7972171318461205e-46
1.5914071457463154e-46
5.185366155324962e-47
1.6595246309662457e-47
5.216678518703676e-48
1.6106845278530617e-48
4.884643612254321e-49
1.4549939873279586e-49
4.256918821072944e-50
1.2233066083775017e-50
3.452876027276494e-51
9.572652255410716e-52
2.6066884771997052e-52
6.971904827903326e-53
1.8315515578708177e-53
4.725982796938177e-54
1.1977614169078555e-54
4.749252705267637e-55
4.788413533648094e-35
9.194510378335468e-35
1.6834283937531504e-34
2.9389335826063777e-34
4.8923101092274454e-34
7.765461433720275e-34
1.1753024441912438e-33
1.6961376494242275e-33
2.3340041949420387e-33
3.0624658397783917e-33
3.831509941499478e-33
4.57085814479007e-33
5.199416556104824e-33
5.6394995332655075e-33
5.832511452687651e-33
5.751746254080203e-33
5.4084512475252135e-33
4.8492570192974705e-33
4.145783033062842e-33
3.379613369035864e-33
2.6269787026005716e-33
1.9470413157836222e-33
1.3760140409172755e-33
9.272559880411005e-34
5.958068755136204e-34
4.320747729619599e-34
2.5645622538464843e-34
1.4514319010493328e-34
7.832658022168894e-35
4.030424123257321e-35
1.9775224224849758e-35
9.251692004940515e-36
7.420884740157138e-09
1.1086472153283632e-08
1.6266944719845075e-08
2.3441939847971836e-08
3.3178445913564024e-08
4.612044280104766e-08
6.296596055408007e-08
8.442928933892653e-08
1.1118734770887928e-07
1.4381114481839774e-07
1.8268574161668412e-07
2.2792486050819644e-07
2.79288902158516e-07
3.3611709100118363e-07
3.97285257562133e-07
4.6119993674641047e-07
5.258367857885728e-07
5.888268785365046e-07
6.475886433955507e-07
6.831137568951113e-07
7.290593029632363e-07
7.64201026447903e-07
7.867329023993801e-07
7.95466594534936e-07
7.899352881904622e-07
7.704350285698362e-07
7.379984697020725e-07
6.943042736354962e-07
6.415332225539462e-07
5.821882031584251e-07
5.188987046730526e-07
4.542309349745149e-07
3.905222346285854e-07
3.2975376243211485e-07
2.7346936946058773e-07
2.2274222582921783e-07
1.7818508853539563e-07
1.399958285635172e-07
1.0802736164326634e-07
8.187048811694746e-08
6.093908458332803e-08
4.4549148603273433e-08
3.1985844899409596e-08
2.2555433669485823e-08
1.769156124827686e-08
1.2106475897420385e-08
8.13662422293235e-09
5.370883261150801e-09
3.4819465694180294e-09
2.2170394874717725e-09
1.3864355644238487e-09
8.515318335492574e-10
5.136615078035029e-10
4.095860464386944e-08
6.075516303454787e-08
1.6293858062963948e-06
3.110891360136945e-06
4.583157633135823e-06
6.632895791777188e-06
9.429694239870412e-06
1.3168823552190807e-05
1.8065527057695174e-05
2.4344908261406673e-05
3.222694551096032e-05
4.190668834796524e-05
5.353039733511211e-05
6.716921573021076e-05
8.279279721471074e-05
0.0001002460121405901
0.00011923225238427374
0.00013252781527874768
0.00015301012146248444
0.00017353416399861824
0.00019333095933078814
0.0002115774169726034
0.0002274513984205695
0.00024019238114690076
0.0002491615875057313
0.0002538949921070233
0.00025414309231833263
0.00024989269839007677
0.00024136809460615597
0.00022901142926814376
0.00021344471997205086
0.00019541801805022987
0.0001757497389208835
0.0001552657390972661
0.0001347433711011749
0.00011486559651383898
9.61885295340279e-05
7.912383053930264e-05
6.393548716013159e-05
5.074897255093412e-05
3.956972834896e-05
3.0307446967247576e-05
2.280268733866987e-05
1.8676913432583487e-05
1.3640352016772709e-05
9.785796821210761e-06
6.896311056629241e-06
4.7740547789419276e-06
3.2464425918205623e-06
2.16859116435093e-06
1.4229744697201095e-06
9.17203764100443e-07
5.807425657431705e-07
3.612022120050875e-07
2.206814569393924e-07
1.32443227589493e-07
7.808037668959578e-08
4.5217028521386164e-08
2.5722302557428658e-08
1.4373584441085514e-08
7.889826367497386e-09
4.254187333003158e-09
2.253264879227757e-09
1.1723411593941267e-09
5.991582526207271e-10
3.0079767202354863e-10
1.48337992986109e-10
7.185796681731907e-11
4.388483935853046e-11
2.0635283116921124e-11
9.531248670055878e-12
4.324462769690813e-12
1.9273342896892378e-12
8.437697937496387e-13
3.628544417567118e-13
1.5327874942896102e-13
6.360217489445535e-14
2.5923997163601978e-14
1.0379379685757746e-14
4.0820630835279e-15
1.5769805498690816e-15
5.984263337562558e-16
2.2306539574005e-16
8.167521007462384e-17
2.937543195366774e-17
1.0377998229918499e-17
3.601451991419189e-18
1.2276533227671957e-18
4.1106196674395696e-19
1.3519842797971908e-19
4.36785417900294e-20
1.3861049247667025e-20
4.3207078961035964e-21
1.3229513209136603e-21
5.950492685288195e-22
1.7684413153358588e-22
5.1624604655444584e-23
4.1410429927270846e-07
6.210880527330068e-07
9.148956172192524e-07
1.3236246763296056e-06
1.880758785484684e-06
2.624679500863416e-06
3.597446927750012e-06
4.842698685926329e-06
6.402586232095388e-06
8.313776801949662e-06
1.0602693852144114e-05
1.3280334629258964e-05
1.63371670965425e-05
1.973873969962687e-05
2.3422703717488247e-05
2.729792058275429e-05
3.1246188117108186e-05
3.5126870233100135e-05
3.878437574760587e-05
4.205804594324114e-05
4.4793635593502196e-05
4.685527273792882e-05
4.813661685661815e-05
4.8522112669579044e-05
4.8374336626288376e-05
4.7365843862297305e-05
4.5550219247701255e-05
4.3022000450410924e-05
3.990852395023837e-05
3.6359312794518235e-05
3.2534235299931826e-05
2.859173279414454e-05
2.467830262954876e-05
2.0920161408005898e-05
1.741765613714111e-05
1.424260172016028e-05
1.143836322466043e-05
9.022219174421406e-06
6.98936625476734e-06
5.317863195191909e-06
3.97384989704767e-06
2.9164913496058427e-06
2.1022524280332477e-06
1.488277681180619e-06
1.0348037913626077e-06
7.066542733549957e-07
4.7394822823649124e-07
3.1219773982608445e-07
2.3399957247845383e-07
1.4957952209346257e-07
9.390833807702548e-08
5.790433846527568e-08
3.506654594435759e-08
2.0856902536340876e-08
1.2183766564464366e-08
6.990178459284428e-09
3.93885409201078e-09
2.179849245011167e-09
1.9407242775194304e-06
3.776446277008035e-06
7.009259634418757e-06
1.2405883356254097e-05
2.093739786176402e-05
3.369378103104824e-05
5.2111683158814617e-05
7.626120056826568e-05
0.00010644144406478494
0.00014170137526242133
0.00017993853588212043
0.0002206389894362532
0.0002558978931382604
0.00035271554971039165
0.00041751816584966107
0.0005221098036704207
0.0005817259150209945
0.0006923187252574492
0.0008402846213882884
0.0010412694314782592
0.001312203808937224
0.0016699527700159938
0.0021299091208257293
0.0027046109698258287
0.003402406378281109
0.004226169076401686
0.005172096992934644
0.006228684957266706
0.007376025157355413
0.008585624409303659
0.00982091717345285
0.01103859354009099
0.012190761548197789
0.013227841611178674
0.014101969870857932
0.0147705889797383
0.015199847322312278
0.015367422743365384
0.015264437752315046
0.014896233969122574
0.014281909749018622
0.013452675699177498
0.01280026062225958
0.011706469924984059
0.010518225248246823
0.00928468985523593
0.008051928528827903
0.006860238911344874
0.005742284477351937
0.0047221053827011085
0.0038149739066637095
0.003027971946394306
0.002361108678604507
0.0018087704511341755
0.0013612997894736215
0.001006529354490123
0.0007311406855307929
0.0005217672052414537
0.0003658081634140471
0.0002519592113311399
0.00017049307467173312
0.00011333976199984471
7.402122473981583e-05
4.749282330714143e-05
2.9936206161362016e-05
1.8537956204907272e-05
1.1277750697113835e-05
6.740278915068724e-06
4.7355126894479004e-06
2.7477574054081387e-06
1.5663260557126354e-06
8.771571651602452e-07
4.825731254072987e-07
2.608184460224879e-07
1.0286134456062272e-05
1.9791004893559595e-05
3.657320254634888e-05
0.00047173046577972367
0.0009000006212173475
0.0018593942568685946
0.0032820443211196617
0.0055394151977812564
0.008941270443118026
0.013792754064866835
0.02033826094759723
0.02876552227512863
0.03876421028631995
0.04998651017833332
0.06156519641479063
0.07249431766355925
0.08162539341871383
0.08790327845299736
0.0905751442469931
0.09018783459873676
0.08646499708801607
0.07951126755018485
0.0702769056295766
0.059902148795887906
0.04950403889386469
0.03999823283867616
0.0319921176838028
0.02575969520332097
0.021284888962386634
0.01834568855700958
0.016609131679086703
0.01571393956312548
0.015328602085694537
0.015183024151027319
0.01507862019826461
0.0148843902973669
0.014526033022788752
0.013973116533641562
0.01322707683072824
0.012311095902833512
0.01126193534991351
0.010123427729312818
0.00894130798789345
0.0077591801472871634
0.006615524201465447
0.005890277384886487
0.004876414186717214
0.003966375709282049
0.0031696774049349992
0.002488650322812877
0.0019197291539573482
0.0014549328458531687
0.0010833591047333137
0.000792552371249732
0.0005696512173194463
0.0004022675899118072
0.00027909070679744686
0.00019023890084324192
0.00012740196898677837
8.382527496883724e-05
5.418698397241327e-05
3.4414000745024776e-05
2.147308898553868e-05
1.316351821364043e-05
7.928050084542776e-06
4.691119954448909e-06
2.7271006875090996e-06
1.5575391247747221e-06
8.739539155664299e-07
4.81779635771453e-07
2.609259021951907e-07
1.7166802431412578e-07
9.026847951322077e-08
4.663236855319967e-08
2.3666922266576033e-08
1.180041678820459e-08
5.780327069813858e-09
2.7816673748336068e-09
1.3150851645350268e-09
6.107965938967651e-10
2.7869649133331594e-10
1.249270995598831e-10
5.501361023257603e-11
2.379961988115929e-11
1.0114730501352372e-11
4.222999719072553e-12
1.7320811698894541e-12
6.979010955727205e-13
2.7624597982163464e-13
1.0741686935533895e-13
4.103188257256645e-14
1.5397166823134938e-14
5.675819847144234e-15
2.0553358892212053e-15
7.311414991646096e-16
2.55495061159961e-16
1.2550767326359543e-16
4.25746475543399e-17
1.4186951137040874e-17
4.643894936997086e-18
1.4932381984293139e-18
4.716581029861924e-19
1.463440752393468e-19
4.4603689103542885e-20
1.3354031138163008e-20
3.927336930619394e-21
1.1345570526594517e-21
3.219550010279897e-22
8.974348960663345e-23
2.45724232289597e-23
6.6088916644555046e-24
1.7459962687470246e-24
4.530963852816069e-25
1.1549668410033909e-25
2.8918816267716214e-26
2.6995256268798532e-05
5.190183435076103e-05
9.51496166227409e-05
0.00016632612175815397
0.00027723174744920167
0.000440610199842062
0.0006677212743991613
0.0008579694329686557
0.001201049630438517
0.0016031685159040873
0.0020404524546097673
0.0024762977707825278
0.002865552282920151
0.003161861843094673
0.003326645516194883
0.00333733070381054
0.003192427517211384
0.002911869650796205
0.0025325142473041754
0.002100201418385943
0.0016607301893644857
0.0012521786550959834
0.0009002488914266416
0.0006171460830797069
0.00040340608190676146
0.0002514351489027912
0.0001494302831241902
8.467989922769108e-05
4.5756324215812956e-05
2.3574962337063222e-05
1.1581904229547625e-05
5.4254780923842325e-06
2.4234002133677044e-06
1.8418805153103378e-05
2.6037703506467147e-05
3.761131925270575e-05
5.398788911386754e-05
7.635904420405099e-05
0.00010616363985848993
0.00014499836048834645
0.00019451342556087248
0.00025628128522224976
0.00033163512682983206
0.00042148236523920925
0.0005261060527388302
0.0006449738980510412
0.0007765794953105353
0.0009183423998813949
0.0010665919196945883
0.0012166534119956221
0.0013635455158339655
0.0015007599457487458
0.0016225882566362699
0.0017234663700364014
0.0017986690194427195
0.00184470087080093
0.0018595745930449666
0.0018429365913958306
0.0017960259477099777
0.0017491885316030028
0.0016582472294723763
0.0015463472333689288
0.0014182950134077994
0.0012791166113997965
0.0011338153137848202
0.0009871857975337931
0.0008436601169552693
0.0007071601603814029
0.000580946828050547
0.0004674788052613025
0.0003683108775003688
0.00028406412126624384
0.00021448673839678047
0.00015860133671273768
0.00011491238717848276
8.163503921428042e-05
5.690676433846922e-05
3.89540356980473e-05
2.62016877603823e-05
1.7326847116275533e-05
1.1268678930328452e-05
7.208788369042006e-06
4.536196766569791e-06
2.807464936263547e-06
2.020007592734937e-06
1.2155596584933023e-06
7.190366324599818e-07
4.180091802476037e-07
2.3878232545910074e-07
1.3400997360017457e-07
7.388274312562706e-08
4.001157240999429e-08
2.1283423424250797e-08
1.1119755135076476e-08
0.00010457390863431975
0.00020467877785362417
0.0003820009865049816
0.0006798115579788418
0.005865986070413881
0.01101642886158714
0.019820316115549352
0.037583763459696336
0.06281228617117053
0.1005599698206877
0.15417375234319203
0.22630430529741588
0.3179709280248069
0.4275930914551705
0.5502730466551171
0.6776453747466369
0.759720891056199
0.8693243299811615
0.9518624902634204
0.9973370708205876
1.0
0.9595439802812813
0.881155334392891
0.7744186701826223
0.6513933304010596
0.5243933761356762
0.4040288759827985
0.29791730918836684
0.210225533299761
0.1419551875895623
0.0917179909912705
0.056696163020869425
0.033526887950029165
0.0189637245243305
0.010258934680994897
0.005307902818296634
0.0026272215292408507
0.001314139848673683
0.0006712142074900667
0.00040523651408933226
0.0003360778413973409
0.0028307431296176913
0.004052776492685248
0.005973712287962406
0.00978261559489386
0.014590906599322547
0.020654028331856412
0.02873725901610942
0.039299009734738044
0.052820403239973716
0.06977456164636335
0.09058594150862874
0.1155810910026925
0.1449338919774592
0.17861006413575067
0.2163171749080207
0.2574701367790053
0.3011649935588151
0.3461984261830137
0.3910998090640835
0.43431109977785043
0.473948290613755
0.508344285863516
0.5360059468413116
0.5555676328535966
0.5661794138930211
0.5674140612236893
0.5630367824325458
0.5490041775707901
0.5267522243782704
0.4974188260176784
0.46237176253546064
0.4230961018060389
0.3810934742706503
0.33780382598624403
0.2945485586859726
0.2524989887590501
0.2126523798976026
0.17581560230839988
0.1425905070238664
0.11336288767386014
0.08829972671957385
0.06735974965310865
0.05031976921793607
0.03681522599554875
0.026389555806298887
0.018544989861385537
0.01278764473862898
0.008661857865496005
0.005771674539189408
0.0037901509732065158
0.0024590057802544407
0.0015819154233531225
0.0011763714470851257
0.0007562213758579981
0.000492193008253367
0.0003288064297365019
0.00022890608588088473
0.0001681244261930049
0.00013081683254962341
0.00010716930323763886
9.119137629441319e-05
7.93516767751877e-05
6.966650732781459e-05
6.110060119303479e-05
5.317904695599591e-05
4.573999259899966e-05
3.8780180051116565e-05
3.2361242235605595e-05
2.6555573897284227e-05
2.141782426648191e-05
1.697276149177936e-05
1.3213279447453649e-05
1.0104276610034987e-05
7.589453710970942e-06
5.5990133655355546e-06
6.0901772290390305e-06
5.905097441356479e-06
6.417573826061217e-06
7.173648968189774e-06
1.1494439861382784e-05
1.6629079200394615e-05
2.466577649012566e-05
3.679308329489366e-05
5.4498175323379606e-05
7.944506644914249e-05
0.00011321550158458435
0.000156907678813822
0.00021064173191672825
0.0002730850121549387
0.00034115846493908326
0.00041008660321842393
0.0004738873669470934
0.0005262711480022368
0.0005617698969470023
0.0005768078831751859
0.0005704094283362553
0.0005443343104697064
0.0005026076293540592
0.0004505989609373768
0.000397089156499434
0.00034225766337853765
0.0002919353305054444
0.0002484055083556378
0.00022368046798503075
0.00033233677257071825
0.0003781047685663706
0.00045921996646612037
0.0006598225028279826
0.0008758928370666361
0.0011730239866876095
0.0015689242973326528
0.002082459396910177
0.002732440586474254
0.0035360287454965366
0.004506804557329163
0.005652613430960773
0.006973358317937945
0.008458973428092889
0.010087852711684822
0.01182601586317797
0.013627261999611633
0.015434483526204463
0.017182194211187697
0.01880017862496629
0.020218014542127877
0.021370079782654545
0.022200554718628456
0.022667891327078797
0.022748250548981577
0.022583967475563967
0.022020152659082266
0.02110235173576705
0.019876150058456398
0.018400302040828466
0.01674207318981444
0.01497218998477593
0.0131599214055483
0.011368758058413642
0.009653042192965118
0.008055755989900904
0.0066075208840092325
0.0053267203374430935
0.004220550038662694
0.0032867330420836326
0.0025156148658166894
0.0018923699755044009
0.0013990964480961113
0.0010202432661390029
0.0007314434819453854
0.0005175535236322821
0.00036303881477381866
0.00025467337145183025
0.0003495985336865874
0.00038550798035426776
0.0004751623250675337
0.0006429707551035282
0.0008739004427945183
0.0011960055217213447
0.0016269929501633023
0.002186580810589276
0.002895101600702337
0.003771700628148828
0.004832165527886002
0.006086491130658958
0.0075363585380560484
0.009172776434507922
0.010974182406394537
0.012905318466056324
0.014917167136209289
0.01694815718953194
0.018926724408276703
0.0207751545805469
0.022414463754066746
0.02376991050567437
0.02477661392763665
0.02538469258615453
0.025563358493114252
0.025303498442817117
0.024618441617507647
0.02354282376605669
0.022133364388308915
0.02103856712916927
0.019221722613672224
0.017266677724854084
0.015253318977939698
0.013256354140882559
0.01134102888965244
0.009559900650313426
0.007950810468153694
0.006536118683952463
0.0053232143625295885
0.0043062427030350564
0.003468890574124409
0.0027990307965866323
0.0022536597980384408
0.0018147983201031123
0.0014605431750337541
0.001187783197883871
0.0013047136999082215
0.0013117210628168696
0.0014475779526939361
0.0019024116368586135
0.0030962510015880617
0.004498377911239142
0.006635095467363999
0.01007845481576076
0.013058079779152616
0.01900728954796797
0.02709850696341039
0.03767310701956628
0.050896809776019264
0.06664730349983847
0.08442325226329465
0.10330928009069909
0.1220251126121801
0.1390680015288249
0.15293023270385644
0.1623471393556733
0.16651615215662655
0.1652310759090456
0.15889793407497071
0.14843182907163235
0.13506650161280043
0.1201286459257646
0.10483183932430212
0.09013146478971452
0.07665907853790062
0.06473118664583644
0.05441062676009175
0.045592119193936693
0.03808633933656116
0.03168555245787631
0.02793901464688909
0.022986534592006034
0.018731527468600892
0.015088272176007679
0.011993604271993702
0.009396064043346959
0.007248069182256311
0.005501708866538253
0.004107570182271726
0.003015536989234656
0.0021765154629956028
0.001544294749152791
0.0010770638217327405
0.0007383753331283734
0.000497536314914519
0.0003295145484675389
0.00021449560185580463
0.00013722984892621968
8.628946651750511e-05
5.3325949830369286e-05
3.238795779235551e-05
1.9332370366257263e-05
1.1340587499542996e-05
6.537732551831222e-06
3.7038388197064394e-06
2.0620656392458463e-06
1.3820512107527348e-06
7.473651718861523e-07
3.9714225767365775e-07
2.0737484520636725e-07
1.0640328786411857e-07
5.364575622050653e-08
2.657599288179175e-08
1.293629756269232e-08
4.6781487214541395e-07
6.977688994295663e-07
1.0286001407012013e-06
1.4921512410486025e-06
2.1272673300123707e-06
2.979133804361573e-06
4.09787839933699e-06
5.5361932909740655e-06
7.345830743479922e-06
9.572961817780014e-06
1.225256238540946e-05
1.540219199130676e-05
1.901573442937843e-05
2.3057839830868856e-05
2.7459907575981632e-05
3.2118441313541625e-05
3.6896467409998124e-05
4.0067392510683855e-05
4.4666264533448954e-05
4.890385813602231e-05
5.258738173243396e-05
5.553859766877122e-05
5.7608054304265235e-05
5.868761233892466e-05
5.871980580703731e-05
5.770291012779028e-05
5.569109516303521e-05
5.2789644377401114e-05
4.9145827325551984e-05
4.493652663092417e-05
4.0354064781003234e-05
3.5591804659664595e-05
3.0831004001921634e-05
3.0275661464477946e-05
2.9566319873311145e-05
3.1776502781828685e-05
4.0030191266715595e-05
5.3054686434968644e-05
7.363510713798157e-05
0.0001030411926628293
0.00014179566925736562
0.0001892199661969093
0.00024310583748346577
0.0002808088772125991
0.00035583777166691425
0.0004236862895737883
0.0004940161218928207
0.0005702220514195304
0.0006596663405620309
0.0013568537216451114
0.002180774642998878
0.003475188423894994
0.00557389776346834
0.009309931097653549
0.014542929341603431
0.022007026947249275
0.03212336614976676
0.0451181898178353
0.06088608489717389
0.07889314927374362
0.09807139651272742
0.11695176986744123
0.13378545758924681
0.14681723472362296
0.15510003906323286
0.1570569768330919
0.152760931123605
0.14290252500950318
0.12911753059892678
0.11823521545626442
0.100961497274231
0.08408506020018919
0.06905526299295832
0.05689265377515466
0.04815044642697713
0.042958305388042684
0.04111747629706973
0.04221347667549936
0.04571898942770457
0.05107100520553878
0.057718030302732315
0.06514199119333125
0.07286391468644059
0.08044286458237511
0.08747533036779749
0.09359889574597471
0.09850084222006213
0.10193008080978723
0.10370965165216088
0.10374685132839005
0.10203856239694067
0.09867027495002535
0.09380835585363892
0.08768614419456101
0.08058529029672536
0.07545961882519012
0.06741657971562921
0.059218253282577654
0.05114238013867418
0.04342520623943626
0.03625242046847974
0.02975529239366883
0.02401158419077408
0.01905036956742219
0.014859628417903233
0.011395404235756664
0.008591389274913687
0.006367998162811897
0.004640253563550622
0.003324088239339713
0.0023409259068756763
0.0016206111426714208
0.0011029028754753036
0.0007378258355881775
0.0004851980643242705
0.00031363391471321035
0.0001992762799181267
0.00012445331543224075
7.639502539754292e-05
4.609149307549632e-05
3.259500032712056e-05
1.9106359788064887e-05
1.100710999867538e-05
6.231983744495393e-06
3.4675784453198393e-06
1.8961063263037583e-06
1.0188847410493663e-06
5.380258491783602e-07
2.791816451303333e-07
1.4235291264526536e-07
7.132339357213528e-08
3.511352305570788e-08
1.6985739621778832e-08
8.073341561942403e-09
3.770269899943776e-09
1.7299499451570986e-09
7.798815453289448e-10
3.454220720667667e-10
3.295359895791088e-06
6.4562925440364745e-06
1.2061595745182608e-05
2.4361925706093905e-05
4.077753328420651e-05
6.53705651143754e-05
0.0001002771371004253
0.0001471059921736691
0.0001852414274456033
0.000364103129236879
0.0004949762100770682
0.000654012453313132
0.0008400780349066121
0.00111987655131402
0.0013984024768686236
0.0017274961359118304
0.0021200286723538986
0.0025921180814196957
0.0031614065704385643
0.00384441465076878
0.0046534399179029165
0.005593594087104824
0.006660525039678219
0.007839186356685141
0.009103775490327131
0.010418749578403417
0.011740701180398012
0.013020844613161626
0.01420789659713193
0.015251183933772849
0.01610383458373399
0.016725890464927867
0.017087133002548965
0.017169849688967793
0.017066923566664133
0.016680936767063587
0.01603432386980804
0.01515768270440859
0.014105569812857708
0.012910241151638208
0.01163299439047562
0.01032940575720724
0.009052961581721107
0.007861196634316068
0.007406964457680368
0.0070482401257830896
0.007274322437773117
0.008306387905512726
0.010767244565822575
0.014908993781206397
0.02063674456748781
0.028450065798249696
0.03852745408736489
0.05056528934445551
0.0640551908598773
0.07821017949428417
0.0919635393875406
0.1041447237203969
0.11366717491447724
0.1181209780014137
0.12160952830233429
0.12123798761782877
0.11740307774317399
0.11088057215806366
0.10266944292681783
0.09381123149710272
0.0852252247755808
0.07759037096635073
0.07128927778826864
0.06641340614674143
0.06281591987432078
0.06019184865254457
0.05816452936653713
0.05636139658247907
0.05446889735463894
0.052263298366270604
0.04961967026600153
0.0465045233678261
0.04295848351064921
0.039074688275835774
0.034977087984520865
0.03080124234048718
0.026679003886279605
0.02272694688363617
0.01903966382919531
0.016763629370886303
0.013657446625675132
0.010941867126241012
0.00862044141713091
0.006683565533064707
0.005095476520545515
0.003822741230310963
0.0028253655334096175
0.0020595818185188087
0.0014846958756435165
0.0010640564995283049
0.000765240303048331
0.0005626301038912997
0.00043319516459089293
0.000357407181461695
0.0003229140279546405
0.00031933717721904645
0.0003388484590279624
0.00037551085366393827
0.000424714760749578
0.00048272753300337333
0.0005463595049261498
0.0006127394989830957
0.0006791861047141959
0.0007431571363209691
0.0008022579444236403
0.0008378566618804024
0.000884080550781191
0.0009201941653266208
0.0009448662555510551
0.0009572080990456567
0.0009568092377829127
0.0009437480807588858
0.0009185764052020764
0.0008822791771413836
0.0008362129136238183
0.000782027060657297
0.0007215736508218963
0.0006568109272997556
0.0005897067426652955
0.0005221473814628608
0.0004558569972712978
0.00039233206735562836
0.00033281027800823027
0.0002782993446732054
0.00022925199237500227
0.00018606360899740224
0.00014878922291576528
0.00011725821866695062
9.112247497474247e-05
6.990717216624526e-05
5.822624658947865e-05
4.3965914202761267e-05
3.309639900474252e-05
2.505168816958956e-05
1.930886234366668e-05
1.5400745475191934e-05
1.292117990658388e-05
1.1524612200676678e-05
1.0921828362206947e-05
1.0873581155822317e-05
1.118357265357916e-05
1.1691866781655313e-05
1.2269381907866189e-05
1.281371413336823e-05
1.3246213955202022e-05
1.3510010582849756e-05
1.3568559930486701e-05
1.340427867628403e-05
1.301689929176653e-05
1.2421312114558958e-05
2.7861530542369117e-05
4.241598154265043e-05
6.875713031577101e-05
0.00011355248494228464
0.00018530447120016343
0.0002936538180578038
0.00039086591953144497
0.0013059466212606173
0.002349896646710468
0.003920413841914791
0.006356947475734383
0.010359246141465894
0.01589810964639176
0.023562592399913262
0.03367128964008877
0.04632406466460418
0.06129085383505862
0.07793382928446024
0.095369598315614
0.1120756026245129
0.1266247153765112
0.13767341655875584
0.14421650659437535
0.14594798575810358
0.14282362029371315
0.13566004652343433
0.1255996879632232
0.11396510693155684
0.10201767483565843
0.09075735400103405
0.08080218648022096
0.07236317749459424
0.06752399186899548
0.06119706937332664
0.055600900635611364
0.05031407934970537
0.045024252030839755
0.039580073075511105
0.033994826212205176
0.028402082503140202
0.023008468944972146
0.01802836539344966
0.013637698840024512
0.009945362909317343
0.0069847644474223414
0.004822094273138793
0.003222639183007025
0.0021480585846668536
0.001488537910441419
0.0011904274535469372
0.0011290048119760076
0.0012481921543531485
0.001529840970393085
0.001960512286290205
0.00253906651816887
0.003270444607889217
0.004799731278440541
0.006559786146441958
0.00803622092130712
0.010934909210294975
0.014907330919112375
0.020734198942970405
0.028218733169093825
0.037924136604461624
0.050026565907123274
0.0644326919821587
0.0806847969521444
0.09792029122552068
0.11491471705264836
0.13021727619923013
0.14236010309557187
0.15009711334282802
0.15261574949791182
0.1496708219519603
0.14161161028294428
0.1293026499959469
0.11396443777331167
0.09697495816028619
0.0796744468915102
0.06320709597673357
0.0484195809661251
0.035821940632168654
0.025604330997157334
0.020087763219978315
0.013583778734366708
0.008905509741407011
0.005676768700214824
0.0035329898405830527
0.0021586233323118193
0.0013036149890190102
0.0007839968714757326
0.0004728963881027018
0.00028762407769096336
0.0001768174792725338
0.00010976486759551377
6.856430951950533e-05
4.288513448161713e-05
2.672546303837389e-05
1.6523156108275193e-05
1.0101466784726949e-05
6.092486164115018e-06
3.6195792285385614e-06
2.1161935352084867e-06
1.2168329128823744e-06
6.879115482580367e-07
3.8226982765680354e-07
2.0877976708065903e-07
1.1206052639701825e-07
5.910691768430087e-08
3.821281319779097e-08
8.278383421960247e-06
2.1468109147839735e-05
3.17111721296132e-05
4.6015236719673525e-05
6.558479958650007e-05
9.181153830683078e-05
0.00012623427750259536
0.0007063441136129561
0.0011149958766516867
0.0016058876789319032
0.002276934552979273
0.0032885389033730627
0.004740029830496908
0.00645710640965886
0.008658648498053399
0.011427940093110297
0.014843864564881659
0.018973519469952876
0.02386363325108553
0.02953139044376165
0.035955524520515404
0.043068731741008524
0.05075254765900665
0.0588357702001957
0.06709728687223519
0.07257536931409857
0.08053355783275525
0.0879099200285637
0.09440046319802443
0.09972159774693115
0.10363063823332559
0.10594413360002071
0.1065520988143448
0.10542661473259558
0.102623868285945
0.09827951944999111
0.09259804947204907
0.08583533409095954
0.07828187396171987
0.07024085421816308
0.06200966441451947
0.053859732709306045
0.04602989105730962
0.03872521670478264
0.03205342162388099
0.026116520546426682
0.020956489454459284
0.016579462373053258
0.012946180774207514
0.010001210841728485
0.00838676950252315
0.006430549591035061
0.0049611985837668985
0.0038999186164400314
0.003173253040910242
0.002715301255745271
0.0024686579398836162
0.002384344205925459
0.002421042813841302
0.0025439583057756143
0.0027235936490984844
0.002934671064302411
0.0031553378221293392
0.0033667058832298367
0.0035526957134952688
0.003702287501256484
0.003802900860161597
0.003849241355986149
0.0038391050614138274
0.003772076524329184
0.0036523843644483043
0.0034864411465016674
0.003282513845777006
0.0030498275169197945
0.002797672379427435
0.002534660878570321
0.002357027165504031
0.002091855117741147
0.0018328799685968242
0.0015844570584057774
0.0013502624622069661
0.0011335129790854782
0.000937003919205768
0.0007629629137595336
0.0006127998462686544
0.00048687415481318705
0.00038438852951017317
0.00030346436027106475
0.00024138698953141876
0.00019495643924366952
0.0001608583501564572
0.00013598054585555881
0.00011763087948129772
0.00010364609355643387
9.240734205049527e-05
8.279090456071355e-05
7.4083833545802e-05
6.589015218474012e-05
5.803352741629905e-05
5.0487103073502356e-05
4.3305677758826275e-05
3.65797901913079e-05
3.239565093602144e-05
2.6628283984021188e-05
2.1520041313252733e-05
1.7096047007213247e-05
1.334989374114011e-05
1.0247963460115486e-05
7.735948533749375e-06
5.74611828836522e-06
4.204251751326373e-06
3.035535482998882e-06
2.1690675900080088e-06
1.5408872342334078e-06
1.0956486659755968e-06
7.871790740850967e-07
5.782101055018378e-07
4.395699987017691e-07
3.490853817407318e-07
2.903861938025441e-07
2.517477782751974e-07
2.2505047509082408e-07
2.048942178906466e-07
1.878753654449667e-07
1.7201441308882653e-07
1.563140641336936e-07
1.404246083156899e-07
1.2439500814676447e-07
1.1375742276757261e-07
9.813335450718059e-08
8.323102124759336e-08
6.937512318003772e-08
5.681495058342623e-08
4.570837778100467e-08
3.6121318829724e-08
2.8037685210483484e-08
2.137554304479617e-08
1.600589648268628e-08
1.1771329999013047e-08
8.502578538421239e-09
6.031891156461806e-09
4.202744138350245e-09
2.8759964600332534e-09
1.93294404603876e-09
1.2759260838142676e-09
8.271930988577264e-10
5.267000452343295e-10
3.2937817819772494e-10
2.023025111453698e-10
1.220345175052044e-10
7.230012633391801e-11
4.974575906070945e-07
9.455072457887594e-07
1.4129647819821723e-06
2.480909072607438e-06
4.153572673917811e-06
7.166190665568568e-06
1.1121678420858993e-05
1.6533165013787854e-05
2.420823291551255e-05
3.349792789957952e-05
4.47328186137024e-05
5.7792278920516286e-05
7.242690028539826e-05
8.827941852914706e-05
0.00010490051842540065
0.000121745178729016
0.00013814756916186196
0.00015329064624439992
0.0001662012550958041
0.00017580302827094042
0.00018104312045531088
0.00018107902483237512
0.00017548053629412588
0.00016438415074036044
0.00014854292096230922
0.0001292439580476845
0.00010810756229288019
8.681967897500615e-05
7.361186861000931e-05
5.537617694208477e-05
4.008781652625614e-05
2.808027377302772e-05
1.9267824403536706e-05
1.3292348873000004e-05
9.662911562586509e-06
7.872332955924742e-06
7.473717557750948e-06
8.115410426954796e-06
9.543149764657825e-06
1.1582161049453308e-05
1.4111033444812955e-05
1.703584245239744e-05
2.0269235241582993e-05
2.3716273727607114e-05
2.7267055297288133e-05
3.079528649587655e-05
3.4161683883890944e-05
3.72209939926344e-05
3.983138305789686e-05
4.1864901012511465e-05
4.321770425007841e-05
4.381878203867635e-05
4.363611217398179e-05
4.267948058055726e-05
4.163522366075612e-05
3.9519669956747616e-05
3.6842881779064686e-05
3.373509712063271e-05
3.033881688139833e-05
2.679808977645663e-05
2.324865197227943e-05
1.9809826832263758e-05
1.6578787773266815e-05
1.3627440153563264e-05
1.100184302449709e-05
8.723815813739952e-06
6.794189419336307e-06
5.197077245244543e-06
3.90455273688114e-06
2.881205653701086e-06
2.088181840473832e-06
1.4864616585838297e-06
1.039275528468722e-06
7.136734461217175e-07
4.813494496640475e-07
3.1887009079637996e-07
2.0747210718127745e-07
4.429215393401415e-07
6.85639650435757e-07
9.73378833866246e-07
1.673896478524055e-06
2.8211311725568763e-06
4.576408239736126e-06
7.280800155056192e-06
1.3761692456994033e-05
2.3061744590534325e-05
3.4154693516871364e-05
4.9308151940917804e-05
6.948861343556711e-05
9.565238565193569e-05
0.00012856460692816252
0.0001691166470907857
0.0003769151464613754
0.000581923103215807
0.0008683507495928708
0.0012927461539595884
0.0019071133157888811
0.0028218503612904323
0.004070220904226181
0.005687325683316248
0.00769650699436414
0.010080765187459071
0.01276633744897203
0.01562687926236362
0.018498684016053823
0.02034733610754746
0.022861580512878562
0.024960853945427554
0.026550469147775747
0.027587899436064094
0.02807609652485096
0.028059879324524525
0.027591268052403622
0.026744813174548732
0.02559623117953806
0.024221756361162704
0.02269500378880076
0.02108741022029473
0.019449838807559936
0.018032709028755388
0.016687064799527893
0.015552628567223899
0.014746810713032554
0.014392965708541487
0.014632436094070916
0.015941859095111623
0.018000909319369523
0.021087767810694425
0.02518611129407565
0.030143454545559816
0.03571388387033569
0.039535244340258555
0.045053901090620366
0.04990723942849354
0.05366528545258001
0.05602987344911129
0.05687116613029976
0.0562372696111839
0.05432382142935802
0.0514274313963419
0.04789288432959248
0.04406571875735255
0.04025546329975982
0.03671017841360239
0.033601056432380684
0.03101619284895556
0.028963519459574632
0.027382792283767676
0.0261651574341269
0.025177008447311924
0.024283685380187305
0.023368966682361925
0.022347573916791093
0.021170132239286026
0.019821653614293264
0.018315634193667177
0.01668602140516397
0.015553440822845313
0.013823208035961931
0.012099671656170602
0.010429593967050168
0.008852232200384965
0.007397821976416
0.006087098324451123
0.004931230426766315
0.003933144308109192
0.0030888014354553783
0.002388718160622051
0.0018196349373845169
0.001366054493194968
0.0010115817787044112
0.0007400050948210405
0.0005360956329947687
0.00038613403058645936
0.00027819532966376305
0.00020223737629857799
0.00015004296936163035
0.00011506461252876814
9.221460913495144e-05
7.763454660945468e-05
6.846874405884653e-05
6.265733483917281e-05
5.9913262582470985e-05
5.672187438077472e-05
5.4016380915778174e-05
5.134876972474859e-05
4.84750644995311e-05
4.529458527162353e-05
4.1803621633194463e-05
3.806018674922504e-05
3.415729124080284e-05
3.0202874022515332e-05
2.6305074743089694e-05
2.256190970487622e-05
1.9054637863457736e-05
1.584421354014872e-05
1.297026147908462e-05
1.0452017617327492e-05
8.290685728391071e-06
6.47268473945635e-06
4.973311773877794e-06
3.7604206901930218e-06
2.797807935539854e-06
2.04809678799794e-06
1.4750070845716324e-06
1.0449815264724395e-06
7.282056630911365e-07
4.99103967570816e-07
3.844075163411667e-07
1.8643700869793564e-06
3.300886073205763e-06
5.928061872263895e-06
1.039054937136827e-05
1.7473549379281203e-05
2.8096593163232287e-05
4.583819995780501e-05
6.830562105495107e-05
9.754742123619587e-05
0.00021126049599864676
0.00034092303676794755
0.0005239217475214031
0.000796015189902968
0.0011902631288895308
0.0018295670934434154
0.0026747045513367705
0.0037854844105793465
0.005202811039585159
0.007043933850265922
0.00918556333855417
0.011682632751758331
0.014452716615468118
0.017476882373516477
0.02070775138126598
0.02416806008505078
0.026514716973805526
0.030073689753398497
0.03357934753697784
0.036881807981469235
0.039795283513140545
0.042115622868930114
0.04364837280176662
0.04424075874115842
0.04380918166721764
0.042357066784791876
0.039967811361538305
0.036800008615964046
0.03305821417944793
0.028966969128724904
0.024746905167362575
0.02059696648347542
0.01668329958416327
0.013188546808562868
0.010124573299385594
0.0075705791057906376
0.005531811102754326
0.003991036781156278
0.0029018976405500016
0.002237602114185619
0.001881616610224392
0.0017963151206437243
0.0018555184955444447
0.0021011975302122
0.00249942838202871
0.0030254656873728706
0.003660599949985872
0.0043887730526078195
0.005193637334024713
0.006056439559938008
0.006955223847772582
0.007863478100325581
0.008752117445135989
0.00958986835780355
0.010345090464861342
0.010987662746853295
0.011490914861934662
0.011833410461005299
0.01200040883582132
0.011984866298406354
0.011787887634970831
0.011418594813148048
0.010893436651592751
0.010235012121542535
0.009470517343863378
0.00862995163796687
0.007744232246877798
0.007143575918141716
0.006248104735112354
0.005381252390440423
0.004563639729675504
0.003810860659733177
0.0031335025526149692
0.0025368374626105086
0.002022137811857827
0.001586981846794301
0.001226218881832248
0.0009328331579745959
0.0006987395219086474
0.0005168407037009133
0.0003773588746740803
0.00027357491291687985
0.00019904324739027237
0.00014839141220275774
0.00011729554547323709
0.00010231564407596458
0.00010127415463817826
0.00011060466675013659
0.00017706631096465567
0.0002536972748063
0.0003667894738415555
0.0005378407061619458
0.000790551271554901
0.0010181133441167717
0.0014873396236811565
0.002116924362596768
0.0029508715351984093
0.0039492996995518
0.005095899782814144
0.006335036308630668
0.007583517399260189
0.008744897705670563
0.009742481835430838
0.010475341471482111
0.010911205337433437
0.01104188320940836
0.010891379827134324
0.010507136766073242
0.009949250567943466
0.009280941728300936
0.008562006793602875
0.007845178657570097
0.0071741996463193436
0.006582366104810526
0.0060910443392507415
0.005708524733124356
0.005430923534960968
0.005243947672645134
0.005155768543976436
0.00505987042016159
0.004983524923359258
0.004902950465408625
0.00480034334779557
0.004664936815376939
0.004492667165876237
0.00428484629435339
0.004116675460702725
0.004007726558849333
0.003901286203944042
0.0038775485886612397
0.003999279505246126
0.004330151090790082
0.004971468343472832
0.006001200738486476
0.007407801701531013
0.009241754514107756
0.011469102841503081
0.013997497109926569
0.01668024912591684
0.019333736875941088
0.021765087627138757
0.023803095401718207
0.02532406706750607
0.02626425795853313
0.026564447485917644
0.026552158891786255
0.026052471333581195
0.025137081149664647
0.023898439330832952
0.022422842510470494
0.02079268945454157
0.01908540715073135
0.017371087928240426
0.015708356453550818
0.014139859146259702
0.012928441574256605
0.0118306669319867
0.010971258505555335
0.010423900602269878
0.010257123862086678
0.010550004597486994
0.011492531241573442
0.013010616021973044
0.015165737496665827
0.017910020449722917
0.02110295180419977
0.02452429234617315
0.02790081384690849
0.030948875983515523
0.03342162221348722
0.03466185430450786
0.035840454905178815
0.03619327342225935
0.03578136242423646
0.034714750651196086
0.03312443542218035
0.031142503859448747
0.02889240842059932
0.026487540241560595
0.02403143335343693
0.02161623918977746
0.019318085108234382
0.017191317026999435
0.01526478467694232
0.013542461403300636
0.012008656706221943
0.010636174075131725
0.009394887467686077
0.008258513479799525
0.007208405297006674
0.006234357393971589
0.0053332171560995095
0.004506391098468708
0.0037572060347943674
0.0030887481548084023
0.0025024462220779244
0.0021568766268680226
0.0017042996503786561
0.0013262776644306805
0.0010163277534645198
0.0007668327897279964
0.0005696404555008488
0.00041658774118610815
0.00029991323119735847
0.0002125456018565213
0.0001482745399813776
0.00010182103831626555
6.882918846805727e-05
4.580260819855155e-05
3.0006834471238698e-05
1.9355542154177475e-05
1.2294251297458387e-05
7.690968496020995e-06
4.739442620042535e-06
2.8776650614251807e-06
1.722000064165638e-06
1.0158552460310691e-06
5.909799929093501e-07
3.5817186138333494e-07
3.5634581972726134e-07
3.5181066325352786e-07
3.8776986800781264e-07
4.950568098001175e-07
6.673231084011126e-07
9.110932457909263e-07
1.2367520966376598e-06
1.656697152732188e-06
2.1836203735428793e-06
2.8287602571608135e-06
3.6000770073365213e-06
4.500400702960894e-06
5.525682736262126e-06
6.663539255499525e-06
7.892304687923063e-06
9.18080683601499e-06
1.0573851439145553e-05
1.1902740845958547e-05
1.3166013986694965e-05
1.4320477394873463e-05
1.5322200382316683e-05
1.6134638889216588e-05
1.6732004594695553e-05
1.7101731618221265e-05
1.7527332887200833e-05
1.772089144894627e-05
2.1094896651436088e-05
2.3683491632598062e-05
2.5687982190128427e-05
2.9790259652108626e-05
3.562678780338948e-05
4.36139407280324e-05
5.510629078537202e-05
6.928065878821662e-05
8.640693896637453e-05
0.00010663194631549771
0.00012980656363164393
0.0001557024330320738
0.0001840001968696087
0.0002143691611143911
0.00024648775307649395
0.00028002609274553603
0.00031459424431249473
0.00034967410611737185
0.00038456084182723996
0.00041833808428589107
0.0004500107276813036
0.0004782962537738029
0.00050196143923318
0.0005199592742367203
0.0005314358045533934
0.0005358476111662262
0.0005330032656581707
0.0005230621304240288
0.0005127138688987743
0.0004921175835602849
0.0004661929912991453
0.00043590112190744945
0.0004022583579196172
0.0003662900053555347
0.0003290022757102032
0.00029136605631965113
0.00025430255648398165
0.00021993772027558445
0.00018760244703286752
0.00015884425519993708
0.00013448529650121109
0.0001152210043182691
0.00010155651520607618
9.372210147954973e-05
9.157348739588343e-05
9.449791103461611e-05
0.00010136203698069381
0.00015338049520181925
0.00020751081812367937
0.00028640097539876796
0.0004062074799862723
0.0005834430587667948
0.0008376055706176325
0.0010568528371258732
0.0014929562566854705
0.0020252653447158384
0.0026547604439972425
0.0033524713881940985
0.00407288001943238
0.004759603826427183
0.005354539054780237
0.005808092346760888
0.00608751170518541
0.00625262418475728
0.006242040596589812
0.006119073096660125
0.005942791262463544
0.005773044928803859
0.0056686546478066655
0.0057003150228241645
0.005891508286062491
0.006258143397377941
0.006794969456243624
0.007460692343175764
0.00818585736641696
0.0088831663572587
0.00946325269664178
0.009851665768116987
0.010001896236293537
0.009962560406255776
0.009701493604839568
0.00922799359632667
0.008585166505710022
0.007818066398730165
0.006967811566162749
0.0060704926668824185
0.005159099767983582
0.004265705458677844
0.0034217944148892013
0.0026561988466424196
0.002029067956613675
0.0014971039895224178
0.0010894875712059242
0.0008010509241206633
0.0006196492739415972
0.0005296017771481969
0.0005258034554738412
0.0005826586556587386
0.0006901110713667658
0.0008442804280557718
0.0010408090310253535
0.0012767673632352956
0.0015495338451947834
0.0018558275233623665
0.0021909931514892075
0.00242736857777085
0.0027953449115491755
0.0031713797799771634
0.0035432493840103266
0.0038991239601322116
0.004226332446381305
0.004512565817251243
0.004746665531091645
0.004919358518361179
0.005023868141693469
0.005056344396342268
0.005016076850032469
0.004924444991497808
0.0047609579013948205
0.00454288186123423
0.004283051892140567
0.003994113546914079
0.003689554703147387
0.0033829994661978926
0.0030962012657617393
0.0028316628926908912
0.0026002643164073636
0.0024131673136454945
0.002276795097154258
0.002194868296337211
0.00216839335433368
0.0021807725398754175
0.0022413757456909694
0.0023467576274519195
0.0024885237188825163
0.0026564877139773884
0.0028392160851626064
0.0030246517641600262
0.003200782007889603
0.0033563029740947027
0.0034812469651574595
0.0035675002431911035
0.0036092216079605813
0.0036033750605060297
0.0035488082546061145
0.003447419141832646
0.0033031515279618143
0.0031217684933670157
0.002910368350277176
0.002676849760353824
0.002429369121473894
0.002175832668272893
0.0019234627561322429
0.0016784713511527121
0.0014458623330461165
0.0012293675441878307
0.001095278146596159
0.0009106904722838123
0.0007467048484097634
0.0006049028309980316
0.00048310122592843036
0.00038157132801931216
0.0002996079497634265
0.00023638279790256573
0.0001909736627642407
0.00016223528077313683
0.0001485991370625071
0.00014810209030993629
0.00015807938525820114
0.00017516037474747285
0.00026177531109981107
0.00035110215632035526
0.00047904524173029875
0.0006724131282551238
0.0009605599082898658
0.0013769736504686745
0.0019528610115798239
0.0027354154286688653
0.0037043460314074577
0.004830937778040823
0.006062969894366276
0.007312943986239164
0.0081049945940745
0.009153600801747382
0.009955878832543324
0.010452771971989518
0.01062536767618596
0.010493069231620779
0.010102614996930359
0.009512610214110966
0.008779433696720247
0.007949015639994547
0.007055855650331811
0.006128002792044044
0.00519075258760923
0.004273415941358979
0.0034074081094720844
0.002623367589462283
0.001945126725310332
0.0013867909402416508
0.000950402523269584
0.0006272815446284042
0.0004012459889519291
0.0002525761495691401
0.00018357056235327593
0.00014671613660169943
0.0001392811093849344
0.00015457623021564604
0.0001835219917417752
0.00023600326235999542
0.000309102511627031
0.000407599782879676
0.0005524825971753398
0.0007290488279374243
0.0009552488859967932
0.0012375267443059507
0.0015864035021885988
0.0019889342186576874
0.002439318100439557
0.0029202517866214104
0.0034085540391163155
0.003878215956270005
0.004304277045152715
0.0046664584826876885
0.004951498501275581
0.0051535802938056305
0.005272954087176173
0.005313518982320066
0.005280442266861083
0.0051787203299991395
0.005013034740803491
0.004788617632051923
0.004512420127104789
0.00430406122173371
0.003963631164193958
0.003601175360434957
0.003229842776789874
0.0028622876150447016
0.002507818356041053
0.002174096742745107
0.0018659352628410707
0.0015860274530723893
0.0013355214497917985
0.0011145142692597647
0.0009223674564712764
0.0007578472856166614
0.0006191589024541826
0.0005039641453044128
0.00040945527796279116
0.000333319219400401
0.0002711618838467378
0.00022056860937216246
0.00017903777918724755
0.00014465251238189253
0.0001161047581962021
9.260750424564096e-05
7.373310315810548e-05
5.944412773072773e-05
4.926800531430228e-05
4.463413086420009e-05
4.449348756506725e-05
7.296256958945669e-05
9.447558437981184e-05
0.00012275659016007705
0.00016182224803474026
0.00021372706977819213
0.00028086844930111333
0.00036584757460600805
0.0004836104155381372
0.0006218191768242376
0.0007849257407583645
0.000977268159294398
0.0011994723269916662
0.0014507948676939354
0.0017289157630524462
0.0020298210123965692
0.0023495578378902073
0.002678815524316
0.003010160286191227
0.0033343237291586984
0.003641516380964173
0.0039219422639341
0.004166111681154619
0.0043654771986898116
0.004512705364906206
0.004578972196884923
0.004627402480126848
0.00464902455385925
0.0046104527514148775
0.00453720946621166
0.004452865933751748
0.004385774957406918
0.004369527844205359
0.00443867855624965
0.004622074906070449
0.004961758304872745
0.005421420747228169
0.005987424893549299
0.006608306250094506
0.007215035812687653
0.007733358691356246
0.00809869713066381
0.008270157673570434
0.008234824285799884
0.008010372325387876
0.007633460808825802
0.007148860623857281
0.006596656808192369
0.006005281589899514
0.005390728752689387
0.004972227759689364
0.004335861613001036
0.0036972454231159898
0.003087643010067731
0.0025111642351301183
0.001999417532284325
0.0015899292386594914
0.0012884346136439572
0.0011149559012392533
0.001078134393678245
0.0011777143041663998
0.0014141539453548923
0.0017623253449210086
0.0021943619571841307
0.0026830983820008395
0.003175269580124962
0.0036326049369372307
0.004018375041762184
0.004308207629202374
0.0044935347672163325
0.004580933804268782
0.004587658273105866
0.004534940314937598
0.004441502505107562
0.004319462334089632
0.004173671753921075
0.004063338172714531
0.0038771014323293464
0.0036661798796853123
0.0034342259171812072
0.003188727679022571
0.0029394321728603307
0.002695936909126517
0.002465537104915711
0.0022520673228037394
0.002055926932176075
0.0018750075661914526
0.0017060117366336357
0.0015456767743288694
0.0013916022276234737
0.0012425978992640708
0.0010986421266719843
0.0009605579041821912
0.0008296725060122008
0.0007074341171366933
0.0005951411958630181
0.000493764917198154
0.00040386180395641434
0.00032555706571211405
0.0002585774686052937
0.00020231511717748113
0.00015590725550988468
0.0001299377126226799
9.7610693358086e-05
7.221926048397847e-05
5.2642449983719796e-05
3.7828761874796315e-05
2.682907725874389e-05
1.8815488953483156e-05
1.3088036843353955e-05
9.071933401559488e-06
6.308047973562371e-06
4.439266230127126e-06
3.2139568232041157e-06
2.4112615992143034e-06
1.9014823147538245e-06
1.5899779204906438e-06
1.4155124360967899e-06
1.3405276278364796e-06
1.3426650389625825e-06
1.4074191894457692e-06
1.5220625046128012e-06
1.6712496113607391e-06
1.83482087580946e-06
1.988151937353672e-06
2.7460054889821716e-06
3.4634189103130125e-06
4.508975151100818e-06
5.546636893968629e-06
7.812947327036286e-06
1.1126834571498797e-05
1.582879853009361e-05
2.2123198872788e-05
3.0265912952841325e-05
3.98584130516416e-05
5.040217932038261e-05
6.121080371796533e-05
7.139101337198136e-05
8.00569532620462e-05
8.650829318731348e-05
9.13031715332218e-05
9.31735689054501e-05
9.629733981856645e-05
9.672600392762297e-05
9.68351166125299e-05
9.769013742956092e-05
9.992497338931388e-05
0.00010403315409859494
0.00011083335907895475
0.00012028529568769211
0.00013471605800121944
0.00015194144260145023
0.00017371616594939138
0.0001909675038100934
0.00022109726955078218
0.00025624783604859063
0.00029598572645181653
0.00033950001730695043
0.00038563767221180156
0.0004329884834301661
0.00047991798102413124
0.000524743997865051
0.0005657924588452004
0.0006015060581921959
0.0006305325198638053
0.0006517977964849257
0.0006645594571836878
0.0006684368221796417
0.0006636582444591892
0.00065029070404214
0.0006291584752806658
0.0006012383895019053
0.0005677142781772792
0.0005298982733374968
0.000489145142240467
0.0004467653617814717
0.00040394497670859583
0.00036168225875244313
0.0003207540134787017
0.0002944865090508879
0.0002620138078800424
0.00023235683900823983
0.00020899155372292505
0.00019467634034855464
0.000192496131849613
0.00020784071283564955
0.00024224724648433903
0.0002996544122086817
0.00038122665203946796
0.0004900277862452708
0.0006152911115768034
0.000751237373610346
0.0008870380838664399
0.0010109945755624008
0.0011124696123800256
0.0011838303760520511
0.0012222687945603167
0.0012710050706619457
0.0012964149461792615
0.001330147422776548
0.0014007460987556916
0.0015378936163280594
0.0017737275610025804
0.002137900763714151
0.002653286153248858
0.003085013789138167
0.003881186497703329
0.004800808652146289
0.005782560977386267
0.006752460991113404
0.0076205121806027214
0.00830456509239422
0.008746941623834886
0.008927409967451363
0.008862868884766801
0.008614776524087174
0.008230554529337478
0.007775287975992462
0.007293976230694449
0.006809642598047571
0.006327754057124613
0.005845075759924549
0.005359066346017391
0.004878609852937477
0.004418607464181746
0.003996179966242135
0.0036111239709153164
0.003281942135784476
0.003005145599546799
0.0027768234892999798
0.0026478307790586395
0.002484344624078872
0.0023558609707291524
0.0022586802159632723
0.0021994484061283017
0.0021721698790288387
0.0021753904221967235
0.0022067157779919752
0.0022608269289198296
0.002332505030647554
0.0024178242030373585
0.002514519531915073
0.0026214347997647615
0.002737384209081761
0.0028599713590990415
0.002984851085495379
0.003105677760122632
0.003214698807063551
0.0033037469603835337
0.003365318495948218
0.0033934520093984333
0.003384304949504257
0.0033363422704810984
0.0032502361103354297
0.0031285592730774404
0.002975373946295467
0.002858240458496604
0.00266423503727818
0.002453592132859589
0.0022323464729934457
0.00200653417407554
0.0017813545163889069
0.0015618067934009426
0.0013521120246755452
0.001155731365611925
0.0009753136762781525
0.0008126721957854998
0.0006687906894368267
0.0005438612886013794
0.00043735698959231984
0.0003481404403231611
0.00027467522519925323
0.00021497969892531594
0.00016707539851837207
0.00012899493793363362
9.894685075855052e-05
7.539533122270247e-05
5.708450970164331e-05
4.3014725649694953e-05
3.2388254730997135e-05
2.4546181640520806e-05
1.8915639719959427e-05
1.613303527694584e-05
1.306170997228043e-05
1.0934134598946581e-05
9.389822603734632e-06
8.155621562688875e-06
7.052604270481782e-06
6.434552088192282e-06
5.7835120398452854e-06
5.447817988356044e-06
5.600158743099374e-06
6.435304980566272e-06
8.130639458544875e-06
1.1035829262926994e-05
1.7208083222290643e-05
2.432719247841651e-05
3.395545705201816e-05
4.666305476912661e-05
6.315569946946362e-05
8.423742027016848e-05
0.00011067316164956076
0.00014292861799307431
0.00018081249061208685
0.00022310988776741233
0.00026734742328648017
0.0003098374912366009
0.00034609013398735324
0.0003645247765183053
0.0004849108246667388
0.0005926646904197741
0.0007517820398030242
0.0010086841663112067
0.0014141179908583722
0.00202349036544914
0.0028861922914568206
0.004030987950633923
0.005449592193761971
0.007150906445115489
0.008948023519408125
0.010730356272395441
0.01233461835037997
0.013605854523024966
0.014435446053014373
0.014780310104068866
0.01467288079085251
0.014205888578305157
0.013503604695942407
0.012686591577964982
0.0118422524428756
0.01101032934344545
0.010186457314910066
0.00933981605892578
0.008745646956888193
0.007794646589815481
0.006823314396739849
0.005811124554714282
0.00484868654976028
0.003969282216355083
0.0032515520795370974
0.0027502646019452576
0.002503277445755453
0.00253416317990702
0.002853444067533229
0.00348601873794758
0.004379994857276642
0.005519654080177223
0.006836025429720286
0.008248431744313183
0.009665857929936524
0.010992051142222726
0.012144759173577263
0.01306998355471879
0.01374953072274394
0.014199097221066204
0.01445727285977873
0.01456920187620407
0.01457060846745913
0.01447760148319603
0.014361415901209781
0.014092697133050532
0.013690888633404178
0.013150902080559815
0.012461485076383684
0.011647694479226865
0.010748717695251491
0.0098132729444082
0.008891266214922816
0.008025660235852558
0.007246871498263173
0.006570176409804124
0.006000693221958987
0.005522456292742535
0.005114641730602701
0.004753276454453016
0.004413963083140862
0.004077960624770366
0.0037341770814501274
0.0033822503562929438
0.0030301613101918175
0.0026909446565838856
0.0023775055341179
0.002099214790900449
0.0018587811948220492
0.0016522453199566793
0.0015292285018140047
0.001359251069563429
0.0011988334838778387
0.0010423941000582886
0.000888729308302829
0.0007532883038818044
0.000623220638145781
0.0005101970984732244
0.00041968124177478366
0.0003540389987919161
0.00031358684871682704
0.0002971648583479772
0.00030290173079559093
0.00032885977479610496
0.0003787424647751844
0.00044527924588354814
0.0005279572773671779
0.0006272767458253058
0.0007420858517557218
0.0008705427070068509
0.0010100105992424163
0.0011572591406238315
0.0013083099465432703
0.001458668799600968
0.0016034885439214865
0.0016945553388292142
0.0018194663686097684
0.0019265770656313726
0.002012299758697702
0.0020739491001772266
0.002109866329271533
0.0021194571248813873
0.0021054370353335754
0.002068555560560455
0.002009032988336614
0.0019305297271439699
0.0018370057315493327
0.0017322067594721564
0.001620020275566667
0.0015043434937798837
0.0013889641391499471
0.0012774466168493945
0.0011758585072844374
0.00108313738297721
0.0010028465599655613
0.0009369948833161175
0.0008865743487218779
0.0008517856187127707
0.0008320896968541123
0.000826012270081816
0.0008315497430085304
0.0008404359595968851
0.0008594120831428439
0.0008824344545010142
0.000906434945107596
0.0009285325612865337
0.0009462025864858335
0.0009574029844450408
0.0009606499657301275
0.0009550413952068329
0.0009402330925917497
0.0009163780398954643
0.0008858578669793283
0.0008470534684426498
0.0008020282768225152
0.0007523029357355302
0.0006993471881343014
0.0006446655948405352
0.0005897497555048694
0.000536036238288422
0.0004848660494146009
0.000437442805806551
0.00039478892289574255
0.0003577015145676765
0.00032671176232452115
0.0003020528112752063
0.0002836415449190639
0.0002746537040305095
0.00026562137270561063
0.0002611389786852849
0.00026012960743016205
0.0002613809611267534
0.0002636315483041385
0.0002656607503210488
0.0002663744998553536
0.0002648785708297095
0.00026053272889660253
0.000252981080082158
0.00024215661339816914
