Y :10.0% Calcite, Diffracto n :934
Y :43.0% Gibbsite, Diffracto n :143
Y :19.0% Dolomite, Diffracto n :394
Y :28.999999999999996% Hematite, Diffracto n :316
0.0
0.0
0.0
0.0
0.0
0.0
0.0
0.0
0.0
0.0
0.0
0.0
0.0
0.0
0.0
0.0
0.0
0.0
0.0
0.0
0.0
0.0
0.0
0.0
0.0
0.0
0.0
0.0
0.0
0.0
0.0
0.0
0.0
0.0
0.0
4.427409462891032e-37
9.992865328107588e-35
3.157584670358922e-34
6.683252148829329e-34
1.0590171883148458e-33
1.990747556089617e-33
3.4851264644574945e-33
5.682124917478145e-33
8.627671565230384e-33
1.2200221590369825e-32
1.6066963322061693e-32
1.9705729608127532e-32
2.2508394334224403e-32
2.3943653172880125e-32
2.372088085836355e-32
2.1885994470494774e-32
1.8806040873744654e-32
1.504958751024376e-32
1.121626929631739e-32
7.786816114911878e-33
5.0501286089257016e-33
3.137037777554773e-33
2.0678996667345686e-33
1.603111445002939e-33
1.2144041358491144e-33
6.780866661680116e-34
2.5017114723815574e-34
6.524227226673794e-35
1.5474244298622472e-35
4.261489065537458e-36
1.9181352358577072e-36
5.73277411740953e-37
1.6140717984142306e-37
4.236473982695576e-38
1.0356334606194941e-38
2.3577980170908592e-39
4.9992537129801146e-40
9.871915546723736e-41
1.8154945033743127e-41
8.03597663607381e-36
6.855613846542554e-34
6.497078695336774e-33
3.506281195371638e-32
1.0960430552747688e-31
1.981293803329883e-31
2.0698946519077174e-31
1.2494611775656575e-31
4.3560276960010713e-32
8.7627547709381e-33
1.0155033825781488e-33
6.765133262158612e-35
2.5842433641977338e-36
5.645596060440192e-38
7.035644601859248e-40
4.990202976180197e-42
2.0104446423047613e-44
3.714627988468774e-46
5.809875066403116e-49
5.142410262182217e-52
2.5735196488319217e-55
7.276966128601619e-59
1.1621988318511137e-62
1.1154066453040651e-66
2.1740736934351064e-69
6.391684217354262e-71
1.7612830151225276e-72
4.51973435968668e-74
1.0799957651866047e-75
1.8365498901856607e-77
0.0
0.0
0.0
0.0
0.0
0.0
0.0
0.0
0.0
0.0
0.0
0.0
0.0
0.0
0.0
0.0
0.0
0.0
0.0
0.0
0.0
0.0
0.0
0.0
3.501514027459389e-36
1.256118950131357e-35
3.749153291826653e-35
9.310288983496009e-35
1.9236260871050233e-34
3.3067829378309064e-34
4.729532905312224e-34
5.628055194202867e-34
5.572190784358785e-34
4.590089362224238e-34
3.1458922025002687e-34
1.7938828027530813e-34
8.510828304541727e-35
3.3595191829702057e-35
1.6322013396681551e-35
4.741963950867968e-36
1.1462261162402902e-36
2.3052067576919905e-37
7.904913016736194e-37
1.0348169299339001e-36
1.3943671017648128e-36
1.866049088294315e-36
2.470484324041649e-36
3.2344454394475956e-36
4.187595280534785e-36
5.3613726864386306e-36
6.787872549790165e-36
8.498411292539139e-36
3.3976220599127193e-35
8.684636654852256e-34
3.548719354013347e-33
1.0404868253633784e-32
2.556524995185363e-32
5.257530875528952e-32
9.044313892083506e-32
1.3013211032205637e-31
1.5660628743629991e-31
1.5765720646318813e-31
1.3281616691988066e-31
9.369737690042552e-32
6.732520898646025e-32
3.5467036629966004e-32
1.5762310084108608e-32
5.965836705968347e-33
1.9674907916284818e-33
6.026759084997479e-34
2.0465172943005786e-34
1.0268336132794248e-34
7.858719247267929e-35
7.577233452537156e-35
7.410649452525763e-35
2.6989250644070804e-34
4.404784684120083e-34
5.713690331356589e-34
7.422521695990387e-34
9.625034097070829e-34
1.2438754832064464e-33
1.597106332250523e-33
2.035756731373957e-33
2.5736542826146706e-33
3.224823556824255e-33
4.002592098067426e-33
4.918305393257975e-33
5.979728491916084e-33
7.196495361876436e-33
8.93225053080735e-33
1.0695193389058218e-32
1.4962952983604763e-32
2.3465138240816272e-32
3.927984502080553e-32
6.429597469999615e-32
9.595541593516638e-32
1.2560172707982745e-31
1.4178807386362811e-31
1.3760865261956498e-31
1.1584293494825682e-31
8.679643898625209e-32
6.103351407386365e-32
4.3785877421563743e-32
3.467211547391222e-32
3.0731480468935395e-32
2.916797240767924e-32
2.8331670430533184e-32
2.75171414933048e-32
2.6505302642307315e-32
2.526286476745603e-32
2.3814186510795012e-32
2.2199976974293403e-32
2.046571231023693e-32
1.865769505414399e-32
1.6825794238523267e-32
1.5609604401761108e-32
1.402539492019497e-32
1.2652317473844504e-32
1.1651155582700368e-32
1.1283023002834731e-32
1.182423008745759e-32
1.3553653903848016e-32
1.6661874974780447e-32
2.113006936583106e-32
2.6620609631455165e-32
3.244015011798067e-32
3.7626137452516756e-32
4.116188524338144e-32
4.2260181773126276e-32
4.06073918940186e-32
3.646325457789941e-32
3.057152147738582e-32
2.3921995260038706e-32
1.7466879414481933e-32
1.1900796215529911e-32
7.567841704771194e-33
4.493769739406148e-33
2.4939055507402305e-33
1.2956206706031932e-33
6.319217231744603e-34
2.908871958492916e-34
1.6868637925892713e-34
7.228032070326049e-35
3.0535475712951834e-35
4.827337101888346e-11
1.7574515090985126e-10
5.323369447759224e-10
1.3415825407195561e-09
2.813038791062739e-09
4.907514342501274e-09
7.123197194793852e-09
8.602325869893178e-09
8.643394721587035e-09
7.225706816721076e-09
5.025784456549261e-09
2.9084052160587045e-09
1.4003400313699495e-09
5.609699874733138e-10
1.869705830733076e-10
5.1848294040835856e-11
1.1962534235130928e-11
2.2963572285330973e-12
3.6676107580617844e-13
4.873652499806803e-14
5.388320442533751e-15
4.956553563154154e-16
3.793444421592219e-17
6.173944873524895e-18
3.4777302364349266e-19
1.629883519205786e-20
6.3554276442622595e-22
2.0618664039775703e-23
5.565495028567547e-25
1.2498981039490137e-26
2.3354627919623607e-28
3.630770759651995e-30
2.098736632292914e-08
7.731996635594674e-08
2.37002486852638e-07
6.044239754330908e-07
1.2825018379283636e-06
2.2641325200636455e-06
3.3256245864865667e-06
4.064172521575511e-06
4.132633764816013e-06
3.4968204106399413e-06
2.4813519610018666e-06
1.5169912294633237e-06
9.150655702694042e-07
7.866958345036933e-07
1.0913967282918357e-06
1.6857199880505061e-06
2.1272368031451572e-06
2.6417595445032007e-06
2.766212849303658e-06
2.435538701453846e-06
1.802414768182734e-06
1.121105823909302e-06
5.860550181881581e-07
2.57423365181967e-07
9.498062829710461e-08
2.9424083681570047e-08
7.649032790200678e-09
1.6674920045304281e-09
3.0462758143853087e-10
4.6602304064113675e-11
5.965743718932856e-12
6.386144099332911e-13
5.71276437378698e-14
4.268027882565535e-15
2.6616265609729283e-16
1.3848347351794644e-17
6.00893546292038e-19
2.1736419683629512e-20
6.552903256526336e-22
1.6459596008273593e-23
3.443866525558441e-25
6.001124354826299e-27
3.643525513206398e-28
4.679203657484428e-30
1.949989048172456e-07
3.1213133390532367e-06
1.2537344470932819e-05
4.374460701689343e-05
0.00011821815532714471
0.00026946098091272866
0.000517434266473414
0.0008364936957297745
0.0011381068776525716
0.0013031579926780783
0.001255891979671046
0.0010188647700783819
0.0006958851077651577
0.0004001391896731587
0.00019366904282575097
7.887257063064133e-05
2.7012807258133588e-05
7.774708034755057e-06
1.8789303167519202e-06
3.8094303484160444e-07
6.473386247937768e-08
9.211502116234141e-09
1.0966841274599543e-09
1.0915362139101127e-10
2.121456500926341e-11
1.5640697640173246e-12
9.623430898285102e-14
1.5742586697557155e-09
3.544181600895782e-09
7.429208539948063e-09
1.4499551051670805e-08
2.634826122224207e-08
4.4579455951349695e-08
7.022681399848699e-08
1.0300458735687573e-07
1.406680819235014e-07
1.7886277451186985e-07
2.1175309135786312e-07
2.3341295338201664e-07
2.3955516929632924e-07
2.2891356995714417e-07
2.0366806081104874e-07
1.687173389029843e-07
1.301313406025266e-07
9.345219131152216e-08
6.248596387091818e-08
3.8901008088815806e-08
2.254886242273662e-08
1.2169530299690699e-08
6.1151680218851e-09
3.7147915198764514e-09
1.6572118150963988e-09
6.883463199248616e-10
2.6620816228393e-10
9.585640525411287e-11
3.2137072148146324e-11
1.003175404470189e-11
2.91563290003732e-12
7.889949202253295e-13
1.9879294635634893e-13
4.6635123635451016e-14
1.018616467401564e-14
2.0715415653437436e-15
3.9224914826400747e-16
6.915375470813006e-17
1.1351543547157003e-17
1.7349200754294782e-18
2.468819982198033e-19
3.27103185649499e-20
4.035204248251083e-21
4.634807158009533e-22
4.9565924904088857e-23
4.9353750339519145e-24
4.575541672052941e-25
3.949575140295717e-26
7.414110465356888e-27
1.758735203524917e-05
6.422332990533163e-05
0.00019513120619525683
0.0004932565882223932
0.0010374044070390906
0.0018158622638322897
0.0026443228834974477
0.003204316274904476
0.00323202767822227
0.002715327469303459
0.0019037511046285699
0.0011205647174246912
0.000564811057095953
0.0002602128061464051
0.00013032138247397133
8.857929416544644e-05
7.916891511130001e-05
7.636028977512537e-05
7.143154429189506e-05
6.287013029475215e-05
5.1724649085519404e-05
3.973114074075963e-05
2.848789324204762e-05
1.9066467892739554e-05
1.1911134295843087e-05
8.377434083649093e-06
4.665442660802195e-06
2.425018726329271e-06
1.1764115237484856e-06
5.326028644968224e-07
2.2502079562035617e-07
8.87132757392718e-08
3.263401813285329e-08
1.1200445249512537e-08
3.586308917024429e-09
1.0712013032720949e-09
2.984472962905498e-10
7.755303455655733e-11
1.879427624005892e-11
4.247262965946182e-12
8.949748435349546e-13
1.7582986777743338e-13
3.2204569068464874e-14
1.0073887173725227e-08
3.478873526782961e-08
9.995578801556522e-08
2.3894876891152607e-07
4.7525772097259396e-07
7.864680751058605e-07
1.0828306705110382e-06
1.2404164924215445e-06
1.2261170406123362e-06
1.0337562158480685e-06
7.251567147849158e-07
4.232267845766746e-07
2.0551425463672408e-07
0.00010427734322684373
0.00037350796111042413
0.0039885656748493165
0.013596978816856634
0.042709509706978836
0.10879464527866535
0.2359317228713581
0.43423487644781594
0.6771538336237408
0.8941715568016622
1.0
0.9476882005889486
0.7615152909627138
0.5190461130583885
0.3001046407306434
0.14718561691416915
0.061294662917054495
0.021800784918756023
0.006769379621417163
0.001958374466225357
0.0008774514399051625
0.0003001016943150008
0.00011752059396102873
4.576774276419164e-05
1.5892245703263944e-05
4.697174436174491e-06
1.1633205298011352e-06
2.402347449511745e-07
4.130373560464568e-08
5.909613254481243e-09
7.03531462190125e-10
6.968573382766987e-11
5.742940741355158e-12
3.9377951243515294e-13
2.2464650994710323e-14
1.0662863344179706e-15
4.210906197602714e-17
1.3835817709049187e-18
3.7823492798535514e-20
8.602921593901718e-22
1.628012862928015e-23
2.563286985428359e-25
3.3578722917922285e-27
3.6598173650781416e-29
3.3194632243942426e-31
2.5748569664861353e-33
1.6246869745981223e-34
2.0173106914206067e-08
7.88991932820975e-08
2.5674374304896224e-07
2.444170620346533e-06
8.053683253309296e-06
2.267404724499588e-05
5.419848505784154e-05
0.00011057121037011885
0.00019184560153341399
0.00028259629715840376
0.00035329858890903226
0.00037507240670621786
0.0003384363991688655
0.00025983523043868493
0.0001698114810280261
9.459463304935271e-05
4.5202242776287746e-05
1.916641765956747e-05
4.258863308687254e-05
0.00012837722099797065
0.0009708734769860114
0.003513340883409997
0.010994961130750122
0.028712210086560393
0.06433271552643069
0.1008875640377377
0.17321045367725132
0.25269462433183687
0.31320037546507207
0.3308523197808418
0.2990185256233779
0.2350698962418144
0.16878298401006775
0.12527315986898763
0.11307321017687813
0.12334230896721898
0.1377826866291131
0.139880357881388
0.1233343033536674
0.09318832340311363
0.060108039555602
0.033039871662554364
0.015448717640994826
0.006130613963170117
0.0020594457600631197
0.0005842507407245317
0.00013993299640655113
2.8685136547209734e-05
5.639200014991684e-06
1.8357200008250742e-06
1.5125210343648613e-06
1.6653096346183889e-06
1.99054313448205e-06
2.37347928409611e-06
2.800445038615313e-06
3.267627144143288e-06
3.7703809226714815e-06
4.3021384995556204e-06
4.854337098589909e-06
5.41653882006123e-06
5.97668232673146e-06
6.521460525160729e-06
7.0368120463107925e-06
7.508504005831004e-06
7.922773982953317e-06
8.2669916892151e-06
8.53029635811032e-06
8.70416514825185e-06
8.782871115065729e-06
8.763796434739513e-06
8.647576985795934e-06
8.438067150267907e-06
8.142324723410878e-06
7.769961402593335e-06
7.458113783035959e-06
7.131001143981096e-06
6.9704208793618705e-06
6.909242115602499e-06
7.190235319297382e-06
7.96044756136826e-06
9.29817526261011e-06
1.1130366406221085e-05
1.3677860868836033e-05
1.6175147104254332e-05
1.868213797885813e-05
4.455455674238721e-05
7.582514359181777e-05
0.00014848943054665068
0.0002678891922068598
0.00046628082684649244
0.0007704721519048928
0.0011990216419636706
0.00175068531070715
0.002393972844350047
0.003063333515377266
0.003666607913685768
0.004104507861680244
0.004297516359883848
0.004211657802300159
0.003880536045587173
0.00341795549850542
0.0029473431643738516
0.00262225353805935
0.0020338702541036584
0.0013793600846668638
0.0008548039141861072
0.000522060706837603
0.0003162546396360472
0.0001827970108245893
9.770033066033298e-05
4.736713148454467e-05
2.058690479628072e-05
8.371146873074478e-06
3.3359653775706664e-06
1.6626910851795728e-06
1.4778540856835152e-05
2.2294145650969716e-05
3.825367236649916e-05
5.167203613920504e-05
6.908982863745772e-05
9.140033770501587e-05
0.00011960740367878374
0.00015480989186982593
0.00019817632019025256
0.0002509062363677673
0.00031417829049544657
0.0003890858271100154
0.0004765614752798444
0.0005422133807250128
0.0006520043368316278
0.0007754156565426382
0.0009120577350857612
0.0010609957603080757
0.0012206984634906002
0.0013890135085453516
0.0015631755844563958
0.0017398515269993135
0.0019152243932995044
0.002085115502967053
0.0022451402786628767
0.002392467423873354
0.002523393685549339
0.00263761385989582
0.0027359636883428733
0.002818073702984831
0.0028780425150448105
0.002902861158958648
0.0028779415490831966
0.0027973062410382283
0.0026697641065524733
0.0025124744520725007
0.0023450393112018973
0.0022000548004663207
0.0021092843227150286
0.002013720002902255
0.0019783733044113207
0.0020305548385844635
0.0021829221687292718
0.002433130593504712
0.002769499471149316
0.0031761680302034283
0.003626218522605361
0.004067717435581176
0.004421420507589831
0.0046004594944810745
0.0045421017042113045
0.004232329636118481
0.003710934298982314
0.00305727226751018
0.0023652478121056193
0.001718311873090155
0.0011727880070229932
0.0007528508692837537
0.0004554667616608805
0.00026062011815175616
0.0001600267421319139
0.00021420598606523074
0.0006471409587905107
0.0020640128354132777
0.004380348788488218
0.015440515673310532
0.04492529248222938
0.0837676455099216
0.09961638353509578
0.08439322009965937
0.05564644229812905
0.026770427331982573
0.008286222398343491
0.0015875045739168299
0.0002967816649367139
0.0002054253786056614
0.00023256770414365648
0.00023332284393110227
0.00020222363420091107
0.00015599426422461922
0.00011241191975120473
7.988115488162642e-05
5.752095050331923e-05
4.1153886559790096e-05
2.796167127430583e-05
1.731557545279559e-05
9.504321169466762e-06
4.541697756723233e-06
1.866402758100285e-06
6.572544450655668e-07
8.344825760119625e-07
2.061586853530283e-06
6.098199901059004e-06
1.551804979737235e-05
3.2940206764572206e-05
5.819329974846231e-05
8.554597423351054e-05
0.00010463961478146669
0.00010650207304761362
9.019481062297811e-05
6.355697065384164e-05
3.72648950980063e-05
1.817979266458603e-05
7.420671331825202e-06
2.6431137139505114e-06
1.1597086325946399e-06
4.818840623373486e-06
1.5523057267787816e-05
4.481484682253192e-05
0.00019357708519610452
0.0005857312564028766
0.001570094624249331
0.003927871431865863
0.008481757809502636
0.015904021993779834
0.022246719779238217
0.03236791386688849
0.040363533180484135
0.043252721692789105
0.03998728827286377
0.032005288376817057
0.022249703719721615
0.013774306080032023
0.008308063838663615
0.006910388848068078
0.010333215386320364
0.019371590822052868
0.034121251794444786
0.05233932640591889
0.06897545865969511
0.07809941984490403
0.07625807596511344
0.06447662850270908
0.04735650298078693
0.03028213798552566
0.016924989550498218
0.00837579980236907
0.003807100193394914
0.0017169188221106474
0.0008475171841234841
0.0004750105399821942
0.0003391037915270594
0.00021303207747240557
0.00014169055725785174
0.00010359490864183213
8.40859571823322e-05
7.32365048214517e-05
6.567157504892748e-05
5.9143250450455526e-05
5.294640554679996e-05
4.6951445867835774e-05
4.119595121172148e-05
3.5751072334027945e-05
3.0682834286184776e-05
2.604084619533921e-05
2.737143137465529e-05
3.852574202395626e-05
7.746962747452678e-05
0.0001724914262428352
0.0007810367061175513
0.0020630824230292205
0.005121184426294228
0.01118806374645777
0.021336057199669394
0.03517924162144488
0.04992839516369088
0.061143144869940165
0.06466580991445786
0.06282072943539067
0.053656781270600744
0.04056677574794495
0.0273155454682882
0.016514710203371655
0.009099929909718545
0.004705143804313765
0.002408518397514041
0.0013231044936871676
0.0008361425472155769
0.0006030639484881414
0.0004660604164630009
0.000365934997661366
0.00029990155104073045
0.00036187840595300406
0.0006513636031237338
0.0014449358528690452
0.003321304795233513
0.0068360729109459995
0.012329233019204687
0.01918600608410253
0.02565162571792372
0.029520930689787082
0.029384165783029072
0.025425878927766214
0.021394777129259447
0.01473255575361565
0.008820289897007158
0.0045656370103377645
0.0020419290599256804
0.0008143239313514454
0.0003706186735632684
0.00035368331657987623
0.000592655151808549
0.0010099521620541446
0.0015165423280527745
0.0019548431335300407
0.0021738958333922575
0.0022398696158802073
0.0019863872993190865
0.0016044096084339742
0.0013514411675460455
0.0011657260881212197
0.0011579508619432195
0.0013199023944899474
0.0016245821330698477
0.0020497260766066173
0.0025865878596917514
0.0032375845416485393
0.004010597158131158
0.004598144190309982
0.005593500879533037
0.006730176497487909
0.008009745156380747
0.009429063795799752
0.010979383307088626
0.012645509901425635
0.014405281633428637
0.0162297421551184
0.018084131431366442
0.019929273475767506
0.021722813941622964
0.023420191756107128
0.024975986597929628
0.026345810146396805
0.027489806674216924
0.028373137740797246
0.028971410842623082
0.02927095844003949
0.029268285288034067
0.028965876451336914
0.028366572387964802
0.02747310105490395
0.02629607069698811
0.02486385993634923
0.02322502133839412
0.022047881845312527
0.020202661970891468
0.018313708731786955
0.016429014412254795
0.014585626135386746
0.012812819350143835
0.01114074013787321
0.009623603162370724
0.008398293403674092
0.007581131457116617
0.006872510236281981
0.0057480511284255685
0.0043518471300992775
0.0032205125539768974
0.0024679475823091777
0.001927163519674445
0.0015019027591744276
0.0011803838653434585
0.0009324224589490274
0.0007654805300748751
0.0006845477148558943
0.001341803744266702
0.002428911214829676
0.004461393925622775
0.008631768380254977
0.015280813590580445
0.021720330373870524
0.035077474650439346
0.05332361578329205
0.07617761400559687
0.1021837255711322
0.1286495128572696
0.15200402306181304
0.16855964377505425
0.17546349555577037
0.1715076129209732
0.15746285515555344
0.1358522532622751
0.11021549394698966
0.08418035459819423
0.06065252962615416
0.04135831081761046
0.02681681463748799
0.016648297145227114
0.00999840669288309
0.005923145615992383
0.0036211674117344866
0.0024999318451698763
0.0021509611788938796
0.0022528944987718932
0.0025119037725750224
0.0026446425602203606
0.002661063703384175
0.002422399599405943
0.0019930836772421344
0.001491440285286699
0.001028336352675824
0.0006714189389431238
0.00043631863850392263
0.0003003044407638072
0.00022674301581609063
0.00018458559279132655
0.00015522836588647876
0.00013034105656665123
0.00010737376221409337
8.622878960557751e-05
6.74785484391886e-05
5.158444808811891e-05
3.8666767949604934e-05
2.854741017891395e-05
2.0858673321923925e-05
1.5835540124376604e-05
1.3624621213710384e-05
1.655370591551686e-05
2.8655561928166324e-05
5.514506899624149e-05
9.874894072210708e-05
0.00013510880718306696
0.00019307067232423518
0.00023991040303870928
0.0002682618990750775
0.0002856466220959362
0.00032037591747307876
0.0003892590883317898
0.0005131905593686501
0.0007194955992417132
0.0010333164820971671
0.0014687013132695702
0.0019690443290941895
0.002396241350608733
0.002595786085750557
0.0024912430261326865
0.002122867171531063
0.0016085615057912456
0.0010826085829180024
0.0006479588069657869
0.0003528880048408406
0.00019639112099940673
0.0001672498451645399
0.0003102736113773646
0.0006318729045917535
0.0008555623298424773
0.0006852404122432567
0.00044123715821804097
0.0001636239510957051
8.78550228578026e-05
0.00019303592101467534
0.00040463576877295705
0.0008556469048939473
0.0016878322677423075
0.003025007137264426
0.004851039697253586
0.006964083658103986
0.009189798520124186
0.01185544947521509
0.015165435612759359
0.018024377396053056
0.02334429119730193
0.05359214523851071
0.13838290253689883
0.23898194608871376
0.2588983063632893
0.20961129586714353
0.16745682227458514
0.12034984883550753
0.05851179245168452
0.01729578038282121
0.0033624871896022596
0.0010992476536182268
0.0003375653194540481
0.00016468602352951033
8.681200221993709e-05
4.81660082950757e-05
3.139187572719742e-05
2.568459424177912e-05
2.3753230638569682e-05
2.1265853596874293e-05
1.6854102270092692e-05
1.1400814825590384e-05
6.497164282876894e-06
3.1104713593769314e-06
1.256775675316114e-06
4.3647307860911403e-07
1.3754575733322062e-07
4.4974959301970496e-08
5.165208570383329e-08
1.2725523406866873e-07
3.5125758642175905e-07
8.489975686838103e-07
2.378374143203731e-06
5.625727119533013e-06
1.2768245403494206e-05
2.8327328757631695e-05
5.748658737424683e-05
8.631076232479857e-05
0.00014133916476053327
0.00020033860972053913
0.00024731737028866176
0.00027150256004515
0.00027775143583177536
0.0002839761626777991
0.0003095713890433099
0.0003621342619926314
0.0004243400319596166
0.00046724375100974815
0.0004672493302521676
0.00046321278213531497
0.00044185399000383767
0.0004658758975596138
0.0006068998983976394
0.0008953073593432155
0.0013929969113311103
0.0021333738618890146
0.0031276223883318463
0.004346641796265295
0.0057020310863099425
0.007043166133863517
0.008168493901921883
0.008874108676949526
0.009021732658591245
0.008794079926327514
0.008020716449923656
0.0068724873669200335
0.005543806686314887
0.00421639556081056
0.0030374825011393954
0.0020974655261036352
0.0014273961163429978
0.0010117925604820148
0.0008184535945102031
0.0011091781443178302
0.0019277753028183887
0.003924904385451038
0.00810323231844566
0.015126835982965322
0.02472724542478084
0.03490231574170933
0.04311677778895451
0.04717491462218815
0.04785344998638028
0.04826155641473285
0.051575317861126554
0.059208753511851696
0.06914263381969597
0.07683645691710363
0.07823420626719603
0.07494747913242296
0.06465497086515548
0.050455809734192024
0.03539732145386666
0.02206581616932274
0.012115517341640696
0.005985361770489328
0.003029453279546164
0.0023783705766760622
0.0037885746112906707
0.00741381410633506
0.01220135515782896
0.0173059490509221
0.028628107854850805
0.0653170646928426
0.13303343504899937
0.17951356563217066
0.15988500147158716
0.12232333222832002
0.10381220635151715
0.07516876408898601
0.035802785964267565
0.011726329265043868
0.004500152485963411
0.0036123417058230474
0.003840472534652343
0.005137659379868918
0.007440144138600332
0.012258698678867362
0.021977628980759847
0.038326211044321684
0.0608261475890672
0.08475340654495729
0.10297905111572873
0.11008271653841194
0.10531558429022059
0.09189787694281548
0.07429130054207643
0.05646150776330807
0.04144974065923012
0.03097060900094764
0.025014500882212926
0.022221756487625834
0.020881689412806194
0.019730558193738135
0.018159691521907294
0.016064919218861672
0.013645224433187452
0.01111166633999588
0.008736167451676864
0.006869970928191027
0.006044147557693431
0.005461367232436265
0.0054422498866864835
0.0055758593648753164
0.005488803029341144
0.005021869928638003
0.004231467531013632
0.003269188863636848
0.002290199010526871
0.001428464030094394
0.0007779779037806271
0.0003643048478195327
0.00014541414141422735
4.9531159569223026e-05
1.470352752114245e-05
4.090465301055513e-06
1.2700891427818122e-06
5.346895279763349e-07
2.942951164212371e-07
3.3725236273312287e-07
6.568197524718017e-07
1.6386687106210563e-06
3.803760635827047e-06
1.1241221899999055e-05
2.5355889584766484e-05
5.443319579430728e-05
8.743414890024789e-05
0.00016450823276267155
0.00035911789691512897
0.0007305142591044938
0.001519488355721644
0.003190296345255911
0.006259633240116121
0.010861358011881735
0.016286907231157294
0.021017032505254992
0.02354488250991736
0.023283926506319948
0.020702122865356727
0.016736597559658645
0.012272294250433743
0.008040187712947965
0.004615888889531807
0.0022857830001977923
0.0009784428899775068
0.0003926976867887672
0.00020830009958141914
0.0002013329768523003
0.00024614701270216967
0.0002860138062154285
0.0003102781380133279
0.00032572798881738924
0.0003476423170030532
0.0003860639778280112
0.0006747147482134499
0.0017576152498017604
0.004282796235084431
0.007769519182556678
0.011252261806576593
0.015892247060996068
0.022946189709080175
0.03011047027860613
0.034381157535649035
0.03512219656014868
0.03304972010286357
0.02899827737126913
0.02373948780381094
0.01802605588800728
0.012674744728902022
0.008389665880899256
0.005444648088066691
0.0036574782100474513
0.0026640725549365533
0.0021651516764707147
0.001981007873517968
0.0020011999091174987
0.002144081531162046
0.0022767428974364563
0.00250110676714257
0.0027358527226288695
0.002969655875718909
0.003199312005162021
0.00341880900491334
0.0036195357163361233
0.0037980602272478983
0.003948798666731811
0.004053634647006387
0.004100229126638921
0.004091629036663932
0.004060308662234121
0.004057157085568741
0.004166186631289008
0.004406243814298854
0.004797774257568664
0.005327544245604776
0.005948913718161023
0.006579691017213271
0.007056774660269794
0.007176327288813025
0.00682333359013719
0.006056563391926251
0.0050611053294231136
0.004030152604147336
0.003396470225174863
0.0026116982062709166
0.0022776212878788597
0.0025067694664964095
0.003497932791575306
0.005958634681911148
0.010915906759208635
0.01935730364199246
0.031267541950028364
0.04487790566960731
0.057091227005652244
0.06531551745392634
0.06885000361875686
0.06852400316357941
0.065363420895857
0.05994755995543807
0.05274691095187705
0.04452083511589806
0.036168722925036395
0.02836144849579272
0.021410011707592488
0.015413860347793105
0.010447245498263813
0.006594890858614633
0.0038720709003031207
0.002199127827093477
0.0016031130344375713
0.0012786091845879985
0.0011371730994440387
0.0008801115327133957
0.0014542917519740814
0.006156140240896371
0.018435173763449286
0.03180956304054541
0.03216600348232762
0.022639585965009982
0.01851712244372122
0.0185592143592966
0.013490141939911677
0.0058554409839943755
0.0015585354778646654
0.0003748756545759971
0.00020452658619111693
0.00019284261092309942
0.00019059405612166885
0.00018145361918000578
0.00016376063437794516
0.00013978525639573157
0.00011250002934947063
8.420436960611012e-05
5.77858889831561e-05
4.297542962207562e-05
2.6979229828210317e-05
1.926757644274481e-05
1.8206033824872643e-05
2.2555678731858565e-05
3.240334691934225e-05
4.884797456767406e-05
8.158186107229946e-05
0.00013777591510690537
0.0002523335327305664
0.0005016358297147009
0.000999977548309727
0.0018098396203389561
0.002851441383569139
0.0038576099998130905
0.004506009599709307
0.0046284969022271395
0.004291660210603314
0.0036771575823158526
0.0029363215706766756
0.002169435030231351
0.0014794759160248246
0.0009671253631044778
0.0006729054282069122
0.0005499422591548314
0.0005078500893727167
0.0004876059754100249
0.00044805295197853105
0.0003979302307336761
0.00036076999609271123
0.0003714130308422092
0.00047250771323034734
0.0006875927408148795
0.001218164194309168
0.0021758608242395216
0.0042271134319930214
0.008601810022393087
0.01682889751939024
0.029116176127282466
0.04347530139214964
0.055813876570256805
0.0623579152039182
0.06207596817477524
0.056612336351050965
0.04826667539612607
0.03854514857039828
0.028591411562204808
0.019779799615138392
0.013392376853659209
0.009849447339014869
0.008584844130728474
0.008553652601417286
0.008761077312730983
0.008982895446871872
0.008944937719550612
0.00870486530152045
0.008418736551667484
0.00820053889738841
0.008062151647383668
0.007889765432405906
0.007541896858263195
0.006980107943651811
0.006287802823889786
0.005572779856080153
0.004882962053136389
0.004249655068196835
0.0037422158658444757
0.0034512211086647608
0.003404061880951594
0.00353634943988119
0.0037087112632347057
0.0037937509922724823
0.0037349626586791022
0.003593016001781448
0.003526965230071806
0.004156486755223084
0.0059056953019691535
0.007829908296169941
0.011535858274089657
0.01670770042813342
0.024825603213785234
0.03508646331575953
0.043596763223639104
0.04736288538289946
0.04683260069123987
0.043976587858402666
0.04020829084014511
0.03595847372555914
0.03135536830744116
0.026864135923271998
0.023098620784480123
0.02027204129106734
0.018089007676751322
0.01610621511279184
0.014061814903689867
0.011926211478908547
0.009784683858119436
0.0077415520575544764
0.005899240340736682
0.004397129178640547
0.0033326943032788337
0.0027558993218144657
0.002635182090522339
0.0028365749148093825
0.0036342640831976305
0.004890740729470022
0.006118730858612537
0.006798827781373597
0.006743930716477003
0.006129693480166426
0.005234231318610779
0.004215038605434315
0.00313433291763429
0.002088933561019599
0.0012231495634474506
0.0006325635107683761
0.0003058723259684267
0.0001600042370344651
0.00010656212943495932
8.779281509115543e-05
7.753057645412235e-05
6.777594177423608e-05
5.978268323045515e-05
5.863846694600701e-05
7.01753172235101e-05
9.66336983944436e-05
0.00013189390278594795
0.00016126933214981619
0.0001690344057104724
0.00015894692697452804
0.00012634221918281737
8.725282371310262e-05
5.8684649384453657e-05
5.178202798733239e-05
7.553130110884752e-05
0.00014860611557305855
0.0003055156438060153
0.0005744666217801067
0.000983232201820935
0.0017028338599697874
0.0027766348761427617
0.0047157765632525345
0.008182356503023624
0.013620249328209178
0.020368739794904143
0.026648756001330848
0.030410715273488383
0.03073072689704597
0.028305835993666085
0.024493000090990216
0.02015846664214785
0.015538179158191744
0.0108822681409837
0.006770282982927708
0.004624079113696851
0.002461563841580469
0.0013981276343418652
0.0010414639726154765
0.001063869379107342
0.0013005685253583985
0.0017098837969870236
0.0022583076774563586
0.002854636620922509
0.0033632356262264886
0.0036715186705902126
0.0037879186444740236
0.0037974282256492842
0.0037806618443245042
0.0037581552508943374
0.0037312821584269515
0.0037086312411643303
0.0037038937945618844
0.0037161723122270257
0.003729890699684005
0.0037294447500235846
0.0037061384897909594
0.0036555846505177524
0.003576071513302768
0.00347051987271601
0.003346436229051406
0.003257591157326719
0.0031195896532528167
0.0029783910107260884
0.0028348985921627487
0.0026896184611249897
0.002544102090512272
0.002400279271235735
0.0022618971084688885
0.0021339034269917574
0.002021409515218673
0.0019259945356433093
0.00184254935537796
0.0017578785204647668
0.0016600309420263222
0.0015453417195786699
0.0014207252311704127
0.0012969963311102674
0.0011961400457017701
0.001098142456749284
0.0010094051744602773
0.0009325256805561502
0.0008711957144256397
0.0008427763282304988
0.0008343131059067157
0.0008522309572193456
0.0008883891663409186
0.0009173427364499448
0.0009640470130601132
0.0010135548707904793
0.0010655200346649655
0.0011154568816689556
0.0011601191189851729
0.0012050255430567298
0.0012621630987676245
0.001340872295701794
0.0014435935605169566
0.0015679580554814377
0.0017130921394987403
0.0018775683103625306
0.0020568472917718906
0.0022426783492983833
0.0024415756149431932
0.0026366420961675754
0.0028359948583194655
0.0030534574405929457
0.0033080057151588338
0.003642460601317561
0.0040844593886958085
0.004684098168169644
0.005374320002432945
0.00597291084721587
0.006415598608641855
0.006658448588839814
0.006944508459821588
0.007059223368569912
0.00694615082234213
0.006604567031910476
0.0060929897732281855
0.005496777022431565
0.00489910176728188
0.004343392984426982
0.003953563614454701
0.0038174896720814967
0.0044062796164477695
0.006616410746511812
0.011456177603545257
0.019333392053649624
0.028715308536932545
0.03670140595375817
0.040544120557606644
0.039684301685144696
0.035836821183196664
0.031064427319716405
0.02609662251737851
0.020666811112857994
0.01483411114734522
0.009450987651690846
0.006595573239086005
0.003711784209261098
0.0023238809573710847
0.001813963999875988
0.0017491207369132516
0.0019677807620116544
0.0025210810376826947
0.003678462565466716
0.0055401122137954065
0.007782596749794123
0.009818670409905809
0.011804116068360996
0.01456343818090202
0.02061730259988556
0.036034917033422265
0.06051382937174487
0.07327719435256418
0.059256173470481094
0.03886730364377854
0.0346165539119887
0.03927006994594052
0.034353329925997586
0.02012280518510844
0.008946741583085484
0.004332367426494894
0.0029960128017692293
0.0027967287820633495
0.0031211127847267824
0.00411834856300333
0.005774754769327531
0.008041826934741907
0.010775032155010964
0.013711020522818921
0.016521276790490345
0.018863487483025625
0.020455920838990407
0.021123456160651456
0.020804488007154186
0.019728724302078247
0.01816338141183921
0.01690701162155766
0.01708669151810308
0.019773424718201052
0.02505792872530517
0.031366682650792385
0.03602225972200907
0.03701072609763061
0.034487723963201385
0.03029595089815233
0.026028274085351848
0.021869519310746214
0.017278033156439037
0.013933510376673853
0.009010945216963658
0.005019216113216795
0.002432583691651835
0.0011305175038299289
0.0007290650761415142
0.0009080342743322175
0.00147683696955781
0.002236782820838556
0.00292878027402564
0.003306502157111392
0.0032836457772619882
0.002974102204059325
0.0025776832327646672
0.002200391549104625
0.00180882947614313
0.001361663359508452
0.0009023078157469241
0.0005196221185815255
0.0002685420465722697
0.0001416523725321249
9.881160097099117e-05
9.995035396606573e-05
0.00011927555491348811
0.00014390689031045886
0.00015995237739207589
0.0001818803002524989
0.00020228706364484818
0.00022426917275028248
0.00025028625799121857
0.0002771560746691685
0.00029513757030902543
0.00029358586181901986
0.00026995143728058836
0.00023298533379367494
0.0001952493615095396
0.00016295736003197746
0.00013463464382197984
0.00010700769138432977
8.220732926391679e-05
6.660123967248506e-05
6.618921259497992e-05
7.993869540917694e-05
9.551159389297744e-05
0.00011476573690466233
0.0001484695523943932
0.0002499211621795043
0.0004994371675805855
0.0009691708172223423
0.0016590687169578836
0.0024066011596746563
0.002813609951010171
0.0031315116647259843
0.003069162827567389
0.002789471922680747
0.0025054255649688884
0.0023049019151200507
0.0021316900048794596
0.0018972183167411776
0.0016908949314236677
0.0016598369675214504
0.0022673613688357374
0.004243510592654533
0.008322301315582425
0.01466895605209427
0.02199807013575357
0.02799805894831721
0.030664436642897627
0.02987637113666379
0.02732592011688393
0.024731216941228703
0.022360537943524158
0.019382084311971127
0.015329426003286895
0.010811924498210942
0.006896941626959854
0.0041825157712429475
0.003004493438369897
0.0018718426236149278
0.0011603501541728994
0.0006727397595806664
0.0003498969499490124
0.00016318333693811588
7.213430958994753e-05
3.5808714687891265e-05
2.6416665398903968e-05
3.207718446851377e-05
4.951064653256535e-05
7.724496100894231e-05
0.00011776487987429254
0.00016799183795379659
0.00025129002792581215
0.00040967713822707134
0.0007357465785287107
0.001353387983322543
0.0023487006964634616
0.003696608125652792
0.005183152259865375
0.006497638357643593
0.007459283292762664
0.007927201194899834
0.007527262368368266
0.006273772144342451
0.00533548762301944
0.004341000223215539
0.004830873223454549
0.011328676209935551
0.03060826769553331
0.05450982770876803
0.05704498562192308
0.035643678505967204
0.018608298961648125
0.021283532420785196
0.031532480758426316
0.030210286389458312
0.01742347298607683
0.006872976072954491
0.0030650081402587488
0.0025129357280292836
0.002670873383300692
0.002897540108398789
0.0031453193204983958
0.0034013101178731165
0.0035806953393613737
0.0035667215838647817
0.0033411305129763176
0.003006641860304428
0.0026826473938217476
0.002490776904197691
0.002203356579042865
0.0018652559967420703
0.0014747278470649977
0.0010906173129208243
0.0007777696481039975
0.0005600100116035502
0.00041677344426110864
0.0003123032069882146
0.00022405899961148364
0.00014895237839092715
9.181719023219728e-05
5.3851891311325625e-05
3.082007373174581e-05
1.7193331022120457e-05
9.151872360409012e-06
4.670646055337093e-06
3.393284132683133e-06
4.776276176598021e-06
1.012994634328495e-05
2.1402521160466646e-05
3.9797569743835076e-05
6.326309865626123e-05
8.531332417047676e-05
9.745660158230686e-05
9.448986588796937e-05
8.641050848587861e-05
7.030954678609018e-05
6.392419975413e-05
8.6357076114501e-05
0.00015548045303511097
0.00027938323210339175
0.0004406346838469303
0.0005934899946057519
0.0006866865026126166
0.0006984526622488812
0.000651742653792964
0.000588632303956913
0.0005349519709778208
0.00048804624375048503
0.0004357227556136608
0.00037803698765122724
0.00032701366911272803
0.0003020536728808317
0.0003565433975497668
0.0005189743960547826
0.0008766365806492636
0.0015118792088796263
0.0024504220768819494
0.003586291259854594
0.004625929033552446
0.0052355413710807215
0.005328971999510851
0.0051402190303148285
0.004946631927144041
0.005122466640567961
0.005684555797331848
0.00624482835465763
0.006327880540013075
0.005722632407625585
0.004685611023389862
0.003716281369176805
0.003082512575910754
0.0026883881581754
0.0023132688474633016
0.0018432710906691936
0.0013614989947383842
0.0010478503934303394
0.0010194493609044738
0.0013189956613117936
0.0019253568482438504
0.0028079025645168787
0.003909133782680168
0.005076074829616319
0.006038167771061915
0.006504477516731582
0.00635075636455216
0.005957570846563026
0.005124733896851358
0.004327149448880519
0.003997109348972653
0.004983543431754496
0.008218406935980378
0.011710895989446742
0.010993411158095497
0.006497093553779535
0.0032906172045020763
0.0037195736865394844
0.005984609103522598
0.006691066073036251
0.004962949109968649
0.003001795433677846
0.002056258677163743
0.0017092719619585556
0.0015306127679875449
0.0014151254734462932
0.0013313046262947287
0.0012471404899006158
0.0011949379402763796
0.0012637414782499792
0.0015316697502195894
0.0019824779047629766
0.0024756807917678827
0.0027291783748698
0.0028916079863239535
0.002796235181606749
0.002600404435769189
0.0024339365781435715
0.002363197135459703
0.002347495772915142
0.0023423090019214455
0.0023651278512686834
0.002464732646085512
0.002729043470013073
0.003163104837825449
0.003653817477588499
0.004162358417765308
0.004913240626654682
0.006126937984959417
0.007195664605042496
0.006986901077074428
0.005708559020055039
0.004638887017429975
0.004357303303576792
0.004506313764739441
0.004328646179247333
0.0036098068318406278
0.002855569645205886
0.0023524125356297236
0.002100172876385821
0.0017785186391251824
0.0015531469204522095
0.0014735144457936231
0.0015328877898115895
0.0016660766837632878
0.001772818953394146
0.0018021963974326407
0.0017108306956719658
0.0015803521425791416
0.0015336977628711789
0.0016625801528355045
0.001989568595236029
0.0025222153316072507
0.003206035354630689
0.004040646088428864
0.00498377426143711
0.005938392008404766
0.006771115300770514
0.007357277832165234
0.007629929912313354
0.007597261631757732
0.007326166643492352
0.006899508157496044
0.006369745649947033
0.0057329816640709404
0.0052369650600376785
0.004390495511134041
0.0034965612495024626
0.002679852668939738
0.0020654927720493766
0.0017176132302431223
0.001630030884600763
0.0017377005446979471
0.0019226259150750809
0.0020354143219548666
0.001986419297288195
0.0018128023493811497
0.001650732762822879
0.0016044491228350312
0.0016440639164063068
0.001641798793200711
0.0015049806417717355
0.0012615066208587458
0.001017233075089831
0.000851037158669367
0.0007609284186600909
0.0006985421054578497
0.0006269396349100967
0.0005566628997719945
0.0005038824469489805
0.0004930011655898215
0.0005254323385685685
0.0006362130031151362
0.0008219351525509224
0.0010294038556957525
0.001166379676539113
0.0011675711400574707
0.001048159258815531
0.0008962735240655752
0.0007929172272123162
0.0007507026315903746
0.0007235076320531657
0.0006674265891781
0.0005709096502956252
0.000467148888438755
0.00040467958266630666
0.0004170969887729157
0.000558349742356224
0.0008875968295491586
0.0014379728781763763
0.0021492852475569917
0.002831547320967535
0.0032441083844137156
0.003266464327901998
0.0029999189759361395
0.0026830849623608877
0.002538011609453624
0.002435084439839712
0.002365989565226157
0.002207439330051559
0.0019418278008617553
0.0016563919205380905
0.0014553371470260878
0.001387833255429712
0.0014358266228377734
0.0015394280177032755
0.0016249145765554695
0.0016400519748225027
0.001576368960111224
0.0014675235908697462
0.001357242171749798
0.001264360898413571
0.001177326800565698
0.0010760453281692544
0.0009599818363901579
0.0008524247128233495
0.0007837821537256324
0.0007707980013160733
0.0008024226558964767
0.0008459076901529098
0.0008700008373347556
0.0008696461160358973
0.0008666272000320805
0.0008761203154211613
0.0008986406095692751
0.0008967345300841753
0.0008820017371139641
0.0009038263806035256
0.0012044842672257405
0.0021979986838264695
0.004340840500177143
0.007775214448861771
0.011931175920079003
0.015416055839592744
0.016853005303976376
0.015899712627101985
0.013593643589903325
0.01148201120058541
0.01035442525802538
0.009810737884081131
0.00893117235217765
0.007236306096768871
0.005020946866943214
0.0029438531997182777
0.0014632678949353375
0.0006534511475569055
0.0003123464759922518
0.00024202844137495005
0.00027092606996794756
0.0004108004592949454
0.0006509236869016289
0.0009974840352419728
0.001432905749551755
0.0019251209704326795
0.0024808905188015273
0.0030961141431848234
0.003873420283987537
0.005005553498089577
0.006691468305199678
0.008910247601430001
0.011220991910556373
0.012805090879776463
0.013089436622376455
0.012152824511080424
0.010518836841873307
0.008824561447134517
0.007601905111824869
0.006795195573548804
0.005904397982100564
0.004936565581662933
0.005691191192682131
0.012143573226328346
0.024190598113223966
0.029799876835459618
0.026192144231250877
0.01361710924177264
0.005288637306298351
0.005612745354812053
0.011660477326254443
0.01602508507930767
0.012865719960152084
0.006163093529122124
0.0020869823113722624
0.0009729022512290866
0.0009373788148181045
0.0011135099698516959
0.0013360748498019589
0.001579173912120609
0.0018128434784232847
0.0019876339907447063
0.0020640829365873993
0.0020517009100953104
0.0019755770936234606
0.0018540150799043844
0.00170624686497893
0.0015567372751758759
0.0014285521886784668
0.0013374223373277467
0.0013009275827182858
0.0012879565535362295
0.0012714378017662134
0.001238154263200338
0.001205440390915102
0.0012810032162530714
0.0015926344242197905
0.002381549871253896
0.003910290225791572
0.006282900121818251
0.009186356549087973
0.011782821487116478
0.013099019985298782
0.012729135915635697
0.011198598687329576
0.0095690203740679
0.008594620666482929
0.008236524146233277
0.007899352599680132
0.007072232911741392
0.005733626252266482
0.004280980362805088
0.003103458645537338
0.0024694037411575704
0.0025451254603097036
0.003434851611866599
0.0044558431183585505
0.006372900668321545
0.008189725500056
0.009223511215356368
0.00902634821985943
0.007793759773460391
0.006430224575774143
0.005630306387594149
0.005306614759373407
0.005124284081057021
0.005616460365822027
0.009578783694570055
0.01927075993747352
0.027855377495237053
0.024643770349065234
0.01336728392851998
0.005654078390683394
0.005335980951261047
0.010472723216961247
0.015637911992904083
0.014528341936634208
0.008707591254627658
0.004233405079922207
0.0025786548236616707
0.0021466905440801817
0.0019533167548722004
0.0018430325225566274
0.001692769901581834
0.001567042339460357
0.0014671989173250161
0.001381988136851349
0.0012890336730921616
0.0011706826371982986
0.0010463763025841944
0.0009531432568524562
0.0009633654954776487
0.0011531033247447558
0.0015699430186552124
0.0021742151260452664
0.0028122763542288245
0.0032517849077020994
0.0033431467769784546
0.0031351121787688394
0.0028364166388168965
0.0026327727325107277
0.002541875841828853
0.002441133587648035
0.0022109467809637955
0.0018450908998820872
0.0014356099482985892
0.0010784525810610048
0.0008073478383106816
0.0006661685270226527
0.000493793240939757
0.000379817183123421
0.00031095396990098785
0.00030371403290411575
0.0003683826740089778
0.0005153823029773398
0.0007596142414592769
0.0011261483696436174
0.0016141098856315421
0.0021982452639901675
0.0028250537488744834
0.0034193769828734836
0.003917870120869437
0.00427553409058587
0.004438752070224847
0.004366424171474159
0.004208493622931328
0.004219586196536026
0.004581580308309372
0.005314557340050532
0.006185091694490908
0.006738749782302871
0.006636379506738571
0.005945717626393462
0.005082235625728934
0.00464035713728685
0.004330656306357859
0.0042972793720813165
0.004178251429392381
0.0037215947116135116
0.0029748860718469402
0.002186419332070237
0.0015692528407623136
0.0011660513935326641
0.0009037540726158268
0.0006977491629000276
0.0005422528162843294
0.0004804169684450579
0.0005471945613367597
0.0007198847973941546
0.0009143502974466327
0.0010230434258032264
0.0009914343163926296
0.000852921326386703
0.0006994265480249427
0.00061082406183491
0.0006005957831234283
0.0006330165839752943
0.000673552500066824
0.0007255002077998023
0.0007786455275953817
0.0008880694158364757
0.0009928195500955774
0.0010202707554539366
0.0009356686719184403
0.0007779478579639136
0.0006306982485679318
0.0005540422464564503
0.0005427652451868227
0.0005422077805450426
0.0004996441385885005
0.000403684678790199
0.0002825497143000546
0.00017463437604594746
0.0001031414333757825
7.108077048807444e-05
7.282616584892198e-05
9.915141723310699e-05
0.00013183207818945778
0.00014909308211417932
0.00014647718612772364
0.00013311327140216
0.00011785160050449493
0.00011248992205448374
0.00013620119554753543
0.00023195167728685566
0.0003674345207938132
0.000729762396930715
0.0013062359015600772
0.00201945080326675
0.0026605569945793318
0.002982879326511088
0.0028708995217232485
0.002446846350317326
0.001985838356152086
0.0017148721280918443
0.0016643422208997036
0.0016995046445886827
0.0016495172891221324
0.0014735782946521745
0.0012825357022924297
0.0012366590197552861
0.0014119643568501793
0.0017292159564050436
0.0020189022249138587
0.002105029697363734
0.0019835307850497195
0.0017896949207237207
0.0016959302203651682
0.0017893288339780968
0.002032592318360965
0.002311094017348069
0.002463831336215012
0.0026221206490698555
0.002703441087664296
0.0028311431488190104
0.003158527201843591
0.0037736901986167273
0.004623693445717104
0.005482774844070224
0.0060740975308302796
0.006423322044597901
0.0067630986039724315
0.0067057224166963345
0.005655357693699711
0.004234406609666395
0.0033904838368248825
0.0031257490955651536
0.0031423946001040296
0.003225970599131143
0.0029255040365871927
0.0020991276209281276
0.0012809640883505132
0.0008279296069257043
0.0006231857404480648
0.0005128774129999326
0.0004533571086153705
0.00043605473545675627
0.0004274099539930841
0.0004153344128833229
0.0003824176564626362
0.0003300692567824668
0.00027197326041482345
0.00022127564321259717
0.0001828433479429461
0.0001545045218039985
0.0001328318720998006
0.00011854944592506179
0.00011440096546185002
0.00013185708164505365
0.0001914029042485616
0.0003171625373778792
0.0005166252765979796
0.0007545847423628334
0.0009510696391044701
0.0010209364590943292
0.0009380087312078198
0.0007620560398142169
0.0005965236732149241
0.0005149026767328776
0.0005162801913294983
0.0005402773212808014
0.0005210966965079607
0.0004703009721438988
0.00035148369315373936
0.00022116054758368757
0.00011756416198208648
5.4258786682717546e-05
2.5329446977797874e-05
2.4107931279384587e-05
6.425080744389536e-05
0.00015767619338411746
0.0002372124887562643
0.00020619757966812484
0.00010491791052218678
3.7215729319329405e-05
2.0708096391633345e-05
2.6169613007891552e-05
5.8274277848832786e-05
0.00027235892071224543
0.0013674333617181842
0.004390125380082101
0.008198906169407747
0.008830376180375365
0.005526328966686012
0.002068039828269502
0.0006636175251766777
0.0010397266988727855
0.0027851502622891424
0.004153814092859768
0.004804088288059045
0.0032319460466196394
0.0013168088689735223
0.00042875290917291286
0.0002852036216171018
0.00038108219948501464
0.0005318483873732417
0.0007018262077481251
0.0008861502162194149
0.0010673887015376251
0.0012174582156503323
0.0013149392307021156
0.001366563701536697
0.0014722597300637957
0.0018347804946160133
0.0024432669823937847
0.002758634508037397
0.0024289978359319283
0.0018737536229515325
0.0014954278257403228
0.0012940976004236367
0.0012591294880133705
0.0013527217519424119
0.001308639735668464
0.0009988356649208697
0.0007625253823975819
0.0005210506163952792
0.00038899775418889274
0.000286608496893372
0.00020564439971206705
0.00017229525438686638
0.00020699177580249208
0.00030899467760432214
0.0004528248116105025
0.000592602254211442
0.0006769674702692642
0.0006787646642474706
0.0006087005530806079
0.0005127664516614126
0.0004429073594177621
0.0004234505384501202
0.0004394921082616847
0.0004549243708126682
0.00044067408310869224
0.00039166229740964035
0.0003245353848176226
0.00026182405945815473
0.0002180360505340218
0.0001949404317921262
0.00018658678222407716
0.0001857114503250361
0.00018802550482088134
0.0001942711153751136
0.00020450875866468132
0.0002220797391037027
0.0002524871145137792
0.0003012849832028396
0.0003815170417064951
0.00046769584990425175
0.0005404407813341774
0.0005895590706800417
0.0006436710451978339
0.0007590004464108196
0.0009762963867999104
0.0013039817839185326
0.0016877624537264232
0.002050741740333763
0.0023161499130653048
0.002438929834329529
0.0024169159327843744
0.0022831068850549556
0.002104026218207085
0.0019392858790059037
0.0018504393126686912
0.0018857421852691255
0.002064955149744386
0.002248956175931245
0.00254284701926488
0.002719809015880482
0.0026477790897085963
0.0023200192362534
0.0018749171430173274
0.0015051108906270713
0.0013358731997190154
0.0013567025769440756
0.001444425148154426
0.001453866362596575
0.0013136282957006962
0.001060535124627153
0.0007922579752914814
0.0005939689018998035
0.000495135927386663
0.00047131625934835784
0.0004710450874656767
0.00044934314547306377
0.00038874827998822625
0.0003047179382006388
0.0002273856324570515
0.0001800673909873955
0.00016639810602354338
0.00017213907652867584
0.0001766078632417507
0.00017154098951423376
0.00014998451618259014
0.0001189053314498555
8.95930301716896e-05
6.89038281531296e-05
6.0258224137718075e-05
6.188642086987404e-05
8.120090386989986e-05
0.00013446842766641056
0.00023848727551566539
0.0003996503075007354
0.0005830774085453283
0.0007451288701581654
0.0008586080140759757
0.000940080610238112
0.0010265478047071608
0.0011232205867552623
0.0011881726439801601
0.0011653609436427684
0.0010444628255885113
0.0008703754211100468
0.0007117241829895388
0.0006182147646692902
0.0005889211886754967
0.0005915017875410089
0.0005949916649341096
0.0005989687333998609
0.0006142326288711437
0.0006485437740543052
0.0006767344842163176
0.0006564875005188644
0.0005742988248660191
0.0004717225120859961
0.0004201428561324418
0.0004202808764479826
0.0004424595164392074
0.00048041142964194684
0.0005410847873411679
0.0006163556477465478
0.0007103471462362521
0.0008478840919071821
0.0010263495312550738
0.0012071477295812346
0.0013586488079397534
0.0014711499706973902
0.001538369637086957
0.0015645274850174698
0.0015736564120270762
0.0016039407792029596
0.0016853476477051617
0.0018294014689482895
0.0019501348434861055
0.002152069818605422
0.0023615069983166583
0.0025666048120135915
0.0027519059167442415
0.0028760363229918123
0.002877691935514051
0.002724678161294693
0.0024676454132959123
0.002205453283801487
0.0020254054773331683
0.0019988152753401276
0.0022063313865235035
0.002639570394603633
0.0031322973676080586
0.003442447429599734
0.0033864349257489005
0.0029839974108426797
0.002548518282911044
0.0028021456326299426
0.004376672493687928
0.006242259341654905
0.006214873755003715
0.004369575425677568
0.002605892575896694
0.0016566388919236415
0.0013639855358210228
0.0014393723288787855
0.0021998478728560726
0.0029074381231851683
0.002523681090209168
0.001408729523002749
0.0005943874691784307
0.0002808987877129147
0.00018574600472139464
0.0001444353376075208
0.00011788067941967149
9.889334201587919e-05
9.369515953730542e-05
0.00010683195362741569
0.00015409076939709102
0.00025247797971770304
0.00040829995985176896
0.0005988606846075541
0.000765956020640461
0.0008418780279366136
0.000795711521495266
0.000663279035358642
0.0005293327932383147
0.00048407267656844227
0.0005808708981965807
0.0007277109648344151
0.001041224975064772
0.0013927845470087573
0.0016727281584225822
0.0017845652112638696
0.0016900291287265485
0.0014513279866555594
0.0012119169575758905
0.0011277587266846638
0.0012845687002605395
0.001632845449768361
0.0020039997127761114
0.0022070444933276535
0.002151917928017232
0.0019051688539625169
0.0016158009266303095
0.0013869470498067845
0.0012444038221833575
0.0011702247059636574
0.0011331747483387011
0.0011021525914888398
0.0010693571822927566
0.0010418441628412402
0.0010135536529165192
0.000993805230052192
0.0010982050299308851
0.0013683062996525158
0.002108178691893433
0.0026976404001521756
0.0025329390646194176
0.0019618888723123
0.0015567280627677169
0.0013664180762320514
0.0013129009221966277
0.001488261440857013
0.0018658195710655166
0.002052451320270517
0.0018116091023007803
0.0014238179399869526
0.0011431724752531173
0.0009525157193899306
0.0008073575923407784
0.0007324197911360126
0.000756896039121585
0.0008798790591026082
0.0010561140215043674
0.001221411511803321
0.0013334714571766923
0.0014086156756693863
0.0015020215907602264
0.0016496752015187812
0.0018160990832638817
0.0018901293104925366
0.001873267920676251
0.0016858056477241949
0.0013966410552439747
0.0011223059162688439
0.0009529594452325145
0.0009178138379352578
0.0009787416004423915
0.0010615359050346526
0.001100923742666084
0.0010662025155498236
0.0009560102391017404
0.0007871715394885801
0.0005895198469840222
0.0004085868551888527
0.00028417020610276456
0.00023073132571786587
0.00023954511499639438
0.000281197108066558
0.000313780001596785
0.00030635591468525334
0.0002577947264907269
0.00019147083140077685
0.00013647825805829445
0.00012037990992559466
0.000198702295894118
0.0003379973278575246
0.0006331046280958161
0.0007891915142288987
0.0006659487229546999
0.00047958913266267223
0.0004253806137197197
0.00047684264622142744
0.0005721471127381211
0.0007133283691918543
0.0008725781033408192
0.0009093307834701285
0.0007581562511553343
0.000553813293396441
0.00041964816869582495
0.00035602244389166263
0.00032887159261027043
0.000316609618122877
0.0003046841524602897
0.0002813097397590922
0.00024191482030036832
0.00019140087539439113
0.00014854443426882898
0.00013372499893560684
0.00014192583756509223
0.00013953609091324267
0.00012707140239529387
0.00011660879957469755
0.00014061968628174124
0.00019415063764953788
0.0002613339285533701
0.00032085897058806606
0.0003554406014389267
0.00038382604626664805
0.0005360618069860486
0.001130970458831875
0.0023514320435879623
0.0033975472217013664
0.0031562175280250306
0.002052930515436379
0.001257390578514823
0.0010529425661243968
0.0011933096931972605
0.00160876309347116
0.0023273037954664203
0.002947033586630862
0.002834871946406203
0.0021442072920406473
0.001547660151294007
0.0012629703927259663
0.001145519041542239
0.0010820638195199806
0.0010518421874330765
0.0010171536267929257
0.0009907015824834778
0.0009612647407035136
0.0009078580570796183
0.0008205515333636214
0.000708332186147171
0.0005927287778419882
0.0004982611195907205
0.0004622016713602792
0.0005244153413564461
0.0007175412070547713
0.0010494434614741661
0.001503098590909865
0.0020625976560798335
0.0026007393344248
0.0027143452193441027
0.002193747187204767
0.0014690966770217456
0.001013328697859268
0.0008946456414906019
0.001003487652005386
0.0012673737268629212
0.0016079989126390303
0.0017988427298560033
0.0016186282590014373
0.0013432543785051323
0.0009272322369817624
0.0006490659251608352
0.0004783392996863961
0.0003502713506554342
0.0002676514799034922
0.0002453380196596802
0.00025450367214420255
0.00025533972093677836
0.00023172869198204014
0.00018819098412453439
0.00013950082136618349
0.0001436031551694525
0.0004461327441104412
0.001499069677673894
0.003102006945067254
0.003734894872694197
0.002641007992365896
0.0011295958727028464
0.0003175764456041168
0.00010015325213280643
0.00016718925498514865
0.0005760012913813626
0.0013867219413360608
0.0019895687089705313
0.0018784738011451724
0.0011057718414724804
0.00039303077289887386
9.978054531709947e-05
3.745749886019331e-05
3.2919609181171254e-05
3.6339854051495776e-05
4.0460051845364436e-05
4.3518429779534436e-05
4.309107949309038e-05
4.079065501549391e-05
3.677273300574306e-05
3.6131000073163985e-05
4.385337468071313e-05
6.426202464870266e-05
0.00010125915616810467
0.0001610210470129797
0.00024344149392866102
0.00032080923582594994
0.00035879750535919064
0.000367758143012371
0.0003763909665352947
0.00039122929108039285
0.0004057700663552878
0.00043305733134395833
0.0005071229382504784
0.000600111291409264
0.0008104972096952822
0.0010771297569299354
0.0013328637492643954
0.0014756442788093282
0.0014380182611353045
0.001250129833085882
0.0010290144144227721
0.0008922402007108138
0.0008846344321896512
0.0009674692863355833
0.0010644658080490148
0.0011176050949431272
0.001114009584529726
0.001081334334569674
0.0010535712522512077
0.001034059559371899
0.000989942343659491
0.0008874470936703526
0.0007252545534326283
0.000543310656265652
0.0003981093915600646
0.0003279041845437616
0.0003341517588176658
0.0003829277727251641
0.00042481031312492765
0.00042974290018268154
0.00039524387185113646
0.0003269739340656644
0.00025490001549889374
0.00020185417862563794
0.00017491029631919947
0.00017041674198596955
0.0001812953723411769
0.0002027429647202748
0.00023273306099493338
0.00027092945733036975
0.00031398380573053204
0.0003565081650259647
0.0003898767817669634
0.00040540676638055757
0.0004051393512201221
0.00039663371899866006
0.0004004089848152643
0.00043829972051111254
0.0005303028660876025
0.000684744749498137
0.0008930201769214976
0.0011219847743448937
0.0013197370895752195
0.001442253227820725
0.001477880755167374
0.001465652704217892
0.0014281603983136242
0.0014020561955108831
0.0014005351313173618
0.0014079729940547337
0.0013951658992830593
0.0013397328579025183
0.0012369807976553883
0.0011030622310042948
0.0009669692365590334
0.0008533891762519696
0.0007692074317999675
0.0007041846617705064
0.0006427692141333582
0.0005811065738759744
0.0005338999700088614
0.0004987383292584454
0.00042945262286568875
0.0003164347892611629
0.00021867467600779176
0.00016776995523020048
0.00014669734947416675
0.0001367934064370619
0.00013175982473285285
0.000129865937781137
0.00013047802000464506
0.00015222936446435505
0.0003099202965458063
0.001053636438924017
0.0029303327879984134
0.005047613796994785
0.00516549897169551
0.0032087660808775833
0.0013141449131018716
0.00046222691453962224
0.00024915722510957417
0.0003142374519208342
0.0007668244957165806
0.0018348266876987466
0.002908881056560819
0.0028601328442566577
0.0018986035865022081
0.0012217008398896743
0.0012302238968728329
0.00162450452929783
0.0021421856480502302
0.0026415052817459666
0.0030178652122276905
0.0031921751997191663
0.003143518107226096
0.0029205394593664127
0.002721367887263522
0.002421863701727294
0.002188001533680906
0.0020525090559090553
0.002001479876000436
0.0019870212219546012
0.0019474655597746737
0.0018358697568946355
0.0016398448333914788
0.0013810820443091944
0.001098007886776965
0.0008270653106601423
0.0005934433447307525
0.0004102925478848647
0.00028098932987952755
0.0002009415205152249
0.00015988718215658183
0.00014357164942497053
0.0001370910870159106
0.0001282473326564843
0.0001113482198643296
8.834851577271897e-05
6.545555416966593e-05
4.849537080576327e-05
3.97944778768458e-05
4.5487076179605376e-05
5.71861954302974e-05
0.00010140913976547318
0.00020318734490351213
0.0004007149124940868
0.0007159993253633295
0.0010980187360760836
0.0014308317200135414
0.001581532374889265
0.0014984698947256361
0.001258322975606742
0.001018819734297688
0.0009209016302528262
0.0010213327880750054
0.0012858350579723697
0.0016095191835942939
0.00186337927753137
0.0019456425210685599
0.0018299463200506258
0.0015763874609561435
0.0012901260117602015
0.0010594819649483171
0.0009186210867462904
0.0008499889845974685
0.0008136352632287325
0.0007735285491249515
0.000737682336611594
0.0006747509313899594
0.0006142113057685764
0.000566411594505201
0.0005279744697482446
0.00048470304314205667
0.0004234586657728929
0.00034330475095658175
0.00025603801707350574
0.00017970968372255647
0.00012762416441180338
0.00010784483958885113
0.00012153208489835018
0.00016346477408801143
0.00021611123395916896
0.00025813602190817006
0.0002717812066398496
0.00025375297629732596
0.00021737644632263266
0.00018325871479917523
0.00016766717962942825
0.00017533364242631411
0.00020091480512557472
0.00023289364705517468
0.00026083601042056076
0.0002844391874785609
0.0003032461046317747
0.000331971455109697
0.00032125810727297424
0.00025036785403173355
0.00017228667191663757
0.0001310002018320922
0.00011822602021449101
0.00011637397964357123
0.00011922904639172865
0.00012047588694645091
0.00011161626060902638
9.52885902079873e-05
0.00011891073612043094
0.00036535525457838516
0.001363882646182709
0.0033553877267318384
0.004873384651354413
0.004167722734624322
0.0021520426678394195
0.0007022217114702684
0.00016012915738636665
4.8244775751781545e-05
0.00010905364599375942
0.0004657290530321517
0.0013883173226677213
0.0025087700955251694
0.002795015418681643
0.0021772255877005294
0.001120699412156843
0.0004953994556831322
0.00028311031490119626
0.0002108632808184956
0.00016366261275443982
0.00012157595167132872
8.424020331895158e-05
5.391029836944514e-05
3.2208270018485504e-05
1.8524305458657677e-05
