Y :28.999999999999996% Calcite, Diffracto n :205
Y :25.0% Gibbsite, Diffracto n :711
Y :22.0% Dolomite, Diffracto n :437
Y :24.0% Hematite, Diffracto n :845
0.0
0.0
0.0
0.0
0.0
0.0
0.0
0.0
0.0
0.0
0.0
0.0
0.0
0.0
0.0
0.0
0.0
0.0
0.0
0.0
0.0
0.0
0.0
0.0
0.0
0.0
0.0
0.0
0.0
0.0
0.0
0.0
0.0
0.0
0.0
0.0
0.0
0.0
0.0
5.516111571032471e-36
1.4525212636798106e-34
4.637598397064885e-34
9.906955086603238e-34
1.966158231841517e-33
3.625142266492545e-33
6.209507861916372e-33
9.88125664425852e-33
1.460789007936853e-32
2.0062297575519808e-32
2.559701677581491e-32
3.033970048892809e-32
3.3407525307112704e-32
3.417325264088944e-32
3.247396471093994e-32
2.866746966193441e-32
2.3509673100251845e-32
1.791039624646693e-32
1.268687465047088e-32
8.387509380024416e-33
5.279105214166855e-33
3.3778940329760725e-33
2.4584309842065976e-33
2.066186063184728e-33
1.71510661582485e-33
1.201992134469727e-33
8.28626841952651e-34
3.7768113472301247e-34
1.2961733383351848e-34
3.35164811136366e-35
6.632043846515123e-36
1.0517609194781216e-36
1.4945842227114419e-37
2.2736847753026025e-38
4.064430519102496e-39
7.864230269887916e-40
1.4910148441466624e-40
2.6586167839277237e-41
2.8218488373346166e-35
1.9734464997140317e-33
9.957091892781462e-33
3.7419263418273046e-32
1.0469682863746872e-31
2.1803502055121866e-31
3.379072978204258e-31
3.8967500782255597e-31
3.343591434069442e-31
2.1345469214741336e-31
1.0137936790866322e-31
3.5817827006013137e-32
9.412135865583727e-33
1.8391874524434515e-33
5.252780282357579e-34
6.260972157175472e-35
5.5448249674198284e-36
3.647203900373063e-37
1.7810641079960836e-38
6.454480190216371e-40
1.73507701431249e-41
3.458346799941973e-43
5.1089744195406984e-45
5.591736727267269e-47
4.532638836794503e-49
2.7202130183453566e-51
1.2082894967666393e-53
3.9713409776653692e-56
9.655967536107629e-59
1.7364133577123662e-61
2.309013570583878e-64
2.270091768385891e-67
1.6498331155447923e-70
0.0
0.0
0.0
0.0
0.0
0.0
0.0
0.0
0.0
0.0
0.0
0.0
0.0
0.0
0.0
0.0
0.0
0.0
4.2854438138932755e-36
9.087969876121348e-36
1.80706508937207e-35
3.369120596049689e-35
5.889726948577675e-35
9.654051455893958e-35
1.4837471615944427e-34
2.1381887330948438e-34
2.889136201198321e-34
3.660377179469057e-34
4.348300063261441e-34
4.843385265801043e-34
5.0584139956044485e-34
4.95353879082997e-34
4.713180343782676e-34
4.145799821525852e-34
3.4193097364951757e-34
2.6442614955541347e-34
1.9173712139979103e-34
1.3035984891679755e-34
8.310312164617924e-35
4.967371836851213e-35
2.784016772473794e-35
1.4630287743782231e-35
7.208912129524192e-36
3.330599708397161e-36
1.4428161377634234e-36
5.860509664236633e-37
1.803358887210715e-35
5.792537438715332e-34
1.6197518259560953e-33
3.321390843266891e-33
6.405883168418095e-33
1.156812593547089e-32
1.9597743857788252e-32
3.115522448016799e-32
4.647706981714154e-32
6.506312551207188e-32
8.547309151298942e-32
1.053751578227774e-31
1.1695810199006396e-31
1.2972468635218717e-31
1.3505881850873076e-31
1.3200829591935044e-31
1.2116107928605417e-31
1.044650457518649e-31
8.466013970324472e-32
6.454948803973328e-32
4.637370317585634e-32
3.1470404743492933e-32
2.025752419199364e-32
1.245355845410491e-32
7.392321615953947e-33
4.307158174765779e-33
2.5176112874089922e-33
1.510751145789995e-33
9.455099602696497e-34
6.177588581868296e-34
4.1587507678330775e-34
2.83060102655056e-34
1.9150619839773072e-34
1.2725194106133682e-34
8.24398962259443e-35
5.540218178306179e-35
1.1663424345797633e-34
2.1830398111963526e-33
4.4874281297206436e-33
8.192294613047963e-33
1.3973900617285513e-32
2.3103008011109663e-32
3.6937954592113757e-32
5.698316757646235e-32
8.463301364816456e-32
1.207817064403272e-31
1.653633390542832e-31
2.1695471921266197e-31
2.7261044538740443e-31
3.2806731605418333e-31
3.7834448182398303e-31
4.186135604215629e-31
4.450915796695204e-31
4.556869732552116e-31
4.502233200526756e-31
4.302298686626642e-31
3.9843727036415565e-31
3.5818213537809195e-31
3.1289118753716016e-31
2.6572581933179856e-31
2.193811180246674e-31
1.7598998548131522e-31
1.3708561481890385e-31
1.141265597464705e-31
8.449167590030848e-32
6.061368576628057e-32
4.211154891414959e-32
2.8320989381298083e-32
1.84310087009136e-32
1.1604445919814316e-32
7.090683222427133e-33
4.835936469583797e-33
4.292508822391489e-33
5.439831830108372e-33
8.967306162087894e-33
1.5751328644975335e-32
2.6817396122880843e-32
4.295598400965288e-32
6.419400694982922e-32
8.929071889059403e-32
1.1552154172995344e-31
1.3898701283656634e-31
1.5549282377562076e-31
1.6175594658156737e-31
1.5646558886396086e-31
1.4072881739267548e-31
1.176929526224673e-31
9.152059466137762e-32
6.617375222016924e-32
5.119639355484804e-32
3.2789214664434225e-32
1.952598898054216e-32
1.081138751880837e-32
5.565850846460309e-33
6.278714395690502e-11
1.3477978482240722e-10
2.712780360295351e-10
5.119650924351431e-10
9.059451652426317e-10
1.503139601142387e-09
2.338474106952202e-09
3.4111566035240134e-09
4.665590244190429e-09
5.983390865631876e-09
7.1948873355294915e-09
8.112159200319735e-09
8.576000074144596e-09
8.500978755685351e-09
7.901124940009705e-09
6.885647271534679e-09
5.626475827395256e-09
4.310860675925077e-09
3.096901270902051e-09
2.0860589514290916e-09
1.3175334135452446e-09
9.357992715623238e-10
5.30897690850327e-10
2.824065814397034e-10
1.408557675938266e-10
6.587343330906566e-11
2.8885627590554127e-11
1.1876518782495539e-11
4.578596329194904e-12
1.6550510545003378e-12
5.609527462820575e-13
1.78269483222183e-13
5.312067393204719e-14
3.8952313995196275e-08
8.165653414557494e-08
1.6050353181218901e-07
2.9581085282171023e-07
5.111865982282996e-07
8.282866454803999e-07
1.2583970828218097e-06
1.7926297110845753e-06
2.394841956707334e-06
3.00985905719409e-06
3.549313100548763e-06
3.937444512120757e-06
4.119579633335243e-06
4.120441946102186e-06
3.964595775204789e-06
3.6830671934956513e-06
3.3664954797114095e-06
3.1003050338616486e-06
2.9385745908374874e-06
2.889528828931761e-06
2.9171770037135913e-06
2.9574553479990427e-06
2.942142676619061e-06
2.8216269115516045e-06
2.5788915352218243e-06
2.2311110805775165e-06
1.8201986212408038e-06
1.3974380477033095e-06
1.0085211709825609e-06
6.837900123032804e-07
4.354230244113191e-07
2.6036289204517734e-07
1.4617950878005608e-07
7.705678867087684e-08
3.8136239330627795e-08
1.7719718293914075e-08
7.729631369193812e-09
3.1654481356889498e-09
1.2169627710357873e-09
6.212401253328222e-10
2.1495955678864085e-10
6.98221927576856e-11
2.1289164766316993e-11
6.093130495544898e-12
1.549528029362521e-07
3.3199675751081825e-07
7.991453689216389e-06
2.008758095808653e-05
4.0074407580254076e-05
7.509081992688866e-05
0.00013215049251108876
0.00021842279539037421
0.0003390488197921201
0.0004942560979184377
0.0006766437028036132
0.0008699231949404478
0.001050294141169804
0.0011908246187288549
0.0012679152235385333
0.0012677618123916163
0.0011903923523371679
0.0010496579541996013
0.0008691822667877411
0.0006758949680018472
0.0004935740546706056
0.0003865180771741717
0.00025418375385972064
0.00015697318179716053
9.103306777602075e-05
4.957516587795111e-05
2.5352133117153128e-05
1.2174271960689899e-05
5.489606862081243e-06
2.3243396840326073e-06
9.240749855395488e-07
3.4494677981801804e-07
1.2089856658993504e-07
3.9783252772882353e-08
1.880837776907139e-08
1.805100635067644e-08
3.0869722964419295e-08
5.755440932548677e-08
1.0205691458685286e-07
1.685980106750791e-07
2.5875803545630347e-07
3.6881047823332006e-07
4.881558590681216e-07
6.000073549307618e-07
6.848524819478696e-07
7.259050661231695e-07
7.145044628884781e-07
6.785100984980548e-07
5.903170230683046e-07
4.769321753761347e-07
3.5782465489176476e-07
2.4930226458830477e-07
1.6129633879952038e-07
9.690922476298738e-08
5.406896456827096e-08
2.80138829639085e-08
1.3478479135587746e-08
6.02213927271917e-09
2.4986361742617574e-09
9.627146373695893e-10
3.444565523404097e-10
1.1444943407309327e-10
3.53130453611124e-11
1.0118101196989934e-11
2.6921867893458e-12
6.652022087496104e-13
1.5263161517278684e-13
3.252202962746362e-14
6.435067487129545e-15
1.1824176240913518e-15
2.0175811254846997e-16
3.1969323196417714e-17
8.983998904172604e-18
1.2582762484406469e-18
1.6365324872626937e-19
1.9765854171594362e-20
2.2169141043687693e-21
2.3090028536719317e-22
2.9137891312884775e-05
6.138366851649218e-05
0.00012125046269415365
0.00022456900403164086
0.00038998873726624737
0.0006350240313451942
0.0009695363585155258
0.001387950198537699
0.0018630550665672699
0.002344834131656103
0.0027681451404077463
0.0030642090581027744
0.003182553698358609
0.003102028713878985
0.002840553467862233
0.002448339718630273
0.001993534331010359
0.0015436825385127472
0.0011500750312553182
0.0008396450892104099
0.0006812193877493034
0.000507469797971634
0.0003919815477116652
0.0003129428143053794
0.0002529944015028323
0.00020176269794834755
0.00015525974099177254
0.00011356140184394055
7.823536236222517e-05
5.050420288644987e-05
3.0462200143527203e-05
1.7140449139082065e-05
8.989422124895909e-06
4.39210994935991e-06
1.9985489170187964e-06
8.467767176080542e-07
3.3401832934147307e-07
1.2264914660374378e-07
4.191814937092742e-08
1.333323319822302e-08
3.946551065304869e-09
1.0869311513418576e-09
2.785105399629569e-10
7.73768202193836e-09
1.666318252947683e-08
3.388085864761841e-08
5.2490717906080755e-08
9.594213194610687e-08
1.6442917610817553e-07
2.6423170271066653e-07
3.981318093270327e-07
5.624768880372899e-07
7.451064641149249e-07
9.254816747852769e-07
1.0778371793918376e-06
1.1769942479267124e-06
1.2051229698951267e-06
0.00016374895547848273
0.00034130991572395547
0.00579072851738211
0.013526770804971763
0.027952289125994883
0.052674741830831456
0.09334238249410569
0.15552418577525592
0.2436246828382283
0.3587728759235421
0.4966773102849704
0.6463480145059359
0.7906583128237026
0.9091540736515994
0.9641393642905846
1.0
0.9749731287464165
0.893562515257842
0.7698508296284905
0.6235201302352436
0.4747603356319319
0.33986325925777344
0.22875939054074784
0.1447969978137969
0.08620701443585518
0.048292663148268355
0.025469290549460056
0.012656900262354753
0.005934644878375291
0.0026308678803533504
0.0011059521792548188
0.00044273673578323257
0.00016974556751102985
6.277170920996918e-05
2.2564558096866623e-05
7.941238171925882e-06
2.748916681771881e-06
9.365244292653878e-07
3.1288084860761155e-07
1.0181418157367535e-07
4.728151900373429e-08
1.4467353417606023e-08
4.225844815435357e-09
1.1719496577768247e-09
3.0735564986469674e-10
7.601318027806694e-11
1.7693604497052383e-11
3.8713472159498105e-12
4.7773994620171993e-08
1.0208547368568353e-07
1.3585295649851835e-06
3.2160413030140563e-06
7.44022920535226e-06
1.4433027233080388e-05
2.6344311610859505e-05
4.523803537920969e-05
7.307165258509002e-05
0.00011101355323026978
0.00015861712480121602
0.00021313091644061422
0.00026930795714158023
0.0003199996629923024
0.0003575562409400966
0.00037569441744705634
0.0003712139888296539
0.0003449197434532488
0.0003538491700444024
0.00034504728267152005
0.0003698797134019114
0.0025199467166079404
0.005463800527512464
0.010907159211825234
0.020123898639032856
0.03504065475815851
0.057477027539883485
0.0887072732844438
0.1288001283893829
0.17673250824423606
0.22791439265721042
0.2770680245248634
0.31791892445852804
0.34520906972931065
0.35600639692847935
0.35059368049148604
0.33225367800278405
0.30606081150158093
0.2771710353392268
0.2493105163176433
0.2240360768528937
0.20094239942665632
0.17858255252227112
0.16336781470216477
0.13955106950209129
0.11479946553658527
0.09023740584156939
0.0674025913455779
0.047668468864429894
0.03184845049495373
0.020080379474656285
0.01194785654039055
0.0067197779430656105
0.0035896138551795988
0.0018424512597066528
0.0009322435724514758
0.0004884795978959104
0.00028420478020733237
0.0001928105883939384
0.0001497578745902468
0.00012510477389592316
0.00010645834413486228
8.954026608614056e-05
7.34418207259485e-05
5.8426751056097454e-05
4.499248056903494e-05
3.351264942498109e-05
2.4138305518068945e-05
1.6811107743551764e-05
1.2963841009472654e-05
8.535969516818423e-06
5.434334374798012e-06
3.34513509283007e-06
1.9911459298022807e-06
1.1461756221205038e-06
6.384393904535008e-07
3.5540925795541355e-07
2.0430378917114375e-07
1.4682263167092162e-07
1.5040443991055876e-07
2.0852586635026722e-07
3.210083388170665e-07
4.904733375490647e-07
7.160703371502529e-07
9.880164444365964e-07
1.2843742505762316e-06
1.5716256024426277e-06
2.121891967826448e-06
2.663168939946713e-06
3.4663139289507406e-06
4.763950214455542e-06
6.85818260957798e-06
1.0047023781768596e-05
1.4498461734127677e-05
2.3720155299152024e-05
3.523668055305154e-05
7.5657238098829e-05
0.00017494877307515656
0.00035096722877810723
0.0005941921411481896
0.0007714519166179821
0.000853494349901922
0.0009187850187686421
0.0011712045824676144
0.0017681015392062773
0.002777123424095198
0.004195067417093778
0.005951992871352231
0.007891336022082881
0.009767263770067258
0.011283283877012256
0.01216521358940171
0.012246265947698775
0.01150567876286901
0.010093418153577907
0.00844932577832125
0.006685985630793526
0.005249038665469853
0.004234699802238137
0.0038396130404537996
0.004132561759529262
0.004725314412194923
0.006220507206547062
0.008446753786623554
0.011393987613898586
0.015020161726518558
0.019229849151163225
0.02385715447413224
0.028660148845360358
0.0333311024878211
0.03752311899258711
0.0408898818201736
0.04313178395879342
0.04403956111733145
0.04352639920381259
0.04164158231147111
0.03856266614789238
0.034567884519668295
0.02999472517818537
0.02519320724088705
0.02048275265463392
0.016119770063260805
0.012281414378292175
0.009058289215430807
0.006469547415253374
0.004477049413310439
0.0034440683645990404
0.002270466639535895
0.001463423170280046
0.0009330814906701542
0.0006013476850565193
0.00040464129441260586
0.0002939310974012802
0.00023501700130978644
0.00020187485114231464
0.0001806070375273299
0.00016418754041185778
0.00015114148982990774
0.0001433648658318169
0.00014393169807491797
0.0001550686218933152
0.00017675554951632747
0.00020606403634616804
0.00023749575949981507
0.0002655122505588856
0.00028275562393804466
0.00028626411304292506
0.0003183582718582223
0.0003641222720809623
0.0004877151575730354
0.00072822160543486
0.0011804131996952323
0.001650295129856107
0.0027168257392240934
0.004381585481783852
0.007731050397282751
0.014286652512832577
0.02918384759887819
0.0590915069686309
0.10530872969475588
0.153736774031845
0.18004571409817463
0.17013991787498284
0.13134554711636404
0.08326607624199359
0.04319072850320191
0.018365560693343858
0.006642430896133165
0.0022763042638451027
0.0008648508383102962
0.0003880690505618459
0.0001988583560607956
0.00012282972693226338
0.00010410894618838884
0.0001167261404317786
0.00014547419604542307
0.0001805169336506337
0.00021433381887222912
0.00023313928487547251
0.00025222824724371363
0.00025789646091651673
0.00024965199474673625
0.00022938270333358946
0.00020066323307545278
0.00016772160806774662
0.00013444483970198755
0.00010372452361019916
7.724543629322473e-05
5.62454527945906e-05
4.010657948468748e-05
2.8865984107236893e-05
2.2277478097115486e-05
2.0211288666120037e-05
2.2647859338543997e-05
2.954028428530553e-05
4.057963517176958e-05
5.4937122360769946e-05
7.109732067502833e-05
8.690210643585973e-05
9.986724334734164e-05
0.000107719987934782
0.00010898723984234171
0.00010349269716385927
9.648220167391e-05
8.239287269246034e-05
7.167017210514847e-05
6.196327562632565e-05
5.9986750140657454e-05
0.0002309291631537205
0.000479613218671354
0.0009263141105928667
0.0018776605701085688
0.003356035661595231
0.0056761777914948654
0.009069143221423688
0.013676609318955363
0.019456767025804254
0.026104247030196908
0.033038643767647195
0.039423002309439965
0.04436823226101469
0.047526580768817876
0.04811263524553503
0.046687385003457905
0.04382284254193401
0.04077128260909735
0.03885984055937496
0.03925718988939857
0.042679727608922094
0.046688163517525805
0.05484910654218891
0.06447400256245238
0.07386127119461135
0.0811649984381232
0.08482911323347227
0.08396494117744263
0.07855273168363998
0.06940272139603948
0.0578972633017629
0.04561281334936273
0.03395275214856996
0.02389859463174888
0.0159258837850993
0.010065330763074485
0.0060480918585918576
0.003466905010747366
0.0019042225278128747
0.0010076182993487158
0.0005167680004551775
0.0002583756703437187
0.00012650762068301596
6.078323913522109e-05
2.8632922415886528e-05
1.3178341285660121e-05
5.896877873600993e-06
1.2552874433259989e-05
2.092990880199682e-05
3.947938852752275e-05
0.0002832075835718417
0.0006397282672811936
0.0012698222339270113
0.002586425755244702
0.004692338061323734
0.007981279658272842
0.01283851834853663
0.019478461667726082
0.02789406568832973
0.03769967761503599
0.048088164713731674
0.05789855454825321
0.06581447983038333
0.07065269602321289
0.0716549829937826
0.06868355116147225
0.06225044274011511
0.05338489030957646
0.04333875310369504
0.03333929751835433
0.024342139052198158
0.016929253148487495
0.011294420877752185
0.008489279040038636
0.005520428739675973
0.003962573529128014
0.0032560007461795238
0.0033618807346715083
0.004071702015085397
0.005419151209777962
0.0074712901961110295
0.010303493479399387
0.013916556599806777
0.018157789418612038
0.022677852228707957
0.026950740635734327
0.030365075596317532
0.03236365068446775
0.03259045308174606
0.030996619724037153
0.027832619161528818
0.023600928187975243
0.018923090776135666
0.014446308129953254
0.010526790803474793
0.007467720390095895
0.005347237439190052
0.0073753041165590715
0.008392484364823576
0.012266849994088697
0.018533430109368334
0.02767770501543059
0.040784769815323196
0.058785946771706274
0.08258363266144587
0.11286630692203724
0.1498879457917665
0.19324741177074972
0.24171670934581518
0.29317075579394497
0.3446613082102571
0.39265327649803927
0.43340701112532576
0.46345270809733446
0.48007589373274406
0.48171952359031417
0.468221519685752
0.4408378372208836
0.40204695267560653
0.35517803357142164
0.30393993530216096
0.2519428092140798
0.202296210841445
0.15734120696108037
0.13073534334768874
0.09642409383547709
0.06888729597188999
0.04767036762363579
0.03195421151568647
0.02075186502427936
0.013062210544007276
0.007979088471967183
0.004745227600422528
0.0027690088971717578
0.0016133790387688296
0.0009713128672100078
0.0006359751706743964
0.0004731811004399673
0.00039896749019972686
0.000363486455399056
0.00033849778388541615
0.0003110706919847765
0.0002966080671811089
0.00032488772544077017
0.000482973199476902
0.0008535494817273415
0.0013753154078006205
0.0017625703836967707
0.001719691199268118
0.0012679706930427016
0.0008917613796745859
0.00043643986740882565
0.00019172593234006283
9.659623563721659e-05
6.296158641175963e-05
4.762420806650641e-05
3.7812770711657786e-05
9.550799227223639e-05
0.0001401773058572453
0.0002346083161144147
0.00037831136572163206
0.0005856915374868529
0.0008830589436196796
0.0012924290292582192
0.0018340592184275806
0.0025224547547508555
0.0033617186201143658
0.004410387102426736
0.005585754067864737
0.006903140864714549
0.008345487256338343
0.01254561058007605
0.01744427321530031
0.0260890317182972
0.040330398945150094
0.05411866557151728
0.0834882531363788
0.12521855919590566
0.17985670517512903
0.24509237435657255
0.3151331938860006
0.3811487672831643
0.43293259771699105
0.4614716575229781
0.4614876837730623
0.43297527483394155
0.38117045231089314
0.3149372714895551
0.24429363677932214
0.17799647459962795
0.12194919415933418
0.07873823409975762
0.04813593698064154
0.028127151444845372
0.015988024246151412
0.009098564231766781
0.00537879582861853
0.0034009650603535717
0.0023030389600669685
0.0016264889729787867
0.0011563105126304435
0.0009118833659510194
0.000621625554348254
0.00040864308115174774
0.00026133798535190185
0.000167547977339675
0.00011539967741042747
9.065835073585854e-05
8.31558196980898e-05
8.43557776092762e-05
8.958355775020556e-05
9.432762373099842e-05
9.903823344377013e-05
0.00010490965426769221
0.00011499263716306582
0.00013296341693538476
0.00016138947995653438
0.00020471799879320614
0.00025870496787878857
0.00032269969980052235
0.000399248671112638
0.0005161692195755429
0.0006940038248359989
0.0010103233407053826
0.0014802708701452476
0.0019772000174268127
0.002287319251063586
0.0023396797991794547
0.002280884169630125
0.0022570541410924763
0.002387872489537062
0.002632160225118482
0.0028829039743516424
0.00305303689649877
0.003093003796658908
0.002985765425275016
0.0027416718256373543
0.002393115341402956
0.001985875154670758
0.001568230586344246
0.0011816481232762935
0.0008525631436423394
0.00059311792429586
0.00040228894879593314
0.000271225035434196
0.00023023341358513211
0.00022786392792742148
0.0003015735820421505
0.0004649104214973732
0.0007967710731879338
0.0014385995775421632
0.0028250141924503988
0.004377265529675516
0.008362336589639047
0.015534008878605066
0.03151652558823446
0.07141609949671383
0.15318790763254422
0.27062032808883063
0.377054881811017
0.420193389931638
0.3926911510589199
0.32375582353885346
0.23848248387550006
0.15284227005201248
0.08422385291381462
0.042482448534641094
0.022746548616210328
0.014311799397647994
0.009941513683097545
0.006901961583845326
0.004573632420313363
0.0028562465386057045
0.0016780789172552266
0.0009307995653452558
0.0004946362840074081
0.00026354240857338863
0.00015691784313789236
0.0001270778433817547
0.00011685900910313582
0.00012742645716837077
0.00014404622977946718
0.00015763791156140895
0.00016285836594052307
0.0001574717092361166
0.0001420873692949614
0.00011945154820890581
9.353473005455838e-05
6.8251467278991e-05
4.651777628474156e-05
3.191743617027179e-05
2.2682450782484746e-05
1.9848908048461873e-05
2.4401035355002463e-05
3.5420526864576384e-05
5.400605465857066e-05
8.060628282764296e-05
0.00011899149040889605
0.00016388768904258353
0.0002154352329194414
0.0002727534936497297
0.0003313314655001592
0.00038979357604681115
0.00044673278816415734
0.0004833892289556626
0.000535618012567654
0.000582723604988214
0.0006213217053741064
0.0006491085083318108
0.0006572105164385696
0.000643618846237062
0.0006109282941861756
0.0005605976278116905
0.0005036376519515991
0.00045176383308732514
0.00041892952539444335
0.00041822579852669425
0.0004610136184101949
0.0006581836143041532
0.0009324469799142682
0.001376153742129647
0.0021095656264974757
0.003179032703303942
0.004698448018980107
0.006745491575730286
0.009318286181072402
0.012302607492242865
0.015771275852811135
0.018909084627403493
0.021539327859409804
0.023002691767893498
0.024666951283740513
0.025556991238264118
0.026238814824994672
0.027484801654878134
0.029858792944514826
0.03414668898073887
0.04085858563161439
0.05076148936529252
0.06331238088800929
0.07826944988009765
0.09569766531742614
0.11572776560950533
0.14508860143851451
0.19626784331651034
0.2737696470718452
0.35631394141488987
0.40532912379197694
0.403194524039577
0.3660966926671229
0.31392757302477414
0.2530893770802231
0.19041106718550796
0.13787830390302974
0.10096613644535908
0.083402267655232
0.06329189548583261
0.047576716947698314
0.03507242523381333
0.025759581858216803
0.01959746010060377
0.016272570773050384
0.015230300651808474
0.015772894652416693
0.017158362492953164
0.018690516534350464
0.019798309025036962
0.02009750676865765
0.01943707112439511
0.01785289462583352
0.015572536277395087
0.012915638000505353
0.010220395590522022
0.00827128187246387
0.006956613428415269
0.006716219935738002
0.008152499448161085
0.011628758744927024
0.017625711195188975
0.026623803198868583
0.03885323289694627
0.048729512622555274
0.06555119825771227
0.0835823880112688
0.10092027858692043
0.1153568366416455
0.12486497071625503
0.1281061913629195
0.12472093429179004
0.11535951809425013
0.1014852121826256
0.08501883621794881
0.06792631127358158
0.051855079857883186
0.03792148606576012
0.026685534477480625
0.018152247926000415
0.012054007325659345
0.007967344350536245
0.005592604459248899
0.0044537534460388556
0.00437848555509959
0.0053658310525645635
0.007421018024186336
0.010600740004630982
0.014954056430053899
0.02037286722189273
0.024424671839593456
0.03075912676320568
0.03674193559906153
0.04154092531732835
0.04440212771281535
0.044842802371060676
0.04278057955656351
0.03855095022545084
0.03281073297792675
0.026367837027005493
0.019997902297164534
0.014301999185093504
0.009634800537582127
0.006106257506079781
0.0036359523887938383
0.002032938339642479
0.00107245805187165
0.00053938936167
0.0002728465247960336
0.00016138845724526297
0.00013751924928787632
0.0003622700080778315
0.0006383267781099402
0.00111963111097289
0.001979730179644586
0.0027753380923506454
0.004438814157372902
0.0067667020659876054
0.009815471658373364
0.01349439026904698
0.017579581862786405
0.02168894685559745
0.025340308172725968
0.028452964042096476
0.030126270893787267
0.03046127887229587
0.029715396233181125
0.028162653940655723
0.026337462316257658
0.02489904753161738
0.024418264422763323
0.025323805840953093
0.027846973042070046
0.031986767578963814
0.037532837631160075
0.04408946981805891
0.051125390728073636
0.05803198178102018
0.0644933639178373
0.0696609579754619
0.0733324709288538
0.0749413835625123
0.07606018520324896
0.0758595285454513
0.07476915323012864
0.07330320576589
0.07207623874009166
0.07161464680244926
0.07187282214374416
0.07188816230295526
0.07033262931137058
0.0666738488578918
0.06134130382708424
0.05479873226721368
0.04722311813275312
0.03904120667371065
0.031031285209982894
0.023838437835631915
0.017732419286506124
0.012749046119985135
0.008840161408125657
0.005907737770767273
0.0038076409425649867
0.002372277458161832
0.0014317264487980219
0.0008416461505778748
0.0004882219335717849
0.0003417545544968753
0.0002113825830721371
0.00015247734944108375
0.0001374397781118975
0.0001574248357528576
0.00019516209443037728
0.0002476630002106753
0.0003150625074067816
0.0004397542717042349
0.0005932597743322093
0.0008143037250102527
0.001138742633495479
0.001578217160035065
0.002152050544708859
0.0028556250130495906
0.0036609819891951743
0.004513468518290687
0.005335846463609699
0.006049274384823781
0.006558545371456367
0.006804974079178182
0.006762735763341261
0.006447835362306357
0.0062128422387089524
0.005881175721709205
0.0057967134568895
0.0060064216536162155
0.007084087615496108
0.00912528782311917
0.012488393182979791
0.017305442872303064
0.02352957815070305
0.030889460703022252
0.03885074997887546
0.046544232153726016
0.05314854924408145
0.05823647580460936
0.062990074538673
0.06996738219757072
0.08027638612122358
0.08988268050681465
0.09163533909159405
0.08392774316796431
0.07163568802371872
0.060422821482562464
0.05067812560328631
0.04161163992592297
0.035569975393333696
0.035074191274317074
0.04004561306092993
0.048464015779859496
0.054825032759439216
0.06394433663425331
0.07100230200712256
0.0746810490891011
0.07429274403249406
0.0698914098036314
0.062197440936758906
0.0523739431965327
0.04172971419584113
0.03145304111311155
0.022422107812465387
0.015124487988190577
0.00967661349553224
0.005913277091074102
0.0035079713962408296
0.002086997338658522
0.0013113252638143975
0.0009180149661782114
0.0007276391319681844
0.0006310131593497798
0.0005691556963510193
0.0005143606355777807
0.00045643416462941343
0.0003947995761486085
0.000331254779716061
0.0002701722137035724
0.0002327778731739358
0.0001841055216617452
0.00015259294388112745
0.00016250292943667576
0.00019121451299234063
0.00026585334642299384
0.0004050266915658363
0.0006518791695360008
0.0013053990453435272
0.002025380841200899
0.003028514457571071
0.00435532933116345
0.006202554937978737
0.008345311859967258
0.010878720382172406
0.01379706062704248
0.017090877769046747
0.020748254818261633
0.02473875208345202
0.029001702983276798
0.03342296412278109
0.03782337780868839
0.04196059285954698
0.04555851283673736
0.04831244979906939
0.04996950846266245
0.050372760797405575
0.04985923438466621
0.04802729451061976
0.04535187938828764
0.041853493586795375
0.038072758434066656
0.03462872161363784
0.03233736053237305
0.03159734940800111
0.03304315032446572
0.036985987599516545
0.04334113913243798
0.051588619449272094
0.060752589414097065
0.06955069109526574
0.0765978887563555
0.0807322566500364
0.081244689699935
0.07802376610143545
0.071520693395189
0.06263966007999557
0.052500463927213935
0.042222994315067416
0.03270065937766929
0.024571524437990988
0.020137215083150955
0.015179794779738114
0.012333587429088678
0.011262188037186954
0.011019385931348165
0.010595237728753931
0.009765343909036077
0.009002043785898925
0.008564466390934533
0.008121990223351739
0.0074557138265675844
0.006784054111847244
0.00641986275765028
0.0064608841855799464
0.006871255876017676
0.007647269441693688
0.0087540085424267
0.01011556472754922
0.011568124636261522
0.012889319987875108
0.013845332504275625
0.014677443594322595
0.014918352961220545
0.014936079919126436
0.015135417948505597
0.01590595038148915
0.01695227238114262
0.01961492378959797
0.023768545987953946
0.02934170561709993
0.03592368877450381
0.042793146867448194
0.0490499351824448
0.05377888208208913
0.0562244516621508
0.05595853935517371
0.05301711038408725
0.047860419940143194
0.04123673286127864
0.03395521124483718
0.026747262995802525
0.020180694361092568
0.0146415121877676
0.010307269406754813
0.00716936691011195
0.005124972887343832
0.0040653659901889235
0.003716977630094022
0.004002096822363122
0.004938338622386298
0.006661602878289205
0.00931416924349385
0.011676182422001889
0.016187842100894318
0.021768853394289883
0.028059082835913542
0.03442132516831368
0.04004120883082249
0.04410845404201685
0.04601647645631306
0.045506216123756604
0.04270690305227988
0.038073548343526116
0.03225921407616061
0.025971051420461282
0.01984776980818945
0.014375806517416843
0.009850163106189998
0.006371678231444249
0.00388625428110866
0.0022358195189984653
0.0012209156336909117
0.0006477083966771364
0.0003573177567284138
0.0002353893951878186
0.00020713532139954131
0.00022725024016759132
0.00025344448764140487
0.0003058961927499998
0.00035188159268003565
0.0003937359172172789
0.00043514249556860207
0.00047025084209017295
0.0005237701279628183
0.0008508819582242175
0.0012556030067017688
0.002065231524789072
0.003319320270352569
0.005153085324909948
0.008104575474200125
0.0122271663730329
0.01788060803575275
0.025266067459412622
0.034490810783467364
0.04539866700311102
0.057551612176519835
0.07024106391868211
0.08256915086407844
0.09357943590295366
0.10240969376531281
0.10841571813012778
0.11124406899213295
0.11084590613683298
0.1088953945398584
0.10372498315647927
0.09634810542757648
0.08738098311123463
0.07745790329222293
0.06718436138891297
0.05706769800663414
0.0475247685527806
0.038852960411125646
0.03123210215375411
0.024739228913587954
0.0193588608149341
0.01501062787461014
0.011569226079370363
0.008890359801039315
0.006828629833342911
0.005253402084609393
0.004054493725508545
0.003152094340040893
0.0024662321858811747
0.0019502272090073853
0.0015650720767025038
0.001281302508774345
0.0010767193729341882
0.0011780080310282077
0.0013134923290233887
0.001479427339856061
0.001902826587165817
0.002595051997364997
0.0038137228251503563
0.005424596167563117
0.0076380807277935895
0.010557305345061094
0.014255423701258438
0.018753862977178504
0.024000361858779046
0.02985286182848907
0.036073656091376215
0.04233726041207773
0.048254425030203996
0.05341055030796768
0.057413481203030296
0.059942798778227856
0.060792282649294406
0.05989892029390669
0.057345371504869236
0.05335254564016988
0.0482447278796072
0.042409690643452916
0.03624520226865396
0.03012359049724948
0.024354520980704116
0.020820485425791162
0.016099364659936485
0.012138831694550519
0.008942918776552055
0.006457573105705878
0.004591190706449287
0.0032339528629946905
0.0022741324886762907
0.001609909697520405
0.0011552340396744675
0.0008435560728000571
0.0006264979139443522
0.00047439454940834423
0.00037165464350287383
0.00032170462765738334
0.00033516839262375843
0.00040056068373590915
0.00046004073423413686
0.0004436448683664539
0.00034102299051675473
0.00021067744033262539
0.00011228064188047182
5.976861113397558e-05
3.6553783181028704e-05
2.5537309675872032e-05
2.0795520835968087e-05
1.559266175094976e-05
1.2238283978246519e-05
1.0501434602930383e-05
1.8826449780643437e-05
2.9404887890220384e-05
5.1127893819941144e-05
8.703745023571385e-05
0.000144717424750834
0.00023110477026070032
0.0003511810312647073
0.0009255284569830863
0.001602810112036658
0.00269199822464076
0.0044195767385961015
0.0072152865101752645
0.01123528458633612
0.016887828880037124
0.024246005736418375
0.03299073957483608
0.04223614640144029
0.05108681730321035
0.059226476013930295
0.06810426110202142
0.08086325062220788
0.09911883713553765
0.11213322681570541
0.12399525872309823
0.11859320430368867
0.09964616031512247
0.08060535993488555
0.06841212190115607
0.05819080241903518
0.0441144002127175
0.027905450648052756
0.01490080298113922
0.007344439410769881
0.0038724166228520734
0.00241660774649235
0.0017591605060131366
0.001592938801317141
0.0016641666667522842
0.0020462276696236533
0.0028746856067806935
0.004329794956689455
0.006752541774887062
0.01016104542222334
0.014654351551198734
0.020040132135582978
0.02585809913562254
0.03143291555747856
0.03601717590142324
0.03819999867120062
0.03985184504069828
0.03945109085312821
0.03716578750379465
0.03339406645041841
0.028649472097095504
0.023467331362934555
0.018322927199864454
0.013608905562578273
0.009618197709219891
0.006480160487140203
0.004224834811380577
0.0027803152029886426
0.002182655120676509
0.002198773293616179
0.002796902709691496
0.004259051990813383
0.006472482985324858
0.009904857035368603
0.014722345809434314
0.02131615820162688
0.02981449462571954
0.040079692599750645
0.05160915797050671
0.06345931299198235
0.070921955465573
0.08045685440678546
0.08693080160043294
0.08952792418281569
0.08800811083640196
0.08273220450655208
0.07447133328513371
0.06426084506017384
0.05317955864218394
0.04220977541243152
0.03216592719318977
0.02359888097796878
0.016821595297699162
0.01187998928970419
0.008597290348901753
0.0066450266627234855
0.005631713179826241
0.005182671550798767
0.004991763702785957
0.004841176394852307
0.004602504192122299
0.004229237741753674
0.0037371177275729627
0.003173007067956112
0.0025879207917801975
0.0020248643272025827
0.0016781275415596807
0.001218519500655472
0.0008449515171818736
0.000559068246191
0.00035558862519638365
0.00022228728105914392
0.0001444382518696138
0.00010864435582679792
0.00010173589015611137
0.0001147664981678339
0.00014035985370002674
0.00017236600660980173
0.00020529367289282924
0.00023668468429654347
0.00026058282549199223
0.00027750534536779756
0.00028723466035306263
0.00029363377043045116
0.00030068540192855725
0.0003124890210481058
0.000331881009681053
0.00035893013095865823
0.0004207758589245448
0.0004850469753458996
0.0005708554035350557
0.0006891936248000555
0.0007940501945430274
0.0010184705391501445
0.001321198421042652
0.0017190426138306903
0.00221163273695331
0.0027642907159201604
0.00333227903672025
0.00385618679369127
0.004277983588842144
0.004554263311182869
0.004663540652511387
0.004788153524248405
0.004832791450176088
0.0049622044565278845
0.0053608801010862055
0.006236952847248054
0.007942865586054108
0.010549416152350923
0.014238377980561944
0.018969467569439714
0.02448541681951049
0.030321275081699205
0.03585520123755201
0.04044741090211055
0.043571638077795086
0.04491559024368088
0.044781851985657255
0.043132292136025076
0.03999862968117037
0.035759690387630556
0.030836682074408765
0.025644984185753745
0.02055916339496172
0.015883579298237176
0.01182900419283811
0.008501401643748428
0.005908553433006786
0.003985136153785429
0.002620061668201685
0.0016915708478326907
0.001085975979574083
0.0007275674789758526
0.0005854858934890257
0.000676965350996728
0.0010891043545703202
0.0017220364072350574
0.0023054539208444322
0.0025679039259755613
0.00285212956139295
0.004258342470366151
0.009382101350184162
0.01672102374291877
0.03521847422583867
0.05863785325689142
0.0749346154573113
0.07430795272380318
0.06132747933924101
0.05005346074869961
0.04749139210434918
0.04770516479199153
0.04217567796066094
0.03044274611203085
0.018370869868497768
0.010304603564355967
0.006277394668331075
0.0044792435299401715
0.003606049567163746
0.003137519222540349
0.002933101078001319
0.0029460402701128215
0.003105726436106931
0.0033611028498599783
0.003659376104984308
0.003973133645313527
0.004288731175080135
0.004601987468803635
0.004915195826656716
0.0051213398359139005
0.005419283642503255
0.005682811214598552
0.005884472387856371
0.0059965049319781315
0.005994447718019576
0.005866249765683582
0.005613585472081228
0.0052501326221461855
0.0047984864993980275
0.004285158009700643
0.0037381351210120472
0.003184229688687672
0.0026478290799974978
0.0021495625733544757
0.001705000228417367
0.0013228751655194563
0.001005675708596928
0.0007516644319164617
0.0005521356928676905
0.00039966121100606445
0.0002860764269522843
0.00020525032067139162
0.00015009058509779923
0.00011663977119800704
0.00013446102549274856
0.00015252565986464956
0.00019923207819719032
0.0002796784936699723
0.0004011611799464902
0.0005725718094568526
0.0008296853444864711
0.0011551848582276101
0.001568046517458025
0.002082035008589393
0.0027024295039200243
0.003428733324481546
0.004256177264829017
0.005165246293222489
0.006127980824609137
0.007086887609352547
0.007954308807299717
0.008638134001710932
0.009086749910846471
0.009290611707293811
0.009256867213821239
0.00898872645739111
0.008512351226727381
0.007870753969532455
0.007184560126165833
0.00651316022323912
0.0061276901135015925
0.005663360463336426
0.005391005684021499
0.005173092437222711
0.005169913914229453
0.0055729195738003865
0.006473789888426506
0.007854737642092817
0.009548009977296715
0.011464929520570865
0.013600009338772952
0.01596290017177508
0.018478245804747447
0.021078249821244847
0.02366671341412741
0.026120710563533343
0.02829240034234297
0.030021948950413047
0.031164438766709542
0.03163182082858657
0.03137148126339866
0.030414543307117563
0.028869610665641737
0.026832271746168403
0.024469217302303052
0.021948072379407185
0.020268288752846402
0.017874648545289862
0.01578244299158726
0.014068799152398576
0.01278900904874654
0.011922266643042119
0.011392399411824206
0.01109040708587776
0.010892665642619028
0.010667987282347115
0.010289627127178137
0.00967594935827837
0.008850283501424975
0.00796225852841624
0.007389942708811557
0.007826651715101173
0.009893342590766211
0.013152279386446357
0.01572591014690193
0.015694892741265034
0.013257135070627335
0.010535679759051687
0.009310381623695263
0.009389309601798413
0.009287572702477997
0.008053807144279663
0.006759037801465916
0.004763161803244757
0.0033010478513586625
0.0025003986602236245
0.0021604191276055583
0.0020665991212114594
0.0021031009415555667
0.0022317118430843818
0.002438853850733156
0.0027019566316167348
0.0029838179466528383
0.0032381684792654013
0.0034202765710172295
0.003497318220778055
0.003454662810246346
0.003296270192781925
0.003040285108006718
0.002712126920741531
0.002340530533078379
0.0019512866995174366
0.0015693021104746824
0.0012163231145698133
0.0009099256957770325
0.0006620854946766031
0.00047825636336677247
0.00036562309316400064
0.00032034612618292457
0.0002959621534624724
0.0003164540333573935
0.00037668727554180363
0.0004724278770271342
0.0006007265403344307
0.000759725813929862
0.000951102179891685
0.0011598304742414022
0.001376079214649471
0.0015875831117783377
0.0017841986144253492
0.001960563326706202
0.002123304105070636
0.0023039911230092235
0.002485256412831563
0.002692222247810613
0.002947659809470513
0.003275740650047986
0.003711895283622842
0.0042699271637488415
0.004946419431127614
0.00570436557073428
0.006466658784962655
0.007123816973279674
0.007450677104151367
0.007714305790420225
0.007684922009462472
0.007375081406519438
0.006849734322095185
0.006226015824723985
0.005528554808942736
0.004924438405198521
0.004360606870601131
0.003936039304151413
0.0037124318499778515
0.003734600570918551
0.004038926663859724
0.004670089071497884
0.005561865606132356
0.006738602885473751
0.008182865570142736
0.009880927365802612
0.011786435116193528
0.013824768714587573
0.0159797414035759
0.01809340086583664
0.020109247332996568
0.021987760818820305
0.023720374535615516
0.025355267061870034
0.026403560738966967
0.027910264709709823
0.02929593385486179
0.03042882320418334
0.031119010230335947
0.031173533571699254
0.030467617221540386
0.029004018671261927
0.026880608123478745
0.024293510529208584
0.021451583192139398
0.01853401636046702
0.015677606634034325
0.012979032269309009
0.010518014493274863
0.008363835214470731
0.006564247279828831
0.005133960634454833
0.004049123105022393
0.0032542345552152643
0.00267863730433427
0.0022538996038606184
0.0019256811866921679
0.0016603204041996627
0.001449525831350517
0.001269856482271266
0.0011735164161495988
0.001074553888726906
0.0010480790125456073
0.001117973278682367
0.0013103458869697382
0.001623655443227559
0.002047937321863924
0.0025476375190182617
0.0030661670813853497
0.0035370581093540233
0.0038991348078194384
0.004110222465510703
0.00415448651397667
0.004047133102641991
0.003809972190414517
0.0034814020591199947
0.0030971315162394994
0.002692840846464746
0.0022958266431140645
0.0019337602440786443
0.001631079235118902
0.0014061825554698693
0.001267071604295239
0.0012119898887703873
0.0012231095325366279
0.001255603379261188
0.0013218452115864804
0.0013898717695353473
0.001432852926432759
0.0014406465620769914
0.0014112347466119968
0.001351524330044601
0.0012800858812099577
0.0012285511489525272
0.001184521065703619
0.0011679757481655923
0.0011887803809603526
0.0012522322994017296
0.0013613312657525022
0.0015326162884078812
0.0018428324844261576
0.0022350699865900645
0.0027802635238934497
0.0035547909640152482
0.0046498281937150145
0.006166039769678128
0.008241010246662824
0.010892303330928593
0.014086466956516743
0.017702323294149565
0.02146039639521913
0.023827436352616013
0.026768210415431204
0.02857830654411333
0.029100459613011588
0.028564198643236123
0.027461851009049475
0.02684128430274343
0.028524924422670683
0.034076137620201785
0.04197840422142125
0.04654860378746185
0.04265673612871913
0.03192450801024317
0.021603662536725573
0.017254715835874433
0.018223229141595985
0.019534764901685805
0.01720621191083508
0.01174628532168608
0.006245055958774436
0.002903207893419078
0.0017212433647739779
0.0018122789902002695
0.0025482748919314485
0.003750548775250879
0.005289776033477637
0.006481322417071435
0.008419362038574059
0.010369630073301848
0.012110398251736654
0.013440251737561975
0.01422060538178369
0.014409294560062746
0.014053408860614418
0.013262332407028574
0.012155235417452481
0.010845337169557634
0.009458905304513057
0.008026683044016493
0.0066918083815540935
0.005488904025333207
0.0045403338226814175
0.003942517526062276
0.0038530213125079127
0.004225635943858974
0.005113836810243625
0.0064470020152030665
0.008133290033879047
0.010023303832568772
0.01198652474359105
0.013828678563428072
0.014952923597598063
0.016461090981676446
0.017785080597955902
0.018983769140597725
0.02006096120246303
0.020893519283713868
0.021303467391853216
0.021229968904499914
0.020777111621340088
0.02025041378296433
0.020070304389767705
0.021352759453359148
0.02575528620980863
0.03356174760089247
0.0413474463123149
0.043354254001190695
0.03738591540693898
0.027824741680711074
0.021348012936032182
0.020724361823695095
0.023460738828089994
0.024927931056681087
0.02280653259540895
0.018703050006320734
0.015502433409492207
0.014497271991724126
0.014798078324273153
0.015908243860177206
0.017071502036918724
0.017855613126192136
0.018075218123235072
0.01772855220313324
0.016921630302957617
0.015819425057831075
0.014678687132215939
0.013544165353091985
0.012581812484572723
0.011855212385759767
0.011408626961040537
0.011276874073442402
0.011510364427830303
0.012043125005966245
0.01283276973901468
0.013772556765868579
0.014702813451573595
0.015452428740256145
0.015867517796634735
0.015845559495777903
0.015362856137734707
0.014469815675526153
0.013266340122583186
0.011867549720874547
0.010878061382345022
0.00937039726397264
0.0078866775792691
0.006474446595934973
0.005173538815175213
0.004018724368362666
0.0030360915671699485
0.002237810099986024
0.0016196307365949733
0.001162675328373061
0.0008387446586559461
0.0006191176202885208
0.00047196672662296914
0.0003748103856812545
0.00031142083181475745
0.0002730013776066171
0.0002548534110559845
0.000257789052618159
0.0002819530286264518
0.0003258924816047715
0.00040384561039082746
0.0004942823324623159
0.000602745627522546
0.000736371171306105
0.0009231911356186543
0.0011831231338343593
0.001410031307182491
0.0018800782434383147
0.002512426420851592
0.0033039244865736314
0.0041933809007678995
0.005115087588730619
0.006001646211927028
0.00682134673056615
0.007521716421577965
0.008024891033606098
0.008254105032173968
0.008171992476902819
0.00780505853970563
0.0072293250463034055
0.00652797774938999
0.005761708443288456
0.004967607776300655
0.004170770688161387
0.003393681799640266
0.002661167033891113
0.0020012921197261903
0.0014360543068892284
0.0009814546103599163
0.0006403825098672827
0.0004040914551721622
0.00029636771817117283
0.00019456076447240233
0.0001460383022000015
0.00013268650962091385
0.00013984560918438676
0.0002154551127538279
0.00029769212562969215
0.00043020968957632185
0.0006406458364466878
0.0009651365598709488
0.0014452463919579306
0.002124292787521636
0.0029726104075049656
0.003969491528812297
0.005043534754219066
0.006096253668471989
0.007028872457842625
0.007757440019263291
0.00823532749825457
0.008456630270985352
0.008441904136918456
0.008223785098952236
0.007837896942225496
0.007313164658543918
0.006679398777438417
0.0059559021168219105
0.005479296929949933
0.004750472191501397
0.004101191885811018
0.0036146844209950448
0.003384618761430709
0.0034609943943500043
0.003875334052303486
0.004641652695181396
0.005647289200590686
0.006768581792086309
0.007843256395991488
0.008702715310176704
0.009245545370921433
0.00945516857089257
0.009391333618477223
0.009154705058494757
0.008840811869066309
0.00850536967593048
0.008150501278105314
0.007754473410111729
0.007292432608210969
0.006758776418258182
0.006171705352565824
0.0055646475979253505
0.004971815943263389
0.00441772307695087
0.004075598752247156
0.003633236429636949
0.003225095683946726
0.002861707601056087
0.0025390389957330975
0.0022591595220192795
0.002029979127425864
0.0018725632607897742
0.001792541880161877
0.0017997744434686846
0.0018998818240425106
0.002086840016093212
0.002350295071053255
0.002676871236482211
0.0030329188485358313
0.003403805594415282
0.0037790034713665243
0.004155671340768249
0.004539173331631976
0.004940688573829202
0.005366507099423007
0.005802792615494472
0.006219536565935713
0.0065729306021380055
0.006809640827958022
0.006879225838044317
0.006830285282138123
0.006607796545556705
0.006233382187363155
0.005757959154125756
0.005243879672691467
0.004745139312734761
0.004302222665413161
0.0039418241582842755
0.0036790711454042792
0.00350049545681146
0.0033873969120694417
0.0033224861619388785
0.0032895922611878388
0.0032677530685190264
0.003248226811040319
0.003244347555798591
0.0033526536389609993
0.0037673279311626756
0.004459654107276422
0.005135116547342858
0.0053331094767530545
0.004956757351929856
0.0044699694658442545
0.004472992456203421
0.00526275224438288
0.006132367292976745
0.007640481185646363
0.008940067747917028
0.009730505274388544
0.010046330031476857
0.010055479294484826
0.009855360312468534
0.00946633280420361
0.008918377506095485
0.008268005566885086
0.007562026977321633
0.006823211386410049
0.006053574370620929
0.005258018837243847
0.004456674997055178
0.003685844380782802
0.00298785128951528
0.0023954710637603596
0.0019229811767600283
0.0015658269673909182
0.0013052033832984455
0.001116535595403552
0.0009762323033341747
0.0008654970697610667
0.0007718067710331363
0.0006876442529618489
0.0006349069886970574
0.0005586310762241883
0.0004932806140385807
0.0004337608957642066
0.0003874684087533256
0.00036262937286582307
0.00036823808746803364
0.0004129911265940818
0.0005021090363025089
0.0006395917333661668
0.0008117608468489949
0.001004041391364098
0.0011939017430911832
0.0013555969027405034
0.0014689034169345348
0.0015228446313337398
0.0015181679930713278
0.0014655032871228226
0.001380129402026919
0.0012763717330981283
0.0011636062005042404
0.001045663657528542
0.0009230699510298817
0.0008260533388198369
0.0007232572406910735
0.0006353763060493716
0.0005923136118449643
0.0005601924511288328
0.000577094875499728
0.0006506962260995641
0.0008018438442254148
0.0010163500249759558
0.0013104279781402503
0.001688931505023669
0.002135362623049248
0.0025982074263924595
0.003014358722587629
0.003356915072006484
0.003640995620101211
0.0038809550792026875
0.004091253593584904
0.00431825421146763
0.004793482201847912
0.005971911102146594
0.008176855781560355
0.01083070184021715
0.012317168403775836
0.011380471588905644
0.008570950276568753
0.005710777534902435
0.004214275505543766
0.004130090521773908
0.004907634067299168
0.005727142389755768
0.005544938548609658
0.004247122664619254
0.002666820289741936
0.0016566504578884777
0.0014112907566035226
0.0015638750357308494
0.0016285659235769298
0.0013964290623332846
0.0010191424170045453
0.0007770506898340628
0.0008190969040310898
0.0011119703096619186
0.001495904297751871
0.00177433180266227
0.0018509457765943003
0.00179145970136762
0.0017190690837879156
0.0016896667233997887
0.0016855737648452515
0.0016772515636683462
0.0016650125232775459
0.0016392758000991696
0.001615335105495857
0.0016102510338764084
0.001635071218540834
0.0017188898521819393
0.0018804032029419867
0.002128831580738396
0.0024447916751853356
0.0027875870476701853
0.003102277496330015
0.0033323252128619413
0.003438648651670974
0.0034123002521941927
0.0032749506915938425
0.0030666408053763934
0.0028279452932386813
0.0025847877408070635
0.0023433969128999746
0.0020960140864030173
0.001832504093149483
0.0015502969399027872
0.0012586356745610985
0.0009753517256700896
0.0007202136522283587
0.0005111196323960303
0.00035312983546392736
0.0002463210577495338
0.00018304822181990785
0.00015974370068399832
0.0001466106969668154
0.0001581144136639616
0.0001908723296263429
0.00024221214971648983
0.0003103543129781661
0.00039012414224123436
0.00047683196636574745
0.0005709136886403568
0.0006745138161203748
0.0007942153330917334
0.000929881758908482
0.0010831782325263955
0.0012473263652208293
0.0014120278650671554
0.001558124667770484
0.0016924027842906803
0.0017847422378880185
0.0018449070809559661
0.0018909457957884985
0.001943496016498577
0.0020426252983594367
0.002199510186157925
0.0024450628577620172
0.0027674373851168297
0.0030223286462259776
0.0034495232924389016
0.0039030719121742425
0.004350840514215922
0.00477007112535908
0.005119534099530324
0.005373109413630178
0.0055071134796541
0.005503122476906421
0.005360693420428763
0.005098582057039014
0.004750414164487694
0.004355189006100056
0.003945807537004268
0.0035424831289719043
0.0031487848684147533
0.0027628000291292838
0.0023819839854659405
0.00201023578214959
0.001658221596976368
0.0013598848067223274
0.001105287812616957
0.0009113115376072849
0.0007827642218459554
0.0007171262564259083
0.0007167958222164619
0.000744552855762051
0.0008329007429584323
0.0009774072798543305
0.0011697911256557914
0.0014159860160695556
0.0017188012819247392
0.0020876982654440567
0.002523397802034053
0.0030176838599489954
0.0035508412509036255
0.004088949119654509
0.00459595770220454
0.005039518507357736
0.005397720131512456
0.005671553367558595
0.005860560549882029
0.005960224859337022
0.005962326431678395
0.0058865627672927585
0.005867494611865652
0.00617106005415434
0.007044050938938375
0.008273962587952842
0.009005719672086783
0.008424189099691937
0.006683786170644775
0.005355465779744248
0.00382879128877398
0.0032167710113781872
0.003429988673215201
0.004020294532244508
0.0043395548204799
0.003947689686812764
0.002993063295303292
0.0019959087798445416
0.0013124297163532915
0.0009542271306038432
0.0007813519119254971
0.000683699516755333
0.0006112838443006104
0.000545604375981421
0.00048340067840325863
0.0004209869925693137
0.0003631635435051615
0.00032321549058051253
0.00030376994993131477
0.00031543867251169273
0.0003675179659321025
0.000483400977833557
0.0006548897016280588
0.0008895387041094922
0.0010829454962276196
0.0014285006453804657
0.0018289037733908774
0.002265803575698363
0.00271393386473886
0.0031499186455888166
0.003541908927135653
0.0038509124713334815
0.004081006365809948
0.004220807358937246
0.004303402628791528
0.004380880416842542
0.004515570999748956
0.004763241990806551
0.005165882327836759
0.0056986256806464235
0.0063079445482196045
0.006886153534073624
0.007326842520371003
0.0075443425216679206
0.007504405614772173
0.007236965765085889
0.006817414423854586
0.00633744811851745
0.005868950750422973
0.005440660302338801
0.005171245886700514
0.004764269142991102
0.004318047033670694
0.003811824832899573
0.0032571321367606274
0.002687561640018264
0.0021512823627990057
0.0016910175337357992
0.0013305542678031732
0.0010692737561848551
0.0008888767182813488
0.0007783098409108483
0.0007187249051233545
0.0007036264327066362
0.0007226741087120757
0.0007654642436786113
0.0008411336478089776
0.0009757843472493236
0.0012503157638725905
0.0017543947908704085
0.002447912509292332
0.0030648306369954696
0.0032447889724166986
0.002929779913771943
0.0024108389457795235
0.0020355369676922593
0.0019536230373836086
0.0020960737599441497
0.0024813277999767044
0.0029435768938940532
0.0032475216918747625
0.0033031812730685856
0.00321247320259381
0.003124732006507243
0.00310530319012274
0.0031309660211552544
0.0031822771372380346
0.003266805356943409
0.00338214244765831
0.003519912732982031
0.0036519841690387874
0.003739789295868052
0.0037615875800096612
0.0036994179331127776
0.0035626498562380217
0.0033734599865871038
0.0031606563404170387
0.0029519193061833568
0.0027633530209069347
0.0025982650109632865
0.002459753846976579
0.002344962239944138
0.002280308972885242
0.0021985711567969525
0.0021359799866192417
0.002098104349810729
0.0021067532824583526
0.002185036579259933
0.0023522847426329483
0.0025573710198016388
0.0026676712369473497
0.00256804528581847
0.0022810403316975364
0.0019401653236449253
0.0016666442276394495
0.0015045828898073035
0.0014445726163003492
0.0014454041944734926
0.0014329915650074998
0.0013502071143666173
0.0012238985375836945
0.0011180446750439807
0.001097549918528708
0.0011726454559413486
0.0013269535515895588
0.001540434249998438
0.001817618734093938
0.0020132642771762952
0.0023178660067217386
0.0026330147986352043
0.00293859162634999
0.0032211704289985023
0.0034759481167934542
0.0036964375888345375
0.003895881852314486
0.004076203897710801
0.0042526691619991334
0.004444917113797892
0.004673174984387184
0.004937731733469798
0.005225438217856111
0.005503163081208155
0.005741303946514046
0.005900818813903089
0.005965316847321576
0.005934553714281236
0.0058262032640127035
0.005667529257143555
0.005484120595282824
0.005292032441033771
0.0050968491450619465
0.004885798943202048
0.004639107997178101
0.004445588226080818
0.00410631581678099
0.003710416015165018
0.003283772440813375
0.0028618669114137594
0.0024797874831030547
0.0021472262629929698
0.0018672046062744867
0.001641485124427287
0.0014742055562417928
0.0013620980077788075
0.0012949115820773277
0.0012589506864763948
0.0012687485864132948
0.0013596529822819258
0.0016568931510518026
0.002324256670981138
0.0033532499054948883
0.004348261365983272
0.004708489333314055
0.004174250982474168
0.003087154197227989
0.0020346948575681884
0.0014160409627215166
0.0013298747820366867
0.0016689056733169363
0.00199646222782675
0.0023569016170015672
0.0022992113550570296
0.0018218403040246316
0.0011948377302232521
0.0006944410920959862
0.0004158389096326611
0.0003142878944369647
0.0003092329382021639
0.00034632210859932564
0.00040222841634609803
0.0004650660064135292
0.0005311223867450061
0.0006013698467319136
0.0006738591100557855
0.0007457794470619362
0.0008159866034160887
0.0008814612809789252
0.0009395651182788437
0.00098732476852561
0.0010233046714507262
0.0010478976739323827
0.0010595680128272968
0.0010569636850830592
0.0010377203326409944
0.0010147023482541724
0.0009664697034803422
0.0009024204865524116
0.000836558237861867
0.0007728615103946898
0.0007267961289505647
0.0007151148120002367
0.0007491836508824575
0.000841122779921979
0.0009963581651523932
0.0012117142288080624
0.0014839597235153069
0.0017769414211786074
0.002055391780303605
0.0022955761526919144
0.0024821264665239617
0.0026227311857673834
0.002746935952413033
0.0029175480339809386
0.003130968236434031
0.003410586745566867
0.0037225499252570428
0.004032894070393606
0.0042925389833192995
0.00448141451650054
0.004613142840910339
0.004689681072387747
0.004835769166206153
0.005034394685282439
0.005298538728072237
0.005631075847780911
0.0060166132498633935
0.006417653019758604
0.006777221593576904
0.00703912179717633
0.007167811121243913
0.007182571130522129
0.0071459022561378704
0.007235341641328093
0.007667880454145539
0.00844049223175764
0.009076323510754823
0.008897758069414447
0.007730445627208935
0.006111616345990894
0.004707899379158693
0.003809937496058317
0.0034055620723410117
0.0033993302932267813
0.00360634230607924
0.0036296868199057817
0.0031915838559281153
0.002676724770553695
0.0018392574086397771
0.0012143056140206945
0.0008975829950079671
0.0008100806273300907
0.0008556389773838312
0.0009930894510894615
0.0011814222616856188
0.0014120571252718426
0.0016689699194092692
0.0019342368514047488
0.0021890601306892034
0.0024155782380561167
0.0025987913394276306
0.002728529266875299
0.0027990602512797014
0.002810779524215401
0.002768811711547848
0.0026816180247921837
0.0025591419040714163
0.0024106161576774696
0.0022437542669407062
0.0020647558851304934
0.0018772647489485388
0.0016843369689988977
0.0014882481989179515
0.0013574191109686337
0.0011726194856585004
0.0009981095522626172
0.0008490994855960512
0.0007344637660531619
0.0006672463428863874
0.0006620679652389241
0.0007232469262562715
0.0008629148700043011
0.001070972703840151
0.0013409471268974993
0.001641345425065924
0.0019284816644747516
0.002161598452015267
0.0023275280206201876
0.0024337834320177307
0.002506422471380934
0.002566487679793635
0.002632637986336547
0.0027149479111256854
0.002810043404564222
0.0029020070899253036
0.002971753369040303
0.0030135684890943396
0.0030268520389524984
0.003017943292117624
0.0029635672529634183
0.002835105361768482
0.0026248385261154216
0.002361097870490965
0.002087595511034727
0.0018345136856621426
0.0016127517557485939
0.0014226543206599658
0.0012738705367038073
0.0011853132906586182
0.0012693232338241514
0.0017668213773606072
0.0029330575301971785
0.004602562970296803
0.005921897551327168
0.005950774860899521
0.0046628558107850125
0.0029691069569159592
0.0017405404369947005
0.0012393774975900137
0.0013670770290955716
0.0019994869970097343
0.002897840608536326
0.0035461593803288996
0.0034714671314762914
0.003021462834604944
0.0021126106811933916
0.0013829869826955771
0.0010238792360197588
0.0009349555122709932
0.000967006095031098
0.0010325455380686718
0.0010975594620112222
0.0011454489253897894
0.0011692565761594145
0.0011656606450274071
0.001137249053390157
0.0010923382461120333
0.0010419899089221594
0.0009973418708502818
0.0009633799154133173
0.0009385194086751885
0.0009160113471721028
0.0008865462449021545
0.000842687801895689
0.0007818484816766292
0.0007068650240695486
0.0006244281444288579
0.0005422294179939418
0.0004663028010170971
0.00039949527521161704
0.00036869432391157625
0.00032804387061180187
0.0003045534245564016
0.00030549752833353
0.000340830063549109
0.0004223657642735859
0.0005592860537525789
0.0007509968880592022
0.0009840680451602879
0.001233236059080519
0.001457588531813714
0.0016186892096043894
0.0016915327551490042
0.001672493021214119
0.0015812145748730938
0.0014542357356600035
0.0013314154034214042
0.0012403596725699079
0.0011897361328375975
0.001167853313743556
0.0011522171968036373
0.0011165537494503372
0.0010467872126527934
0.0009456900044643954
0.000825000147458921
0.0007434844575815838
0.0006387925453555359
0.00057220766297935
0.0005578165687632654
0.0005985713844323171
0.0006906698446084693
0.0008211461756955673
0.0009733003273082816
0.0011246875828538475
0.001255514866749648
0.0013462814245793165
0.0013878948647641934
0.0013804449540639305
0.0013324665668551074
0.001258818839601127
0.0011755968835672885
0.0010954061667421474
0.0010243695515922819
0.0009629378875663575
0.0009045967185233682
0.0008431484625923059
0.0007748344705086232
0.0006988332517590193
0.0006198837049557968
0.0005449259356916013
0.00048179126401092393
0.00044845858344197214
0.0004130024491699242
0.00039377049593584257
0.00038544704446543976
0.00038204487307209406
0.00037907719624464533
0.0003740385206049903
0.00036688011680524786
0.0003586507707071257
0.00036019177276637194
0.00036301476639994567
0.000377461268987625
0.00040677749420502633
0.0004617773961314356
0.0005849127590909298
0.0007700913987879205
0.001052241118467833
0.0014595421420635095
0.0020079883696678016
0.002706725119968213
0.0035189640211966237
0.004371022524720769
0.005166234556310443
0.005822227756862128
0.006266188000734753
0.006456260537592166
0.006437458617466443
0.006213795004261711
0.005819420473503324
0.0053494432748141954
0.00491307206358283
0.004612090766220595
0.004603084199100714
0.005097043943407508
0.006159042634176405
0.007330529119022113
0.007686239738457335
0.006672503160241336
