Y :35.0% Calcite, Diffracto n :678
Y :43.0% Gibbsite, Diffracto n :977
N :Dolomite
Y :23.0% Hematite, Diffracto n :188
0.0
0.0
0.0
0.0
0.0
0.0
0.0
0.0
0.0
0.0
0.0
0.0
0.0
0.0
0.0
0.0
0.0
0.0
0.0
0.0
0.0
0.0
0.0
0.0
0.0
0.0
0.0
0.0
0.0
0.0
0.0
0.0
0.0
0.0
0.0
0.0
0.0
0.0
0.0
0.0
0.0
0.0
0.0
3.129518210794835e-36
5.819820438937929e-36
1.039543743993152e-35
1.7835161008689234e-35
2.939086587769632e-35
4.6520975074300436e-35
7.072717607263591e-35
1.0328206419804895e-34
1.4486537047852692e-34
1.9516652753401963e-34
2.5254988213744754e-34
3.1389911167939757e-34
3.7474347922376184e-34
4.297136643498155e-34
4.7328781625870995e-34
5.006942071900719e-34
5.087692918566592e-34
4.9655835702118624e-34
4.6550117530351194e-34
4.191527787771334e-34
3.76146555124042e-34
1.4434932101354178e-33
1.9757218900048823e-33
3.25521442021412e-33
5.3704811979551954e-33
8.68050796825134e-33
1.3598883744916975e-32
2.0546340498876816e-32
2.987282265915371e-32
4.17545751579459e-32
5.608306949012059e-32
7.237323333955848e-32
8.972368453741697e-32
1.0685715295893426e-31
1.2225332071193082e-31
1.3436164175701673e-31
1.4185550037098883e-31
1.4387081169973407e-31
1.4016983253401282e-31
1.311872446280038e-31
1.1794615020765414e-31
1.0186640178069955e-31
8.451487261157562e-32
6.735816415494004e-32
5.157060355157575e-32
3.792879122082744e-32
2.6797269720859525e-32
1.8187239642344377e-32
1.373596207862954e-32
8.718859371199819e-33
5.316364844032392e-33
3.114040964169696e-33
1.7522183498035027e-33
9.471230385164238e-34
4.917889442970498e-34
2.453043276297223e-34
1.175399890723142e-34
5.410282747828494e-35
2.3922581715349267e-35
1.016131185192292e-35
4.1461502638418984e-36
1.6251508822402553e-36
6.119213318528482e-37
2.2133526187775435e-37
7.690570957011392e-38
2.566961525437227e-38
8.230624170611205e-39
2.535120733922965e-39
7.500959287726637e-40
2.131999351866048e-40
5.821155948189309e-41
1.526803354361019e-41
3.8468785436333366e-42
3.8587204063306087e-36
6.093717526159391e-36
9.402621206168471e-36
1.4175652987324694e-35
2.0881644685395445e-35
3.0054798673689183e-35
4.226593077131992e-35
5.807571219064805e-35
7.7969750412396e-35
1.0227870873332299e-34
1.3109068160391275e-34
1.6416701418401386e-34
2.0087573093302602e-34
2.401577098009691e-34
2.8053889978616864e-34
3.201969112590875e-34
3.5708259296103102e-34
3.890878899932786e-34
4.142421059261944e-34
4.309116747659396e-34
4.379754556227013e-34
4.349494422284539e-34
4.22041614880576e-34
4.001282979698097e-34
3.706557571207605e-34
3.35482388340174e-34
3.0988927039620196e-34
2.698472542802009e-34
2.5691822714478117e-34
1.11307073010535e-33
2.1260961984996973e-33
3.1706393277038534e-33
4.699886648124919e-33
6.873626201355752e-33
9.865731100346208e-33
1.3871395096553767e-32
1.908252040572583e-32
2.5668788070420984e-32
3.3751223520034463e-32
4.3372705582280434e-32
5.446902399485548e-32
6.684516278461999e-32
8.016192955159037e-32
9.393757788144721e-32
1.0756754644486618e-31
1.2036295572974422e-31
1.3160540967828082e-31
1.406221109937819e-31
1.4682064050776732e-31
1.4979491670729114e-31
1.4934379558573484e-31
1.4549995552017872e-31
1.4117362020388406e-31
1.3236043328234298e-31
1.21277281261919e-31
1.0860278510751667e-31
9.505577243580753e-32
8.132921550807522e-32
6.803441312178013e-32
5.566120555842451e-32
4.455689740278279e-32
3.4923453983949446e-32
2.6830005920262994e-32
2.0236104509559702e-32
1.5037849537809403e-32
1.155763411702809e-32
9.063218285872441e-33
7.461757222999483e-33
6.756188783145926e-33
6.876139454839168e-33
7.794030441124026e-33
9.520967270181031e-33
1.2096418652713393e-32
1.5572619583695885e-32
1.9994987889814383e-32
2.538033574357113e-32
3.169522892560629e-32
3.883735212212275e-32
4.397114009866639e-32
5.204158045399146e-32
6.030858569204724e-32
6.831892413557545e-32
7.812189743440396e-32
8.697514831512286e-32
9.424817704077964e-32
1.0073381598722971e-31
1.0652506567852691e-31
1.118882337635312e-31
1.1725626837268637e-31
1.2319724050594789e-31
1.3035896706003536e-31
1.3939434276207898e-31
1.5087512680401064e-31
1.6520422265187017e-31
1.8253754331493397e-31
2.027261857083581e-31
2.2528784317653113e-31
2.4941333208182156e-31
2.740101162555148e-31
2.977802305787487e-31
3.1932557722188185e-31
3.372697879119348e-31
3.503832814745349e-31
3.5594980335535163e-31
3.5902955711762243e-31
3.5550264180115567e-31
3.454368873464545e-31
3.293061082150921e-31
3.0793751687896636e-31
2.8242784173848914e-31
2.5403940967378873e-31
2.240892366010668e-31
1.9384397035889512e-31
1.6443152499441019e-31
1.3677691519869983e-31
1.115658127554082e-31
8.923541153520214e-32
6.998891089796567e-32
5.382771341836678e-32
4.05944373078884e-32
6.778391619844413e-11
1.0725256486096262e-10
1.658120962529409e-10
2.5046798712840094e-10
3.6967129943904377e-10
5.330976098062661e-10
7.51147505423921e-10
1.0341206630333313e-09
1.3910562612310086e-09
1.6733926005341076e-09
2.165627768894458e-09
2.738402430443664e-09
3.3832822036882302e-09
4.0841968854800945e-09
4.817287964083583e-09
5.551700626966582e-09
6.251395310057913e-09
6.87789242674658e-09
7.3936908584337935e-09
7.76595178579001e-09
7.969949773930518e-09
7.991788314097408e-09
7.82996556023686e-09
7.49554515136098e-09
7.010905125136299e-09
6.4072614858622985e-09
5.721347140653729e-09
4.991736394485441e-09
4.25532249560825e-09
3.544384334657617e-09
2.8845404287418836e-09
2.293717588619085e-09
3.193206996627426e-08
4.923027740288893e-08
7.528862748262956e-08
9.909670140182017e-08
1.472930747891753e-07
2.14388419647861e-07
3.0521995042684834e-07
4.2479055307661135e-07
5.780831363095059e-07
7.684383554955132e-07
1.0121321893421244e-06
1.2960813407956996e-06
1.6165886419511495e-06
1.9730075391003805e-06
2.357046623876277e-06
2.7573942953157504e-06
3.160380776596258e-06
3.5509991864025306e-06
3.914167192801426e-06
4.236053589531113e-06
4.505267744841634e-06
4.713724239619647e-06
4.857050627949406e-06
4.934492874892431e-06
4.948371499293358e-06
4.903228397955022e-06
4.804858462114736e-06
4.659428259381183e-06
4.539269245894255e-06
4.328261698267529e-06
4.084731432249044e-06
3.813344165029623e-06
3.518826390017191e-06
3.2063662368407093e-06
2.881885293208172e-06
2.5520881003763343e-06
2.224261311355208e-06
1.9058599682280836e-06
1.6039677673295186e-06
1.3247415122803648e-06
1.0729451645658113e-06
8.516512400860718e-07
6.621467430279595e-07
5.040386883318366e-07
5.561938051912061e-07
5.586075218799077e-07
8.727424787646101e-06
1.7426035156942308e-05
2.6709859024227932e-05
4.010647856365749e-05
5.8917237108711834e-05
8.46241638930815e-05
0.00011881044513135953
0.0001630314737035533
0.00019876804130889304
0.00026251035487562344
0.00033881759936656825
0.000427368275880013
0.0005268100201959022
0.0006346298461487931
0.0007471387784571678
0.00085959944832171
0.0009665066856498827
0.0010620069086848915
0.0011404163961598278
0.0011967766267713018
0.0012273719612862792
0.0012301347247239574
0.0012048763405720021
0.001153308616211699
0.0010788518416310624
0.0009862595941173206
0.0008811174299333199
0.0007692888130178915
0.0006563841262107012
0.0005473179648604751
0.0004459993934121942
0.0003551744437215509
0.0002764152284978291
0.00021023013630398608
0.00017294252675544044
0.00012658703190788695
9.055014779507934e-05
6.329968348919132e-05
4.3244036949250633e-05
2.8871085499153e-05
1.8837013548002353e-05
1.2010826405317621e-05
7.484201412623762e-06
4.557530653292133e-06
2.7122210867371127e-06
1.5773632654642947e-06
8.964978884473632e-07
4.979405399383597e-07
2.702813639199741e-07
1.433721623705449e-07
7.432302628281399e-08
3.7652293051782045e-08
1.864097535471373e-08
9.018922052078121e-09
4.264312831065173e-09
1.9703868832486956e-09
8.897368354433727e-10
3.926257809526433e-10
1.6931786466580558e-10
7.135641274380595e-11
3.9600515486861976e-11
1.606104247811402e-11
6.36577866823547e-12
2.4656629763175884e-12
9.332966668236237e-13
3.4523034784324377e-13
1.247960614727203e-13
4.408540667374343e-14
1.521914526014147e-14
5.134361898519355e-15
1.6927111143523872e-15
5.453542536732927e-16
1.7170121827777673e-16
5.282824341010337e-17
1.588387213500055e-17
3.4321963145585814e-05
5.361371484789528e-05
8.182898653523784e-05
0.00012202981064721203
0.00017780836769086073
0.0002531430133437224
0.0003521333745725934
0.00047860355984550505
0.0006355828252699374
0.0008246997720548815
0.0009685361862541959
0.0012090717127582764
0.0014747410275275873
0.0017575470387198257
0.0020465654807642173
0.0023284763154661154
0.002588484076250851
0.0028115555152376215
0.002983838556857784
0.0030940795302036883
0.0031348380996926418
0.0031033178031438058
0.003001683390613948
0.00283681493100862
0.002619537492768519
0.00236344622963441
0.002083503941302393
0.001794611387581539
0.0015103374973308124
0.0012419527776984251
0.0009978463066439604
0.0007833389436096166
0.0006008461386225578
0.00045030246437407085
0.0003297409354814316
0.00023592224943280225
0.00018631039481475085
0.00012824652575244586
8.625447260158518e-05
5.668199560666656e-05
3.639453147316003e-05
2.2832560986174744e-05
1.3995892966117923e-05
8.394866712548302e-06
4.9247771639241715e-06
2.8344786616465556e-06
1.61136528762305e-06
9.202707018133297e-07
5.489539153407647e-07
3.672168565412175e-07
2.9765567818777135e-07
2.9558299651932e-07
3.357441759104078e-07
4.038187630868777e-07
4.91158784725698e-07
5.916542919493587e-07
0.00017295925613415995
0.0002702582521224235
0.006503976449497267
0.012747346895992693
0.019696125694594353
0.02974573504063546
0.03866131715406455
0.056206574445974954
0.07986843679307673
0.11092755068708327
0.15058774940521905
0.19980433545826123
0.2591156404212348
0.3284393039987055
0.40690107206072434
0.4927133322492108
0.5831378328476383
0.6745580046108361
0.7626730552903669
0.8428076354455731
0.9103103819320526
0.9609960787333153
0.9915737464779221
1.0
0.9857049729536974
0.9496560945200412
0.894249797324962
0.8230479995985127
0.7403996255730623
0.6510029982842224
0.5594700074748403
0.49933726205062307
0.41309781974688653
0.33403608358733383
0.2640083645174634
0.20395224079951776
0.1540029007776513
0.1136639202287144
0.08200002771713677
0.057823995320016044
0.03985757763173573
0.02685526487744967
0.017687724542627625
0.011388018495482979
0.007167527908182976
0.004410105344132258
0.002652787467543711
0.001560134268206062
0.0008971094554359253
0.0005044405122824874
0.00028001264363911136
0.000154379574393202
8.656167568546494e-05
5.261685273370877e-05
3.8366105955323615e-05
3.5957775841915115e-05
4.127052070814334e-05
4.805528612343375e-05
6.23498789765579e-05
8.117960146648101e-05
0.0001042854975028948
0.00013137541432250044
0.00016195329221092695
0.00019522234724993795
0.0002300498923299879
0.00031100321571737914
0.0003712261061086906
0.00044110482333959105
0.002827016705100339
0.005117923161221649
0.007677779158203087
0.01134621752215755
0.016478024750291163
0.02349818275333779
0.0328120198347356
0.044861858446840305
0.06101522244338926
0.080492585292799
0.10353896698556186
0.130354081716936
0.16063728573286487
0.19378773729015675
0.22890077644706108
0.25282762682771015
0.288488236632573
0.32255688752319994
0.3535287689201518
0.37998833899676304
0.4007279512707665
0.41484636406782505
0.42181457995719157
0.42150185002396406
0.414161207020627
0.40038013613808116
0.38100664610520224
0.35706322165122734
0.3296607349647457
0.29992183802014427
0.2689195815916395
0.2376330965563088
0.20691905069352545
0.17749578990515275
0.14993664782810165
0.1246695300221675
0.10198100346917482
0.08202420204606359
0.06483051266385609
0.050325099263244126
0.0420712489516364
0.03165296561990069
0.023356546621322437
0.01689558943446228
0.011977482633442858
0.0083177072461157
0.005657061498259272
0.0037676045122271885
0.0024572641944519873
0.0015701762398292029
0.0009842780624603226
0.0006071679128494961
0.0003711401361204427
0.00022812002567922088
0.00014499946078590985
9.95919088778485e-05
7.746003982737917e-05
6.938606327314123e-05
6.960002754295176e-05
7.449694361106701e-05
8.179559937452298e-05
9.000022878919991e-05
9.807678109675953e-05
0.00010527238030126025
0.00011102525941739375
0.00011492759529600713
0.00011636475793864391
0.00011666659608211185
0.00011610858121698423
0.00011321629751096448
0.00010923682603219787
0.00010491011314689753
0.00010115133545785294
9.898480007670932e-05
9.946192296326752e-05
0.00010343198861843554
0.00011206626657525636
0.00012472351150474712
0.00014147075237053825
0.00016069756614298748
0.00018091941381329988
0.00020005888458706126
0.0002159971696908006
0.00022694734805904114
0.00023179147490821778
0.00023029579172828432
0.00022314666400043102
0.00021179009860446178
0.00019812818670954116
0.00018413521857606018
0.00017149725809620972
0.00016134956722892418
0.00015622511757818513
0.00015093792439744457
0.0001480163719306847
0.00014655722165685396
0.0001455079113167994
0.00014386724265929614
0.0001408363272483099
0.0001359063906037558
0.00012888496085987442
0.0001198716944229135
0.0001091995907533998
9.735785985302203e-05
8.491075776927231e-05
7.242353775194773e-05
6.040307800058197e-05
4.925720782001926e-05
3.927356114329192e-05
3.061617404712033e-05
2.333619630351592e-05
1.7392106268993976e-05
1.267468199847034e-05
9.032542647791477e-06
6.295095825486136e-06
4.290939181162341e-06
2.8609259831046635e-06
1.8660422172136113e-06
1.3865365898586716e-06
8.821990989503446e-06
1.263161303456877e-05
0.0001707004465981075
0.00028897777819349347
0.0005021782165308091
0.0007779429502667071
0.0011324209212626498
0.0016169881648513294
0.002264833765111238
0.0031116693995820893
0.00419350797078329
0.005545941691117773
0.007192104727999604
0.009148998625363666
0.011416429312965392
0.013974256650495483
0.016779210888304807
0.0197634177302892
0.02283507876760705
0.025881912647134072
0.02877708657604296
0.031387532844891194
0.03358387465105215
0.03525097158540913
0.03602218220770926
0.03662800520462745
0.03653591148317921
0.03575699424185797
0.03458101846728119
0.032862964427435214
0.030937104250962577
0.028981463295780194
0.027239838253164565
0.026041135521669236
0.025681387601988293
0.026423367446882718
0.028454237170237
0.03183932812485659
0.03648086673419876
0.04209331553912049
0.048206964589637115
0.05420732810009676
0.05940995294443663
0.06316028978147468
0.06494151492829935
0.06445584182056897
0.06168347660532752
0.05687630923208007
0.050507451323480244
0.04318471183259286
0.0380897327958622
0.030567182431319243
0.02361576451440493
0.01756883011143032
0.01259196831436732
0.008703574245341024
0.005813524820559994
0.003767583696764296
0.0023875069502249198
0.001500952218433338
0.000959472659186111
0.0006459732488644283
0.0004746061430628153
0.00038635530358944076
0.00034298529414860746
0.00032196367130994983
0.0003086714190578476
0.00029658257037182306
0.0002824993106466444
0.00026547219558469026
0.0002458094181556928
0.0002244693148808411
0.0002026815589349903
0.0001817026423784281
0.00016265367099790477
0.00014641417154129678
0.00013744613093012077
0.00012700318351219423
0.00012016771173450753
0.00011674015456450164
0.00011605367470699184
0.00011742696737259843
0.00012757216795437667
0.00013484428328461483
0.00014369984443739472
0.00038716069580023953
0.000579957304783248
0.0009181366352669232
0.0013728955520169082
0.001976490931085831
0.0028139031469937128
0.003946324175422889
0.005437667744294576
0.00734890016839799
0.00974228245883621
0.012632289014940207
0.016029358282708732
0.01989933497429907
0.024796449725085105
0.029689706615964553
0.035151838509773235
0.03877775692771863
0.044278953027799564
0.04973976184464923
0.055053540473185635
0.06014155397062501
0.06497334408055071
0.06956407557031416
0.07395714260690998
0.07821881674151843
0.0824074913799991
0.08654958276561492
0.09061680970210666
0.09451158718259217
0.09806425712925415
0.10104406598337276
0.10318308465258896
0.10420974576671684
0.10388667531035986
0.10204651775149501
0.09863033849300544
0.09366586282766177
0.08731693485605736
0.07983921769185978
0.07156053382614104
0.06284701705182306
0.054067225161901364
0.0483462980996336
0.040180637453551236
0.032717479213611206
0.026114512425388096
0.02046301640375791
0.015758906931293372
0.011965029858617766
0.00899858204646772
0.007291124167731631
0.005947441674133111
0.005474146195919626
0.005511138020107751
0.006120217881757804
0.007367247846123652
0.009254183503660194
0.01184572653493339
0.015194832234831136
0.01934166512672156
0.024296859889700533
0.03002510371388782
0.03643132189963241
0.04335191946598664
0.05055331757043562
0.05773934930531097
0.06456796826796564
0.07067635410553891
0.07417285583958248
0.078317191612922
0.0809191371268002
0.08179909772412239
0.08090098408965117
0.07845187449665067
0.07440989620765796
0.0691106274910618
0.06305057780966554
0.05642536681943381
0.04971602910201708
0.04329706933411231
0.037493344088934594
0.0325616165124186
0.028679644115393053
0.025942247031609883
0.02436355040968627
0.02388195057117
0.02437129579880965
0.02565162065900223
0.027520762321328968
0.02970843255477678
0.031981408404027245
0.03408560840091531
0.035808826527607765
0.03697499602987427
0.03737971390435508
0.03737344547446867
0.036616975978068594
0.03514953653806089
0.03306177563734319
0.030484607365526793
0.02757260578302447
0.02448749886166102
0.02138256314941052
0.018389899954757448
0.015611851410075638
0.013116993205002977
0.010940518707110419
0.009088193326830052
0.007542708173230212
0.006271139638879595
0.005232440070044193
0.004383416197235068
0.003684050089304102
0.0031002063970960456
0.0026050456982788447
0.0021790035140907614
0.0018088308778306985
0.0014861345684343418
0.0012057962132417859
0.0010407821642832357
0.000824226794882367
0.0006425801616746787
0.0004931580997940177
0.0003728107552789488
0.00027999204473969243
0.00020811806588544546
0.0001548249753028624
0.00011808239889588049
9.305745934836294e-05
7.821518852197183e-05
7.173357833350202e-05
0.00014626622125826395
0.00019055983195673842
0.00025618618997542666
0.0021805560054664903
0.003609014169672154
0.005355516552542933
0.00911487411030582
0.013166875729479128
0.018677302592503206
0.026010909743719907
0.03555831659226024
0.04771129294791679
0.06282858685321621
0.08119337323920325
0.09532604080126587
0.1193739084562659
0.14668684037414428
0.1768681214641024
0.20925724000339296
0.242930357290924
0.2767275320422056
0.3093082488826494
0.33923315551772953
0.3650660038441277
0.3854862526933287
0.39940028957082513
0.4060383236087671
0.4050250072305925
0.39641473559805085
0.38068696100332833
0.35870204776425824
0.33162331467470335
0.3008151080820005
0.2677293475558736
0.23379363534925043
0.20031299881241652
0.1683928461416086
0.1388915020311393
0.11239954739098054
0.08925649921003549
0.07573480021390509
0.05826779109514056
0.04399805621938314
0.032609440090237744
0.023734839914827145
0.016979803052113725
0.011959884841742565
0.008321089244663423
0.005774054475740705
0.004027999442843117
0.0028936286592210073
0.0021944640194566634
0.001810131674464293
0.0016474470389039252
0.0016384484582675938
0.001734176392525251
0.001899461671733118
0.0021087915380347973
0.00234317833858723
0.002587920971075822
0.0028308854907663577
0.0030616296938062743
0.0032706724180756814
0.0034492325231484074
0.0035892268568577267
0.00365754759974732
0.003717997383214062
0.0037250790555052346
0.003674659978649438
0.0035675558076321977
0.0034067277991542857
0.0032350107634425223
0.0030131996355565417
0.0027680629218755043
0.002543481209317428
0.0023196303637025724
0.002132400105410344
0.0019959504889500816
0.0019289135476293305
0.001944103819267003
0.0020537115128222033
0.002268112767614798
0.002591475633613906
0.0030189507070585175
0.0035473201464264496
0.00416536686922745
0.00487585483953812
0.005628407381291489
0.006409295111266931
0.007200623576396369
0.00795421107616054
0.00842425637056123
0.009058914579559365
0.009585940471881209
0.009984600100505482
0.01024155867534066
0.01035279310532618
0.010321074647286814
0.010158874667120536
0.009884488483092426
0.009520138240908364
0.009089244411848317
0.008613815592597333
0.008112382213954189
0.007598777491557964
0.007082820019714341
0.006567742349935676
0.0060556797310119
0.0055711654517075476
0.00508573941655536
0.004669168085531017
0.004257115836008595
0.004618510721286146
0.005091190047101928
0.006041608290907525
0.008270258939260958
0.01155160611083347
0.014676869236636272
0.02112218963451057
0.030075850662347015
0.04188563014595831
0.05668419778567654
0.07427776656209321
0.09405967938242872
0.11498099186724788
0.13560273388260802
0.15423881227770744
0.16917535853968257
0.17892877020707873
0.18248877546674558
0.17949105556852113
0.1702783130079016
0.15583571232937687
0.13761630902991087
0.1173013951928543
0.09654732193775391
0.07677256488991822
0.05901944239014771
0.04390312790622052
0.031638817152160936
0.022123147480087056
0.015040557827213509
0.011463426179371348
0.007483212702031885
0.004790923552187079
0.0030222403773674674
0.0018886004714151437
0.0011759424914486991
0.0007339850337075389
0.0004620462758976635
0.0002950658746918735
0.00019232160659864912
0.00012875299485897628
8.909221814233614e-05
6.625786730635015e-05
5.142916633723082e-05
4.273723953534823e-05
3.938007826079159e-05
3.867642437406393e-05
4.101103035567696e-05
4.6395485201262576e-05
5.94474844076997e-05
7.420967721738592e-05
9.403185764909101e-05
0.00012127472624954193
0.00015386640809026742
0.00019330102296201475
0.00023971631655189983
0.00027446247177245986
0.0003319210162963386
0.00039501728271393213
0.00046266670202412853
0.0005329559347130298
0.0006039524671673501
0.0006733108509488722
0.0007431765024946681
0.0008051558940442433
0.0008587901135209814
0.0009049945602890633
0.0009406778363145888
0.0009653440721216587
0.0009802580400554222
0.0009868934372881434
0.000987497253430007
0.0009850081627729155
0.0009842260191728473
0.000985650273757402
0.0009931237875069592
0.0010086212340399143
0.0010407358397847186
0.001077777375307996
0.0011234464071231852
0.0011755753465851604
0.0012313239895077289
0.0015572853671613452
0.0018468737756429533
0.0021930405908064865
0.0028154682116742977
0.0036197348863871164
0.004673865821263845
0.006731443006096696
0.009631229735681646
0.013319135949145341
0.01858290657754339
0.02563334403835451
0.03483535305890549
0.04655191025098455
0.06115750594916748
0.07880319960727662
0.09939802372920888
0.12253689480057092
0.14746150080772702
0.1730750303084869
0.19800486243357432
0.22075658354391112
0.2398701846871378
0.25411800599848616
0.2628358009551259
0.26540518214526543
0.2620913741124093
0.25697127641598844
0.24539565389760531
0.23020935667443873
0.2125603725652394
0.19354662651980678
0.17412516143512816
0.15507210867912552
0.1369531341016095
0.1201703272129655
0.1049739620642271
0.09149597353982811
0.08004264738974633
0.07022093595795927
0.062049876684469964
0.055522228301571865
0.05036061443160305
0.04713831356190138
0.044744842442926105
0.04334957155707409
0.04330374963622053
0.04431901663987976
0.046489536297245254
0.05001107997895435
0.05508946550799346
0.061945901617562193
0.06754688956089963
0.07758157925869578
0.08957358523966528
0.10337098821284181
0.1186787768483005
0.1350282882805616
0.1517926916469736
0.16821705901339512
0.18346838642137353
0.19669424369530444
0.20710088357861667
0.21402153499069274
0.21701337519564684
0.2157985953033035
0.2104153677737718
0.20115296734955926
0.18855464038263037
0.1732756662917923
0.15614297403585597
0.1380073119080862
0.11969035800285983
0.10192480507136183
0.08531013525791563
0.07028687645291651
0.05712935019930576
0.045954586248942816
0.03960161599372893
0.03163476049470123
0.02537714994136229
0.020594418612916134
0.017027138382815134
0.014415181424632991
0.012516274221762304
0.011118580453100132
0.01004776260637709
0.009169341567508659
0.008387636324330842
0.00764072971694774
0.006896043551632064
0.00614295148357809
0.005392540823579375
0.004649890108154944
0.003937372787962948
0.0032734158327965275
0.002673563303987756
0.0023963010400407736
0.0020943172270473406
0.0019414794382061613
0.0020711403521974704
0.002345622841917412
0.00286718238356946
0.0036714788810985697
0.0043828123291604045
0.005737990503458483
0.00746378201669714
0.009576358469224765
0.012072934015646014
0.014925512517620445
0.018076043820003718
0.021438122216634343
0.02488431081635437
0.02826980369602522
0.03143004130727611
0.03419647517076075
0.0364111248241886
0.03794041303527399
0.03869765397030522
0.038625683014616996
0.03773679925690687
0.036103488158345944
0.03381990409830204
0.031292405007537126
0.028367218594859356
0.02534570927283677
0.02243947658990224
0.020060430474001686
0.018070423803878445
0.017098727127606784
0.01626784295382428
0.016282217822128943
0.017189032817529783
0.018991315682850573
0.02166412499638535
0.025130670625650938
0.029270462289684596
0.033916975915397794
0.038868623747283226
0.04389268037479198
0.04873777180269635
0.05314769551354736
0.05687782580071351
0.059712433796008754
0.061481328909400924
0.06207391420118619
0.06144878783299505
0.05963740592562172
0.05674374896496608
0.05292536069348162
0.04839915446569823
0.04338608291816149
0.03813090626067429
0.032861464099945045
0.027778286175952384
0.024573321812640946
0.020549993780896347
0.01684493061919106
0.013790292264746892
0.011555532624586326
0.010074551924876515
0.009270160550484697
0.009219136686278334
0.00994023953035591
0.011425424453863589
0.013678286587575562
0.016699491130620848
0.02047329410423671
0.024960629318612253
0.030100026095915954
0.035770311513911364
0.04182595013626437
0.04807494613808506
0.054288224716087415
0.060210978877014806
0.06606325097590435
0.07089400697394985
0.07481108580818839
0.07783650369080246
0.07975271464238835
0.08057902605874513
0.08079431634064914
0.0803547035827167
0.07942058517716989
0.07837483418695668
0.0775775187230491
0.0773009938756129
0.07787286563796234
0.07950327463084893
0.08227685842849895
0.08613833227167854
0.09087912365258638
0.09614689829922492
0.10147371085256536
0.10632246127020897
0.1101468342320455
0.1124566040310777
0.1128781665201727
0.11120021235879339
0.10739683444429504
0.101624653757238
0.0941952410878911
0.08552969160422581
0.07610333808725987
0.06639139739314301
0.056824095177102275
0.04774897535171634
0.04210323885809645
0.03437042258876173
0.02760394572369836
0.02182471972476385
0.016997893081101462
0.013048756595323325
0.00988069390632261
0.007385079833768039
0.00545564425158397
0.003991886856158991
0.0029033474497821973
0.0021112121104768086
0.0015486088229972456
0.001160172970699729
0.0009006498956054844
0.0007341397914692274
0.0006324808463577832
0.0005740390773742573
0.0005437854847904959
0.0005279995280707511
0.000519074817029972
0.0005113642552583922
0.0005013847063869023
0.000487336485104951
0.0005287290508537289
0.0005349764146549178
0.0005536391798995126
0.0005892019647359912
0.0006807147413656384
0.0007913257482749923
0.0009516431539963049
0.0011726743803432938
0.0014645355804433912
0.0018352619010974206
0.002294870668339837
0.0028354330595030414
0.003454485416489354
0.004140962535072129
0.004873690752531873
0.005626291543235904
0.006367675797407632
0.00706299083718884
0.007676777443045334
0.008176006318060813
0.008553395039204978
0.008760242436672845
0.008801766863741498
0.00867983062418117
0.008408486187476897
0.008537182125004613
0.00844265627284292
0.008395372787514987
0.008500180909221456
0.009101173525973645
0.010115247232087832
0.011669980472025145
0.014000339134360155
0.01723040799956786
0.021500266672487736
0.02690788492906746
0.03351377835753118
0.04127064577260637
0.05007705011879569
0.05973280191020486
0.06996147154420718
0.08034158663760613
0.0904336435162965
0.09974645440796476
0.10782816974771915
0.1141874735872845
0.11848393849068659
0.1204860820993068
0.120127336290166
0.117431226330273
0.11261656996235646
0.10600476828387524
0.09800371759941492
0.09212098244147937
0.0828153262591833
0.07366596729858144
0.0645679173416802
0.056052879681332206
0.04848543268130827
0.041941850332970695
0.036529501466341444
0.03231114864721802
0.029267325978781133
0.02735410833407792
0.02649446363559611
0.026595526890978452
0.02754583572294976
0.02961029041909613
0.032185941476012885
0.03531017880016006
0.03891639880754071
0.043133195353880986
0.04752867470757285
0.05215413325162291
0.05693687384463551
0.06181439024084295
0.06673940621082335
0.07166364155353852
0.07492849063652073
0.07976763231752483
0.08448885857729584
0.08901749540723049
0.09325985638140259
0.09706575091524276
0.1002725985105193
0.10269500025521397
0.10414901103529606
0.1044479644154241
0.1034600401898387
0.10110695540959727
0.0973840660268081
0.09238191039325991
0.08630609106711204
0.07928915977458836
0.07165410956470053
0.06371380613717799
0.05580680279042435
0.048166207943961384
0.04106388394205113
0.03469160825816576
0.02917873617801442
0.024591415839206543
0.020937114233937276
0.01817292832750455
0.016785058358002765
0.015305742295446213
0.014437256660342557
0.014043704457560568
0.013986832705764132
0.014133581791197324
0.014362324470005378
0.014567873395565924
0.014665277858449744
0.014594679782169958
0.014314604438793633
0.013811708978353423
0.0130931675435443
0.012184456876543435
0.011125029703613006
0.009963208729572225
0.008751220573272798
0.007539196678843615
0.006372674704170788
0.005288149635562259
0.004313443877515007
0.0034715044362898006
0.002769013093167176
0.0021926431356608226
0.0017480727737519042
0.0014171466570812522
0.0012900765512261119
0.0013856107313907505
0.0015151712329799633
0.0017892918356791894
0.002265310945273056
0.003070291952504101
0.004153321016654865
0.005570614076418744
0.0074183615504166914
0.009760310697001295
0.012649717651923341
0.016119862565817628
0.020174539605202612
0.024778487792272534
0.02984748637454966
0.03525016493815543
0.040805774056460686
0.046293069832441254
0.05147702615728322
0.056077742648682656
0.05985378118040624
0.0625933024884875
0.06413723334698891
0.06441113879174785
0.06338492805740667
0.06201576862483359
0.05903377819626924
0.05511114750652692
0.05047721837481423
0.045387800807036686
0.04010179200492156
0.03486001989663197
0.029864384484387118
0.025270607820277773
0.021183888381342688
0.017657732259012647
0.014699167483336405
0.012278771243703291
0.010340442465473469
0.00881235655066396
0.007616782609680628
0.006678089416943288
0.00592850357680259
0.005311556451661786
0.004783449123980811
0.0043127638161745835
0.003878981213089647
0.003470415784700023
0.003084348995459183
0.0027163618506634082
0.002369711467835415
0.002151818692288033
0.001847311414560641
0.0015736912166889544
0.0013292084123030113
0.0011165332197071178
0.0009359043867291735
0.0007864714862238066
0.0006670928709025719
0.0005760391588394973
0.0006282555139630986
0.0006476142172968986
0.0007173543347275418
0.0008460269050065593
0.0010869724172901812
0.0013742114294105366
0.0017563582407897475
0.0022468719301212718
0.0028624130221793468
0.003618018164127786
0.00492418545605314
0.006192983687309953
0.007705550439205125
0.009480959094672604
0.011717697164494443
0.014143365911558155
0.016885894713877726
0.018890933898082145
0.022156819916801462
0.025718884230625055
0.029550926561465914
0.03361436753662253
0.03785649268590483
0.042208795252589706
0.046585821212064046
0.05088502694943809
0.05498817500464965
0.05876468841709979
0.062077157689666776
0.06478887417824233
0.06677309789482741
0.06792218263837257
0.0681579249773622
0.06743899979149187
0.06576656440195558
0.06318625713834435
0.05978650099413882
0.05569328136822789
0.05107860657155736
0.0460905792198716
0.04093129069344864
0.035763461433996446
0.03074767459156372
0.027558161507629363
0.023480932478632262
0.019760645400377686
0.01690293873875829
0.014668932499271013
0.013431986516197205
0.013406724918200469
0.0143166551979277
0.016714721180731563
0.020513376923665824
0.02595865294343074
0.033190970167290675
0.04234642390807649
0.05342811492302358
0.06633957749764365
0.08082709195255036
0.09646985510732385
0.11267170123024613
0.12870578209830885
0.14376700005325757
0.1570419569691669
0.16779077784643412
0.17542170408072058
0.17954810160923662
0.18001959368266668
0.17833772600942327
0.17302110247483954
0.16473919863103126
0.15404598369055322
0.14156801275725817
0.12794791945791498
0.11379550909086375
0.09965135893062783
0.08596374499977376
0.07307881031549933
0.06124092204067278
0.05060068417586333
0.04122770206337388
0.033125501007621266
0.026246677428218325
0.02050723164288859
0.015799227645565468
0.012001590170317518
0.008988846902415401
0.006638123991471905
0.0048345497420179545
0.0034730692327290752
0.002462426914144409
0.0017355853446960978
0.0012128598702064676
0.0008486848369891971
0.0006743014823348888
0.0004907746751406199
0.0003798757513221597
0.0003237283994117343
0.0006697717752084621
0.0009801839863539513
0.00139324605459157
0.0019940874014277897
0.0028370277279135825
0.004251502081973412
0.005926412070563295
0.0081109103948432
0.010894532220586313
0.014352868725027954
0.01854088867250301
0.02347507781138752
0.029126319247763974
0.03540885766349292
0.04217349396314099
0.049208303543752205
0.056278896420646485
0.06303532750290063
0.06916547664496951
0.0743557534704856
0.07832497100656163
0.08087759772788063
0.08170099151534735
0.08159302491278037
0.0799074311262041
0.07677115879497183
0.07239452428120112
0.06705076968235249
0.06104825160171063
0.05470391378389717
0.048315995593583884
0.04214243402979855
0.036385721797728234
0.03118494912162107
0.026615826297549883
0.022696506936104206
0.019398292823632025
0.016658415926067573
0.01439459590496197
0.012520295750219214
0.010945177946345256
0.009595978562069013
0.008412718835824087
0.007352783589891155
0.0063873188215905164
0.005501255556138971
0.004689378113492206
0.004189425192424539
0.003503648471126974
0.002897926450461563
0.002374515859411826
0.0019341939849661892
0.0015734052969517166
0.0012857991253981457
0.0010639551039863442
0.000898457604471642
0.0007792206317322229
0.0006962330560673654
0.0006402987995372007
0.0006584965027666138
0.0006646526890526907
0.0006922207725545121
0.0007424362319297169
0.0008350677600944786
0.0009597946608078184
0.0011234895671043176
0.0013491126174321447
0.001631147993685332
0.001982807539879352
0.0024086296745205672
0.0029090449210936718
0.003480269140163746
0.004110433936993375
0.004555726606919763
0.005728505868216808
0.0066985187709560886
0.007774230665647746
0.00897194751217784
0.010317751978928189
0.012179082181139887
0.01412865471867542
0.016445230553221477
0.01920876666604449
0.02249287472003601
0.026380133355825126
0.03085899712598729
0.03592854058467734
0.04151892582013144
0.04750130526722556
0.053687411458579234
0.059837552111568215
0.06567397978668946
0.07090289220534977
0.07523800091614855
0.07843263286059413
0.08028313520157258
0.08067359100497985
0.0795704109542365
0.07703040569944423
0.07460692627942464
0.07001794494575034
0.06466017242726517
0.058660796586187926
0.05238858251212384
0.04620629879423661
0.04038814589405933
0.035373105865886996
0.031252518593894205
0.02823321092907181
0.026479195748845972
0.02600926471685408
0.026818508402437966
0.028689272748489574
0.03140102475810136
0.03463043343997506
0.03801298900042734
0.041181822803704145
0.043810794132778254
0.04565124288804109
0.046555013631057435
0.046482639353594604
0.04552839727509751
0.04377459668704914
0.0414287357781583
0.03868919615316788
0.036739537190754616
0.033779303047247744
0.03086209226827914
0.028086142510498478
0.025513184452226764
0.02316589485952901
0.021090028341591793
0.01921785623729798
0.01756085616414547
0.016115935674357647
0.014871907913315895
0.013851804279665208
0.013030227662627744
0.012413146274343903
0.011999541290440932
0.011773023028335853
0.011715685383376346
0.011801930925706059
0.011996681889355916
0.012263070923431447
0.012563242291997305
0.012859191638261807
0.013114725496042897
0.01329760769167895
0.013380961357047997
0.013370745792577774
0.013246262940097344
0.012982811592923773
0.012579665149872627
0.012043087708783118
0.011386001981768791
0.010626936561869093
0.009788671395219788
0.008896749286803542
0.007977187081073082
0.007057879500918704
0.006159505637716483
0.005303524786941811
0.004506450162223196
0.00378035209988174
0.003132747126119148
0.0025677790361785884
0.0020843762355078317
0.0016800101273603632
0.0013577103371329657
0.0010997213910632075
0.000902267592530541
0.0007609829806027848
0.0006658731869804567
0.0006166571691709858
0.000600470923996638
0.0006073895095108292
0.0006416590145122243
0.0007018272745383798
0.0007851010506436634
0.000886738770648448
0.0010057486849082062
0.0011400291467149929
0.0012901470799170968
0.001456788215926673
0.0016280594720097627
0.0018057816878317044
0.002066738049695954
0.002289479667827465
0.0025279105819449414
0.0027827443093625917
0.0030587665119974263
0.003405917742451781
0.00382304415005254
0.004288268757833039
0.004839525781474576
0.005500711411281802
0.0062885654680020124
0.007225710610608438
0.008326606445780689
0.009555312727582194
0.010913402362265148
0.011879877098900038
0.013390912002423906
0.014938315724327283
0.01647077110002096
0.017932571350516627
0.01928930785113815
0.0204527820908264
0.021390329015604188
0.022128660523823975
0.022561152171452402
0.022717150389176235
0.02259669256344437
0.022232358297026862
0.021719490890749257
0.021053962434442557
0.020310859209759065
0.019574685143818996
0.018919526495343394
0.018427533234548227
0.01816248884092679
0.018149523085640402
0.018421283625047254
0.01897291316909267
0.01976955659209254
0.020770404163938074
0.02149041619115973
0.022582818350187828
0.023642026571119756
0.024494637776950125
0.02506922651161993
0.0253139966450629
0.02517659227666101
0.024683155452554808
0.023845631749296284
0.022725517333861203
0.021411056531846554
0.020002882552358298
0.01861303596239712
0.01729890175144364
0.016145326486068028
0.015207020584061485
0.014517582391908285
0.01408912209598554
0.01389817661736137
0.013912125351363578
0.014090037381347165
0.01438081128206584
0.014734824132263773
0.015096276878185379
0.015422102885255522
0.01567449910018486
0.015787059560382552
0.015855780706839663
0.015791187190063446
0.015585828782243466
0.015239903982714976
0.014924220409704798
0.014398672389541484
0.013796282404900368
0.013146489669985847
0.012484081535363732
0.011925435607520418
0.011413543267241213
0.011017139919880804
0.010793030386012937
0.010784507227596952
0.011021901135731116
0.011536679992118331
0.012326474999752349
0.013389608280868704
0.014725382096859039
0.016259155556430805
0.017946185588491897
0.01973062957301319
0.02150987744177386
0.023218673323709603
0.024758482158063495
0.025656372269126686
0.026765321146787983
0.027537185159393775
0.02793757268382936
0.027954687502330114
0.02759506534246963
0.026885161462588354
0.025866889695847765
0.024593623535051422
0.023125369031300545
0.021523927327553236
0.01984853182327358
0.018166928692285433
0.016506097769287843
0.014906912077848142
0.013397433013008978
0.011995485679461734
0.010716433135801161
0.009559114439000989
0.008523679819687413
0.007608520940346819
0.006837421017834416
0.006169471792760851
0.0056119607524011215
0.005163485658726398
0.004820379789201143
0.004647193680718682
0.004492796140145241
0.0044174099633633255
0.0044286867850329295
0.004519634689850639
0.004681221087622397
0.004907576344300459
0.005188012474940987
0.005503764212568729
0.005845490850005279
0.006202106722963812
0.006557796254050031
0.006897215965386931
0.00720603695366556
0.007470400905714809
0.007677599073046876
0.007834515282313674
0.007910339777001563
0.007908974803195495
0.007832505944467274
0.007685113990019614
0.007474882466634412
0.007224236234420189
0.00693003912344501
0.006615183625148079
0.006401159748624308
0.006084242381296383
0.005784037747793323
0.005510828123287966
0.005271380023728175
0.005068571126126244
0.004901342230150408
0.004766396010894097
0.00468226937896389
0.00462421411322654
0.00456678535716051
0.00451921701452144
0.004478398832180757
0.0044470292002489285
0.004442965510072469
0.004448716887565052
0.004482883596426611
0.004558983938606098
0.004688571897993953
0.004881070380358136
0.00514187237363142
0.005470793184174862
0.005860489177377751
0.006307494772460323
0.006775266497722418
0.007244905073154722
0.007545006368775245
0.007953146185889437
0.008289076054138348
0.008525396550856573
0.008644194436681761
0.008638094695643483
0.00850309409375492
0.008247606019767761
0.007886291441461336
0.007439458650054812
0.006936866992653456
0.006395926452854026
0.005843199031386679
0.005301621003552603
0.004871343691689413
0.004449119065889766
0.004095579408521449
0.0038199463967357795
0.0036329000520320836
0.003566272740306761
0.003599634709742645
0.003738112769942927
0.004029769113960387
0.004432946976489342
0.005307362831089189
0.006173471978613908
0.006873964763439066
0.008127752670768
0.009663855763646978
0.011478304660405309
0.013775400911970034
0.01646722847090173
0.01949672281510881
0.02297252206680353
0.02695045608425002
0.03138853878983225
0.03632606254958377
0.04169208853390843
0.04740248889627239
0.053341304913628367
0.05935363908818195
0.06517897480756578
0.07056837846024991
0.07524508204860848
0.07892882370039363
0.0813889778526144
0.08245858400311845
0.08205784919941805
0.08020320390773186
0.07700389976126489
0.07264714580817394
0.069219302925801
0.06366148139945652
0.057604992159257
0.05140437897605553
0.04533928323403304
0.03963673800866296
0.03447947658331179
0.0301057428220899
0.02644642364195288
0.0236107810400127
0.021601278789951793
0.02038544358183329
0.01990202102202421
0.02006638023481426
0.02077468564790092
0.02190814204188384
0.02333960208665419
0.02492703513855962
0.026531840140291182
0.028018561167597884
0.029262380464974536
0.03015850428717917
0.03062548488217087
0.030610905188327774
0.03009670881130259
0.029098774132909736
0.028183710981535836
0.02648635513053165
0.024471769449942653
0.022233669724259598
0.019870767971004767
0.01747902597607499
0.015143734591816968
0.012937161042058314
0.010913947964821504
0.009230153621748383
0.007760765967119427
0.006591911503044982
0.0057402749835478726
0.005221825486938824
0.005047387549938635
0.0052839937692463175
0.0058475587606133935
0.006762498677979036
0.007994833498948086
0.009519567588883221
0.011189619166872427
0.012913443961309334
0.014561616582882679
0.01616979939055781
0.017431093584872236
0.01833694141348339
0.018740567987937422
0.019063764545404076
0.01910088573658751
0.018970883273559756
0.01882300893127432
0.01868104331718973
0.01870949304813861
0.019014437488714443
0.01968801246082803
0.02075751452839546
0.02223569597093856
0.024089412695306327
0.026243746980214578
0.028588211048019174
0.03112361983925507
0.03352245334513122
0.035701381937269114
0.0375642488307905
0.038995351537529095
0.03994031169374422
0.040438553377031575
0.040454532124895005
0.04004712598031502
0.03933035962183076
0.03839859945563402
0.03771589715829617
0.03667859860344947
0.03571197396879141
0.034878032249671516
0.0342169987083632
0.03373433884245693
0.03340329516913052
0.03317037905255536
0.03296606505956189
0.03270490717120308
0.03230786846379397
0.031704837129328686
0.030843413262129745
0.029693923314525313
0.028251588703564454
0.026537503953085337
0.024588808955314494
0.022462641179747975
0.020231362299426826
0.017955518110855082
0.015705969032831592
0.013544354152714948
0.011522723088931241
0.009677963421210703
0.008038624619957425
0.006717983006643412
0.005923863940301043
0.004972741375164854
0.004239804192734308
0.003736327733071948
0.003458657819147409
0.0034436286223210027
0.0036358135434760575
0.004053912712305252
0.004688662537009627
0.005538378751672404
0.006604847871539267
0.00788016024954859
0.00935822685488201
0.011002918351134485
0.012783549337299268
0.014654719176850038
0.016559416837042987
0.01843159224258061
0.02019933980495505
0.02178914860400786
0.023130829369573922
0.024162575297229847
0.024835604769514307
0.025165243604580063
0.025075280568458095
0.024595798431615513
0.024078611149716586
0.02303365676781095
0.021720690742203088
0.020224284763354312
0.018601705830657983
0.01692971403718558
0.015286124992307004
0.013736621359694301
0.01233631130140749
0.011126621635775479
0.01025242782978459
0.009553877790895131
0.009109590958212836
0.00891268300413628
0.008960104389565477
0.009221723499179477
0.009718932250826599
0.010350790471008366
0.01112817105503839
0.012027639627276435
0.013027353339860135
0.014111234629571071
0.01525265140961576
0.01641904610703336
0.017585862836513796
0.01871947934302877
0.01943778706733639
0.020429096719953705
0.021279657771046522
0.021966129357925655
0.022428902635642588
0.022646836502151185
0.022603227470130327
0.02229063959974221
0.021715788595831745
0.02090452745966761
0.019880863856679518
0.0186850518590587
0.017366284155010916
0.015974254332783426
0.014561610657987776
0.013188178941777555
0.011872701615982029
0.010655463547526967
0.009561703864606537
0.008604691917065439
0.007790206730879781
0.007120283378276653
0.006578636720311195
0.006151640420416739
0.0058248962713376195
0.005654350166436798
0.005456119958488014
0.005312808086180656
0.005209157082277796
0.005131478981048334
0.0050676071421186285
0.005008284505474246
0.004942439080756227
0.004863261505912774
0.004763004760346041
0.004637610421386655
0.004483852044006286
0.004301232867973828
0.004090141271872854
0.0038534101377738898
0.0035957012199806177
0.003322803830992799
0.003055273524136437
0.0028241682285672564
0.0025894808899799
0.0023807796558275923
0.0022140719390171346
0.002100388601604985
0.0020556428531895003
0.002085602524359266
0.0022300357329467987
0.0023677755177238017
0.0026602506844638856
0.0030588538987185196
0.0035625529291049545
0.004164616165429132
0.004872688758385927
0.0056404668324929646
0.006478948828281086
0.007324277159871244
0.008163000074985376
0.008966049711195875
0.009708610841045911
0.010380797161232698
0.010956282202807989
0.011425784430092215
0.011790963391855373
0.012057175974590682
0.012231907965432347
0.012323507562401338
0.01233970553050335
0.012286273986785915
0.012233849646665795
0.012099571209612605
0.011917608788695862
0.011701701399445352
0.01146203514297583
0.01129491067712667
0.011043484960067716
0.01083593146000808
0.010658205038830741
0.010528977535161133
0.010475567929570185
0.010513844357498463
0.01066205430540816
0.010914939188014927
0.011272627486563845
0.011718351709169496
0.012228278219256298
0.012769162063031489
0.013301954596230015
0.013788598197369975
0.014181857095261435
0.014448347109504548
0.014559834724495874
0.014498288401988222
0.014256869914513897
0.013840642126778657
0.013262480415344306
0.012545055118914026
0.011729903121782535
0.010830614182569566
0.010203346115280315
0.009246233244367484
0.008296728477773683
0.007381445197588611
0.006524223350075882
0.005762665422453914
0.005083571678034961
0.004502786837238839
0.004028777482828504
0.003663320929513746
0.0034056958046699494
0.003251758525485089
0.003205888961694063
0.0032457094387214136
0.003368597654884568
0.0035638163888537396
0.0038188428055835623
0.00411933636703416
0.004449848796108838
0.004792242862390438
0.005128763867009838
0.005440936646159032
0.0057122502233551975
0.005925797769866043
0.006069363520294794
0.006133753630075234
0.00613009077100045
0.006053483965042966
0.00589375446631292
0.005683906513488189
0.005406243648438854
0.005086712268676681
0.004772429629158011
0.004457216047110845
0.004178113500763386
0.003964129389653511
0.0038560489169186555
0.0038504217366683796
0.003965869475917707
0.004211688334498268
0.0045622223001893425
0.004991162738829095
0.005468009073390588
0.005959523653580444
0.006425726340526166
0.006839555780499766
0.007182408964272833
0.007445653913926846
0.007628792446284698
0.007736381273550538
0.007778424305442026
0.007758768288744172
0.007714961336788585
0.007606301562320654
0.007448718107876874
0.007244631209016978
0.006996472613519539
0.006707208641353165
0.006380441028328947
0.006031224486772251
0.005650406558404542
0.005248849238406749
0.004834784290365356
0.004416336522303386
0.0040025621591673975
0.0036025324989123458
0.0032310307226920145
0.002891563209618996
0.002592610767958006
0.0023424646928686004
0.0021459840061647233
0.0020054300437922857
0.0019200064883806668
0.0018858652484144893
0.0018960536195712265
0.001948467949027196
0.002024061471740009
0.002120478298515965
0.00218450558181991
0.0022782191105904124
0.0023621220522687812
0.0024305521097274197
0.0024840324639123015
0.002517697084452997
0.0025382624882411024
0.002544711795025307
0.002544181775657407
0.00254169373952998
0.002541803223853118
0.0025479438075784932
0.0025615592902384844
0.002582352548418896
0.002608141124855415
0.0026351095729560455
0.0026581853777256957
0.0026719771383856604
0.0026706540944107294
0.0026494622673084505
0.002604854098666082
0.0025346548804509846
0.0024439686665589707
0.0023267669059298356
0.0021887308911034357
0.002087674634127644
0.0019266221121636382
0.0017596833547413166
0.0016000796078952065
0.0014474472651715153
0.0013096909641927114
0.0011970528711558856
0.0011160561945979073
0.0010637369896550298
0.0010471542361397046
0.0010718032153171375
0.0011363297941783341
0.001241086676543915
0.0013870995557170751
0.001571491052402042
0.0017892660502027294
0.0020686166800004168
0.002362058200849462
0.002679040059862002
0.003021403457327383
0.0033793481018676453
0.00375019779314128
0.004129966957712016
0.0045629569488807855
0.004987304149681767
0.005418489238959733
0.005715750571198327
0.0061777600044450875
0.006657933442261873
0.007159455066260359
0.007681918336598776
0.008245849951502026
0.008814247113234442
0.009388460369822335
0.009958979690689419
0.010513054992980391
0.011036023766907904
0.011512628483629288
0.011927998397181033
0.012269868207241746
0.012524051232760326
0.012681411400529901
0.012734459937078854
0.012679802492593375
0.012515907522990198
0.012245076405873363
0.011872997865091299
0.011406976437379526
0.01085869015934178
0.010240738215241619
0.009568133303865217
0.008856515030568533
0.008385153852988764
0.0076557248885299285
0.0069321600989489095
0.006231151306145755
0.005566485953473301
0.004967424752876005
0.004422232760469263
0.003962081640820874
0.0035896518437494853
0.003305623027841968
0.003125415437013077
0.00305646064512519
0.003111239352005867
0.003286314918273344
0.0035814524785198676
0.004003390772326907
0.004525565823894994
0.0051436039922840215
0.005816294599058208
0.006512818318694955
0.007194886970161045
0.007822181429345256
0.00835869174202785
0.008775721876698736
0.009055067132518085
0.009166051245710854
0.009210715845126484
0.009121334348389612
0.008915250189869052
0.008611072730020973
0.008229011007712573
0.007789210160607369
0.0073091723654538365
0.006806211223786383
0.006296500532775439
0.005792226273759532
0.005304996540571572
0.004843372882777688
0.004412155996580426
0.004022613452349723
0.003663009383668868
0.0033357227327242747
0.003057816611658207
0.0028045328098991193
0.0025819282807350913
0.002416846834514671
0.0022870943319776697
0.002207739107224389
0.002180590878171397
0.002224935329045218
0.002342500216073185
0.0024650484166408864
0.0027206495526149576
0.0030784109878731316
0.0035248732173205036
0.004101597628714648
0.004751368994236351
0.005471918735270626
0.0062589842496368715
0.007090905379457149
0.007948636809195938
0.008811075511828225
0.00968365754421452
0.010517415079894699
0.011306903645551676
0.01203894565041
0.012706890598738706
0.013305366343168134
0.013829415521761227
0.014278643721481861
0.01464478037054518
0.014922385591912592
0.0151061197605656
0.01518943847492596
0.015165868319445492
0.015029414107179255
0.014777577416202238
0.01454565808343691
0.014104204348862157
0.013563742367981193
0.01292632379809177
0.0122093899011546
0.011430258039754069
0.01060861257154408
0.009775735144515178
0.008936915078394664
0.008119355895635507
0.007340407454209135
0.006615304088014951
0.005956413903484983
0.005371514363847131
0.004863377682782842
0.004449170096610732
0.004110141841466305
0.0038611096634925115
0.0036782508676371567
0.0035716529012193615
0.003536086729403636
0.0035713579904372694
0.0036750461179884436
0.003851863735818758
0.00408473924118723
0.004301581303123371
0.00464736687658846
0.0050435971240076075
0.005490697069016481
0.005981214706349464
0.006521496311169789
0.007091245836994068
0.007687350894908665
0.008310666131765534
0.008937196517550735
0.009553206164646518
0.010151952526035317
0.010711560545245694
0.011254680930428817
0.011721372229055652
0.012120552916016028
0.012445286144565826
0.012691721783079937
0.01287344154351441
0.012972188719249288
0.012999180316966258
0.012977792206137288
0.012892472628339587
0.01276725477863636
0.012614034358457578
0.012444832170386581
0.01233295359470204
0.012170498643180082
0.01201396832762719
0.011872003306061163
0.01174275948893894
0.011622789984274148
0.011505008361762077
0.01138003291279884
0.01123708718036369
0.011072960038172541
0.010879082017275337
0.01063385431813385
0.010338013642443368
0.009990653132372232
0.009594085355335397
0.009187804903485789
0.00873613715619578
0.008273376516054243
0.007819899700879695
0.007385954160757684
0.0069945895352871035
0.006662298128374546
0.00641270849580559
0.006244336309928407
0.006161904633367115
0.006167258949727357
0.006228053245904071
0.006370662832647565
0.0065744263087757614
0.006822206516465922
0.0070933869471187325
0.007366311190879029
0.007619865639259018
0.007834958470025888
0.008001357122717608
0.008101693100424105
0.008129153481229449
0.00808302808310462
0.007965082599179498
0.0077810648850234485
0.007537453699263291
0.007243329863382229
0.006907954308709193
0.006540446179550703
0.006149285645655433
0.005742260321716341
0.005335569917523361
0.004931747542970948
0.00453406398344089
0.004155504995018586
0.0038027616235691594
0.003495989405949475
0.0033130084496704446
0.0030802315997355283
0.002907759819407959
0.002798719775361496
0.0027511414143297653
0.0027631520920912804
0.002827487090367535
0.0029375222365697383
0.0030765591290071153
0.0032311192282715485
0.0033894022886421815
0.003540286537795163
0.003674689768419827
0.003785638141290801
0.0038677340331879245
0.0039170155019853554
0.0039302915588221125
0.003905247854051388
0.0038403060314600125
0.003740763815872805
0.003601543649121201
0.0034290201993416474
0.0032296858089428163
0.003010453840250715
0.002779551548181828
0.0026305100837817515
0.0024033692861586014
0.0021885806979921557
0.0019914800618981462
0.0018205505887003085
0.0016766363419149673
0.0015641920198376624
0.0014895281939499086
0.0014502315085762473
0.0014444522335408984
0.0014713225629875903
0.0015292506032663204
0.0016161296218174144
0.001726556059931491
0.0018555455889002618
0.001999935472733467
0.0021517442290739253
0.0023058313805990427
0.0024557364738435014
0.0025954609335766374
0.0027241070526324964
0.002831200033539566
0.0029147982618347623
0.002972571743801366
0.0030029045625372315
0.003007597420885445
0.002995324069766575
0.002956864151457581
0.0028965489721941777
0.0028210283919915943
0.0027662727524251523
0.0026929109578938976
0.0026237803159063298
0.002574351269748235
0.002548420440101566
0.0025526378553052172
0.00259789374754269
0.0026876159170071265
0.002841322456331118
0.0030588712327532784
0.0033372791811776725
0.003676523667305224
0.0040809123795961435
0.004544419218999923
0.005062954997455462
0.005626032346994549
0.006220458650070356
0.006833832014731635
0.007442166021316267
0.008032980724109556
0.008567376113860277
0.009027342028748237
0.009281034485376297
0.009568577765896136
0.009732853327525487
0.009767806105753622
0.009675591961301012
0.009465869304378278
0.009157112047764523
0.008763079816827644
0.008305026673021116
0.007800836078086927
0.007266059817754705
0.006713812962209236
0.006178621721052563
0.005639526716495436
0.005118268175097863
0.004627754750679496
0.004178599668661485
0.003780079123521109
0.00343947601712021
0.003161588789635737
0.002948609442044369
0.002817106374508232
0.002739509580609134
0.0027239855686628646
0.0027652242755228863
0.0028214754792648495
0.00294393101148708
0.003107439857193947
0.0032990865852355897
0.0035096213980151405
0.0037279807738978005
0.003943090902901474
0.004143149516171775
0.004317242311302105
0.004456678966995129
0.0045545443490617316
0.004608174045473021
0.004612945373973694
0.004570110525447478
0.004482919366302634
0.004354811525454334
0.00419182019154421
0.003999315832009247
0.00378404820614213
0.003575510478314923
0.003349685231496301
0.0031243549544207306
0.002909328578799481
0.002712276896996737
0.0025410635599565656
0.0024128154414548176
0.002346664340174485
0.0022887291338564574
0.002294385970837575
0.002356859124342193
0.0024792741321255965
0.0026642923402890803
0.0029217309678534233
0.003228106975707519
0.003584541879847823
0.003976081962481507
0.004389507198783384
0.004811436051402327
0.005227037089599019
0.005622091412379292
0.00598380950487831
0.006326493894866971
0.006613737646725876
0.006852951470219499
0.00704725071836609
0.0072016544683676815
0.00732289062277615
0.007418679714667809
0.007495840482207562
0.007558579841240437
0.007618654858590941
0.007655687677042594
0.00766724061015415
0.007654203423852996
0.007592223682051221
0.007469605215223025
0.007273450302623917
0.007004434440446233
0.006663223842558534
0.006263847310010595
0.005823912565020178
0.005363229828842539
0.00490143883950422
0.004449748212478887
0.004019292230229726
0.0036236319094612446
0.0032501658753589214
0.002907083186830722
0.0025955308129804572
0.0023203205679074934
0.00213218811421698
0.001976321538925119
0.0018823507445201492
0.001857710139276794
0.0019119076165867092
0.002039984553221909
0.0022437989181373877
0.002522124550754575
0.0027474081410042484
0.003161272915532818
0.003635342197849827
0.0041652638103991425
0.004747161416766191
0.00537013900966193
0.0060209951588740184
0.00668450291707654
0.007342829445436565
0.007976428412945718
0.00856525345063233
0.009089125730493077
0.009529535202634538
0.009871112058646072
0.01010092003063698
0.010211023752264195
0.01019841530728338
0.010064810403258415
0.009817158933446379
0.009464792112882548
0.009021371932432425
0.008504118226969469
0.007927634475986574
0.007310010991956823
0.00666834276643799
0.006235069351473113
0.005587758938772511
0.004977240686318168
0.004386524990859834
0.003836739577407169
0.003339895689116091
0.0029033688010423496
0.0025333246188130364
0.0022343353223100164
0.002008383956115636
0.0018602306894217715
0.0017932889310024562
0.001801126441249971
0.0018710913871700522
0.0020131209653896677
0.002209193462592017
0.0024562234105855885
0.002748998770732853
0.003076171766059955
0.003430583589104824
0.0038013405459027404
0.004182188402745144
0.004560310720638734
0.004930801595220387
0.005279408758989566
0.005600289260819699
0.005795704768526118
0.006053658132498493
0.006263885710860882
0.006420257184003791
0.006517698246486333
0.006552455319747986
0.006522466522497633
0.006427672024331888
0.006270149238522665
0.0060556428244386016
0.005788223895393687
0.005476680868814204
0.005130068008168687
0.0047580366938527316
0.004370337222734394
0.0039763599103192155
0.003584783750815569
0.0032025779227113486
0.0028365396755309297
0.002491634274589629
0.0021718794356171203
0.0018801891417230428
0.0016184169099214907
0.0014264878625241037
0.0012533252680648774
0.0011179921853346857
0.0010515787528087184
0.0009891010078091076
0.0009731802171664198
0.0010116518395791186
0.0011035678625216504
0.001265116862335141
0.0014961554906251881
0.0017910783473285116
0.002156101479209971
0.0025972258046177885
0.0031135259769891656
0.003701182854291055
0.004353195068912328
0.005053339875136235
0.005789229715428831
0.006522222550532929
0.007223492516899306
0.007861780311761744
0.008405570988842634
0.008829428909498062
0.009119494092528829
0.009264291944018534
0.009272401971440396
0.009155189251426193
0.00893366695663155
0.008737793552146505
0.008386653554433065
0.007981483341081065
0.007535030551237203
0.007056194826583561
0.006554264957121923
0.006037212417739477
0.005510081350156945
0.004987094117539114
0.004479348192494622
0.0039996492780679386
0.0035587533903604952
0.0031643628695107832
0.002821202638105732
0.002528619386141054
0.0022842041186964855
0.0020852843723500303
0.0019227895997949065
0.0017915575107651299
0.0016856943703865178
0.0015997039287282268
0.0015287979445070445
0.0014690892137690149
0.0014166116212109565
0.0013682821186436422
0.0013215200582004482
0.001290156077536316
0.001241609898806504
0.001190184179513274
0.0011352233381793737
0.00107684053253703
0.0010151195406287305
0.0009521961851234238
0.0008872457708088594
0.0008218528284025524
0.0007572509322238632
0.0006943635363846193
0.0006340862843930353
0.0005771862606481382
0.0005243119429647633
0.00047599987226827156
0.00043313825899253793
0.00039548404061907655
0.0003631905846260291
0.0003363192885134537
0.0003145977925355296
0.00029753828594511326
0.00028445934449551163
0.00027453195072793144
0.0002668449116570959
0.0002604806983799733
0.0002545905224065718
0.00025056625537345705
0.00024395881116633667
0.00023631311089936566
0.00022740723262322456
0.0002171900262063912
0.00020574509053500174
0.00019324783625798155
0.0001799239437327362
0.00016601565536680443
0.00015175938767654344
0.00013737493694153112
0.0001230638789180236
