Y :12.0% Calcite, Diffracto n :479
Y :40.0% Gibbsite, Diffracto n :410
Y :9.0% Dolomite, Diffracto n :139
Y :39.0% Hematite, Diffracto n :400
0.0
0.0
0.0
0.0
0.0
0.0
0.0
0.0
0.0
0.0
0.0
0.0
0.0
0.0
0.0
0.0
0.0
0.0
0.0
0.0
0.0
0.0
0.0
0.0
0.0
0.0
0.0
0.0
0.0
0.0
0.0
0.0
0.0
0.0
0.0
0.0
0.0
0.0
0.0
0.0
0.0
0.0
0.0
0.0
0.0
0.0
0.0
0.0
0.0
0.0
0.0
0.0
1.0956501894423316e-36
3.0211925259275916e-36
7.504686821792148e-36
1.6793237631600063e-35
3.38519726913325e-35
6.147254853631479e-35
1.0056020348953114e-34
1.4818995179850116e-34
1.967247754875485e-34
2.3525943420510536e-34
2.5344441558530662e-34
2.4596091095614323e-34
2.1502905565415128e-34
1.8551916834229832e-34
1.3628016708311793e-34
9.01829036355695e-35
5.376051983493912e-35
2.8870239916734777e-35
1.3966417321112307e-35
6.086495774682017e-36
2.3894465671347334e-36
1.393848516685037e-35
9.364819435969083e-34
2.3733565997533685e-33
5.4240339453834347e-33
1.1176053543886292e-32
2.0761079960276272e-32
3.477001337106e-32
5.249921347892625e-32
7.146508375174538e-32
8.770588726313085e-32
9.704165843591041e-32
9.680180702652153e-32
8.70574388513652e-32
7.058737018365633e-32
5.159984867387886e-32
3.400727355930404e-32
2.020685815325816e-32
1.0825075116219552e-32
6.740972841009085e-33
3.038550017663433e-33
1.2348630031417404e-33
4.524604640272114e-34
1.4946949808679658e-34
4.451792393159168e-35
1.1954394487822399e-35
2.894211188783742e-36
6.3174530607481704e-37
1.2432595765833307e-37
2.2059109887427558e-38
3.528730653859151e-39
5.089216615246236e-40
6.61732369239869e-41
7.757281096208833e-42
8.198391599864151e-43
7.811521512231876e-44
6.710052575168869e-45
5.196304853417176e-46
3.6277426080976455e-47
2.28320997691444e-48
1.2954387117398584e-49
6.625876186198317e-51
3.055052834215906e-52
1.269803149434146e-53
1.4382886030567472e-54
5.028657474695033e-56
1.584825820782087e-57
4.502224737863698e-59
1.1528731508990213e-60
2.6609523735500256e-62
5.535875888953659e-64
1.0380581299256062e-65
1.7544278167995486e-67
2.672515734458967e-69
3.669175184862577e-71
4.5401747557051347e-73
5.06279115716906e-75
0.0
0.0
0.0
0.0
0.0
0.0
0.0
0.0
0.0
0.0
0.0
0.0
3.926858321083274e-36
1.773149667949332e-35
1.02223162117272e-34
3.197846649048057e-34
5.428381510085407e-34
5.0002014077262294e-34
2.499246197479135e-34
6.778521665645138e-35
9.976204508953372e-36
7.967097002829492e-37
3.452544404190741e-38
8.118631833676003e-40
1.0359309972415545e-41
7.172709066680615e-44
2.6948835887001686e-46
5.4941588279119245e-49
6.07808566814212e-52
3.648688857425512e-55
1.188533015759885e-58
2.1008259665061075e-62
8.377107448584052e-37
1.2917412161171585e-36
1.9508540659008966e-36
2.8856382378832292e-36
4.180486452472197e-36
5.931705646066461e-36
8.243282769755287e-36
1.0147585808455715e-35
1.3621650412586188e-35
3.60075142549609e-35
6.111133507500057e-34
5.421353902325607e-33
2.803611428131324e-32
8.426698477521596e-32
1.454255831700334e-31
1.438789741354887e-31
8.18139560508161e-32
2.6950678186406415e-32
5.4587823870622076e-33
9.779166569459157e-34
2.974623114026217e-34
1.4067206929232985e-34
1.0138443151408753e-34
9.411713826713914e-35
9.050982346593788e-35
8.585240586817778e-35
8.006282672784551e-35
7.352602352335656e-35
6.666987129633084e-35
5.99088101626562e-35
5.360759697860674e-35
4.8051954598881233e-35
4.342848717857859e-35
4.5309204849505657e-35
2.080982390339754e-34
3.809597526693993e-34
5.594598381897409e-34
8.158031427648609e-34
1.1745028643621848e-33
1.6641067888624546e-33
2.3162092722350663e-33
3.16364106323349e-33
4.23775565015497e-33
5.564850536226308e-33
7.161920835396835e-33
9.03212188058279e-33
1.1168700396767024e-32
1.3610958202001162e-32
1.6850901776531924e-32
2.2811502870168252e-32
3.6358615086945885e-32
6.154952861278608e-32
8.6091162368622e-32
8.458722988956318e-32
5.973624371541248e-32
3.9007172052616344e-32
3.1382006577907286e-32
2.955175404173753e-32
2.8842499838970406e-32
2.748216364653721e-32
2.570665805652714e-32
2.3612707254714366e-32
2.1330087640857902e-32
1.8992907175482795e-32
1.6728238418873334e-32
1.464667825134655e-32
1.2834960752930032e-32
1.1351064462274163e-32
1.0221989011016402e-32
9.444150269766141e-33
8.986175654681454e-33
8.793756987409917e-33
8.796113507050112e-33
8.913515067861653e-33
9.065215652880696e-33
9.17707089136947e-33
9.188094452488668e-33
9.055280353980041e-33
8.75619803553303e-33
8.289143222284906e-33
7.670959056915575e-33
6.93296660359595e-33
6.115695208631421e-33
5.263229542933661e-33
4.696509613752326e-33
3.876836890079904e-33
3.120559654667667e-33
2.4490770358022488e-33
1.8739694867414825e-33
1.4007127907833883e-33
1.0243213072504226e-33
7.398929883255232e-34
5.411141789089931e-34
4.2264973199490075e-34
3.7929888452007466e-34
4.02457197718762e-34
4.7537878009105766e-34
5.706988113479579e-34
6.537759285223934e-34
6.9235243231175436e-34
6.682524939659248e-34
5.842121511729739e-34
4.613286957757001e-34
3.2862503753186787e-34
2.7821792350325153e-11
2.996760051219773e-10
1.7515528376886746e-09
5.555190053779816e-09
9.560464799214465e-09
8.928191534288012e-09
6.073731757925864e-09
2.0476109509545172e-09
3.7457922427113267e-10
3.718299213719776e-11
2.002854451926075e-12
5.854082680995772e-14
9.28480357197471e-16
7.990813508709842e-18
3.731759752375842e-20
9.456725092826906e-23
1.3003859202436448e-25
9.70304754407021e-29
3.928696380038272e-32
8.631637274362881e-36
1.0290717020550018e-39
6.894423786719096e-44
6.971995404678527e-46
1.985448708523958e-46
5.530785902891851e-47
1.5019334536475192e-47
2.488312601953299e-35
6.508664152027538e-35
1.4284864824887433e-33
4.2150578316303e-33
9.640843909379953e-33
1.5829018640503467e-32
3.062689133696466e-32
5.358779566504817e-32
3.999447508285739e-08
3.2680927849326056e-07
1.4490826667381492e-06
3.4865536440380066e-06
4.552017763142493e-06
3.2248977636113713e-06
1.2397449861403408e-06
2.5861468178510213e-07
2.9575218664937085e-08
6.2539898137284165e-09
3.92946225954803e-08
2.3930266725763504e-07
9.189172201230604e-07
2.1299257362419045e-06
2.9359391203017434e-06
2.433276816212144e-06
1.2257663176545331e-06
3.7285754542048474e-07
6.690337900969718e-08
6.887805891214224e-09
3.9787550890718877e-10
1.270902503552664e-11
2.2258116042357432e-13
1.0724363075103448e-14
6.83558807328094e-17
2.36974583990031e-19
4.464719692589859e-22
4.569535718898643e-25
2.5400597335226908e-28
7.670333198288004e-32
4.7799520320660125e-35
4.583401127965671e-35
5.8399172855151e-35
7.287926105038805e-35
8.907771344189408e-35
1.066355456332661e-34
1.250266991672165e-34
1.4357253564423477e-34
1.6147593599920307e-34
1.778738419863618e-34
1.9190407452879925e-34
2.0277954346591636e-34
2.0986108849971137e-34
2.1271961401945026e-34
2.516363449213733e-08
3.3446069769652735e-07
4.0702287072642206e-06
2.9729292189765018e-05
0.0001550196666835743
0.0003682100732483526
0.000893392735469968
0.0013002476423925001
0.0011511613907358954
0.0006306135858579017
0.0002124572486440241
4.2747188745913426e-05
4.9633124979621e-06
3.263420848628768e-07
1.5702534554894138e-08
5.856907941025454e-09
7.636575336577235e-09
1.0095729023702741e-08
1.3013297631804381e-08
1.6349650203764196e-08
2.0021673389961903e-08
2.389808394935506e-08
2.7803315957992426e-08
3.1528325863586635e-08
3.484785322505657e-08
3.754239285886325e-08
3.942200184884591e-08
4.0348389141455707e-08
4.025172809650248e-08
3.913935485152272e-08
3.709484818088931e-08
3.528558598568505e-08
3.204413903355004e-08
2.8364209436297316e-08
2.447166745302918e-08
2.0579141060909776e-08
1.6867927612671407e-08
1.3476186602625492e-08
1.0494049444663186e-08
7.965077376776948e-09
5.892609952187386e-09
4.2490925786565815e-09
2.9864516979792092e-09
2.0459056384434194e-09
1.3661126294507716e-09
8.891155713060522e-10
5.640280841182917e-10
3.487498620317971e-10
2.1018327889587877e-10
1.2346762209355387e-10
7.06933899764954e-11
3.945257324553567e-11
2.1460639755369868e-11
1.1378389515729251e-11
5.880167970399401e-12
2.9618937151763236e-12
1.8485863488630118e-12
8.922176652864167e-13
4.1973259529107974e-13
1.9246217011807455e-13
1.6057412513171152e-09
2.6123210112321712e-09
5.850093182621005e-08
1.059351654632099e-07
2.112419109615674e-07
3.290930775587029e-07
4.999046256773986e-07
7.404299261271251e-07
1.0693206462018755e-06
1.5057678658261202e-06
2.0674413566798274e-06
2.7677866065343917e-06
3.612896036612027e-06
4.598340279668025e-06
5.70648839593461e-06
6.904916845271378e-06
8.146465339334038e-06
9.371321855987295e-06
1.0511218495343527e-05
1.1495439720331923e-05
5.090731781454176e-05
0.0003148038865721991
0.000859918671009856
0.002402600080596785
0.003671077471807248
0.0030511771314749303
0.0013810309763767888
0.000344995386915999
5.3142970824926845e-05
1.0620482576919665e-05
6.318900548687028e-06
5.045969775542738e-06
4.004105958809767e-06
3.0996121375474707e-06
2.3395433057813613e-06
1.721762837036027e-06
1.2354745653835666e-06
8.643949994535316e-07
5.896690263862619e-07
3.9221269833624083e-07
2.54361765307655e-07
1.608416011152023e-07
9.916554456212773e-08
5.961265922838592e-08
3.4940638738711315e-08
1.9968118581430148e-08
1.1126451318740776e-08
6.044892920445624e-09
3.968611642341678e-09
2.06707368395255e-09
1.04974376279479e-09
5.19780066854245e-10
2.509365008545915e-10
1.181176571607092e-10
5.4208999849502976e-11
2.4256733082327554e-11
1.0582694900713424e-11
4.501548665375543e-12
1.8669295841998274e-12
7.549058640755571e-13
2.9761515761160657e-13
1.1439660839446287e-13
4.2871189625071853e-14
1.5664285615193115e-14
3.3606131385811755e-09
3.748812684196938e-08
2.2692066332825255e-07
7.453474580640825e-07
1.3284582569307768e-06
1.2848175399969893e-06
6.742786486134999e-07
1.9201792183357412e-07
2.9672116740278367e-08
6.083994596055468e-09
3.3939303673458687e-10
1.0273571385903891e-11
1.6875023106384475e-13
1.504083915474997e-15
0.00010621914445842133
0.0009715314394913972
0.00651551823020736
0.03215998919935155
0.13981508222324313
0.4340297919890235
0.8378968647806371
1.0
0.7792544854738332
0.4080306173205722
0.13764702086439923
0.027864280418088055
0.0032722280542837852
0.0004383886805314847
0.0004779519286550497
0.0005153280935793473
0.0003059301950897334
9.857719880236372e-05
1.723601848105618e-05
1.6353166919411156e-06
8.41920715281455e-08
8.296339718381096e-09
1.5419248123901052e-10
1.5550496986852834e-12
8.510003844592236e-15
2.5270838112771502e-17
4.0720578711314833e-20
3.560513557556301e-23
1.689334903296018e-26
4.349425577850251e-30
6.990075507887814e-34
1.0543672538724207e-34
2.3219249647551574e-08
3.725415091287569e-08
5.826019861765383e-08
8.88055391016339e-08
1.3194075108897486e-07
1.9106830540121113e-07
2.696926771855757e-07
3.710397681353709e-07
4.975566878844957e-07
6.503325315528051e-07
8.285127442160627e-07
1.028806524630123e-06
1.245199763124463e-06
1.468977526715819e-06
1.6891261168172419e-06
1.827723404131827e-06
2.013764758256652e-06
2.186845046205721e-06
2.5138753474495066e-06
3.7108682966135137e-06
9.612886939005588e-06
3.334836224973415e-05
0.00011252929059106691
0.0002582619036276112
0.00036664442549376686
0.00033795376099552354
0.00021588662275676774
9.403591722259752e-05
2.597472826655597e-05
4.61565529862703e-06
8.730528045214451e-07
4.144722111758964e-07
2.915060996673189e-07
2.0745540511667412e-07
1.441069402641019e-07
1.3238333215827653e-05
0.00015208213847502447
0.0009543140718879476
0.004713210153410152
0.019425018778582947
0.04855963534147866
0.14732582869041114
0.27901566521932114
0.32895798270480514
0.26160896480686907
0.1467495283342083
0.0553887979868558
0.015941505236980305
0.01662344230982391
0.05002904651388818
0.10591276006746099
0.138382413170067
0.11987617497036111
0.07354677854732604
0.030714890002369013
0.007912638469806969
0.0011751368146700107
0.00010384152488848284
1.3225820305977434e-05
9.700130009142085e-06
1.0096276104625377e-05
1.0402024579405622e-05
1.0521921853897195e-05
1.0415017679623412e-05
1.0105490566862074e-05
9.61600713591204e-06
9.206000395328669e-06
8.495617237828105e-06
7.710975332877878e-06
7.006393167548359e-06
6.275581357753439e-06
5.631476715155724e-06
9.892308009640011e-06
1.2425734778092167e-05
1.928610745687685e-05
2.722224742148172e-05
3.87479349983008e-05
5.484405778437628e-05
7.655259094333651e-05
0.00010488205969092247
0.00014067540984778884
0.00018444805176619193
0.000236213021323509
0.00029620941738002846
0.00036269519866090604
0.00043464485423645586
0.0005104568959952706
0.0005882173050000518
0.0006653161736317416
0.0007377600719014749
0.0007996215049464185
0.0008433447763900032
0.0008586095467092784
0.0008564749422409092
0.0008229307001666311
0.000761458442219676
0.0006801215273147578
0.0005890491085928245
0.0004972100525625273
0.000410336576423495
0.0003315800033338373
0.0002625864757195783
0.00020379888252797105
0.00015496619333471454
0.00011534440189511239
8.391278277941174e-05
5.9596955430662886e-05
4.129832812049953e-05
2.791532566903555e-05
1.8403735671600064e-05
1.1833174588965945e-05
7.4202650142176505e-06
4.537910102614521e-06
2.7064978626689306e-06
2.058294550052008e-06
1.6916300520088566e-06
1.989186846160113e-06
2.2794136246819435e-05
3.160089923206358e-05
6.403353822815667e-05
0.0001194060829367648
0.00020587644654091893
0.0002863117255723752
0.00033855085146512374
0.0003861599449600576
0.0004553496835424704
0.0005651846207912808
0.0007200938015752217
0.0009120748677110935
0.0011345345418165183
0.001383116015516131
0.0016522420537373689
0.0019339371780951655
0.0022179808883553117
0.002492499474652433
0.0027446291812010856
0.002961420852941269
0.003131067710376065
0.003243711694753395
0.0032927455752918317
0.0032782379438639634
0.003197729674600543
0.0030588258961649563
0.002937710593291072
0.0027210449064745085
0.002474845843092382
0.002213095955239046
0.0019496205511088322
0.001697052542046959
0.001465985060069847
0.0012643703912340754
0.0010971899430684523
0.0009663907428587663
0.0008710624472839673
0.0008078153661319119
0.0007713127663594857
0.0007549070297866442
0.000751326839075222
0.0007533606384451147
0.0007544810252200575
0.0007541326853802012
0.0007471444599364487
0.0007408837415370072
0.0009257114831718356
0.001281116648705015
0.0021144385180440466
0.0035902965936148532
0.006155134412120888
0.01030064892658089
0.014054965378089408
0.020967614049945477
0.028651089357343347
0.035732677502050565
0.04062568889329051
0.04209894824548984
0.039797015969668004
0.03438542027287427
0.027157190068224014
0.019499961862148692
0.012667473742364774
0.007470669944579582
0.004021511643091381
0.0019766533943607546
0.0008858438716041251
0.00036149248741693406
0.00013379669570935448
4.4726072025379643e-05
1.3528878884355176e-05
3.7255868963168296e-06
9.40151430741785e-07
2.202962262335951e-07
4.959957343812143e-08
1.154618920793941e-08
3.0900535010567364e-09
1.0082881223414017e-09
5.218213844533895e-10
2.0731277225216015e-10
8.410560957419045e-11
3.37886689703933e-11
1.3296869974151735e-11
5.108795349591182e-12
1.914602330142001e-12
6.997215125997815e-13
2.493618635775184e-13
8.665278299649962e-14
2.936135355504896e-14
9.700741564215699e-15
6.774173254649463e-07
7.5373738692457065e-06
4.5513229155698936e-05
0.0001492396025910772
0.0002662754492252749
0.00026181113428995647
0.00015179287737781164
7.038704512563632e-05
4.7193932705999254e-05
4.426594087271552e-05
3.916580242429455e-05
2.9776116209524436e-05
1.9291656760467247e-05
1.2196862455412693e-05
4.136997483210877e-06
8.029462276533039e-07
8.600534619472509e-08
5.031073829238388e-09
1.60271842473286e-10
2.7784038994836335e-12
2.6206077177736438e-14
1.3448293937032312e-16
2.6457339448018035e-07
3.0864174163387487e-06
1.960106096486513e-05
6.770182024703514e-05
0.00012794400581684354
0.00013093099529755747
7.379397389163422e-05
2.4594338254140445e-05
7.92826356610921e-06
6.62004959811428e-06
8.859916955474484e-06
1.2147154278846789e-05
1.6337867044444504e-05
2.1522747088750257e-05
2.784793439516187e-05
3.575157054010346e-05
4.6443261033008105e-05
5.714603503194564e-05
8.963261057548305e-05
0.00021101212714195967
0.0005466469057733313
0.0012682562691374462
0.0035311208059908483
0.012215029767693621
0.029575145587798137
0.04282623558366433
0.04075475143074351
0.030991729095461204
0.019298135553289845
0.008150000960847104
0.002076622579679703
0.0004194755855799594
0.0004401379654228372
0.0011593838076879423
0.0025945835408606246
0.00785509814643865
0.026736843611647593
0.05955308045968735
0.07922017880855507
0.07139318087333359
0.053169362824743806
0.03195763000344996
0.0126648509122681
0.005200420236121899
0.0012440823321926049
0.0007235899795669306
0.0006106713083680075
0.00046155409712396196
0.0002910752114838389
0.00012853467215398885
4.3844518445288527e-05
2.495222310802364e-05
2.7692603867235687e-05
3.394850266213434e-05
4.1163162812738876e-05
4.928756691333287e-05
5.785889977717199e-05
6.628467695148622e-05
7.4029233889214e-05
8.058973353736385e-05
8.551318569948157e-05
8.844230861082604e-05
8.915776629586033e-05
8.76244115144841e-05
8.393170330678215e-05
7.836749277543037e-05
7.133126840463512e-05
6.32994934134386e-05
6.609316229846914e-05
9.897633582426173e-05
0.0003185556999956032
0.0008722941724705497
0.0018882048644312639
0.005230420255880435
0.018458642304777693
0.04423398714598228
0.06272927823586705
0.05941940277135886
0.04836705859531931
0.035084873850580685
0.018780713161885898
0.007840093773194197
0.003505241583726936
0.0014975379573332259
0.00042228490145747397
6.943218544049888e-05
8.405291106324447e-06
2.744642423379009e-06
2.335170881662163e-06
2.157476425615509e-06
1.9848496061823126e-06
1.9857507167320966e-06
4.5369227946883574e-06
2.422988400769478e-05
7.432221618329667e-05
0.00027642227607004683
0.0006452711575467132
0.0013512507000968703
0.004564851074666943
0.014247247842435804
0.026830938994919035
0.03050914037421309
0.025298897586395072
0.019076983282029333
0.011532517836173208
0.0047920207578160436
0.0018583779260649038
0.001527749875152366
0.002030631154223679
0.002818476673872625
0.0038534721763887414
0.005166035958897544
0.006798266544365795
0.008933111364483572
0.011858147280446978
0.015273717051154932
0.018282179395105486
0.02086011669214985
0.023475968983934833
0.02598235803925359
0.02757625953657987
0.029961323067522194
0.03219948661345399
0.03401517121261247
0.03523466587045607
0.035773833061631795
0.03559957509658495
0.03472226593158605
0.03319374229521277
0.031102187485501597
0.028567186838527287
0.02572012288222664
0.02270436365336496
0.019658235971540223
0.016705539788610342
0.013946641002017802
0.011452507381296056
0.009260857137183049
0.007374142416431869
0.005770261487751312
0.004424768044507736
0.003321064904815638
0.0024298078948405055
0.0017313515621099431
0.0012034328069376074
0.001006396452220501
0.0008886280979955085
0.0008367271166369239
0.0010289230330970043
0.0013275917559405963
0.0018174924243588462
0.002557304418720551
0.0036016310609542344
0.004900424244443855
0.00638221257489826
0.008113684750473964
0.010132345964686783
0.012378393639299398
0.014814434970813771
0.017368637559471312
0.019894070183550418
0.022226127672523955
0.024226422249583195
0.025776411478122003
0.026769964664373317
0.027132387886957564
0.02683597903814465
0.025901996935764213
0.024400439190774628
0.022430791284397674
0.020123768104054862
0.01846962766934821
0.015915197322654125
0.013388306987138715
0.010998766659674118
0.008828837788714003
0.006931296580402027
0.005330892780377506
0.0040282224451844905
0.0030053164314529385
0.002231719412376244
0.001670199006790264
0.0012814927170500502
0.001027809744140999
0.0008750704760225903
0.0007940527522434735
0.0007607114524580302
0.0007559575449548957
0.0007651472017090618
0.0007774668679143256
0.000785328984837682
0.0007838313941477735
0.0007704273055987964
0.0007451297251029669
0.0007116886415858488
0.0006740800368011859
0.000629570466684411
0.0006015536489752575
0.0006372975667844468
0.0009229347912401808
0.001376323583624289
0.0015067250149503276
0.0012431738736734144
0.0009927477540895037
0.0007500812923727499
0.00044544398592673176
0.00027047926388096185
0.0004585773226347416
0.001226116693897788
0.00217695578182667
0.0023671039323565554
0.0019509486855783591
0.0016303968150463133
0.0012195195440292694
0.0006871361492126701
0.00036406004105259045
0.00024742394343271507
0.0001903776284709412
0.00013938644889177783
9.448615224530636e-05
6.114401302917181e-05
3.8812550737811117e-05
2.4016980773206524e-05
1.763456541726025e-05
1.2723128094025643e-05
1.1496363334949634e-05
1.1815882877813009e-05
1.2571426404493708e-05
1.3327081255965714e-05
1.3905924045449717e-05
1.4229910648835011e-05
1.443659886000019e-05
1.4366043828207029e-05
1.4094839879779608e-05
1.4354925513704448e-05
2.4365847059346938e-05
5.6512082922710714e-05
0.00016619609495851072
0.00032360521101442943
0.0004424528583483489
0.0005292160724423506
0.0012700802355719567
0.0024950123270228116
0.005007738083588184
0.00993384054600502
0.01776265434485329
0.029326607873429385
0.04511771342669531
0.05775433661528545
0.07786546593068412
0.09521771338128802
0.1060078818191687
0.1087048118184915
0.10272089638364283
0.0892137820615773
0.07148286086287263
0.05301562939122011
0.03639452224715821
0.023151943997746068
0.01371379110061215
0.007622288422820939
0.004033616927014405
0.002108665097247994
0.0011578479764829009
0.0007034220240695819
0.00047579199903267255
0.00034931354905083216
0.00028375273377599045
0.00027392430995172833
0.00028302910301847365
0.0003004919948056698
0.00068469830326239
0.002263156419794283
0.004838636606030672
0.005908159032979094
0.005442647126342952
0.00437694923744814
0.00396307492122437
0.0028814901972445983
0.001285061985475066
0.0003357048246334657
6.466276665052998e-05
2.652750593717489e-05
2.00599383274629e-05
1.547570460042708e-05
1.1523652468356885e-05
6.0625939188017755e-06
1.8558623464721058e-06
5.143592552902344e-07
3.506734250783998e-07
5.036361751158096e-07
7.65612115468621e-07
6.4843614028371376e-06
1.149887398967086e-05
1.9251114446972887e-05
3.6911883656272415e-05
6.530303830556261e-05
9.550648818848386e-05
0.00011840506818644823
0.00014401821411583567
0.00017005197410092525
0.000224514377520051
0.0002946090536513778
0.00037829436269208475
0.00047429004385604503
0.0005805127192207836
0.000693620640296026
0.0008090375898760775
0.00092118745433521
0.001023901293775475
0.001110960695759512
0.0011767655659118124
0.0012171206831661317
0.0012302684514448887
0.0012154084078056578
0.001171647345270423
0.0011036413180408019
0.0010382327710898706
0.0010209383202251694
0.0010327478686826925
0.0009675195087859892
0.0008164610158770718
0.0007116122660679691
0.0006654345032341484
0.0008711640526071806
0.0014675623608015756
0.002235500236267073
0.004059932141849391
0.007143290041658795
0.012116553612890407
0.019774540195929582
0.030098888739826003
0.042222807426670506
0.05449339507650173
0.06462044880689922
0.07042178907990249
0.07067647155903359
0.06547214994408411
0.056103762825765686
0.04460559695671689
0.033148448912248184
0.023318091350316157
0.015592454877114272
0.009930152248386611
0.006404159873035753
0.00459628760257146
0.00370639259531283
0.003345894812734102
0.0033763554272203313
0.003613745204033385
0.003929894831473147
0.004141069707616355
0.004360575301122206
0.004409933952777361
0.004441305659539432
0.004694262156227979
0.005094955204988814
0.005124893586775317
0.005388954964839312
0.010311925506088197
0.026524841632665604
0.04744441556812038
0.05131827095190595
0.03989155476468978
0.03383721843920137
0.030090231779054975
0.024542301273091538
0.03652948233735372
0.07019754491384962
0.08754925223157828
0.07054537284269076
0.05467780007645228
0.04995006862759583
0.035082127364435
0.015517444966724428
0.005418583727114343
0.0029436747192707786
0.0026815675279170765
0.0026945682026735854
0.002817551657926053
0.002805710609286411
0.002655692368318705
0.0033852394368482906
0.007556468227694901
0.015570256155729366
0.020189422417841326
0.016647869228975286
0.012459238063254554
0.011333833992487703
0.008384637917700064
0.003794510764119936
0.001074882461122041
0.0002801979388954966
0.00012547009464507883
7.949146226514473e-05
5.292853006126722e-05
6.983500820142455e-05
0.00029395951572128414
0.0011441323479378998
0.0025896976410299663
0.003240033415466045
0.0033751511145652387
0.00996932064917981
0.02622220836232596
0.07482906719360212
0.11884388729328109
0.11006632274462397
0.07897226823337307
0.0712108829624661
0.06279805720023496
0.03614631790877061
0.013537663217892102
0.005682248794383815
0.004635056702694908
0.003524926361031589
0.0020874846192082924
0.0014110347829716812
0.0009465678311790489
0.0004137906964277189
0.0001132962980469183
6.43839090158808e-05
0.00011509801932143344
0.00013908938440128563
0.0001465847887816627
0.00046486719122564566
0.001865708881233723
0.004377624274521373
0.0057150127633402515
0.005114600296582831
0.0036068190380562437
0.003229479543318642
0.002844204766580321
0.0015719084368298628
0.00048494161787435256
8.327491393028412e-05
9.865859013726038e-06
3.4584813840077256e-06
3.940403285924404e-06
4.908340059313046e-06
6.0038971500000985e-06
7.195056706075525e-06
8.449269336625409e-06
1.0627864547524306e-05
1.2357657099114814e-05
1.4398710076393338e-05
1.6718325713138083e-05
1.9620926739868177e-05
5.604007919632825e-05
8.06736629832486e-05
0.00012076667350480182
0.0002042610324638829
0.0003084322663961639
0.00046056176147692753
0.0007773115015620812
0.00113696109376127
0.0017960174663417003
0.0022938410718101442
0.0028990818216336114
0.005692714837171795
0.014625523101617034
0.02827026146466143
0.03366048196424466
0.026695605077615214
0.021389416288478406
0.021433058195853956
0.017814726544226573
0.010986006221048247
0.006870721129134152
0.00575706143012406
0.0056141839691028934
0.005565648995510863
0.005456240136135786
0.005291429363154057
0.00513006205332399
0.004971827151864905
0.004641162385877279
0.00405911190082381
0.00342493673846303
0.002882747013777606
0.002434713214852625
0.0022120966207652207
0.0020998786259724548
0.0022218200853636326
0.0021231149881019624
0.0017748668644534153
0.0028832580512797783
0.010374521854912746
0.027483417148359158
0.041598622214959975
0.03677309216860733
0.02569521672270036
0.025305104679294456
0.02600157217419822
0.018052535292440136
0.008967251480071629
0.005087285321238123
0.004536291885340112
0.0043185330964568
0.0037952089583516225
0.003539167488419714
0.0037090543356508737
0.004051754807664535
0.004386195034233603
0.004742652189832203
0.00505416233098871
0.005423223918586939
0.0057521015049948375
0.006512028772676812
0.007637501421201857
0.00919434506178949
0.011082825658127012
0.013045607590432993
0.014731983582258702
0.015741789670140328
0.015699863730635713
0.014556575468794146
0.012647193926124223
0.010338981494759812
0.007942537056193851
0.00581055196676726
0.004351528530637729
0.0038109806753188315
0.0036381194770846756
0.0031951156609379716
0.003616392683019045
0.005547829095861574
0.006316584348648927
0.004590631323692125
0.003068745574512714
0.002892277897804129
0.0024064300625220767
0.0016408842590659757
0.000610404709886479
0.00022101624400723292
0.0004155995759944829
0.0010180864504524016
0.0014227226957297331
0.0011694898218451476
0.0015058341455718503
0.00702152377112726
0.024874428600045434
0.0489789624602614
0.053768857743531524
0.03745948612458912
0.02858490023129619
0.03130879963011316
0.027961249032328675
0.01915409519870322
0.013334010236028518
0.009085530537726953
0.006124638212130758
0.005743694227812412
0.005349685700638003
0.003323566546096643
0.0013202051813048625
0.0003950030285128279
0.00011238134270229802
4.632239468567903e-05
1.0772526308279994e-05
4.226661102716218e-06
4.297578708827324e-06
5.314244737142681e-06
6.5376304187735045e-06
7.909383223143514e-06
9.487949539468344e-06
1.1629414790680986e-05
1.5414975274611767e-05
2.0845141362316144e-05
2.5940763616746498e-05
3.381192684703833e-05
6.472911242173176e-05
0.00014327213109445187
0.00024081916661571843
0.00025232893080785355
0.00017940008275648593
0.0001563462805162774
0.00024937090767292473
0.000316435598327857
0.00029790982407354195
0.00029283314906882016
0.00037521515579591727
0.000464188822817565
0.0005365637807975337
0.0005997714705741157
0.0007428070903755548
0.0009376416606978766
0.0011729520084475282
0.0014456997091813171
0.0017507401503857425
0.0020758740803020247
0.0024127539739260606
0.002768735901862336
0.00315749578545324
0.003561591621230568
0.0038870795775844415
0.004118209757661966
0.00443580294396283
0.005399924854074993
0.00778880111191185
0.010638265244705163
0.010961095550141025
0.008938172299591951
0.007917339645703923
0.008175373033323722
0.007409536850452419
0.005520436121640712
0.003994152864747233
0.003182512944159825
0.0028760401313404835
0.002607158447486468
0.002330550789929986
0.0018443878513634852
0.001337308127170811
0.0010788723217184202
0.0009371530179476304
0.0007343289461382524
0.000542411353573377
0.0005272577229429608
0.000885614518444779
0.0017767181657225755
0.002618453025381288
0.002489723219141197
0.002173105192415238
0.005125494423320613
0.020451483160190565
0.05455913163417206
0.08277725366148041
0.07255616621574473
0.047285414343961746
0.04401710832531095
0.04901355020222677
0.037224629634171565
0.018215980890110346
0.007677349974782178
0.004908651230691623
0.003297593971795916
0.0034054012608236094
0.004526462455954307
0.004862653996431619
0.0037147063150537356
0.0026894797848557687
0.00261765214625234
0.0024852529305060735
0.0019159698103349573
0.0022100371713909255
0.003998969283943882
0.005256547624859404
0.0041362589280084456
0.0025141639726262836
0.002433558623436459
0.0027585973804172856
0.002006025541238573
0.0008473522151871478
0.000232475691287438
0.00011500200417460616
0.00036326524395563866
0.0011164213588206312
0.0019825999643177826
0.001972553880584566
0.0012390531720252833
0.0009553083067143184
0.001190645353596451
0.0017255948169355897
0.0019987064185688656
0.0017110074896614117
0.0010302168933361393
0.0011785537845473819
0.005773560572228699
0.022292519597472714
0.048822060650477755
0.05931928985953906
0.04194521472896029
0.02575280927998918
0.028499468076549322
0.0318292552087818
0.02148133121392339
0.00823903344429356
0.0019750824773303198
0.0006641626891998727
0.0006012041928993896
0.00043711663919088813
0.00019576502436838769
0.00016421643391591927
0.0005277919729286309
0.0012110069923591898
0.0015210847646089896
0.0013386491165556993
0.0008552032641625148
0.0008428344383988491
0.0010517748514497906
0.0008561920669363093
0.0004575412139561112
0.0006671726200207325
0.0026542357186604905
0.006802272510348043
0.009748416646226518
0.007968123369984495
0.004647707602034693
0.0042036610146163195
0.005157909978521351
0.004188523768213989
0.0019156241661643925
0.00048470734063201133
6.772076440889612e-05
5.542763332132061e-06
6.952911539872657e-07
6.748587990290063e-07
9.448127864955898e-07
1.323821023339754e-06
1.833261415607556e-06
1.217336867678101e-05
1.597101211268108e-05
2.3653649625790256e-05
3.527610092501944e-05
6.138997537774753e-05
0.00012947292006644523
0.000277664191565717
0.00047361125637234575
0.0005207939536947869
0.000466212437110994
0.0004666228573335248
0.0005789622992100085
0.0007469393785312097
0.0009634504485132265
0.0012185162924945472
0.0015027457934375203
0.0018445548990682482
0.002353391158029889
0.0032381788804184963
0.004537115792630201
0.005677399130306407
0.00606766241668044
0.006531068285566856
0.009813793864904344
0.02066776473194381
0.03900159839231613
0.049385968612881
0.04466214608353062
0.029208888293475975
0.023126290766000642
0.02724873422300509
0.02639932874332625
0.016982174352388184
0.00849482066734707
0.005002080856117563
0.003993920635476656
0.0035374534899139443
0.003183839171767303
0.002818855684293421
0.00236434791345161
0.001908246813285916
0.0016624801032812104
0.0019483234874583797
0.002885220167878452
0.0035342402312256815
0.002869362501501696
0.0017124040964615957
0.0014347436539068285
0.0017620548923241383
0.0016605072826384683
0.0011287139897753601
0.000893784531660905
0.0010442945137291082
0.0011807867821915351
0.0013053300791032235
0.0014048737947065086
0.001624863222691296
0.001962185982981065
0.0023100438104889445
0.002638960005902537
0.0029986662084240502
0.003411292317897372
0.003837624843605201
0.004241776416574603
0.004604225203231293
0.004903990518759584
0.0051233837323609146
0.0052518231470630155
0.005284084965475383
0.005219291277966456
0.005061298712838773
0.004821342169335959
0.004530123850579835
0.004242518799101219
0.003957139619962534
0.0035550126713959867
0.0030122343813401282
0.002487932025618215
0.0021975329649358685
0.001823907320632441
0.001479673067318666
0.0011749135634128646
0.0009358966710163406
0.0007595724907415274
0.0006341702383879604
0.000562826691453927
0.0006917986564492505
0.0009843799638287454
0.0015782729876189074
0.002483726255889962
0.003865574959953115
0.006013349467073075
0.009010242612147102
0.01236641889976716
0.0154337978492159
0.017798255749855035
0.01915651940649873
0.01928438167509559
0.018187330022152205
0.01621239877522029
0.013752100230122058
0.011104358345244007
0.008492374568940135
0.0061372304191054765
0.004798245097331192
0.003202327020271813
0.002109005145402452
0.0014769672927786555
0.0012102873121331548
0.0011842692649320606
0.0012943590008735867
0.001487840700107934
0.0016997285685558014
0.0019156412713665246
0.0021203183621125218
0.002309167382983217
0.002472633124635693
0.0026070421862164532
0.0027055295363776757
0.0027643213769474964
0.002796205743793053
0.0028164602811393286
0.0028395936599519005
0.0029182549099663344
0.003236991556781799
0.003941482084878103
0.004535385369694607
0.004293435085841331
0.0035665268592493886
0.003502438759800103
0.004818321652211989
0.013739022599367
0.03767665018876942
0.06404765781980726
0.062124782692934186
0.036384538539317016
0.022252100653935215
0.029381480194728644
0.03596994871229848
0.026148851584162778
0.011100295851271034
0.003327309934014066
0.0015298665722356113
0.0017998628957058187
0.002346595594419947
0.0021336455847630682
0.0013244994163670665
0.0008754763936567537
0.0010129993597414193
0.001143263579753698
0.0008432168261130607
0.0004116323632849537
0.0001800917972784901
0.00010677015851389714
8.055036264403697e-05
6.865319555172517e-05
5.394353362759774e-05
4.258525563061677e-05
3.520148940646531e-05
3.482504495576239e-05
4.2739921994513734e-05
4.9607212863240714e-05
4.569102402875187e-05
3.7148498511634964e-05
3.525674444943468e-05
4.036570549296301e-05
4.348186027856181e-05
4.146342658916599e-05
3.970174843329982e-05
4.029846174062681e-05
4.1137527743947626e-05
4.079434792056604e-05
3.930523461953328e-05
3.750614604674125e-05
3.664832791139035e-05
3.7588854760915395e-05
4.220299592684861e-05
5.5253555212936676e-05
8.153215451173773e-05
0.0001595593030743161
0.0004732633388231051
0.0008783163102856644
0.0014391965531195196
0.0013203802835934709
0.0006897040817540512
0.00035621550551175903
0.001515599650693076
0.008851101303690498
0.029441004354216614
0.053900191995785426
0.054643764945232536
0.03203047685569991
0.016797944966787774
0.021546804649540702
0.03035048757791128
0.0253381635534114
0.01179323537016747
0.0031097417179037313
0.0005830655958725039
0.00025472720413396294
0.00021553589730814702
0.0001323406044341082
7.46149567434371e-05
0.00022682893811750722
0.0011446812891575328
0.0033670522878097046
0.005441978776049789
0.00538422336599814
0.0033089221032985817
0.0016013572132946134
0.0018531666798463184
0.0028208222911685113
0.002596436546474401
0.0013231916809527205
0.0003797449529736102
7.261301084841244e-05
1.7580591847515178e-05
6.660822466599263e-06
2.6678870210458445e-06
1.7093538987352148e-06
2.9435256457528285e-06
6.151293083054511e-06
8.500380620797355e-06
7.724641988115103e-06
8.283908084737546e-06
1.58512479336925e-05
3.207700740211622e-05
7.445933233703918e-05
0.00018004743550216324
0.00029769743783200067
0.00028375339890703965
0.0001566077208080795
7.993981266060451e-05
9.133029125372393e-05
0.00014892059711929493
0.0001556683266350564
9.273891086651918e-05
3.910317513800466e-05
3.0484991713857964e-05
5.4327266282920955e-05
0.00010998164263135235
0.00021417375285653938
0.0003493151407042275
0.000552896646884152
0.0007455148532629899
0.0011296863041668312
0.0019293110641679578
0.00351925896732676
0.0067403819678415544
0.01183918925831487
0.016684790750299817
0.01870178322786322
0.01895413383774244
0.019637960042919442
0.020716164794543714
0.02057458741675737
0.018473205993558315
0.01575578055275053
0.014081551451905774
0.011390209166330875
0.008391117319161397
0.005729414648799296
0.004200592357224698
0.006105719570774812
0.01805297114277555
0.04104292670061745
0.05379352718377782
0.039467119160328384
0.018299114953700017
0.0142478462432723
0.02575366662025245
0.03308493914892667
0.023979166155855366
0.009916415588907775
0.0029890718364320086
0.002152001719977211
0.002781645361889098
0.00235992867938017
0.0011829647315110233
0.0003735229923159762
8.741768608758485e-05
3.2667071093222486e-05
3.455680237446133e-05
3.1268027936537143e-05
2.22540144950853e-05
1.032339617343913e-05
9.278270068715965e-06
2.213218205358932e-05
5.155018645082109e-05
9.167752948440177e-05
0.0001432443791253375
0.00022531829476852894
0.0002779523321689412
0.0002226258400180149
0.0002139140615240421
0.0006642034737694763
0.0018961400428754987
0.0036948091608930505
0.0062967431657849834
0.009800754154271028
0.010829214538210664
0.0076539310994339985
0.004301564836706365
0.0037149282517613524
0.005097914834403854
0.0055434355666853135
0.0036156673368356942
0.0013662357341204677
0.00032353632369827714
6.919609891148488e-05
4.068039822313908e-05
8.065053728264578e-05
0.000328652392465836
0.0012193507992589406
0.002807194711650145
0.003670379523716273
0.00274607759748031
0.0014013187413738227
0.001228511233702757
0.0022880642090669116
0.00341164473533638
0.0034942909246434024
0.0028174937543344485
0.0025478643474003224
0.003702601074365856
0.005352623652013548
0.005214135715904382
0.003512919822014108
0.002339121933600805
0.0024018415660875003
0.0029528611099044646
0.002916545392068269
0.0021599588363948414
0.001352402747688225
0.0008061620559366794
0.0005926993876719615
0.0005155884787529455
0.0006292188252647045
0.0006526984507121829
0.0005115935735813938
0.00039925815395050815
0.00040318946197092
0.00045467971315303553
0.0004953751579451815
0.0005265878401701622
0.0005615501357747082
0.000597696289083606
0.0006274935672762286
0.000647467518097115
0.000656352830941523
0.0006540422257169131
0.0006416874066719712
0.0006263678214632625
0.0006316723014694518
0.0006876754576706395
0.0007300813666618829
0.0006794043811853555
0.0005754817560265427
0.0004982363919505314
0.000470813428214173
0.00048295956922739627
0.0005145939971182257
0.0006208302790699522
0.0008970902272278154
0.0015116485295019325
0.002270073241627917
0.0026364373038230216
0.002593513560510561
0.002683741735308026
0.003152079859109818
0.0038813842686769686
0.004541478996983163
0.0049093774840635665
0.005114262335580918
0.005244268005426446
0.0052361781397329095
0.0050229958047336674
0.004684418422196363
0.004452414107492733
0.004499825771326264
0.004788178191265186
0.005497440892574364
0.0076516577650596225
0.010723717065949205
0.01089809150964419
0.0073900881681590175
0.004222627460478544
0.0036464227049095386
0.005147640343119446
0.008417051602259482
0.0111886486859052
0.01090293873098467
0.007190274425318285
0.0033324939827702794
0.0020978163504874175
0.0032757860647760722
0.0046814839461856265
0.004068260670922918
0.0021503420234083876
0.0009145937686575952
0.0005354116378551154
0.0004200527616760161
0.0005940833879903671
0.0014231926022821582
0.00257125086159712
0.0030855630383983274
0.003961729954791004
0.007173179876881317
0.01029797650413735
0.009160399490972783
0.005364779270889456
0.003002087884284244
0.003468923377826349
0.004719134883070245
0.005649399146640049
0.004153771570457647
0.0021223818384088775
0.001175234203984119
0.0009668787606951567
0.0009435572267228134
0.0009416890733197908
0.000947683208086664
0.0010465135647174894
0.001543895291429889
0.0026150807996984855
0.003398359396430768
0.002871470934696763
0.0016960337348789246
0.0010579637316599664
0.0012130295632176566
0.0016651071256145492
0.00162650291451398
0.0010229750686962184
0.00047610083950621
0.00029933007005210436
0.000563546037038779
0.001517425579849828
0.0031565187338762016
0.0040914978559535835
0.004037687649735729
0.002433431155440776
0.0011400868220656397
0.001098451592251552
0.0018296197965024404
0.0022393993689406506
0.001646673863045065
0.000695297702612342
0.00017151367962497447
3.3195151543106836e-05
1.2603990814265948e-05
7.828185635330413e-06
6.3595286150076335e-06
8.228896654343485e-06
1.6833876360156372e-05
4.62200592007491e-05
0.00012042383055327266
0.00024706127616759435
0.000341246204546478
0.00028611537942758064
0.00014747437477324738
9.720982794327915e-05
0.00029798945571380894
0.0009435558537258491
0.001829277982764307
0.0021070616878234934
0.001660703431097363
0.0008548863469916921
0.0005776137396370077
0.0008304660247953702
0.0012128081732800575
0.0014850708558999024
0.001926976556806632
0.002578313981107396
0.0025090850776666646
0.001559507408664791
0.0007677829457285546
0.0007096656928815711
0.0012129274753358665
0.0016283883035029445
0.001428474864921424
0.0009641323927449356
0.0007467174013336572
0.0007714671331085846
0.0008753241199554722
0.0009706742094742379
0.0010383724350358345
0.0010974494916405361
0.0011581520504118262
0.0012181057681961537
0.00132369774578771
0.00150916969493815
0.0021500593052591163
0.0030040791574669334
0.0031667002602453922
0.002423162224705266
0.0016672151375547743
0.0014715192950580656
0.0017550986159312939
0.002091642646290232
0.0021129881138713742
0.0023852893539873412
0.0036034985581939977
0.004621982055015178
0.003856503906334495
0.0022101825455868186
0.0013802678376118567
0.001797111428569238
0.003031155070387163
0.003716685075617492
0.0028685624914937787
0.0015032500800950422
0.000845834051082171
0.0009611559052898615
0.0013481079099585543
0.0013967023546795142
0.0011517033362143329
0.0007135602334623503
0.0005742279999482402
0.0006581390799126151
0.0006472972593610989
0.0004707234002545854
0.00038307597004373346
0.0007772797441932706
0.0017583715733257446
0.0024624000468079017
0.0019957131799228163
0.0010174233013015709
0.0005342854398230447
0.0007711813115284453
0.0013849997068519524
0.0018744054793811008
0.0020314843486209495
0.0023948412837131046
0.003348733321296243
0.004728876893551909
0.006264014442972187
0.007675672285911989
0.008683640893071908
0.009211685547906726
0.009669947315767442
0.0108794510747097
0.012070044784708238
0.012818813981211735
0.01081498067786802
0.0075859402769589196
0.005443374545083323
0.004843294464638188
0.005104383849688606
0.004833583636379706
0.0033117988270831974
0.0016047218805940165
0.0006716470470665097
0.0003459697224463411
0.0002506712945761688
0.0002764922798287555
0.0005092253504991391
0.0009542927602843892
0.0012057560048718066
0.0009434288254587305
0.0005284962805181606
0.0003622895406964643
0.00046900301871831104
0.0007109567752253709
0.0008164072803237978
0.000653107156764334
0.0004418485354417062
0.00035316990022048764
0.00034701378515178595
0.0003902028435349856
0.000559646861398238
0.0009104166862352983
0.001186247548804466
0.001057274365498443
0.0007281066868846566
0.0006602156106638332
0.0010387407534266035
0.0015588436914337706
0.001599572806112738
0.0011258550036191038
0.0006895678384569473
0.0005311705291785827
0.000688078142178655
0.0017686326483938488
0.0071045889357320684
0.020853255710237002
0.035768149038888794
0.035202501258176346
0.021416711434579332
0.011309657328564636
0.011096547973358642
0.018288174868730814
0.025851215779940397
0.026124075380149978
0.0188820971792253
0.010760628803748812
0.006881128099974057
0.005549573726387405
0.004800694925885525
0.004046312580224994
0.0032224131666343356
0.002395431090378775
0.0016628447006753944
0.0011097379460585938
0.0008132432549182407
0.0008064170152398956
0.0008844669738299795
0.0007606900136731528
0.0005041857669579003
0.0003475969760385826
0.0003091682067669424
0.00036463116273487893
0.0008669284822564368
0.0035854882321459344
0.011109796427780603
0.02002913524780742
0.02029782919070802
0.011709881926840806
0.004347677382974592
0.0026837676889891276
0.004536196325761308
0.009408766749810567
0.011923893274579028
0.008761907592898402
0.004053405614505966
0.0017148111866301064
0.0011987243700925774
0.0011924290021851124
0.0012465686101093868
0.0013062478398091347
0.0014295157280440544
0.0016446387787343638
0.0017715697299065664
0.0016382160044335933
0.001406757946410947
0.0013058536373885042
0.0013684469938324518
0.0014800722703411466
0.00147509948412186
0.0013132387703775937
0.0011184498549551185
0.0009970486232849804
0.0009541014938190854
0.0009291619298413616
0.0008696405515050177
0.0008259682616512373
0.0007943867942627246
0.0007774252510542276
0.0007099736606147538
0.0006008916604218587
0.0005055856172605858
0.0004428684695666345
0.0004083339418826413
0.000412467345804485
0.0005068146558029966
0.0008064525790122944
0.00120939703819601
0.0012889805921451147
0.0009284839041517361
0.0005153168341991913
0.0003289499075370334
0.0003570727136928184
0.000531066990734216
0.0012409995313421012
0.004700679555783912
0.013624767665729322
0.022988698103710674
0.021787195445184898
0.011747723108258607
0.004047458471000882
0.002564342977686133
0.004464449438113361
0.009898223494723843
0.013165280077491896
0.010088407226482597
0.004849951052343377
0.0023682781569836107
0.0021900313618602365
0.002042630184072211
0.0013015253650881168
0.0008001629450816088
0.0016250238233672645
0.005858137439527533
0.013835749494161699
0.01858049219802346
0.014405895438422526
0.007421924745887907
0.003949879294233939
0.0038192659807086762
0.006352019685462964
0.009195429244583607
0.00823265315461316
0.004602827946339407
0.002171869615255085
0.001228168265804683
0.0007717651400806412
0.0006666442442403844
0.0006843502006086907
0.0005641710905244729
0.0002841281828970708
9.106938108877122e-05
5.60961484570145e-05
0.00014557714769208228
0.000291281771833123
0.0003319926613529752
0.0002136958921736349
7.915291026307675e-05
1.8496952357809734e-05
5.170600977859829e-06
5.66614790432551e-06
1.3077140799821177e-05
5.0550487169052544e-05
0.00020339010293576878
0.000526408229569074
0.0007855698052537407
0.000670416167436819
0.0003432149522291582
0.000141810488062818
0.00011059792698038817
0.00019538266152980437
0.0004524256516407402
0.001239920375555941
0.002442169269496274
0.005078570963685489
0.006299507306366373
0.004473063114395304
0.0020890211890885837
0.0015049977850521217
0.0023426533205938888
0.0034463334129748303
0.003958537781553804
0.003134662718435344
0.0015831478564789978
0.0007467280335648578
0.0007985095192661425
0.0008982539233656631
0.0006012574775958306
0.0002253861732324424
4.783284147267677e-05
6.575062479721934e-06
1.6251159117453004e-06
1.515925848788617e-06
1.709495280438911e-06
1.903233314181811e-06
2.1986707213834656e-06
3.2518682266044845e-06
9.991150943756085e-06
4.610800290665648e-05
0.00010690754829748204
0.00023883886075263573
0.00029549743360664314
0.00020308203423769218
8.720860807481478e-05
5.1582611750304495e-05
7.530767451617068e-05
0.00011016374908806715
0.00021614654575844304
0.0010065452364444577
0.003977536726190258
0.009032965563739217
0.011390486772864035
0.008050195340450471
0.0034305394260596583
0.0017534088499743443
0.0030866282648052885
0.006118517596424936
0.008354839862052226
0.007152500847682281
0.0037431159546111093
0.0014590440204327415
0.0010703845413034129
0.001512989967106935
0.0017536477233691824
0.0015635840979287513
0.0009616999456650176
0.0004892923878561988
0.000336242568886256
0.00041363728417955067
0.0008578843839830894
0.0018820166149649301
0.0028760983909593193
0.0027910451481537382
0.0019373113385177745
0.0013195585528212824
0.0011440474456210082
0.0013193922352890553
0.0017705259608787058
0.0020014642340630043
0.0016451072356584227
0.0011892704376160969
0.0012426842237454494
0.0019203206757241516
0.0026712356972904265
0.0025504729303709125
0.0016222039372289887
0.0008456759982935846
0.0005942432759609617
0.0007402201694928802
0.0011639284644814779
0.0014257381631501977
0.0014105458643020972
0.0009567931443921518
0.0005701779601714868
0.00043898031935674645
0.00041250468781571606
0.00039105442258410513
0.0003770479784021993
0.0003952307602440744
0.0004633042159441806
0.0005447562991011514
0.0005711769766412763
0.0005473346892954813
0.0004957739568697023
0.00041316954592093846
0.00034462898291896425
0.00032381177114189103
0.0003100905242114347
0.0002746689474008424
0.0003342416054170776
0.0008712357375984925
0.0024635891972590567
0.005030673118377045
0.006715297401542649
0.005544814227188685
0.0027808786025300966
0.0014065184180540589
0.0006916779782082673
0.0012038230999810234
0.0024533449309490298
0.0034758524473901533
0.003077372869063533
0.001614709289163978
0.0005065218223306113
0.00024435758382785786
0.0008095326839352009
0.0022859551163932944
0.0038231029116218593
0.003942819544210841
0.0026330949468227516
0.0011811930397732455
0.0004889371027842207
0.0007070977389145103
0.0015734883595440617
0.0022877183920322983
0.0021081995041365193
0.001288349861365239
0.0005367555255020185
0.00016433725448656533
6.15089135729272e-05
0.00015208772819261685
0.0008215352392074817
0.002196519297606713
0.0061629295295213314
0.00970522589382714
0.008577752125375674
0.004354364722190669
0.0014327200092788483
0.0007435182417996707
0.001692702012918282
0.00404601301296695
0.006105528265034642
0.005693172646252921
0.003855106934786436
0.002863595695094037
0.0029640306964324715
0.003251654273408476
0.0030712909564247727
0.0025299268094876727
0.0020265878267531736
0.0017327185472058605
0.0016684907539107694
0.0017855285423864014
0.0018798800588269104
0.0017200253713413143
0.0013700838449556755
0.0010271642439756425
0.0008425523981451111
0.000639494861291015
0.0005180789462405258
0.0004326974381513956
0.0003453789742402996
0.0002864716001915304
0.0002746516345490548
0.0002705739871103598
0.00023498092850168337
0.00019189737545062616
0.0002165309591055572
0.00047875069042776916
0.0012332702616955577
0.002226522303251117
0.0024182967400990635
0.001548215494804411
0.0006359350773947276
0.00027467066738443013
0.00034148958958698334
0.00073912278638614
0.0012922522996513409
0.0014532409786771248
0.0010313047065899563
0.0005519305218449558
0.00034970513834997033
0.0003184889217620573
0.0003237161428494765
0.00033632574616354393
0.00034870942372931997
0.00035627667765917735
0.0003510426695061818
0.00033411579923002993
0.0003148148278575807
0.00029579002542954637
0.00027741343568286376
0.00026032931514783
0.0002429331412792325
0.00022801666987236037
0.00023042453999608467
0.00025594529729909424
0.00026567572837092097
0.0002252832369474203
0.0001703291482017419
0.00014018737520414093
0.0001348317494808867
0.000147574538197659
0.0001773083489572243
0.0002081244151789604
0.00022669208783737083
0.00025430372815587256
0.0002891017358550984
0.00028693774652265193
0.0002643995755671516
0.00023233359712384076
0.00022043602440938216
0.00022282377903760738
0.00023721479943268392
0.00026261873291348164
0.0002804324389038809
0.00026869626241939065
0.00022993625281190146
0.0001877180802291155
0.0001577228433222221
0.00013620376809031517
0.00011798718032275953
0.00010265856545949138
9.42669062420971e-05
0.0001276649088884133
0.0003503957683351536
0.0009454119991823991
0.0015899983681202776
0.001530608926375708
0.000844634975145807
0.00028247935507416834
9.164852654479578e-05
0.0001432825585852049
0.0004113957699237732
0.0006762965464608601
0.0009141539924354965
0.0007013610914538909
0.0003052829425939041
7.893960417114264e-05
1.656657822063229e-05
1.6953650080360238e-05
7.667071633964808e-05
0.0003060465869472841
0.0007608367297058694
0.001214186125336695
0.001374585862263321
0.0011608128323985425
0.0006914406298189734
0.0002920121203723575
0.0001845815469772441
0.000346255350615812
0.0006094776403193105
0.0007611175322171223
0.0007186059257758722
0.0005119398866799533
0.0002854903752557233
0.00018735474905302095
0.00022866790036634105
0.0003626479009757278
0.0005544119357316792
0.000699805718423841
0.0009252305232698166
0.0011237554749527676
0.0012494893069428053
0.001279043637043787
0.0012185755966294923
0.0010999053317971947
0.0009887367263228604
0.0009919192313437473
0.0011971891327267996
0.0014534690947398884
0.0014045767419317088
0.0010433560501116367
0.0007010567608705908
0.0005578164535727228
0.0007110378648164505
0.0012023530846226032
0.001692591643827302
0.0018109616307057418
0.0017447757099163458
0.0017329984444232767
0.0015825994989954139
0.0011625568796255648
0.0008489394361375946
0.0008472064515181555
0.0008701998552412802
0.0008388905913523884
0.0008939589602598215
0.0013473712694985179
0.0025941142294893375
0.004384064388317173
0.004918291425838818
0.0034302822142430124
0.00175556414383951
0.0010246745130012315
0.0007958588003654932
0.0010523590608426678
0.0021467572162317864
0.003224709051014377
0.0029126299479342002
0.001725846215986021
0.0009559719580298421
0.0006441571520515802
0.0004547067285490772
0.00046449901520402424
0.0007260555554816571
0.0010018204607447382
0.0010085961597869854
0.0007483213227872911
0.000458935974135147
0.00029069937510867866
0.0002460871075006616
0.00025721161589089907
0.0003553077572571575
0.0005010078346437149
0.0005673888095709992
0.0004935365319414514
0.00038008319591608
0.0003103698519886943
0.00028968392044602154
0.0003062228962890396
0.00033585818980790114
0.0003391827729778466
0.00030818915206678267
0.0002788298375231478
0.00029500104881136573
0.00048294276273141534
0.0010665757789118599
0.0018399861971110183
0.0019653285193306333
0.0013215546474235058
0.0009042087072857501
0.0014074440733395643
0.002318551992255284
0.0024995495571157626
0.0019704122882138616
0.0015197066149416753
0.001277066095046333
0.0008700610559566103
0.0006932756065047537
0.001017123102335094
0.0015407342594771591
0.001594882992486148
0.0011190713450407836
0.0007633028184911244
0.0009810520401460512
0.0016002924777825818
0.001837160999565125
0.001324487941929138
0.0006708795266144704
0.00034167617771603423
0.0002535571421093889
0.00030237183223724847
0.0005385269959453614
0.0008543767528464168
0.0008709433689858156
0.0005421391488366997
0.0002388604337768876
0.00012021134197345174
0.00010709438460075396
0.0001266778711452173
0.00013446173247243126
0.00013640418539963257
0.0001519087667899989
0.00018135212825129364
0.00017448144904168487
0.0001620456050268264
0.0002748140513236449
0.0006602659254528248
0.0012072460488553633
0.0015142790453954876
0.0017751220049694498
0.0024542331471557577
0.002888199237658741
0.0028155187951671608
0.0034544861356510417
0.004589488771913709
0.004325789801760708
0.0027364705819364183
0.0016131469423984188
0.001513881557802492
0.001572434938640952
0.001520833574932538
0.002211891651286693
0.004072040177961911
0.006298255822939195
0.007107686406547402
0.0055367460965615595
0.00307026499819153
0.0018075523461776658
0.000752408676004685
0.0005282608888741241
0.0013063183637147925
0.0030868804338646714
0.00442009870310677
0.003838873818563921
0.0021921781153144853
0.0009571577681178998
0.0003965785865725112
0.00024441650250745623
0.0003709510349490793
0.0006307957098294972
0.0006921816297313457
0.00046442698542395114
0.00023949770695925955
0.0001712314237477284
0.0001823214882736924
0.00017803454824004202
0.0001250908672800406
6.780567453900968e-05
4.589533788544656e-05
4.645953324369871e-05
5.173906954103783e-05
8.461255100981257e-05
0.00015433058129549966
0.0004491940946522574
0.0011356496360330937
0.0019073296693143595
0.0019028832735318707
0.0011051355053431386
0.0003876315198557777
0.00011109043044487042
0.00010821825348838301
0.0002940006276714643
0.0007893937808835949
0.001585553766042807
0.0024379540538141888
0.003275537994273081
0.003647821777905374
0.002933205875689201
0.0017362031165447126
0.000852816491697403
0.0004532008809155554
0.0006334716967995184
0.0017745099909453259
0.003949384131585163
0.005494214627564193
0.0047092482481858235
0.0029108178456709963
0.002024125708871371
0.002019996162094104
0.0022633323636156283
0.002277287320432231
0.0023544774971001148
0.0027077395680435066
0.0026218168515258528
0.0020082494838540204
0.0017493994429183188
0.002090999341704883
0.0024027769529245675
0.002087852847612806
0.0013296292960531407
0.0007871395023446972
0.0008545301589082789
0.0016805840883211214
0.0027522444249665247
0.0028866011977895507
0.0019948006355082243
0.0010550825398860286
0.0005062816627492777
0.0002736622491434014
0.0003031104670252947
0.0006637862273005731
0.0012193793008136134
0.0013891791414021278
0.0009855904470847322
0.0006510082790328383
0.0003405237737996037
0.00023656854250300507
0.00023867052671049398
0.00036042166913256287
0.0007830411416198527
0.0016295277799789796
0.00243530635202502
0.0024133757835144956
0.0016528692393894483
0.0011770828880595043
0.0018350085074519257
0.0033841257501516027
0.0041955761652802915
0.0034739627057696425
0.0024364532120378286
0.001784687229253935
0.0012125079862225717
0.0007818347533520718
0.0008793880410580939
0.0015724547763875606
0.002176692961862906
0.001989134759271113
0.001604289338376218
0.0017118744988103213
0.0017766717494806545
0.0013686326076736161
0.0006829576450418188
0.0002622332248847955
0.00012212512453578514
0.00010715774099808218
0.00020938017721636772
0.0005017230587144745
0.0008225182518850718
0.0007993757921302768
0.00045938946420786213
0.00017444198211263138
7.245951620190504e-05
5.694809270228924e-05
5.1636485003044824e-05
4.253689888727025e-05
3.676793345635482e-05
3.464586502065937e-05
3.6251854655216494e-05
6.670092767515854e-05
0.00022209005488250334
0.0005517724434902153
0.0008391279995845286
0.0008614406339829294
0.0008612025816267094
0.0011127486154977305
0.0013295901162756777
0.0014239054783703677
0.0012366468543107676
0.0011243142688905372
0.0012114032333673255
0.00126370039675008
0.001136600276814591
0.001003765262843012
0.0010044050424327729
0.0010037867769148317
0.0008529178263589696
0.0006574366287089517
0.0005568925461871153
0.0005255307119274419
0.0004895044504433917
0.00041643757962020884
0.00031422909249282245
0.0002173814248467791
0.00016839016182815733
0.00022874359589183273
0.0004415499773402569
0.0006445509039259822
0.0005807563356402881
0.0003379239680319265
0.00018596819444405066
0.0002402385066917063
0.00041439550388669313
0.0008259933068939639
0.0010738899063582662
0.000939935103478132
0.0007068789988706393
0.0006154098702100819
0.0006366818758832003
0.0006646054815062909
0.000789848361975588
0.001091698400912084
0.0012463445319687476
0.0009966094048322802
0.0006019088882755207
0.00041206486251768
0.0004626307673280678
0.0005753368053528125
0.0006385949558085882
0.000721232791554014
0.0008213130900656594
0.0008247921024478506
0.0007663440234685054
0.000791768406885079
0.0009661123458021458
0.001118330203385447
0.001010616227177316
0.0007504959120964266
0.0006296591886351869
0.0006020639485832005
0.0006847821699933427
0.0007357518011874924
0.0008006075323786605
0.001347124701843473
0.002882401236252216
0.0045941923895885415
0.004564298255393451
0.0029505392986716385
0.0016767393592647822
0.0012110770242871464
0.0010105612926635404
0.0010143931221276686
0.0014822479098563115
0.002512609130279291
0.0035604152153252363
0.003838567499825174
0.003561398556134093
0.0031080489625322076
0.002382896780102857
0.0016493528978121245
0.0012292558003751109
0.0010523158920741605
0.000971183947608343
0.0009794064557698747
0.0011497926389769442
0.0014402156719332151
0.0015371733655756956
0.0012798280378580162
0.0009165602031947079
0.0006672550152697153
0.0005220991481585572
0.0004277306729025759
0.0003643517179364255
0.0003237028632499371
0.0002977492610152266
0.00027946318175543484
0.00026397650606657956
0.00024882829352427296
0.00023336014042802373
0.00021794306311583744
0.0002037264143767106
0.0001910395626515976
0.0001755305246684998
0.00015362878969700736
0.00013059011616660494
0.00011169797208725914
9.645931953345512e-05
8.343938490344177e-05
7.243435367469786e-05
6.783342707931892e-05
6.117934804856282e-05
5.985948200151378e-05
7.394433254627553e-05
9.99428101833807e-05
0.00010846531461573621
8.897377757787029e-05
6.887734749122996e-05
6.50165931059579e-05
7.417750019212872e-05
9.267527483929029e-05
0.0001302611421601596
0.00019902838003782786
0.0002679205413598124
0.0002813521943565409
0.00025406848419956324
0.00024100808897292809
0.00025603771842192143
0.0002902541884228828
0.0003364033958957955
0.00038090321722422784
0.00040651214070789075
0.0004101399552190449
0.0004401225312602138
0.0006518707774875028
0.0014725407096910627
0.00245802695443663
0.0037338202383732488
0.0033979072612848435
0.0019044769162194133
0.0007986254799827418
0.0005131634205890991
0.0008546730124127693
0.001506505819304586
0.0019205500132231776
0.002088163414409084
0.0022336486581165877
0.001907387067782507
0.0012519979883107218
0.0012158271956547678
0.0018391660998684093
0.00214275623762229
0.0017848778607385467
0.0012006271096834497
0.0006348609701428385
0.000235624774338432
7.906062563675004e-05
0.00012440806754362077
0.00040587641219624177
0.0008448609149523691
0.0010112227288188213
0.0008455858927981856
0.00044085334750099
0.0001790137447134861
7.714934683827894e-05
3.9450232846908716e-05
2.910633519232617e-05
3.294696805989781e-05
4.221710109097949e-05
5.429686940517158e-05
7.9204529019092e-05
0.0001198018020783496
0.00016084859865131258
0.00022378448195132237
0.0003411936198556637
0.0004413531347972806
0.00043762786259517346
0.0003442151677933916
0.0002329165513519904
0.00017316860144657174
0.00019518577894229829
0.00031178185416228297
0.0004879807569055255
0.0006954397842298234
0.0011084363478303626
0.0017084069088612874
0.0018443640204676968
0.0014963840413126355
0.0007570030378443386
0.00030262203137967566
0.0001918260171814439
0.0002827619982828004
0.0005229837765062613
0.000862788100914466
0.0012160308805937619
0.001395275328104164
0.0012267974869212244
0.0009026669113377373
0.0007806059744384748
0.000904192389787812
0.0011112899206415503
0.0012976196642849871
0.0014285540884845865
0.0014327039467494347
0.001241122808100052
0.0009387600387253372
0.0006923906358694503
0.0005781563177061841
0.0005711947046624538
0.0006176485853989525
0.0006624054252009703
0.0006653819433015116
0.0006196518578100269
0.0005676125873311243
0.0004642717161923369
0.0003422674461964373
0.00023204581574627322
0.0001686958198586271
0.00015234124633411992
0.00014501890545874857
0.00014963386131920222
0.00020604524403766965
0.0002546112345907596
0.0002031326720702761
0.00010045676621895032
