Y :22.0% Calcite, Diffracto n :95
Y :56.99999999999999% Gibbsite, Diffracto n :84
Y :9.0% Dolomite, Diffracto n :764
Y :13.0% Hematite, Diffracto n :672
0.0
0.0
0.0
0.0
0.0
0.0
0.0
0.0
0.0
0.0
0.0
0.0
0.0
0.0
0.0
0.0
0.0
0.0
0.0
0.0
0.0
0.0
0.0
0.0
0.0
0.0
0.0
0.0
0.0
0.0
0.0
0.0
0.0
0.0
6.075191390427852e-35
5.1747642899271186e-33
1.8546987705750994e-32
5.566718568429133e-32
1.3992545471585278e-31
2.3440203374378565e-31
4.383807760766162e-31
6.865787761174809e-31
9.006816299558524e-31
9.895360122765651e-31
9.108825737091528e-31
7.03248072734581e-31
4.568666908983523e-31
2.5248075129200697e-31
1.2309038324026976e-31
5.898592024284302e-32
3.4090647238889327e-32
2.6186289994163607e-32
2.2912995571570718e-32
1.9539231276180532e-32
1.5279974823455112e-32
1.0783689095743112e-32
6.853834293438889e-33
4.065370292141077e-33
2.369937027229005e-33
1.4361021830095508e-33
1.0785778239360656e-33
1.0676375724367227e-33
1.2598508698263365e-33
1.5852129738464353e-33
2.0198178281974127e-33
2.3694670602145014e-33
2.989915640847139e-33
3.735695314138193e-33
4.618107842786716e-33
5.6463062189551326e-33
6.825791409802987e-33
8.157159954984078e-33
9.63500245741435e-33
1.1247000981214871e-32
1.2973318671193488e-32
1.4786379082968866e-32
1.6651116909684442e-32
1.8525752504428952e-32
2.036310297660293e-32
2.2112396138938628e-32
2.3721504699051038e-32
2.513947213413648e-32
2.631916418309244e-32
2.721985584181634e-32
2.780955690745464e-32
2.806689137589487e-32
2.7982377002303226e-32
2.7558998422930083e-32
2.681202569527447e-32
2.576809375346721e-32
2.4463620227057476e-32
2.3470754942856784e-32
2.183269256258457e-32
2.0061902704893472e-32
1.8210473745650851e-32
1.632880701130424e-32
1.4463439625298137e-32
1.265530172338807e-32
1.0938483142742487e-32
9.33953593552824e-33
7.877293443011842e-33
6.563148449398646e-33
5.4017050162355576e-33
4.391702339828892e-33
3.5271042467543496e-33
2.798253365539399e-33
2.1930023207539744e-33
1.6977527615987523e-33
1.2983538796511814e-33
9.808327952412403e-34
7.319478279552351e-34
5.395708879073705e-34
3.92916362910478e-34
2.8759671682868732e-34
2.0827489120955436e-34
1.5192491645605574e-34
1.2461749825474108e-34
9.608531920816683e-35
7.974184384240964e-35
7.329977395554161e-35
7.515875983241584e-35
8.423457203839647e-35
9.979598542669901e-35
1.2131222144632675e-34
1.4831415892417234e-34
1.8027346275837238e-34
2.1650480074963106e-34
2.5609689741332366e-34
2.9787785186184436e-34
3.4041862978610073e-34
3.8207587595293486e-34
4.2107141785969335e-34
4.556015498474121e-34
4.839651036689046e-34
5.046961980543147e-34
5.166860972432054e-34
5.192792321483448e-34
5.123312242056665e-34
4.96221377084592e-34
4.7181788585485285e-34
4.40400046727774e-34
4.304572106514881e-34
1.284604080683559e-33
2.1774591272424438e-33
3.0242786133534498e-33
4.2273923275818955e-33
5.8964225800069416e-33
8.151566208858007e-33
1.1129890555162077e-32
1.4972571178656658e-32
1.981645528453733e-32
2.5781101560847025e-32
3.295323837137341e-32
4.1369745877896323e-32
5.100082979908229e-32
6.173550988955393e-32
7.337178066318197e-32
8.561371466330566e-32
9.807730810705167e-32
1.1030601532372994e-31
1.2179575766377627e-31
1.32027873846444e-31
1.4050720631676794e-31
1.4680151671192533e-31
1.5057789383566022e-31
1.5163189253796392e-31
1.4990585315971152e-31
1.45494115169276e-31
1.4117299082704573e-31
1.3287506041013728e-31
1.2278197341665666e-31
1.113846243880573e-31
9.920090370044516e-32
8.673732591324447e-32
7.445549137388119e-32
6.274629020370559e-32
5.191350109547946e-32
4.2180112894476714e-32
3.4492614663468295e-32
2.790126651318001e-32
2.2599467820551368e-32
1.877561404727905e-32
1.6446021324534453e-32
1.5620997143376653e-32
1.6275740126316365e-32
1.8319602073371922e-32
2.1612049505985317e-32
2.603967724930223e-32
3.159226188028812e-32
3.8353706498889095e-32
4.640285036203755e-32
5.570697191369748e-32
6.608318925520515e-32
7.722001954033277e-32
8.48751815381045e-32
9.637790008651689e-32
1.0748423799036955e-31
1.1770551915801765e-31
1.2655975133227207e-31
1.3360282816889982e-31
1.3846237564101202e-31
1.4087005686609801e-31
1.4068775167585345e-31
1.3792275717292428e-31
1.327281984970447e-31
1.2538777337029689e-31
1.1628764479858355e-31
1.0588076674288354e-31
9.464915920176758e-32
8.306831384646348e-32
7.157640423806606e-32
6.055006086401735e-32
5.034922812886633e-32
4.2851714042774625e-32
4.03426384527161e-32
4.9161661660668806e-32
8.102517103971718e-32
1.4961785466288694e-31
2.6035220544512924e-31
3.5037911389500794e-31
4.802124723173793e-31
5.575615647170164e-31
5.461506011087034e-31
4.506710784731112e-31
3.1313889938755573e-31
1.8320835522843985e-31
9.029052913210918e-32
3.7526242627161254e-32
1.3325635601561492e-32
4.4589438848481136e-33
2.3243931072502655e-33
3.183691767181942e-33
6.039778854650167e-33
7.128300993943427e-11
1.0736825286594594e-10
1.587594045607551e-10
2.3045002268730185e-10
3.2838836974053006e-10
4.593804393222517e-10
6.308570320864466e-10
8.504780644781944e-10
1.1255609146594806e-09
1.462340840761493e-09
1.8650991900284372e-09
2.335226316885139e-09
2.6850639041039026e-09
3.2599019181335167e-09
3.885332217322868e-09
4.545958887210772e-09
5.221515442847266e-09
5.887641373003837e-09
6.517181991223968e-09
7.081937141531218e-09
7.554713606982225e-09
7.911478667859463e-09
8.133379489415492e-09
8.208392778443782e-09
8.132403931800068e-09
7.909580898205397e-09
7.551995484299489e-09
7.0785399830444285e-09
6.513274414108367e-09
5.8834054870486965e-09
5.217132960020617e-09
4.541598600337017e-09
3.645265109481871e-08
5.241006997796751e-08
7.550222937814768e-08
1.0807479604388706e-07
1.5292587821891552e-07
2.1326616989006757e-07
2.6382869962658875e-07
3.578815045442382e-07
4.77296869522226e-07
6.24837491781348e-07
8.183961355769814e-07
1.04435129446524e-06
1.3016497650537143e-06
1.5945028712447282e-06
1.9200862906130414e-06
2.273418312459617e-06
2.647391508482965e-06
3.033003850708345e-06
3.4197858906170225e-06
3.7963927965089557e-06
4.151304278518871e-06
4.473556791076789e-06
4.753425067010986e-06
4.982976210645854e-06
5.1564387863493e-06
5.270358321019016e-06
5.323543911500473e-06
5.316841649676162e-06
5.252793232830881e-06
5.1352481562414046e-06
4.968993889335619e-06
4.833755424115653e-06
4.5985812615838065e-06
4.330025919107694e-06
4.034387763091029e-06
3.7181765381032364e-06
3.388075665919651e-06
3.050870145982408e-06
2.7133184724393276e-06
2.381965023278697e-06
2.062907336469495e-06
1.7615463879505872e-06
1.4823546836500402e-06
1.228695829632247e-06
1.200555163861454e-06
1.1018396303216861e-06
9.83814722800637e-06
1.8505818480505597e-05
2.686794782017409e-05
3.853561625343421e-05
5.4440861643576496e-05
7.56401348292e-05
0.00010327440568927798
0.00013850408211088156
0.00018241732236085737
0.0002359137232281981
0.0002995696625562408
0.0003477293493391199
0.0004282737213157519
0.000517887412825621
0.000614866234829401
0.0007167306171760488
0.0008202770508396321
0.000921709460599408
0.0010168482975892255
0.0011014043106479404
0.00117129357709327
0.0012229622805348872
0.0012536855412790654
0.0012618053944428143
0.0012468789999268857
0.0012097186458835975
0.0011523185160695827
0.0010776774081460382
0.000989539333553609
0.0008920832059810537
0.0007895973065306741
0.0006861734659686142
0.0005854504218501681
0.0004904268524517634
0.00040335388659414924
0.000325706262089954
0.0002582223310191602
0.00021894914550957246
0.00016835418295151972
0.00012709612184529833
9.420378998947158e-05
6.85538889239964e-05
4.898052237552041e-05
3.4359138862684095e-05
2.3664024870761774e-05
1.6001561957778144e-05
1.0623399071066638e-05
6.924555437161919e-06
4.431466801654834e-06
2.78439101020207e-06
1.7187919054526808e-06
1.0435192453436674e-06
6.267133258406667e-07
3.795765757993718e-07
2.446235535513076e-07
1.8541106183921375e-07
1.7763044775196098e-07
2.0188239270716814e-07
2.3934238860957034e-07
2.714684844155266e-07
2.833330489071537e-07
2.6797057265758534e-07
2.2829187153262922e-07
1.9334367918091138e-07
1.3774474688770154e-07
8.806263691751657e-08
5.05081182169601e-08
2.5985305887102726e-08
1.1991324140642344e-08
4.963331104108381e-09
1.8427058793624623e-09
6.136856137339812e-10
1.8336234516770025e-10
4.916905405479125e-11
2.4962257583811566e-05
3.773924235722545e-05
5.6011391678273e-05
8.160810447906634e-05
0.00011672501524219872
0.0001638959821226638
0.00022591568971437143
0.00030570194261720664
0.00040609133440859156
0.0005295695000469601
0.0006779472842589247
0.0008520059052965096
0.001051145905736367
0.001273084175361649
0.0014317289912665124
0.001681426161157154
0.0019385120280416004
0.0021939812839514797
0.002437648350383778
0.0026587831091612383
0.0028468755684315484
0.0029924560333420037
0.003087882667397504
0.0031280055855816983
0.0031106272243883694
0.003036701724092774
0.002910248151311705
0.0027379885438592487
0.002528756137781534
0.002292760315958706
0.002040734411664247
0.0017836850983433546
0.0015311533455953509
0.0012918181482693485
0.0010728764365676713
0.0008796490584666378
0.0007152525042768249
0.000580148343157895
0.0004719007206213386
0.0003855595655975592
0.00033709335256017117
0.00027361302948482433
0.0002174094156485956
0.00016664814623799562
0.00012174152959918787
8.412794135838145e-05
5.4866613419467266e-05
3.3877053746074846e-05
1.9975223820886573e-05
1.1406063460800002e-05
6.424712060981589e-06
3.647990591225861e-06
2.1403894757815733e-06
1.3379097631949752e-06
9.251548034043148e-07
7.31577242123356e-07
0.00013114710505446816
0.0001978240653703949
0.00029315430705652805
0.007527458998377146
0.014229487770193925
0.020912093573686553
0.03017703214118274
0.042758768920894835
0.05948981660394777
0.0812695951159416
0.09904778600871034
0.1312573620858137
0.17078768608713796
0.21820055131391694
0.2737292461734934
0.33717265407934555
0.4078017063878047
0.4842962378662621
0.5647267617795614
0.6465926371251459
0.7269226281863663
0.8024364392890462
0.8697573926676215
0.9256582973728833
0.9673161533589496
0.9925479200659508
1.0
0.9892685550807784
0.9609357714297624
0.9165175396968775
0.8583290936930127
0.7892851801256939
0.7126587497642821
0.6318258988734597
0.5500244678261625
0.49640086956755824
0.41917959968823987
0.347567182210933
0.2829759119699952
0.22622128382490705
0.17757921095894452
0.1368759073681054
0.10359526636364529
0.07698973925535299
0.05618341433911693
0.04025949952226492
0.028328042202284
0.01957294093516858
0.013279837992373714
0.008847682463852738
0.005790612332269302
0.00372211152499527
0.0023522808617616395
0.0014624606777893265
0.0008970923204489193
0.0005462835857447455
0.00033474988736800564
0.0002121898766644835
0.00014581131988598988
0.00011474120441222768
0.00010598288833886341
0.00010846605042436201
0.00012080453646716881
0.0001404831006345161
0.00016520523115813184
0.00019330018582172496
0.0002793151981490464
0.0003377117633274376
0.0022136844097599305
0.003216615904796179
0.005721769939797341
0.008223932229167235
0.011657201934045035
0.016277666274876264
0.022396566584819255
0.030282463569367275
0.04103643457271282
0.053776422983949995
0.06974278018754551
0.08841736935022798
0.11019270417071504
0.1350050932161235
0.16261189194311457
0.19257381812213858
0.22425176393614052
0.256821447849137
0.28930613111965825
0.31038473730613275
0.34030686795091836
0.36721306683799343
0.3900772707759242
0.40802166792642125
0.42037448152141693
0.4267114591380876
0.4268773975332365
0.4209864226919609
0.40940226954037884
0.39270204397109876
0.3716284779734245
0.3470362639850471
0.3198377276108406
0.29095214755530074
0.2612617938519102
0.23157649494242183
0.20260742962853392
0.17494996984142897
0.14907481679132345
0.12532636040509326
0.10392708374426461
0.08498684116975708
0.06851588279454199
0.054440532429889145
0.0463207578500292
0.03590200425438801
0.027405699236092085
0.020601215339794192
0.015253202627569266
0.011132667069253858
0.008022491056602452
0.0057191694721468005
0.004036052252685731
0.0028120671250242094
0.001922033510930311
0.001279004929580365
0.0008248579141982016
0.0005161486755662347
0.0003157609220739238
0.00019006525398701914
0.00011336409882158889
6.731295801428044e-05
4.006313982206016e-05
2.428900128515111e-05
1.551336561450051e-05
1.100397896912651e-05
9.105055719711839e-06
8.828870419760759e-06
9.598516734644997e-06
1.1083878230405363e-05
1.2375569925851273e-05
1.4678319138955396e-05
1.7351265351748943e-05
2.0336112058365387e-05
2.3599094428579856e-05
2.705366319075223e-05
3.0647491300269164e-05
3.5148157301337527e-05
3.936624021982062e-05
4.4208697453849056e-05
4.9123777977471795e-05
5.4605637589783036e-05
6.085652729514987e-05
6.798428127677727e-05
7.586656358773858e-05
8.47514513414299e-05
9.374759892908711e-05
0.00010312691063428028
0.0001461988767783925
0.0002159022591100154
0.00035710879129741905
0.0006167263832447418
0.0010504877538332678
0.0016928742674929406
0.0025250356926915097
0.003448826144203258
0.004032296246812044
0.0047093920450559275
0.00499652798703883
0.0048148182000540855
0.004216288305037127
0.003359576027096475
0.002441912618769036
0.0016268384937380958
0.001002700502215915
0.0005821619280593584
0.00032903063821410907
0.00019046324909087145
0.00011931776176667785
8.299412358847905e-05
6.281552253007596e-05
4.9672333521012425e-05
3.973276601325684e-05
3.159149932466883e-05
2.477884435670918e-05
1.9118137813819037e-05
1.4496080005038266e-05
1.4370847367631793e-05
2.1222750626559584e-05
4.8524831526940984e-05
0.00027200565503674183
0.0008224979714312741
0.0016642559555891236
0.004237203729769871
0.009341597167429582
0.01779170337835629
0.029104850690939505
0.040798798283725284
0.04901324861673139
0.050540142695829314
0.04482121947713973
0.03424418195716554
0.02255335350921208
0.012805351078376876
0.006278001680868707
0.002682059884067423
0.0010419341611839477
0.0005271967793744855
0.0003846472537626667
0.0004581810379579936
0.0005599789710572978
0.0007003449539557071
0.0008776363387301352
0.0010973611290748969
0.0013669707706373269
0.0016944800592032354
0.002087905548351956
0.0023905645368649895
0.0029101025857043027
0.003513054028620247
0.004202840504523525
0.004980186864724542
0.005842521334616108
0.006783464721381798
0.007793346784990493
0.0088568696801429
0.009955902843909133
0.011101042744075727
0.012252860215868784
0.013439614918489015
0.014662287972113079
0.015947865911215206
0.017300374890635455
0.01867818533336039
0.0199651902585047
0.020984898446357238
0.02154149671315142
0.02149138029335187
0.020804611261357624
0.01957869061504139
0.018001067259185426
0.016278818518222316
0.014576928942763245
0.013502667541034708
0.01200888874958756
0.01065214756536686
0.009411153398405793
0.008265271877874123
0.007203183897120048
0.006222583756846872
0.005326136474255346
0.004517441954804915
0.0037984957047028176
0.003168653376581905
0.002624592709535294
0.0021618454214813888
0.0017716158697903962
0.00144660946169296
0.0011784851930731707
0.0009590629923969657
0.0007806862318511819
0.0006364608439139822
0.0005203813571563949
0.0004273614636821223
0.00035319086587043457
0.00029444143490475413
0.0002483446363104065
0.00021265935959734032
0.00018562714491254358
0.00017156411025011503
0.00015544734068810115
0.000150765495470943
0.00014661708919331027
0.00014661651116922118
0.0003556986543657179
0.0005058591283611692
0.000686725422084221
0.0011099622481228284
0.001541455139941719
0.0021265901250954733
0.002903972169554787
0.0039155209780436795
0.005204147298459738
0.006820898646040708
0.008784463425707373
0.011125053766729363
0.01384981110844768
0.017490182280262268
0.021188237864945583
0.02552535908555906
0.030051142849210503
0.03487267860783978
0.03991504193689646
0.04510101714683423
0.048596417387964566
0.05384324151598227
0.0590418797330254
0.06413950876545806
0.0691024138952623
0.07390629145654701
0.07853136759612739
0.08295388795669612
0.08713702477761834
0.09102286176001871
0.0945273364696255
0.09753955610599435
0.09992629437462511
0.10154162150613441
0.10224071652276703
0.10189612468384722
0.10041420623986373
0.09774937855066648
0.09391401417363347
0.08898247643810957
0.08308863719974018
0.07642587658479415
0.06922140429876569
0.06174421070888416
0.05427974192855363
0.04709886494124464
0.04258236454577265
0.03626297099421506
0.030484109786950965
0.025165914254840577
0.020739885814733846
0.016566269971126937
0.013327250865161492
0.01086113538054481
0.009279765318671182
0.008594297092927793
0.008713084025958415
0.009603247771559057
0.011241377304581066
0.013617885384255722
0.016723997408470963
0.020539861445168194
0.02502439618749769
0.030106824643572873
0.03568043328692879
0.04159947173679605
0.04768005402105806
0.053705612542342816
0.05943670962526158
0.06462927301589819
0.06903648564266832
0.07244621602688223
0.07407789595550816
0.0756244717901663
0.0757970298086964
0.07466280080222236
0.07243617224627488
0.06908956854172743
0.0649084505436808
0.06014217637489874
0.05506202825711528
0.049941652124276176
0.04503833106644311
0.04057966770405147
0.03674425904140563
0.03366101141877092
0.03140226785944342
0.029983045004861025
0.02937806090264385
0.029468129447299502
0.03012663120714639
0.031159906332095977
0.032368951378668465
0.033553877077042306
0.03454211893671102
0.03520330455724004
0.0354518954630979
0.03524101583679458
0.03483608804075248
0.03383638657317962
0.03239115729052356
0.030551054014524365
0.02838866644092331
0.025992833179593153
0.023460425987365738
0.020887418249150927
0.018361011039041298
0.015953842864004083
0.01372064359220297
0.011697232134606363
0.009901591991647102
0.00833596711163133
0.006990681206111386
0.005847553242873194
0.004883538621061284
0.004073824046655218
0.0033942257005140962
0.002822812207742985
0.002340890169866411
0.0019331559017993151
0.0015878740334441537
0.0012962317595235431
0.0010518462035909379
0.000912544079116596
0.0007367744777696891
0.0005918805275828302
0.0004720673424393509
0.00037271820905123863
0.0002890890454436749
0.00022168971887437662
0.00017093831939560546
0.00013636742641624317
0.00011562878429862325
0.00010623375200916327
0.00010580787099123909
0.00016403387221361116
0.0003093001661206433
0.0006880445093747493
0.0015174676677567258
0.005664775674742901
0.01424788471506989
0.03431871003349109
0.07463479930613894
0.14407509949001618
0.2423675808503638
0.3523453086820862
0.4423170705774632
0.4813966262490085
0.45697958754203283
0.41023271228676844
0.31331703170639097
0.21013564618188932
0.12320546428682992
0.06273023063376457
0.027574257087809792
0.010467283891486339
0.003504935653011089
0.001133151597648509
0.00045095750704633367
0.00027814299214679896
0.00023229223334660288
0.0002133898766866753
0.00020005466209201573
0.00018839294296665575
0.00017788211853491312
0.0001680985804323978
0.0001593418439557722
0.0001513742417488322
0.00014454881820089512
0.0001389567486185385
0.00014382852022916468
0.00014414430881493008
0.00014934895136439798
0.0001532561619680016
0.00015912783182652705
0.00016446084542411448
0.0001764542706000723
0.00019559206051555323
0.00023563314101686858
0.00028377901772196583
0.0003461447381542985
0.0004329627193242545
0.0005559004066771576
0.000713418035847626
0.0009369072962709574
0.0012613993033351685
0.002614760009997618
0.0047339606723716884
0.008842114880585882
0.016955220169358437
0.030250852547038343
0.05047596788994
0.07778228887679282
0.10994343988833435
0.14208677068534606
0.16772658079410133
0.18091117862247943
0.1784912586905932
0.1613120387551765
0.1337381200811471
0.11258930788308698
0.0811428730062421
0.05396459395570786
0.033331925005289816
0.019388761125358155
0.010926465171860163
0.006267015090567982
0.0038960200341161713
0.0027295699334593743
0.002127459904874126
0.0017627897897616509
0.0014949084986645989
0.001271310159399322
0.0010799006036658703
0.0009119253296487346
0.0007696091415335433
0.000653119267832156
0.0005804533552204484
0.0005222634279093121
0.0004903284451723718
0.0004949966257367214
0.0005203681818891
0.0005754712265834598
0.0006635695954808369
0.0007922619206476844
0.0010150727326698862
0.0012223767302152518
0.0016993017126297027
0.0025151969932642655
0.003818139758584373
0.005680779861428385
0.007912500708661735
0.010019939483338309
0.011404621072311664
0.011689960080748343
0.010906918691403858
0.009417135504624346
0.007693429921681003
0.006135973610727143
0.004967930560418595
0.004249188269690101
0.0038381277920905977
0.0036049777013219806
0.0034683564709181817
0.0033349733363614554
0.0031983734005110766
0.0030658724476942947
0.003204326605301771
0.0032228181815115316
0.00332360887874572
0.003669424552938377
0.004055938668644697
0.004402523826042326
0.005070685736919622
0.005931760690023584
0.006998690052788642
0.008279513144240525
0.009776807302847338
0.011487289509416014
0.013401592662889707
0.015504215145648887
0.01777362736589821
0.020182507620223535
0.022698274913892695
0.025282798778634017
0.02789380529732047
0.030484856992874544
0.03300614530477316
0.035405325909942026
0.03762859092032668
0.03962203101501843
0.04133412953907382
0.042715861137706757
0.04372535427396667
0.04432926587213354
0.04452450098455223
0.044301469785480656
0.043935116710960814
0.043103429651848886
0.0420358159387335
0.04082042168712327
0.03957176971464588
0.03833993572984898
0.03707796427491987
0.03563692207127678
0.033817764269366495
0.03145258465474419
0.028498007585841274
0.025063120487814564
0.021376215618250028
0.017716520835315344
0.014332204068620347
0.011392100611893274
0.008955237620244003
0.0070081123502567354
0.00548341858463989
0.004298841460997422
0.0033791828147483626
0.0026650916192287053
0.002113160059799614
0.0016917094607479847
0.0013808894118990933
0.0011537343691182913
0.0010421185750429138
0.0009233837615228739
0.000851451314562654
0.0009799585854313266
0.001062163959576586
0.0011677081084688794
0.0014125051644866696
0.0016442943553280766
0.0019388102485887553
0.0023061317473480683
0.0027585258579623565
0.0033099285198728416
0.003975232083044838
0.004771068985611936
0.005708728676169839
0.006800927208810719
0.008055638673490323
0.009483613958236718
0.011069195192746727
0.012806987046979981
0.014678145824693779
0.016655326610850077
0.01907758971135454
0.02133835317802832
0.023667676372421922
0.026208949872613792
0.0278370861474594
0.030296312907958353
0.03277435963943596
0.03583135280524262
0.03865406370331388
0.0417104655507206
0.04532993464751727
0.04921854804927105
0.05371501346018555
0.05894785220702163
0.06505696797814065
0.07225070198325474
0.08057956543224579
0.09028269320704166
0.10195913446481883
0.11638251881301433
0.13383480269212022
0.15311189764001995
0.17125083883742281
0.18444812243204445
0.19049790460432908
0.18959419405865868
0.18352753953007017
0.17458967234823417
0.16479281923953337
0.15551689952707964
0.1499337472229361
0.14236983540235906
0.135263496086235
0.12799839808678135
0.12021796785973803
0.11188082266838124
0.10315474793705401
0.09431697113478416
0.08559626934830189
0.07723759875159276
0.0694193389432924
0.06226060024022097
0.05669943895437129
0.05142377721098528
0.047018061283491154
0.04390237926962732
0.041431682925606374
0.039867750478231635
0.03924448397573545
0.039630520598309155
0.04106356840465019
0.0436194946805644
0.04737421162240231
0.05236728255797939
0.05860219766127848
0.06342539816241466
0.07157525696642147
0.08065576304922009
0.09040334316700493
0.10047420065098987
0.11046249550400804
0.11992005033101483
0.12838587547969763
0.13545715224580615
0.14069096888876192
0.14381114152458974
0.14464609545286994
0.14310338821683685
0.13925999850506654
0.1333046334313719
0.12552813094371273
0.11630243098402678
0.10604841220557684
0.09520531454820194
0.08426605083471252
0.07361492441692845
0.06366446311898263
0.05481654381896304
0.04739820372576277
0.041639206760559495
0.037607088612320344
0.03579249797329773
0.03405888271777205
0.03294976715716895
0.03178761336527177
0.03004074375711976
0.02747249983877372
0.024164146122398995
0.02042486585725201
0.01664948504115118
0.013194035141125523
0.01028024197920281
0.007990578342814263
0.0062798308363588625
0.005030044127353746
0.004256353438220794
0.0036476547593142445
0.003195635895658831
0.002886577971328622
0.0028322511549255776
0.0028642920688662244
0.0030803075851965163
0.003503427803499479
0.004156685700025041
0.0050607282073958145
0.0062314989818790965
0.0076775969867905365
0.008794332561653842
0.010689395730317373
0.012827883636929266
0.015164735433824766
0.017643280591511407
0.020188930722941242
0.022713973349231475
0.025120830492085598
0.027310557309925865
0.02918845392905367
0.030677464800961916
0.031692273121523784
0.032179264391115306
0.032100043150741775
0.031448315414057945
0.03056346197876725
0.029062532977805658
0.027259155942965362
0.025426418643318023
0.023469349748394437
0.02163036588944272
0.020007308798090786
0.018739028049853227
0.017923251110586923
0.017639246414940992
0.017779256481693956
0.01851862901780683
0.019919805861363136
0.02199289709488233
0.02470840011267361
0.02828850729936433
0.03270304165053131
0.0385994425873262
0.04711474801292314
0.059400136647011915
0.07539714359321313
0.09275820177674282
0.10717638553758335
0.11469537946255778
0.11396786043928149
0.10638059977928312
0.094428323308284
0.08043463335002868
0.06636203962467323
0.05383728432963236
0.04380249931018265
0.03626080413697612
0.03058011439508125
0.026012834016858822
0.022075392110072697
0.018556527400285138
0.016446853385892087
0.013567138036693047
0.011075931565458148
0.0089793320661649
0.007289254981957507
0.005955564811255349
0.004960936115601173
0.004301659302714219
0.003898995411422792
0.003731433241201316
0.0037791817898214794
0.004016498436659289
0.004387992203274525
0.004881688986005226
0.0054716997502001615
0.006434810117471849
0.007347270177351334
0.008320306335519846
0.009391690036473724
0.010775270874162603
0.012161211270622363
0.01376392241158721
0.015579653423733178
0.017642241264526234
0.020017229896438882
0.02278172911944279
0.024828564469417676
0.028238990229882577
0.03206457363810201
0.03628275966821892
0.040843201020635427
0.04566207864213727
0.050622063015241955
0.0555745483303057
0.06034554908819517
0.06474543998558958
0.06858171395851687
0.07167327543446184
0.07386456049646956
0.07504384656083324
0.07513822672956859
0.07413717920108759
0.07208388344439676
0.0690718941717656
0.0653888461888966
0.06114296395078814
0.056716324951836955
0.05256197311040756
0.04915185414690609
0.04689488118294552
0.04597413645237639
0.04615249164961647
0.04656142680871385
0.046930918952535136
0.04620470838605111
0.04378718823236787
0.03958491769892051
0.033971953576152764
0.027600039381578706
0.021182813646359152
0.01533394023003334
0.010470848400244714
0.006773937005407363
0.004202535259332231
0.002561464998717565
0.0015939761732346447
0.0010578874649577806
0.0007721701780452876
0.0006203881672387164
0.0005367719900312344
0.0004872149999581921
0.0004970723404579574
0.0004941016713164075
0.000503727993460071
0.0005391238680038489
0.0005893982494252121
0.0006578189141156916
0.0007183776512659772
0.0008360706249008623
0.0009917911343459618
0.0011916548061589403
0.0014451220384643206
0.001752461945726453
0.0021180882861320358
0.002540884419835401
0.0030154251885082368
0.003523825303365796
0.0040497244821558
0.004575978484207482
0.005092182959560404
0.0055776535536771026
0.006033928077725796
0.006422407316403509
0.006737159370711678
0.006967384429771567
0.007115851644322605
0.007588111249885695
0.00789937970873149
0.008241517309485653
0.008925804014849662
0.010270289496883024
0.012537345814945613
0.01684212020956479
0.021443950142112367
0.030986934920109486
0.042782926229326994
0.0543331912713979
0.06298601234565324
0.06768081325727533
0.06922053670837336
0.06919222239681992
0.06873204490363186
0.06848559117912108
0.06908914771491723
0.07113921113012811
0.07476421566895593
0.07951126628358725
0.08450401606756684
0.08899565031464853
0.09245605375467914
0.094561814507747
0.0951649221009761
0.09423843732706548
0.09184534122976047
0.08812486638982411
0.08327434626381934
0.07752768053518824
0.07115356729662382
0.06438631055463874
0.059791068913723794
0.05295705673444802
0.046399789029204073
0.04028653102713509
0.034783283791344044
0.029927471265876714
0.02578478384780327
0.022382735256894517
0.019738354031678236
0.01808829447534288
0.016971434393583867
0.01636222748005682
0.016112096121126632
0.016178940710592598
0.016303043553883356
0.016434520142487696
0.016665950258539473
0.017106491333782947
0.01789214596981094
0.019150056781936625
0.02098557864713334
0.023463713225681002
0.026594520113814878
0.03032913576759474
0.03457437419763497
0.037608490922272704
0.04234540622090903
0.047136538861673086
0.05178598532994558
0.05607912061793217
0.05981997975120353
0.06282619780258902
0.06494540170305495
0.06607736112752813
0.06619686294161768
0.06522672184727539
0.06325390499147508
0.06038557146179575
0.05679139453624441
0.05261019385142861
0.04806123609218423
0.043347916900833616
0.03871784998301235
0.034334207908748464
0.030407829816273945
0.027152664447881367
0.02480739586927906
0.02351057113893725
0.023318949504761037
0.024069268510806784
0.025366935316443837
0.0262701153868329
0.027282351572094733
0.027537956614597653
0.026880865982139956
0.025392857340597322
0.0232924573795708
0.020846709659015864
0.018308643637593335
0.015891099879707004
0.013743915967865183
0.011936352544886881
0.010456220444493696
0.009233718023673744
0.008182292156785372
0.007230037048276458
0.006336509984267034
0.005494067363757771
0.004707060721989302
0.003980811022301478
0.0033342679677110477
0.002769833154656965
0.0023252181863438904
0.0021655661084713333
0.0020287469348824203
0.002011589036845672
0.0021675280072944274
0.0024409483172678492
0.002969688292188923
0.003709581271126218
0.004715687419515438
0.006020189888162407
0.007653079973277653
0.009637930139408224
0.011987798827374102
0.014701012596529943
0.01775597509651303
0.02111287832222212
0.02470894425300139
0.028458642101123956
0.0322650447961649
0.03598346255928096
0.03947850941810029
0.04260697913771087
0.045230717276916514
0.04723943924629029
0.04852238019943405
0.0490270440199484
0.048734856305538775
0.047664064923281714
0.04587712142271898
0.04346463389987276
0.04156795819340273
0.03839266896870353
0.034947295929705094
0.03137717079147306
0.027822009938276944
0.024405239101539977
0.021222160033580864
0.018329487833081106
0.015861953629759888
0.01384629609153851
0.012537021448855575
0.012253721421966695
0.013255145157019638
0.015292699553443466
0.01757194450753718
0.019023747152176626
0.018999401224752775
0.01764522211904807
0.015573913334982778
0.0132467748641517
0.010785999518540083
0.008249117762180696
0.005866576534975644
0.003939631139213388
0.002613507071768759
0.0018148374016060953
0.001486242473355587
0.001170095557226516
0.00096478354763399
0.0008119178996570185
0.0006890213334900912
0.0005901298605850335
0.0005100498216718619
0.00044732192114766887
0.0004000644241007188
0.0003677182177116536
0.0003472968738804996
0.0003355012262498325
0.00033151955419300465
0.00033439079696770483
0.000342120018610288
0.0003536602166923349
0.0003684752095082135
0.0003860861777564598
0.00040627336839526174
0.00042874953100375596
0.00045339917317962716
0.00048411064775958496
0.0005225286845559961
0.0005811049427708047
0.0006787503143330759
0.0008365725892590481
0.0009781538692423982
0.0012228389988982176
0.0016305827448733878
0.0022626455615294885
0.003619001490990803
0.006590242258156973
0.012124263742550935
0.020287020534277462
0.029500970256647302
0.036961862243505256
0.04030621633156734
0.0392803234299419
0.03552856898649777
0.03081483713359132
0.025748431010371567
0.020432570548900162
0.015102615537495801
0.01113283441561549
0.010193005126352225
0.013521871196673415
0.020979881785955765
0.030657332558283224
0.03964782807474495
0.04436493185376365
0.044347471430785934
0.041187709592089165
0.038397628058851954
0.03427351830919359
0.02985251169059801
0.025301373356426682
0.021313359333620736
0.018921136971239805
0.01870747336580884
0.020552957352333485
0.023913493989515297
0.0282810233991035
0.033290404000234024
0.03873156313075125
0.04444630441498275
0.0503002601229318
0.05615344893087002
0.061811875564513216
0.06705023433252817
0.07159238877969154
0.0751458114816854
0.07745680379933792
0.07836628840908946
0.07783668934908446
0.0759399419069109
0.0728226944485187
0.06867612509137302
0.06544737696329647
0.06008333470769369
0.05431262774180551
0.04837221764460899
0.042470695608546244
0.03677557566651185
0.03141196234407327
0.026467971607178408
0.022001087146595634
0.018042581987911376
0.014600403688971827
0.011662040399511412
0.009198248323163405
0.007167727174015147
0.0055216421302469445
0.004208784207715412
0.003177719162688628
0.002380665848473263
0.0017823743093167347
0.001329829828667121
0.0009936710449177872
0.0007456786810475817
0.0005652764724662649
0.0004384911302276327
0.00035694029575508116
0.0007032787799782926
0.00081560102574784
0.0010706199802140264
0.0014523896685323199
0.0019895123329755054
0.0029314858159594686
0.003983933400469483
0.005444009278323811
0.007294759295851017
0.009714962647785685
0.01287778181254535
0.01699240147384691
0.022123199901902205
0.02819443807623198
0.0348694740392626
0.04161498902474047
0.047885904440228125
0.0532260428348417
0.05747534869219611
0.06066348383472308
0.06288703656067761
0.06423564672037758
0.06483059829227562
0.0646856313273836
0.06403035990400478
0.06311829140359872
0.06222333404310034
0.06171849800085915
0.0610940053033447
0.06047138148417768
0.05948514884903965
0.05770974795482825
0.054852807465803
0.05089342265014904
0.046082945577580504
0.04078949551904917
0.035374628518919565
0.03011222110402428
0.025213872047573034
0.020849652736580664
0.017152468455799208
0.01417212805845562
0.011855275865466414
0.01007084835295183
0.00866102229820321
0.007494440714891265
0.006483598223742869
0.005580410058771861
0.004761703956368054
0.004018328869897799
0.0033497678417644962
0.0027613252504335877
0.002415148676132962
0.0019669416429262776
0.0016008655858277183
0.0013086867580323308
0.0010793317266614387
0.0009014915619022989
0.0007921185291839395
0.0007063751136859781
0.0006500182398759169
0.0006220310015342537
0.0006199445784165843
0.0006604633417133428
0.0007174563364019754
0.0008038035415145686
0.0009316293837417196
0.0010926407191804144
0.0012972588271918
0.0015491022700823997
0.001849116862078336
0.00219526147928981
0.002579447727983738
0.0032703828499732234
0.0038849277445895465
0.004543277828688911
0.005283930382833301
0.006119991584386807
0.00691720966410571
0.008042412454863892
0.009347809112654046
0.010866213813051901
0.012632993874474757
0.014692474734041746
0.01705972133832491
0.019752453249579055
0.022774234724921478
0.026108487893056205
0.02971454096811876
0.03352595049567473
0.037449379845559856
0.04136748296090759
0.04514366415172494
0.04863010347990003
0.05167766245309028
0.05414619806835529
0.05591561042376537
0.056893175208314925
0.05702462136694985
0.056292300865940496
0.05472374823455244
0.05238531115917939
0.04937930427592471
0.045844774280796155
0.043255528895684785
0.03913941265074122
0.03494806817815156
0.030725197965293268
0.026652249410212426
0.022866420363115026
0.019401242385051847
0.016373743435531805
0.013770085084460289
0.011634368444006801
0.009985687585227799
0.008790301333151049
0.008025042182357695
0.007663523480182031
0.007666691343562239
0.007990613621188108
0.008604488329078926
0.009430494906748304
0.01042054633241875
0.011520744275762522
0.012675830414305443
0.013853216707726134
0.014983384053905714
0.0160474780607404
0.016994712458261427
0.017801782644103738
0.01827421823343918
0.018821733551039978
0.019203349826225118
0.019421160262270695
0.019486314677047128
0.019426976715560228
0.01925477377043872
0.018997356263277455
0.018674139418809268
0.018307868076715927
0.017916200414293964
0.017513582343088547
0.017111334136991063
0.016710557629631608
0.016314533425729565
0.015920291163255825
0.015523577650682128
0.0151172881170397
0.01469417061070887
0.0142469287830452
0.013768400819031414
0.013253056049792268
0.012697298819206932
0.012099662959739771
0.011460825789597732
0.01101321038342642
0.01031205192053595
0.009580018564219318
0.008824690825237128
0.008057296116220785
0.007288256078309001
0.0065310398252990745
0.005797019152436414
0.005096419897142745
0.004437577144127847
0.0038271820554863206
0.0032701443492567286
0.002769511664977595
0.0023315646379540073
0.0019490151904756933
0.0016222151517505524
0.0013500473065879983
0.0011276841167208924
0.0009539114139465753
0.0008224602607246684
0.0007283902218356242
0.0006689180863483239
0.0006410925102476546
0.0006464267710316804
0.0006820789442259158
0.0007419051622291139
0.0007887870806792568
0.0008814466590024889
0.0010098530888973862
0.0012441738372546791
0.0017247237630532517
0.0026431834368522236
0.003984743989255333
0.005556288330843872
0.006916078918636243
0.007635139168347838
0.007642495177663067
0.0072324028666445285
0.006869989641916904
0.006657219065668606
0.006514081704935647
0.006281288940901616
0.005976512180368797
0.005797113599597596
0.005869532246627939
0.006260194223441832
0.00691764534105687
0.007753589827564192
0.008695574450912333
0.009696574883869893
0.010721234245256244
0.011760393763120474
0.012436228816254894
0.013417078829812738
0.014328477723194935
0.015187087340276828
0.01584217012785469
0.016409425990838868
0.0169250591284523
0.017706670646655882
0.019194243395548347
0.021635397861424883
0.024902337682587657
0.028082030998815212
0.029979088197841636
0.029898710033994424
0.028231595332004082
0.02608830625398579
0.024317488763404685
0.022925533027114035
0.021422821559842996
0.01950892965957159
0.017418881938764064
0.015613226811896098
0.014373179506464724
0.013669709508038603
0.013305647195724213
0.013139270248912562
0.012903202274844877
0.01261565699102784
0.012245544218835813
0.01178608524921614
0.01124671052924496
0.010652112245220438
0.010000375754100737
0.009321426392018087
0.008639574914064542
0.007979085922235266
0.007357696475151668
0.006804337376783627
0.006311078950015342
0.005893770242445428
0.005555435162499958
0.00529517358042882
0.005108838134420083
0.004996095490833006
0.004939298930395228
0.0049316302435147025
0.004963157589417026
0.005023049415297847
0.005099846477973061
0.005188921148013311
0.005270235194950369
0.005317505225607648
0.005371385672961155
0.005397801823870119
0.005390438201167957
0.005345248840772379
0.005268739463349723
0.0051475383541104295
0.0049892849795306095
0.0048017801813767975
0.00459098952473062
0.004370104257296167
0.004145062741425554
0.0039258056566766454
0.003736816324313221
0.0035659113893836266
0.0034279445017277687
0.0033278064233749154
0.0032686393453335676
0.0032564158573351975
0.003285148044635911
0.003352026276726923
0.0034535567144231096
0.0035822343657547864
0.0037414578565217985
0.003919613820643219
0.004124455255755989
0.0042845516107534376
0.004578030632234353
0.00495645219251243
0.005435551723446974
0.0059776185588300374
0.006513482862949246
0.006951665555803061
0.007190505355489363
0.0071971782131670815
0.007000184439501882
0.00667726801257246
0.006319433202894277
0.005986452561171978
0.005697995364213517
0.005428994399688699
0.005131715234095952
0.004733495201749581
0.004254510902143699
0.003777513230895568
0.0033957094342487847
0.0031446223610304296
0.0030066096765963652
0.0028959976534848023
0.002799635961602899
0.002738687933066133
0.0027476154414425957
0.002804225208838138
0.0029577394302915676
0.003169933913229131
0.00346105170999995
0.003793106400546705
0.004207407032803682
0.004754665418367
0.005493322377184721
0.00646808202586402
0.0076316310671512505
0.008871766223675222
0.009977671227299848
0.010761738087729487
0.01111876513429313
0.011065854043406789
0.010709066020726361
0.010173515977441846
0.00956545428197099
0.008941030313201936
0.00843047132541932
0.008241459798154277
0.008579907122049228
0.009461950443129134
0.010544101793592274
0.01123932488409818
0.011257471512557795
0.010603844281760855
0.009541961038009562
0.008605503748629577
0.008010305744107861
0.007571127825875016
0.006968258151530134
0.006097557035448453
0.005134301844317154
0.004309492998319988
0.003766090800211142
0.003494596828154169
0.0034111735826252787
0.0034359886668234156
0.0035221406043029328
0.0036497227043182814
0.0038113970349535026
0.004010059205150932
0.004230410393934647
0.004469919820776918
0.004719206847740236
0.00496723320558691
0.005202475585832129
0.005410208772039666
0.005578924816053421
0.005700078017623906
0.005751166474770171
0.005779813605358076
0.005747189797757943
0.005649032253030467
0.005511060137191203
0.0053079796568571355
0.0050752557874617615
0.004874182329972985
0.004790170225183579
0.004913404840536422
0.005275319046877543
0.005746676129407749
0.006102723972814175
0.00613384007515765
0.0058147666288727055
0.005337767167942326
0.004953808599391727
0.00477228869604942
0.004933567508041937
0.0049587686092592564
0.0049434949301285095
0.004961919704281168
0.0051343852965093535
0.005606118305518272
0.006316503798463979
0.007238887154939992
0.007967749524986092
0.009229978086724365
0.010701872837173032
0.012427432230908404
0.014478495403054611
0.016930915968496732
0.01979871291065283
0.022950071062626094
0.026072304608874133
0.02880968824731374
0.030972192745159426
0.0326452489108289
0.03405008507080568
0.03531196376529602
0.0363263421413474
0.03688048398073571
0.03677946716726306
0.036044218813316785
0.03480867762733629
0.03329913661623664
0.03148632503804393
0.02946791259392303
0.027272113688376287
0.024967710649075315
0.02265824454372561
0.021162455204402457
0.019163073230256667
0.017469391478397316
0.016260509721111194
0.015581270536844912
0.015338859875651815
0.015310008659581206
0.015307875945228248
0.015318526033066094
0.015506704627141767
0.01605349220262924
0.016973534036947818
0.018102305278036517
0.01922198299035265
0.02020259361771077
0.021031823481487893
0.021742036135697394
0.022333593841432138
0.022759990977460315
0.02295585653710888
0.022870667346221268
0.02248256185307834
0.021794444605540766
0.0208469474259497
0.019675322069123456
0.01834958344445782
0.01742047881603988
0.01602549829429002
0.014702219497899034
0.013514640558033524
0.012463315270787029
0.011508144566218506
0.010575503390452743
0.009605620109971883
0.008582026580936984
0.007533704960612369
0.006517914672034602
0.005601330476315137
0.004821564036143056
0.004254283401174781
0.004039808415364872
0.004375298095462132
0.005378395907962173
0.0069944791480905585
0.008511648479245326
0.009300146966068444
0.009063062251896582
0.008132736714268202
0.007225644606811137
0.006930892158731763
0.007125306319197529
0.007440863144386777
0.007534301031824015
0.007456272065970857
0.007339164320313656
0.007477833953273365
0.008053955811853102
0.009054356859901169
0.010362487793372727
0.011851344556238175
0.01351809913997037
0.015157426191324742
0.01675483862948974
0.0182854556859565
0.019683936887626804
0.020925259422881932
0.02204266733153821
0.022953334704243367
0.023698000632601145
0.024292751812821596
0.024727065274872846
0.02499311243639841
0.025082081388908925
0.02499367064130553
0.024760135795397147
0.024437407127381957
0.02408582642761016
0.02385709957681142
0.023532676698072057
0.02322169964682325
0.022894413032821224
0.02252634477440629
0.02209972786957607
0.021602316758359674
0.021021380566698684
0.02034135908613139
0.019552340089937018
0.018644117937072595
0.017626477325311214
0.016526258862317803
0.015377034113741634
0.01422325085019392
0.013102167426500316
0.012025638286983758
0.010980270955932857
0.009939152703369184
0.008876397004025073
0.00779764063106077
0.006779670711140609
0.005814373001950287
0.004970305905301857
0.004260626144163725
0.0036809835715185778
0.0033489440981697696
0.0029417275862788175
0.0026165099688491037
0.0023960631890971424
0.0022926568802458173
0.0023130850116262224
0.002446081814655584
0.002675806600731346
0.0029839475732731957
0.003356594320711514
0.0037762831308551614
0.004235563038779242
0.004732130331426223
0.005267381909769737
0.005841033660373971
0.006441404091190405
0.007042132600071224
0.00758229059047871
0.007997928719848627
0.00823519189398485
0.008270814836411232
0.008125519641533898
0.007845566352805642
0.007476991588333213
0.007045641623492181
0.006555589590620722
0.006194770347364562
0.005606367512641691
0.004979636800603107
0.004397685824301455
0.0038245132204480503
0.003309621433946814
0.002873333921769815
0.002522961673204148
0.0022657458362009717
0.0021205377610104877
0.0020603031195968943
0.0020929595385459857
0.002229475481915061
0.002474347695251973
0.002832669274599081
0.0033054659240018057
0.0038869480649343546
0.004567176102695597
0.005328481139638528
0.0061461354981583475
0.006995180755523398
0.007872254061511536
0.008779334601457788
0.009732971468902302
0.010792522219125402
0.012017041527544972
0.012910475042308812
0.014256746232600672
0.015368274052137474
0.01596809185640433
0.015986342321102534
0.0156493941065263
0.015307005055153217
0.01514673971716832
0.015067802309562749
0.01476883027254603
0.014026995592781722
0.01285494092450978
0.011473980833722143
0.010144252156111186
0.009016083628014178
0.008099454346004165
0.007311560543172503
0.006585467396461856
0.005896587953042906
0.005263455098819665
0.004720002014445944
0.0042890888881611956
0.003970954247797699
0.0037472637247094823
0.0035925563565863965
0.003514703949866978
0.003420410007781626
0.003341118630611559
0.0032652294969133674
0.00318651200595856
0.003100185193440463
0.0030037302594926422
0.0028945175617353523
0.0027721617857079666
0.0026369465264966447
0.002496965074414578
0.0023450097935004874
0.002222226767723245
0.0020798377523775953
0.0019468045230608127
0.0018299077083139817
0.0017349600362571028
0.0016731295344388675
0.0016579556121104609
0.0016753232168908163
0.0017397810169497245
0.0018554198889091968
0.0020249065557354953
0.0022490456071546966
0.0025387849565313755
0.0028732540579429373
0.0031279536068565808
0.003536392349437218
0.003975735117137265
0.004434572290883626
0.004898144236339915
0.005356644950799721
0.005784249391172794
0.006172750017900007
0.006512928530721514
0.006807685010470099
0.0070734665648881515
0.007340754684448018
0.007644526804932524
0.00799437618679099
0.008339002322312442
0.008623423911529001
0.008661340747355433
0.008457768075900604
0.008116379728260278
0.007789137320746464
0.007576954550477182
0.007492594350326883
0.007436181637099252
0.0073291726982719465
0.007165586639779852
0.006995333029715835
0.006914744767474555
0.006867448288337305
0.006922058056883757
0.007064366838071178
0.007270831268350799
0.007521820159081105
0.007800213431768429
0.008092175372789577
0.008376950405376102
0.00863966792205254
0.008862341951854672
0.009030497098854062
0.009132292546824712
0.009159383935205875
0.009105813189092192
0.008969590370876563
0.008751302190365729
0.008452966916182619
0.008078907203020907
0.007637203259041014
0.007140399780687478
0.0066049276153485326
0.006050274801852928
0.005502662772897284
0.004963171248296618
0.004615391110826088
0.004117789231175796
0.003654079952341348
0.0032296157842376847
0.0028496388746629187
0.0025219995351503572
0.002244907546520298
0.002019165436142998
0.0018448685373353697
0.0017194913838229338
0.0016390882726039352
0.001599130641424976
0.0015947865887763347
0.0016271480394846262
0.0016904890719504127
0.0017868619577214476
0.0019202974948658012
0.00209773928280169
0.002326573976136264
0.002605856348452369
0.0029382148401148425
0.003282145516016385
0.0036211096761517634
0.003957481435339007
0.004305002861925417
0.004645282839927609
0.004825405946857928
0.0049328681140471085
0.00474773827594817
0.004290062521307287
0.00370966286934756
0.0031887667524506673
0.002821638799687344
0.0025713025244098672
0.0023249545703513145
0.0019956744819792298
0.001584033913846062
0.001161928319072357
0.0008080009319378178
0.0005581475106978499
0.0004025467674351382
0.000310754583879305
0.00025548560005130857
0.0002195935327186131
0.00019504415528199103
0.0001780250223394168
0.00016650279746262926
0.00015903866001830847
0.00015447724131444334
0.00015184246384936277
0.0001504161736314281
0.00014955347914520783
0.000155220670672659
0.0001584716597908071
0.0001623860366161633
0.00016787001318560512
0.0001754240377900305
0.00018580195132608204
0.00019968853593368654
0.00022095639642594049
0.00024725894363744144
0.0002797482680845427
0.00032022344677699573
0.00036938059944133526
0.0004277121755759008
0.000495227931857024
0.0005714682300787491
0.0006554856411133361
0.0007493107157187628
0.0008461016441880819
0.0009482103705325073
0.0010477648230909772
0.0011439582008660172
0.001235565994904916
0.001318541185579644
0.001394356955370358
0.0014590086892357576
0.0015204689130095298
0.0015543615351582734
0.001599980479853033
0.0016437031005540332
0.0016874404772904063
0.001731609624138359
0.0017725580573853441
0.0018052380446772777
0.0018336290150129573
0.0018545020692718294
0.0018937546097811296
0.0019735604269036687
0.002142711550400427
0.002466213967725116
0.0029984446776829122
0.003723717916062222
0.0045004063115071
0.005082259447255808
0.005252975360623267
0.004986829356667171
0.0044762368277179165
0.0040028803602332455
0.0037632633979699233
0.0037571043344396134
0.003844296540515517
0.003852001185641509
0.0037698739819660423
0.0035091037654810535
0.0031522359895392923
0.002782622232801913
0.0024703211008539664
0.0022503135074052254
0.0021407360271286898
0.0021310654846421104
0.0021787312794494303
0.0022607353646749376
0.002321670940127189
0.00236679405596111
0.002416471294992745
0.002487135945317034
0.0025912732973971337
0.002726005913990815
0.002896196488783682
0.003082051867585043
0.0032810023440012306
0.0034942104403208026
0.00372080380831024
0.003956965387691516
0.004202322681918467
0.004456005982915319
0.004713278961557057
0.004973482737678182
0.005143494076458595
0.005390683390487158
0.0056230008007876
0.0058335616148633435
0.0060152732026526
0.00616131072747368
0.006266396204261444
0.006324059530198672
0.006330894710900596
0.006284875732439583
0.006186076178029627
0.006036403127981825
0.00583942980019202
0.005600555402023349
0.0053258255229770264
0.005022959960544436
0.0046997997906110854
0.004363806772698685
0.00402136560002783
0.0036854218228853344
0.0033500838528818296
0.003023766758788671
0.0027196017122278105
0.002441304154454599
0.0022142692682337248
0.0020366147178549703
0.0019556551315025755
0.0019048665112655387
0.0019299208104266768
0.0020190520472285474
0.0021365176774239994
0.002243017657423698
0.0023021056935558144
0.0023094076509670752
0.002291601487817861
0.002294818248914688
0.002361352009348221
0.00250570996581416
0.0027352793912174744
0.003040596250854411
0.0033918834217143766
0.0037298078295246364
0.003975782110376207
0.0040704192009375735
0.004023875363374687
0.0039032171164823585
0.0038056894072281164
0.003785839783668001
0.0038315780664451467
0.0038810786871398433
0.003866509678741297
0.0038039840610577
0.003639496533156651
0.0034286556438771136
0.0032151739474667426
0.003023599783083558
0.0028558483213300583
0.0027026315360132716
0.002560670068017892
0.002417659405501954
0.0022750208655253016
0.0021454145696736945
0.0020151930111968687
0.0018906917022603472
0.0017901751394713292
0.0017019665469097944
0.0016285757351340367
0.001577688094797748
0.0015583630087460235
0.0015704359030130335
0.0016175978045415648
0.0017046689655549356
0.0018457224361777716
0.002046468262568039
0.0022847606682602946
0.0025751551733311138
0.0029109030510655613
0.0031583086809144705
0.0035615185775276737
0.003997273828805726
0.004457235701612281
0.004948794314135729
0.005443438830521275
0.005932873547951225
0.006412279806372854
0.006873539345772528
0.007308490470902102
0.00771095054384006
0.008077997974318733
0.008402347141069442
0.00867978232057412
0.008907016300595228
0.009079220567053061
0.009193654211003282
0.009244753551778352
0.009230937812955796
0.009159446261073118
0.009029754168950927
0.008852979128402726
0.008644267723602867
0.008419619330898942
0.008191190464759574
0.00795704812533043
0.007799248191659712
0.0075171691733752445
0.0071618936090887255
0.006715494837473519
0.006187100452152737
0.005615939073526005
0.005054364861232159
0.00454702118801572
0.004122553018189118
0.0037643703755769146
0.003469702279187309
0.0032015535746693115
0.002960265249028191
0.0027477937054119577
0.0025732782645529113
0.002444568031434307
0.002367007054751519
0.0023405080030598465
0.002391875181082301
0.002482502909885393
0.0026214265677965715
0.0027989355692416146
0.0030068083086129144
0.003228001553921933
0.0034592390304728593
0.003618115514901579
0.0038736832970342767
0.004134309581492106
0.0044063506173809735
0.004688964463476774
0.004975924634461763
0.005262522703611474
0.00553462706692929
0.005785385309172223
0.0060082551152665685
0.006199709107528644
0.006369081372342595
0.006509083740174057
0.006626694868514333
0.006740907624730269
0.00688372048737255
0.007089941188848904
0.007364414845865738
0.00764675415121872
0.007820740330610516
0.007762340533408885
0.007448828700836638
0.006978515121988243
0.0065106765083651225
0.006169313021343107
0.005984275190846017
0.00591826010656789
0.0058310090171421755
0.005673641565562123
0.005402099876338643
0.005052337324386105
0.004693079776960744
0.004378506214968658
0.00414067505184692
0.003946472356513262
0.0037861099176578986
0.003648365493642545
0.0035248955901025273
0.003416335738803423
0.003326078777313649
0.0032577239663101488
0.00322210592541392
0.0032140005029451424
0.0032357210142031426
0.0032944324518607722
0.0033844571243399624
0.0035025230337003437
0.003645771620375461
0.0038087604296539517
0.0039844235562881926
0.004164485741262398
0.004340114504170673
0.004452260552979972
0.00460642382794122
0.004736245472465169
0.004840797380216418
0.004920574312315987
0.004978204673241769
0.005016329932101082
0.005034827297254338
0.005027411132500368
0.004982022687481269
0.004882109122573095
0.004719023694226123
0.004496142536898764
0.0042396713454913495
0.00398162272143057
0.003757604204004093
0.0035790751049956256
0.0034258319340042804
0.0032484998858284706
0.00301132780713243
0.002710627783457969
0.0023840044552048923
0.002081763703802876
0.0018421398074064386
0.001675291195631597
0.0015662161414562094
0.0015083649664250414
0.0014252256911953243
0.0013386704247741977
0.0012558645382244283
0.0011926014235015226
0.0011599471217209278
0.0011586241049836795
0.001182789520228229
0.0012219646321837585
0.0012704104956686897
0.0013221700065973042
0.001376564433223672
0.0014285037584431959
0.0014777112799589593
0.0015234330350449863
0.0015636115042661307
0.0015940991565300655
0.0016141384654339006
0.0016129305654887782
0.0015916919563835703
0.0015524029417398654
0.001503804346919992
0.0014527680329026566
0.0014076396935526838
0.0013747975419700067
0.001358981817359185
0.0013416221325639576
0.0013299672432699726
0.0013235289555702295
0.0013231695664480258
0.0013323342026045563
0.001351368181364273
0.0013820012217278332
0.0014253205710691396
0.001476659633525139
0.0015336009053775722
0.0015935678998590381
0.0016533670725493027
0.0017121284925283523
0.0017641450801826753
0.0018081903148549172
0.0018428251599073475
0.0018675847058776418
0.001880721209648859
0.0018833995543593718
0.0018773705143293974
0.0018649354338322128
0.0018636990330310758
0.0018459127426243293
0.0018204022226898477
0.0017940391516605453
0.0017775485688239295
0.0017583127248264221
0.001752572533011678
0.001770495040018108
0.0018258653385675363
0.0019388759781668423
0.0021553053873350544
0.002530436670720881
0.0030608506410305294
0.003668144867689882
0.0041933173939763205
0.004487084989542272
0.004510169585650841
0.004370719899341384
0.00424748313255741
0.0042810086494286794
0.004502943039335884
0.0048443466074274116
0.0051770151730899956
0.005378576226466533
0.005395554313463589
0.00526150981701169
0.0050595985864973205
0.0048617185308218
0.00469560570684961
0.00455141669662518
0.004455451912108159
0.0042946207793383515
0.004100402543917954
0.003868518089647116
0.003605283216702357
0.0033232468197641426
0.0030348837723343587
0.002767004626364854
0.0025357730493138805
0.002397510126300761
0.002439812027336948
0.0027563341839160166
0.0033676489353880092
0.004130606998841486
0.004739439673740668
0.0048835163851677285
0.004455181788389946
0.003630808548181213
0.002758365488517159
0.0021448118795549045
0.0019220030120095874
0.002024972938918373
0.002253103154151259
0.002366448848559277
0.002220878590328399
0.001983682312006067
0.0015123165440459189
0.0010410811973445343
0.0006739491807580808
0.0004352962061980807
0.0003017527986008
0.00023640699358839435
0.00021378034542039913
0.0002174228071694966
0.0002386826627359018
0.0002717906380522327
0.00032619920830780075
0.0003813939677055706
0.00044744580955676275
0.0005206943139049843
0.0006036363829884289
0.0006971558980489285
0.0008085160771082393
0.0009317750494163161
0.0010710824027395142
0.0012293159192419511
0.0013976692754849576
0.0015753311249147115
0.0017687453763446394
0.001992929459636443
0.0022406732873846173
0.0024213860267441357
0.002716226821531148
0.0030250167101493956
0.00336417505377465
0.003771223139939
0.004282040651777484
0.004877647145673833
0.0054540227077730825
0.005846848418078372
0.005952976472962066
0.005794440194334598
0.00550717797684641
0.005251486199603402
0.005128209470257101
0.005148107835339523
0.005242795842603805
0.005302339519666665
0.0052283277076408405
0.004991694352924742
0.004641260255498974
0.004263866684211258
0.003928504859590634
0.0036555106426507983
0.00342953554495583
0.003222740800352503
0.003012223670563898
0.0028623579958121847
0.002622241392202178
0.002371759971994172
0.0021231011815642416
0.0018922849628355577
0.0016945135021314633
0.0015238446644263936
0.0013801766199551058
0.0012554542997637557
0.0011437172277794468
0.001042381490448487
0.000953884222128631
0.0008835302869529185
0.0008344898295454119
0.0008125541427593189
0.000813868797004732
0.000837743930330251
0.0008814826856843683
0.0009415476059448077
0.0010145710360768775
0.0010968409988847824
0.0011858506604993048
0.001277898883188836
0.001369578966628358
0.0014577491162362434
0.0015396255212012622
0.001589295338627494
0.0016544876963229204
0.0017066469886326701
0.001743872010952446
0.0017650543498915177
0.0017696392266504926
0.0017576573294293444
0.0017294225272832702
0.0016859747069475598
0.001628653215684197
0.0015594954772974385
0.0014798402138645477
0.0013919144543373882
0.0012988330289076377
0.0012014444233612947
0.0011025249268035576
0.0010038282091959718
0.0009075529914293837
0.0008152852816003715
0.0007288660989101157
0.000649082035439394
0.0005769748875334379
0.0005137267518822397
0.00045913287674188304
0.0004134399099456925
0.00038795458807890543
0.0003576638763843439
0.0003375043304886643
0.0003257814712818117
0.00032557961488703625
0.0003331616440277493
0.00034516909624892
0.00036326653122550353
0.00038609708064219053
0.00041530220162566423
0.00044988675792093124
0.0004953254869578982
0.0005512847729300848
0.0006256190521332335
0.000723978527140375
0.0008522750684960335
0.001017041033874183
0.0012186640161762328
0.001447115995889306
0.0016778675780308742
0.0018822770951501088
0.0020348648669785163
0.0021269852073858833
0.002174830516763043
0.0022126966063183836
0.002278343760781015
0.0023490349152580484
0.002491358966636502
0.0026428846736152793
0.0027410630007753374
0.002740820121294315
0.0026365466271653856
0.002460239433129391
0.002262932129771983
0.0020859368216503684
0.0019488658902796785
0.0018491818432278767
0.001768715117988892
0.0016809091157772911
0.0015693912544607748
0.001451070225748362
0.0013177808585383797
0.0012003789714535235
0.0011044398691862516
0.001034259475299879
0.0009888827940503684
0.0009683037832598257
0.0009872280940710248
0.0010467693154445471
0.001166215740720708
0.001359650875106902
0.0016479370173830136
0.0018997721849118847
0.0023610881122251045
0.0028876540142675875
0.0034111520561984753
0.003853516475937323
0.004149687067124998
0.00428301457329464
0.004294743268834208
0.004261673091190131
0.00426058000940216
0.004335393778084711
0.004481834847554525
0.004656541117051353
0.004792132015468584
0.00483430767005523
0.00475883936957735
0.004576301878386364
0.0043229417692795145
0.004040725607526877
0.003761622730189952
0.003501070741848309
0.003261464215624787
0.0030365345719930094
0.002822656003024845
0.002613833659605564
0.002477765131153884
0.0022791963173268317
0.0020894117452043373
0.0019109691926720422
0.0017462203869624971
0.0015969777172782356
0.0014638891290484775
0.0013479304142950046
0.001248533695060546
0.001166009830371615
0.0011003425053428923
0.0010508275135060374
0.00101541444136679
0.0009903912427401739
0.000970771083400703
0.0009509659091066698
0.0009265602626609721
0.0008961022154437795
0.0008650982073140034
0.0008353599865712425
0.0008162230401621028
0.0008166190135323837
0.0008431094039890757
0.0008977039836104225
0.0009718030139207754
0.001047598279723149
0.0010868233203011875
0.0011125795529608785
0.0010840398836517075
0.0010037655030164236
0.0008924000043200205
0.0007805947408944839
0.0006967840734579059
0.0006566422867193821
0.0006566114905091638
0.0006808020796922697
0.0006999327783533451
0.0006941920938811333
0.0006539378337144918
0.000586772698081465
0.0005080978253992638
0.00043749723050085735
0.0003881380629146756
0.00036399585499947355
0.0003610671376696295
0.00037128748781355863
0.00038672230580372126
0.00040233757771259576
0.0004167274815152818
0.0004311099078740378
0.0004480015548527863
0.00046857716901602705
0.00048478463782583814
0.0005123994414778816
0.0005433944755196522
0.0005768361652601322
0.0006113133823120624
0.000644221256034131
0.0006712210870795662
0.0006866599280369242
0.0006851918850911983
0.0006639347949468389
0.000623899808315304
0.0005697518605380991
