Y :22.0% Calcite, Diffracto n :309
Y :2.0% Gibbsite, Diffracto n :692
Y :73.0% Dolomite, Diffracto n :483
Y :2.0% Hematite, Diffracto n :958
0.0
0.0
0.0
0.0
0.0
0.0
0.0
0.0
0.0
0.0
0.0
0.0
0.0
0.0
0.0
0.0
0.0
0.0
0.0
0.0
0.0
0.0
0.0
0.0
0.0
0.0
0.0
0.0
0.0
0.0
0.0
0.0
0.0
0.0
9.033443646370595e-36
6.991128134900474e-34
1.1867629298604054e-33
1.952910821620277e-33
3.115318579229004e-33
4.180388776761805e-33
6.331974520781524e-33
9.297430723761314e-33
1.3233902691119525e-32
1.826055628260031e-32
2.4425363682502171e-32
3.1671521793132454e-32
3.9810494322910435e-32
4.850950520707012e-32
5.730026697272445e-32
6.561254177141466e-32
7.283118666385943e-32
7.836968624157516e-32
8.174833562678944e-32
8.266272377764104e-32
8.10289807372151e-32
7.699646820496158e-32
7.092525232735696e-32
6.333306734114947e-32
5.482259574417112e-32
4.6003469824113587e-32
3.742310489169399e-32
2.9518393210911885e-32
2.2588632144791235e-32
1.6780453278227847e-32
1.2093417488436932e-32
9.54713204347338e-33
6.507838954714407e-33
4.289778519487109e-33
2.7414716353843007e-33
1.700795209179443e-33
1.0239193982922291e-33
5.9777652444875435e-34
3.383329738912902e-34
1.8563174075935673e-34
9.873207501829156e-35
5.090517336963517e-35
2.544269265464498e-35
1.2327119401029232e-35
5.7897178435979795e-36
2.6360299918232533e-36
3.618320107589338e-35
3.3871005883818913e-34
1.9235398116820502e-33
7.188381271943132e-33
1.763202381523587e-32
2.836276698311728e-32
2.991017574758495e-32
2.0675532311107906e-32
9.367311443759637e-33
2.780938920329517e-33
5.407380016401338e-34
1.4341684144204251e-34
1.375135442234963e-35
8.614889569803543e-37
3.5218954780389004e-38
9.384787099528294e-40
1.6324016182402243e-41
1.9774835624627247e-43
5.004240583992688e-45
9.109772027345041e-46
2.1662406138548093e-46
5.027704649698547e-47
1.1312688875826089e-47
2.467496477345512e-48
5.217246932744664e-49
1.0693509663631846e-49
2.124677574762693e-50
4.0922255897646795e-51
7.640464017698695e-52
1.3828446952631154e-52
2.4261656865970743e-53
4.126299511404689e-54
6.802901044872932e-55
1.0872277798957704e-55
1.6843788407411945e-56
2.5295992938548008e-57
7.024610626653675e-58
1.0016633391287945e-58
1.3845660085123416e-59
1.855230103291493e-60
1.497290389775638e-37
2.3485133828116648e-37
3.5998944887355545e-37
5.392575510498408e-37
7.894278227405309e-37
1.1293754754210682e-36
1.57897046760999e-36
2.1573439552467958e-36
2.8805439614591412e-36
3.758714622407753e-36
4.793071745563077e-36
5.973078695342645e-36
7.274317855378958e-36
8.657570596135045e-36
1.0069537874743302e-35
1.1445447257179756e-35
1.271351756768207e-35
1.380093203244794e-35
1.4640666132991468e-35
1.5178294935752825e-35
1.5377823376333468e-35
1.5225672354389943e-35
1.4933011665592873e-35
1.4229137186288997e-35
1.3250109249943713e-35
1.20578556995721e-35
1.0723348878142003e-35
9.319669678908698e-36
8.819919996494777e-36
3.975667977314296e-35
7.578546214813047e-35
1.1347599400001649e-34
1.6884272101995556e-34
2.4787665165230214e-34
3.5709325015275696e-34
5.039789229168839e-34
6.960242956766977e-34
9.400658321436204e-34
1.2413118112967365e-33
1.6022275717232445e-33
2.0214058492676364e-33
2.492592301409777e-33
3.0040597622700407e-33
3.538515856514027e-33
4.073680576176262e-33
4.583584488903372e-33
5.040525131709387e-33
5.417498301219269e-33
5.612476744658756e-33
5.8062968730769916e-33
5.8708053165589074e-33
5.807832155511693e-33
5.621524482306167e-33
5.3361847703274115e-33
4.9870582236144166e-33
4.6179340428008485e-33
4.2705738332557664e-33
3.9689194695043355e-33
3.705369054731353e-33
3.4403751594833785e-33
3.1215807604441156e-33
2.714782851522842e-33
2.2272336354023036e-33
1.7068481472155173e-33
1.2182731824804286e-33
8.138881660967568e-34
5.228977977216284e-34
3.549716640904756e-34
2.5390561669580695e-34
2.1554840384557184e-34
2.2436328759909664e-34
2.7233967077246584e-34
3.573421308409558e-34
4.806838058563549e-34
5.855194575332912e-34
7.785726666037296e-34
1.0157241849899014e-33
1.2959999209055252e-33
1.6150958451480076e-33
1.964762675411384e-33
2.332651576675095e-33
2.702722584539558e-33
3.0562428990027572e-33
3.373302605053964e-33
3.71917121143888e-33
6.11914231872405e-33
1.1751930631562541e-32
2.3434088006615412e-32
4.7110982620513473e-32
8.913569288677729e-32
1.537286415030416e-31
2.3845028533877713e-31
3.3077756685875293e-31
4.093611614549608e-31
4.514651905397527e-31
4.43462703193089e-31
3.8787612640209853e-31
3.0205412511423304e-31
2.094264111176792e-31
1.5381317489909981e-31
8.790655080581357e-32
4.476930784593415e-32
2.0380730248059444e-32
9.632938691324412e-33
5.8912180346702976e-33
5.7773320489800984e-33
8.004843191871207e-33
1.2119595212616462e-32
1.8258115369860382e-32
2.680529883884065e-32
3.8197001347599123e-32
5.278730957280425e-32
7.073537772469031e-32
9.190190267457945e-32
1.1576658872953035e-31
1.4138681557845566e-31
1.6741712986124162e-31
1.9220094442787699e-31
2.13931908463734e-31
2.3086601876189116e-31
2.415510545502264e-31
2.450318098673995e-31
3.482070547379585e-12
5.437578957567961e-12
8.298188907121197e-12
1.0859712506871346e-11
1.594944663793515e-11
2.289194227577793e-11
3.210919331077641e-11
4.4013497205096125e-11
5.89592691583447e-11
7.718413395940519e-11
9.87446807515735e-11
1.2345512257616944e-10
1.508392104340033e-10
1.8010638787334595e-10
2.1016176767458605e-10
2.3965585268503783e-10
2.670742987254552e-10
2.9086126220722356e-10
3.095632536252988e-10
3.2197537022426315e-10
3.272695733830814e-10
3.2508605473389477e-10
3.155736840808689e-10
2.993732212627541e-10
2.7754592246354995e-10
2.514585938826005e-10
2.2264238446151705e-10
1.9264553020145952e-10
1.628995031344769e-10
1.438169778877218e-10
1.1703628611210311e-10
9.307662687923467e-11
7.23386617948199e-11
1.7221985293234272e-09
2.6415028284788322e-09
3.9941436766557765e-09
5.927144910551757e-09
8.61311529347794e-09
1.2243531850498804e-08
1.7016260064001987e-08
2.311676622253053e-08
3.071174607580342e-08
4.039979864064547e-08
5.1684575248804655e-08
6.442543109747971e-08
7.859381837688392e-08
9.386456017079434e-08
1.0979373579800167e-07
1.2584453830634452e-07
1.4142723378282836e-07
1.5594862820945078e-07
1.688641907294486e-07
1.7972490935648744e-07
1.8821146523402992e-07
1.9245852899155003e-07
1.9667373648970815e-07
1.983583435552228e-07
1.976638017916054e-07
1.9480228634980468e-07
1.9000921304712102e-07
1.8351378578931784e-07
1.7552242965115332e-07
1.6621649046388348e-07
1.5576203184603e-07
1.4432682196023205e-07
1.3209829935953128e-07
1.192966485505791e-07
1.0617886810687304e-07
9.303230349006957e-08
8.015881607468592e-08
6.785289890070547e-08
5.637818406698272e-08
4.594678280566697e-08
3.670492214325221e-08
2.8726764744846883e-08
2.2016571874589182e-08
1.6517895275636028e-08
2.0822069233479842e-08
2.640309838530802e-07
4.982268444588553e-07
7.071561176530154e-07
1.0818034668999467e-06
1.62106164787688e-06
2.3766038296933935e-06
3.4071648148073713e-06
4.775381549495954e-06
6.542700609795998e-06
8.762342506125424e-06
1.1470667898684989e-05
1.4677714118105055e-05
1.8358088649979128e-05
2.2443721170535993e-05
2.6820082600880994e-05
3.132729428890068e-05
3.576703808234221e-05
3.9915375614011994e-05
4.3540607821263305e-05
4.642433271716854e-05
4.8383098360560495e-05
4.9287685704956416e-05
4.907720835259437e-05
4.776589155837299e-05
4.544148169077764e-05
4.2255533283828305e-05
3.840706772947162e-05
3.412205127976212e-05
3.113740661414169e-05
2.6631789193050208e-05
2.2264581911948626e-05
1.819386579968494e-05
1.4532208404522468e-05
1.1345780431687974e-05
8.658311191825734e-06
6.458445367412341e-06
4.708891539356483e-06
3.3558704514065402e-06
2.3516017300585323e-06
1.6149659474206724e-06
1.0970239677965094e-06
7.483179318580043e-07
5.283000035722146e-07
4.053273786517605e-07
3.556898002157836e-07
3.620492520134011e-07
4.116222204048308e-07
4.943792665909215e-07
6.014840055980638e-07
7.241422034062887e-07
8.529738171462126e-07
9.779495221591673e-07
1.088848654875726e-06
1.1761074581928188e-06
1.2171581272689184e-06
1.2488059656766692e-06
1.2421058262872472e-06
1.1976083861194976e-06
1.1193171660443664e-06
1.0140720228184887e-06
8.905524862290626e-07
7.580961470117007e-07
6.255508569904531e-07
5.003504484986048e-07
3.8793520202670687e-07
2.915528298755004e-07
2.1239705021521348e-07
1.4998673013193002e-07
1.0266687041546635e-07
6.81209878865889e-08
4.381317003090033e-08
2.7315021174823706e-08
1.6507128446147504e-08
9.669736599354885e-09
5.490740034812419e-09
3.0221794219557696e-09
9.93425795718595e-07
1.5728799871187902e-06
2.4354817128056913e-06
3.21878416033558e-06
4.7980264676993934e-06
6.989712877010235e-06
9.951097238782515e-06
1.3845033015544121e-05
1.8824665924164723e-05
2.5013269080263275e-05
3.248055296672494e-05
4.12179245444838e-05
5.111620000391588e-05
6.19499176727679e-05
7.34253634565759e-05
8.50148832364656e-05
9.818936899678632e-05
0.00010980634894376317
0.0001221165651671932
0.0001330539009431575
0.00014365084233175027
0.00015437658480958315
0.00016594748995515978
0.00017924859049787793
0.00019519588115359397
0.00021455111977222206
0.00023771495550413863
0.0002645361143692623
0.00029418021412270845
0.00031477376902823477
0.0003453661798724078
0.00037337616206159323
0.00039614362120917184
0.0004111792258895735
0.0004165330590153313
0.00041109831856372074
0.00039478991109071637
0.0003685628388825615
0.0003342689763309443
0.0002943843523496188
0.0002516637363504626
0.0002087893381505034
0.00016807443910787042
0.0001312639810291318
9.944929202560838e-05
7.308680565223772e-05
5.2100013834604854e-05
3.602342297678569e-05
2.4158768676434815e-05
1.5714949021553592e-05
9.91577088372592e-06
6.069988759424103e-06
3.6063904102703243e-06
2.081582683098175e-06
1.1697993034559997e-06
7.86710141499326e-07
4.28928225394907e-07
4.8640354705956705e-06
7.506585041157569e-06
1.1559110762770162e-05
0.00027469672969827137
0.0005355448252589456
0.0008240914989093601
0.001239728392702411
0.0018232392840626568
0.0026213436276489714
0.003684389435230104
0.0050625222914062835
0.006800462627585166
0.008930143327859309
0.011463985783594062
0.014386973284675544
0.017650592792121597
0.02116921706005803
0.024820219744927863
0.028448642964749818
0.031876634818478494
0.0349171125185046
0.03739031923210976
0.03914129241618661
0.03984892085004092
0.04016844489052688
0.039583068062969365
0.038132069489201455
0.03591107553734628
0.033061634588046306
0.029756305656985935
0.026181441846203066
0.022520044481677368
0.018936842505562528
0.015567192668746238
0.012510639989547783
0.009829189222774653
0.007549665119042093
0.005669083995814063
0.004161762500236838
0.0029869336787979456
0.002095864826922343
0.0014377946064343817
0.0009643483730857931
0.0006323878879785742
0.0004054676010632756
0.00025419333413035993
0.00015581958322105036
9.339997814944435e-05
5.474853502311144e-05
3.7874108663019036e-05
2.1392843375482e-05
1.1899042818907934e-05
6.516514069783535e-06
3.6279659273263847e-06
2.131107801911762e-06
1.457533524132139e-06
1.2728557627678112e-06
1.3998202609250963e-06
1.751328665799895e-06
2.289336191779118e-06
3.8135092125812916e-06
5.2421267664928115e-06
7.133743378415828e-06
9.594504658068457e-06
1.274133071597756e-05
1.6690910357791742e-05
2.154322036365907e-05
2.9715479380120163e-05
3.7815756010561895e-05
0.00012016158505438408
0.0001736117790555825
0.0002932053428201536
0.0004232012678453086
0.0006034323471432405
0.0008484143520582167
0.0010564913674803208
0.0014462156236323307
0.0019448159884249486
0.0026070449782059518
0.003399897369554116
0.00433276114599275
0.00541304779515141
0.006628133507119775
0.007953526894057913
0.009352792233758941
0.010778843055128239
0.012176633405208602
0.013487045592266196
0.014651555436141512
0.015617097429790368
0.01634049177998637
0.016791851591310632
0.01695655314789546
0.016835590991266552
0.016444400275989195
0.015810455584612117
0.014970102538412583
0.013965122813804777
0.012839478060777593
0.011636550812585564
0.010811921509607143
0.009568643804142135
0.008347025138540997
0.007176770219583952
0.006079841345243085
0.005075442093040086
0.0041774477738294805
0.0033944589624376564
0.002728662894631473
0.0021746994488110972
0.001719868683877738
0.001346782995009798
0.0010380333529599061
0.0007806315135634848
0.000567693013739362
0.00039664863822647686
0.0002656965426684448
0.00017108163768289578
0.00010659133508980803
6.480582650502836e-05
3.874141783029157e-05
2.2874930542623054e-05
1.3350976564048302e-05
8.451126390604882e-06
5.640487562132075e-06
4.5182159780605395e-06
4.47507651708584e-06
5.294201040976959e-06
7.101815652060031e-06
1.4069731743397128e-05
2.0750261874499702e-05
0.000127006224805683
0.00022889560502433023
0.0004318974842376491
0.0006883973273654022
0.0010686479471270873
0.0016144337982224742
0.0023719976574888947
0.0033875799679984023
0.0047007209285524825
0.006335702625193023
0.00829214296403501
0.01053637653406111
0.012995671100533148
0.015557329536023427
0.018074174991247378
0.0203768408870633
0.022291850644415332
0.02366282353639622
0.02437163581341766
0.024355066993396155
0.023614174550477096
0.022747616200572977
0.020971938637666783
0.018758933408523897
0.016279560781855787
0.01370724317301318
0.011198918600730764
0.008882266447308985
0.006846207757100534
0.0051314361158986575
0.0037326104133363915
0.002624549791611564
0.0017825246066195191
0.0011738511139893326
0.0007522322460477644
0.0004695040408870831
0.00028550579643716435
0.00016946503585339983
9.858974019348736e-05
5.6625230035782666e-05
3.248153288985333e-05
1.8922833473022085e-05
1.1428276055818622e-05
7.290400181379089e-06
1.1364526329310703e-05
2.1324503143191784e-05
4.633402032012057e-05
0.0002664230685159753
0.0006951078200182501
0.001758354387489986
0.00384734813174191
0.007605188121107655
0.013546380253491247
0.02170525928179413
0.03125481700900626
0.0404308443602643
0.04698607380422409
0.04907004462299053
0.04607149782541993
0.038902850526052746
0.02955037187204304
0.020191860626516164
0.01240797778874699
0.006853258881231579
0.0033995974760583293
0.001513253597710429
0.0006040514646764419
0.0002191516801564212
7.48367805486018e-05
2.9229259245685365e-05
0.00011472837355193507
0.0002058931072736321
0.00028691187106699717
0.0005422804207647387
0.0008596758149144707
0.0013234921188224496
0.001978157503598854
0.0028700538512635393
0.004041709733069004
0.005524009137660711
0.007327136193565977
0.009431639880315942
0.01178148961354363
0.01428116518508099
0.01679850110340425
0.019174140255983855
0.02123715493506748
0.022824939832658056
0.02380425276448292
0.024089651273665726
0.023655791529057734
0.022541135764322266
0.020842317536592558
0.01870031039302789
0.016281145046679987
0.013754825948670535
0.01127612546719753
0.008970153300658978
0.007573590322613607
0.005730175600536246
0.004206977435444169
0.002997153162681563
0.0020719762133616926
0.001392158443862309
0.0009183287374801318
0.0006245330928402878
0.0005489466180945166
0.0008467283377756135
0.002141317660656718
0.005200434478183758
0.00934037854299526
0.011919881687371089
0.011263433045326919
0.008296956819588187
0.0047714673087425495
0.0020310630868601767
0.0006043604326255946
0.0001243237339483717
2.208173412256502e-05
9.023311654976758e-06
8.833909718667177e-06
9.7466364065237e-06
1.0609131617578562e-05
1.130549371063195e-05
1.1654758994157333e-05
1.19828488212542e-05
1.2100975909612646e-05
1.1947092100159545e-05
1.1563228958048326e-05
1.0981177602472963e-05
1.024517128112994e-05
9.407764183746405e-06
8.525118901391515e-06
7.652241146413619e-06
6.838643807697984e-06
6.124809511333824e-06
5.5396838580237756e-06
5.099299622604813e-06
4.806524677348248e-06
4.65463462192983e-06
4.619496492044142e-06
4.674607540178103e-06
5.028495154639775e-06
5.304916805127418e-06
5.639295068534481e-06
6.028630887555785e-06
1.9487895989239693e-05
2.7431344503864586e-05
4.515390415873562e-05
5.769013553624177e-05
8.28449658810661e-05
0.00011761666141841837
0.00016446949335756085
0.00022595780770308106
0.0003044944825737176
0.0004025196152155016
0.000520530571500738
0.0006588461564951186
0.0008159857577732759
0.0010134802856168045
0.001210725666282182
0.0014297641426587536
0.0016481461907689144
0.0018675733852406026
0.0020946528026631484
0.002323672238198922
0.0025710818866128606
0.00286013722438248
0.003219538709217596
0.0036687409299063158
0.004197574431396783
0.004750767438032102
0.005234771136798346
0.005551952323572125
0.005646250214883377
0.005588892322864602
0.005370841208281061
0.0050749368970316915
0.00477860926657768
0.0045196333663479055
0.004295602543077633
0.004081955553859189
0.003852144954394801
0.003589569571087209
0.003290216282565157
0.0029599370187150115
0.0026103148075583196
0.0022551341723002377
0.0019079160453548908
0.0015803563722473562
0.0012814397711567933
0.0010170735613439538
0.0007905254643261433
0.0006014361748426662
0.0004481450329983373
0.0003272971281671063
0.0002537867625761642
0.00019560847971435169
0.0001702897252885973
0.00016517781291862051
0.00018245300586389174
0.00020725397057837604
0.0002664732486389256
0.0003522055096913256
0.00046751149505418633
0.0006393265394708795
0.000837142037514708
0.0010782707186475257
0.0013649859703803845
0.0016980506201515861
0.0020762513464809085
0.002495955124947328
0.0029506926535462453
0.0034307905846043918
0.0039231096749098755
0.00441097779262865
0.004874668008166683
0.005291485120943662
0.005637977716516014
0.00589137143797123
0.006040860831897487
0.006059443805185742
0.005950925316874919
0.005713395778172773
0.0053630177434694296
0.004922430582896035
0.004421003585020342
0.0040694384957388795
0.00354060933687717
0.003038061585750816
0.002588279636678706
0.002210455378701087
0.001915120619164297
0.0017038703877980542
0.0015700460132338737
0.0015012340671448905
0.001479747576819975
0.0014887623424459356
0.0015122302098731918
0.0015370205040723328
0.0015529637920156866
0.0015524193994939052
0.0015302123082678212
0.0014837409748705086
0.0014130751675682175
0.0013207783500136184
0.001211385255177697
0.0010906488536392299
0.000964732361590561
0.0008394892613054547
0.0007199134605904549
0.0006097947484583537
0.0005428983420981568
0.0004533204872556529
0.00037689385817608477
0.0003130131308341699
0.0002604052146207264
0.000254918297362241
0.0002937886484910705
0.0004475119188209816
0.0008178080839787412
0.003286610264104405
0.008261098059193676
0.018621803283032017
0.040579795438569745
0.07874978632273794
0.13923826238154371
0.2231793349583083
0.3233729264142674
0.42309619622184913
0.49997711761102936
0.5341691256262596
0.516676085357552
0.4530255841262908
0.36036547806869984
0.260084405740815
0.17018060017098113
0.100802804341049
0.06720319884069831
0.0335599885070517
0.015079514559287565
0.006083149008480775
0.002199981865954483
0.0007141453759716072
0.00021067435730625945
6.012498289921852e-05
2.0971063194654235e-05
1.2744052204351694e-05
1.2039656873675022e-05
1.2866765087902946e-05
1.3840990292233325e-05
1.4643946301895563e-05
1.5181483712583315e-05
1.6730072620430635e-05
1.75494209458397e-05
1.856564691298618e-05
2.0017069579011577e-05
2.2202995059402587e-05
2.546516026492085e-05
3.0154709883736487e-05
3.658449990341941e-05
4.496976001377423e-05
5.5364161620422924e-05
6.836488185161176e-05
0.00022223193296226526
0.0003472538123851313
0.0005491307107829526
0.0008482495330895541
0.006928120022847357
0.011376015772732758
0.018229044173686267
0.03215354541799801
0.04952923794460787
0.07419398163433587
0.10800428187480295
0.15273986084888727
0.20981311385734847
0.2799198511605595
0.36267846440528917
0.4563223713537446
0.5575283708655001
0.6614485970741192
0.7619944166590629
0.852374320336178
0.9258285221238811
0.9764569096709202
1.0
0.9944324490726092
0.9602444668407915
0.922914737477422
0.8485911326704727
0.7577096664833152
0.6570457307092352
0.553417808659009
0.45297624867078473
0.360595060393829
0.27964880205639925
0.21186504548698032
0.15743049900448794
0.1152749068804479
0.08350696066138825
0.0599305383020466
0.04249399720576793
0.029565369230820614
0.019993389415393078
0.013011100718535576
0.008082000068905464
0.004772688310128832
0.0026894174625542075
0.0014720601907568358
0.0008156822996165292
0.0004898300717561032
0.00034058420965562067
0.00027683156594489886
0.0002502499487191974
0.0002410181579246137
0.00023121623737295776
0.00022124988693300273
0.00020885478235664287
0.0001933482143044274
0.00017502801508114324
0.00015649725218585595
0.00013851926152253855
0.0001247296676210257
0.00011945995736645123
0.0001270032304394775
0.0001503256319858276
0.0001863115698639947
0.0002268817497248902
0.0002598367355990492
0.0002725319185145747
0.00025975681373303125
0.00022542487716940572
0.00018061635722129856
0.00013792741821760425
0.00010620846376856245
8.853795365568034e-05
8.329830425963561e-05
8.68788016746086e-05
9.591117049559464e-05
0.00010887462036290409
0.00012086149808517619
0.00014880296071868165
0.00019068441270301862
0.0002294882985885804
0.00023723004564039102
0.0002130739150929798
0.00018385983530326466
0.000170101142130663
0.00016341192591818048
0.0001608702093124348
0.00015834170441535801
0.00015696380299179167
0.00015921520685577615
0.0001655525606253389
0.00017771712744541886
0.00019705373113742107
0.00022426715061126115
0.0002593909816993795
0.0003016426278331044
0.0003494279620882048
0.0004059085887601068
0.0004610445614321775
0.00051554049348217
0.000567272328568915
0.0006147548331631865
0.0008983816882988387
0.00111443034179501
0.0014266023870785382
0.0020198188848717835
0.0027601920168877627
0.0038063079141169584
0.005246816680236509
0.007190683880206583
0.009753529460671512
0.01295517920631738
0.016865104993274736
0.021996456267490576
0.030363298536025103
0.04340274263941586
0.0572219843824339
0.06452900961782651
0.06441901258812588
0.06159581379105634
0.05723540368561828
0.05082042503475943
0.044383223029195104
0.03941201124282874
0.03527646657987566
0.031118283193259197
0.026752224527538157
0.022351413058020346
0.019511055261055767
0.015532568940050466
0.012011482824547129
0.009022670454310619
0.006583327393918067
0.0046657152646254725
0.0032118275035705243
0.0021475473806785808
0.0013948199340265662
0.0008801551753271351
0.0005399650984140921
0.0003224953090176228
0.00018809555651584466
0.00010803584078409383
6.216595957497667e-05
3.717842139770974e-05
2.4546523711336764e-05
1.9029603844821842e-05
1.7518278551927662e-05
1.8221219735195263e-05
2.013169385106607e-05
2.983376050922488e-05
3.7617437356174e-05
4.827348768295052e-05
6.280867162591767e-05
8.283554786099679e-05
0.00039409631512546454
0.0006292848507679498
0.00098843730581686
0.0016717313439618391
0.0025384144738682837
0.0037580175228600285
0.005417898723236269
0.007603184365238461
0.010376732932585366
0.01377143582353359
0.017768970514650848
0.022286068823506373
0.02716405013183546
0.03216803368060226
0.0369980697017193
0.04131898101448793
0.04480071982539089
0.04716423116889351
0.04824644906905172
0.047944271894756835
0.04632451942212688
0.04355995794992517
0.040069275119897114
0.036196080757034114
0.03256525932620849
0.030078624726235067
0.02950757684059573
0.030948956219661265
0.035714025109799805
0.0435963385425561
0.0532453035832807
0.06233827537433348
0.06832685380758241
0.06941660427693225
0.06521833950985804
0.056752581380619796
0.04591639884735968
0.03477010627015235
0.02496010942515466
0.01741737885497998
0.012351562391602296
0.00944455826159579
0.0080482888318968
0.0075663453933159566
0.00790449306924109
0.010170066436052136
0.015543818077359137
0.021933020707239487
0.024432322784771573
0.022025898465214792
0.01855687424917102
0.016525401693931623
0.012864695818830258
0.008581803362093935
0.006186430938162789
0.005230653584984178
0.005516414934762114
0.00689217919815108
0.008796203943737145
0.01157429233887055
0.015399839634874053
0.020472699662038876
0.02683686440552343
0.03454431991410565
0.04352355948560264
0.0535111600404508
0.06413227773735898
0.07485930397426638
0.08505913771791745
0.09405121319228064
0.10118182046338078
0.10590689948636303
0.10786005060882974
0.10690273198288926
0.10314194168460009
0.0969132822077307
0.08873311273843695
0.08250315197161016
0.07248378081687004
0.062220554360539505
0.052269721383579486
0.0430606795821275
0.034877840295217934
0.02785927827877074
0.022023416098130674
0.01729740964097256
0.013550475291860521
0.010618460864295373
0.008337569876613792
0.0065648261421664
0.005184942310670846
0.004105342095267797
0.003254005372394364
0.0025784506596226923
0.002041705394526312
0.0016172627953640012
0.0012851163210225562
0.0010291308855395346
0.00083547882383054
0.0006918522972110185
0.0005871837168162651
0.0005116451458068541
0.0004567560441639855
0.00042810334316344193
0.0003927549556499732
0.0003626325339368296
0.00033459295735285605
0.0003066940158315284
0.00027803046920503986
0.0002484643429954495
0.00021861534245993974
0.00018885985903149745
0.00016016723950139903
0.0001333339355214993
0.00010902088216689452
9.545118609812867e-05
8.322975523758064e-05
7.590091054414624e-05
7.801298200878223e-05
8.983983174644238e-05
0.00011172312588556406
0.0001489324121539704
0.0002074679289488793
0.0002903088028484527
0.00040066640114515164
0.0005360082008613635
0.0006875100049152629
0.0008419773632843428
0.0009401820949290563
0.0010744413734650523
0.0011919925654748636
0.0012975030317310555
0.0013968593182809165
0.001492282286386987
0.0015968680552307314
0.0016977714251407265
0.001808226393908857
0.0019439944147312625
0.0021214843303627544
0.002898008808941014
0.004098061373422034
0.0064489592052921355
0.010945926379388784
0.018363380914537417
0.029357884706648577
0.043513289601271536
0.05899669332501692
0.07285267900587643
0.08200837929005245
0.08447040595282998
0.08000199457903824
0.06997531474730947
0.056673130500930036
0.0425245697879692
0.03364913732729733
0.02224146134189956
0.013736589979312942
0.008135997572568996
0.004902808054063514
0.0033005546380434547
0.002653170980924129
0.002477725755208562
0.0024897721440626554
0.002547352655015714
0.002589763184002727
0.0025957850513386497
0.0025612761687246292
0.002487623765482922
0.0023773409266874606
0.0022401738549936018
0.0021068666363368628
0.0020256618290338062
0.0020030809027292676
0.001941059430775414
0.00174652499708687
0.0014849033251532352
0.0012627374266217205
0.0010626167986626496
0.0008647084026349278
0.0006726948477549209
0.0005786843944658917
0.000494652362378879
0.00046564919105616335
0.0004848087057900904
0.0017196028580360886
0.0026568873244892433
0.004118939578985365
0.006656120292218736
0.010239078665204819
0.015144836351156066
0.021833392653395255
0.03064878438088079
0.04186889410024476
0.05564147582447758
0.07192999647261158
0.09041158004281007
0.11049359881692833
0.13128902864484565
0.15167316771177397
0.17034591960193526
0.18600708756277629
0.19747679452644035
0.203853267905169
0.2046310222351227
0.199767817831145
0.18968561255320232
0.1804612369711851
0.1636786973475273
0.14447990527261972
0.1241625552709416
0.10393651797278582
0.08481332581735533
0.06753777652701078
0.05256469910946206
0.040075773731556935
0.030025608796952142
0.022203814856539775
0.016300578046754038
0.011965971294972167
0.008858136993309215
0.006674184213388218
0.005155403817562974
0.004078497059950415
0.0032967731557416616
0.002799789354307761
0.002797313922597377
0.0034897306438539484
0.004449088582204888
0.004653597457848698
0.0038818175322372053
0.0030647681747501374
0.00276676874154849
0.0023434467659590725
0.001607878317157617
0.0008372445902896424
0.00037412125780152903
0.000187014059118817
0.00011802116007722918
8.463623768528607e-05
6.386012095518444e-05
5.1913461892687376e-05
4.8130397241926516e-05
5.235928928037722e-05
6.388276100509875e-05
8.038216587757126e-05
9.75905082692203e-05
0.00011004526767031661
0.00011333247993306259
0.00010602370231322288
9.03250548144902e-05
7.080716753627901e-05
5.389341300495946e-05
4.3344142484268745e-05
3.979956642328616e-05
4.689960359634971e-05
6.885578934864972e-05
0.00010698008140664931
0.00014221238436608482
0.00020683073126472444
0.0002867247488967122
0.0003642979484978262
0.0004399342859041169
0.000523042004426372
0.0006384354161246483
0.0009742115179948192
0.0015626286672463232
0.0026870719986601694
0.0048055254259749556
0.00864781219228954
0.014953921064313895
0.02364917541323042
0.034245116928544345
0.04522579088793652
0.05444913777902127
0.060129736716567635
0.06152093277899933
0.05902004522495916
0.05383009291840548
0.04735797580670797
0.0409386827226079
0.03562485269165462
0.032086900765023116
0.03049667885838352
0.030406609595727083
0.031321497398935694
0.032896271893702936
0.03450057918187915
0.035657680530786835
0.036076457490640396
0.03563412178842408
0.034339538935861724
0.032303221933330364
0.02970386474241353
0.026750934344316545
0.023652976805287006
0.020591976334129392
0.017708190866194563
0.015097106045372302
0.012804999803370024
0.01084429249141278
0.009197496727010453
0.007829613651815448
0.006710470530388269
0.005773696428085438
0.004989770429704429
0.004328346759276887
0.003768399690225778
0.0032972669957274537
0.0035427158178714933
0.0036599939712375715
0.004038264266691979
0.004829582065298816
0.006470367332657084
0.008685397458944972
0.011834754612625254
0.01610200812786947
0.02165846811119029
0.028623563063553126
0.03698112303008143
0.046507465881891606
0.05687367281809961
0.06768647568712809
0.07848803898020414
0.08860110031934133
0.09729384368184175
0.10392956892129476
0.10804894678565005
0.10933951443279068
0.1076962615994838
0.1032600448436216
0.09639827637173784
0.08765137000450593
0.07766050594561656
0.06709243031366606
0.060036773585365584
0.049839028233456144
0.04047713764717841
0.0322424519302034
0.025268516008814627
0.019572359139809113
0.015072067699700369
0.011625187667840726
0.009052707339471763
0.007172941393130013
0.005820217691606514
0.0048549806859813005
0.004166073932666314
0.0036677073146816723
0.0033069730505196336
0.003048287864651456
0.0028606517057722237
0.002724089942249218
0.002617324051042673
0.0025405277495258944
0.002490999334824197
0.002460048618479211
0.002437702937291484
0.002416352482829719
0.0023908365551756675
0.0023578244619959915
0.0023306494467091494
0.0022813282605667683
0.002221256062085029
0.0021501002185703275
0.0020675155345816596
0.001973077837382283
0.0018664118427695236
0.0017475869717096084
0.0016169645343034832
0.001476053022039464
0.0013272517864248295
0.0011738636278817848
0.001019849342564087
0.0008694611852610095
0.0007269994452139336
0.0005957216536033216
0.00047845910750667525
0.00037685927419497814
0.00029157883101846364
0.00022259066633685318
0.00016878355445955356
0.00012796675974698795
9.890530660738754e-05
7.934368450993315e-05
6.984896765275943e-05
7.73208298895406e-05
8.509868492123903e-05
9.997264020620554e-05
0.00012424309844560752
0.00016300109475039112
0.00021334652565167624
0.00027735874349688
0.0003634546246827207
0.0004726430564353251
0.000612992548366129
0.0007919071928877425
0.001015143120083416
0.001282267870251987
0.0017154032788530068
0.0022599357424372113
0.0030851317678400624
0.004395560398674026
0.006487027420497569
0.009472120459369567
0.013265728553881688
0.017388139630938448
0.021067831416968084
0.02353917359544919
0.02434793325845567
0.02351485991179782
0.02141024584881313
0.019543599175499617
0.016388401845367908
0.013143780372247322
0.010535326036201933
0.008688736040498512
0.008334607082095501
0.01017664943785264
0.015071446774761967
0.023249960377996523
0.03431953579940292
0.04668274647389281
0.05787404648113567
0.06545748362851854
0.06802498334330644
0.06561182636460859
0.05931571198231982
0.05056171149442266
0.04061867641497182
0.030544583883467417
0.021278757453299043
0.013588693931171875
0.007889642130089792
0.004147083430151666
0.001977449327314138
0.0008672719755131369
0.00036388085939654
0.00020714396957956368
9.979551619681582e-05
6.704862022845251e-05
6.43554579679534e-05
8.88444711635302e-05
0.00015258540637108368
0.00027494773952959505
0.00047069735534675664
0.0007343745100303718
0.001536377766860269
0.0026659978986514885
0.004764041083517258
0.008563923046243633
0.015054559144232559
0.024534648444926328
0.03657209191965485
0.049441647133674146
0.06059158116909335
0.06766550674564843
0.06950040312197629
0.06641330627069646
0.05985173499350752
0.05101635281629925
0.04121306528174765
0.031440277284945306
0.022693715914654994
0.017819565031602414
0.012323879780960329
0.009149754797573567
0.008043405328276992
0.008527535883716892
0.01011176406204118
0.012406009137727771
0.015129742116187471
0.018069821968159643
0.021037056158877496
0.023843723682350618
0.026302514432603577
0.02823899287793699
0.029509317881947505
0.03001709785588691
0.029725083376857944
0.028659373231049685
0.026905377773857903
0.02459642333650606
0.021897072985711457
0.018984676257031475
0.016028834614767302
0.013178718710650272
0.010551055338917072
0.008225635041318936
0.006866264726352572
0.005125757871667444
0.0037562916878571863
0.0026887341541760993
0.0018892195814409589
0.0013149514365360627
0.0009377868350483348
0.0007142806735177419
0.000609737935463481
0.0005994144245927445
0.0006643731257850653
0.0007916014962926253
0.0009718655185664184
0.0011984909817308327
0.0014634316236792088
0.0017591955664686173
0.0020761256152717965
0.0024028123895527068
0.0027252407304065892
0.0030287415442569357
0.0032981389250809983
0.0035191066624250234
0.003679398521754972
0.003769964076675244
0.003786201414262361
0.0037294630841876687
0.0036726057398815764
0.003535047725398478
0.003369829461381507
0.003166909578874297
0.0029046115684692475
0.0026148923972190183
0.0024404165679057805
0.00333506877519038
0.004846249187127076
0.007476848508702293
0.010122261449870768
0.01179603477476685
0.013140045486026122
0.017081067696923444
0.02292556778962318
0.030321377606843544
0.03882240142163659
0.04951531532978141
0.06254272084651158
0.07801905498402338
0.09543103932548452
0.11418622323568593
0.1336154074967643
0.15293542337217744
0.17127044616469828
0.18771104120413057
0.19718373475085743
0.2085753625745585
0.21601582501519645
0.21906360329190078
0.21753018902008425
0.21152572207213857
0.20137490929130794
0.18768291887095828
0.17122461680551126
0.15289121956215176
0.13359486247718758
0.11421332678556816
0.09552709583373711
0.07821011381339588
0.06267573776368786
0.04922310377121805
0.03797075699498805
0.028886043640567655
0.021850787050034664
0.016601708975534597
0.01289253363543186
0.010449998924443767
0.009006959978207451
0.008322078960424665
0.008189013297365613
0.008311948079568624
0.008700322103481244
0.009216737239204813
0.009751724413623665
0.01022276472864296
0.010560354855434967
0.010722920703938618
0.010687495514480217
0.01045058623412403
0.010026023456173212
0.009441687164001756
0.00873530681725051
0.0079497046762031
0.007127938017994386
0.006308942992684763
0.00552421398196582
0.0047959824450208
0.004136971272806974
0.003551543693824314
0.0030377810366267076
0.0025893843999867825
0.0021983849282941914
0.0018565663147380586
0.0015567369374246574
0.0012932049605178758
0.0010619510040298249
0.0009243771346219486
0.0007415439207191804
0.0005855474742447185
0.00045460185338294385
0.00034685667046878817
0.00026317670913777373
0.00019845733340120346
0.00015071250154883434
0.00011614590178947948
9.267116711150296e-05
7.967655276833633e-05
7.612165608400007e-05
8.031326903723268e-05
9.237107870169702e-05
0.00010883438352250701
0.0001292761774056992
0.00015271067839496235
0.00017784760713711963
0.00020437819939476257
0.00022930756896309877
0.00025206978713644874
0.0002722014002660516
0.0002884303853499691
0.00030101997338924277
0.00031039651767908883
0.00031736552638955267
0.00032120544993385165
0.000326428314615864
0.00033184352936625457
0.0003610576306055036
0.0003810880430423079
0.0004077126647803541
0.00044227966679335996
0.0004926047846670652
0.0005562621613788189
0.0006323595713750435
0.0007267386319163655
0.0008423161869401108
0.000982230745090895
0.0011477056318481302
0.0013392408551101212
0.0015555653091121925
0.001793142397067967
0.0020459698958108946
0.0023056789727165946
0.002561904914525637
0.0028028838622872294
0.003016391945736747
0.003191066288627965
0.0033167281780382444
0.0033863300051508735
0.0033962201940729957
0.0033695228160355493
0.0032817696409194346
0.0031416595251538668
0.0029558643555847803
0.0027319417823192106
0.0024779622288297154
0.0022031255596788022
0.0019190537829562374
0.0016368303041489432
0.0013683618173636653
0.0011278083572865757
0.0009151410035663555
0.0007367950353846963
0.0005924657994385202
0.00048195770265220143
0.0004009922054849768
0.00034550634217974795
0.000311753292642067
0.000296220739154939
0.0002966048473871932
0.0003118606873952581
0.00034079766746589836
0.00038229713424938513
0.00043444931929540636
0.0004955905299931679
0.0005388633481191677
0.0006048032097834213
0.0006681539643087608
0.0007248191755766111
0.0007757122372883212
0.0008278991495688452
0.0008860281226920739
0.0009257092551450433
0.0009093028425141351
0.0008403755701134707
0.0007838616208194596
0.0008512954607242432
0.0013428570875280606
0.0026803876526981054
0.004608754773786235
0.005669322279215614
0.004821036617481896
0.0031524454575999616
0.002416936659238825
0.0028264215408119056
0.0031853870869256447
0.002641041016613522
0.0016216236805455617
0.0008938465610349841
0.0006116274446347659
0.0005528403820072153
0.0005508778293678645
0.0005570620494698009
0.0005614867632451873
0.0005612551573602025
0.0005556451062608054
0.0005443770916846581
0.0005274744939191598
0.0005052412065171962
0.0004782296426018092
0.00044719455806150655
0.0004130368805823312
0.0003777935680350284
0.00034198818939038434
0.0003073730627568745
0.0002766048919199117
0.00025315766089524457
0.00024129041568785321
0.0002443616951227939
0.00026326291220631846
0.0002938791517729284
0.00037219469969108064
0.0004884702206957984
0.0007067757589637105
0.0011343699072303747
0.0019034365343832667
0.003132903813416644
0.0042067804768068096
0.0060630937585077
0.007919664181329049
0.009369424725053995
0.010109844881106994
0.010084922268643036
0.009474889088187435
0.008544254139680489
0.0074783103532133875
0.006334924178068903
0.005116805908271684
0.003866598798890772
0.0026914608460570635
0.0017117611309962458
0.0009998224789550124
0.0005548161968604898
0.00031773514262290874
0.00022504308245589342
0.00022539385018657013
0.0002885095380432822
0.00039749820691063243
0.0005319998276255521
0.0007614661942232408
0.0010670253386025322
0.001597532194219123
0.0022007184671179623
0.003734635477716507
0.006327563772384706
0.010205597317172837
0.015014684117232417
0.02000049988652852
0.024094796797227227
0.026423745670952948
0.026731794619606536
0.02542818672645113
0.023213924166875836
0.020618879159990812
0.017824436617680284
0.014821368753954976
0.011659482955651833
0.008573281376446943
0.005883632736234059
0.003827679094139559
0.002456766621344747
0.0016623611945423592
0.0012477900337001461
0.0010486651854170624
0.0009548601943160889
0.0009098967644460276
0.0008903366004310002
0.0009014613189377976
0.000922696543401906
0.0011248308766886375
0.0013683496432436101
0.001749809009598358
0.002332943875192142
0.003142698085498727
0.00421739071983722
0.005463782989894463
0.006823334211262191
0.00828781240335699
0.009882389899650122
0.011660054260165505
0.013652972341451332
0.015833390440603386
0.018108286387432095
0.020349009748262193
0.022421910907555843
0.02420736189165293
0.025597097186530006
0.026498263731089402
0.02683607843129428
0.026566257425371966
0.025692081882281746
0.024271130416218818
0.022410163618559423
0.02022261464165744
0.018654487145184324
0.01624921201449326
0.013882538105867022
0.01160497843807522
0.009469018016400765
0.007635746549795206
0.006277893263674902
0.005644596108342187
0.0050578655008575325
0.004481654405839571
0.004194369823808565
0.004521571678311838
0.005639371823278758
0.007299253341241319
0.00938288219207284
0.012012161431231579
0.015342248319854106
0.01939459738277046
0.024055897664155935
0.029150415862466517
0.03445615329999844
0.03970444928692343
0.04459394044370655
0.04881791306022119
0.05209731100620306
0.054209058653738644
0.0548953350736448
0.054798022560791464
0.05337627702180793
0.050746332511862724
0.0471021103302784
0.042690902825282234
0.037786575144339904
0.03266459573227462
0.027578033863856696
0.02274023533730438
0.01831415697799623
0.014407431783563329
0.011074655494404801
0.008323653027995058
0.006124849064199848
0.004422363922330723
0.003145003626013849
0.0022159878428308264
0.0015613997848784155
0.0011128276749496856
0.0008137362173883523
0.0006201924507546943
0.0004972474825231432
0.0004228154689682705
0.0003829744547811662
0.0003720042631092109
0.00037606777854886904
0.0004018253799333619
0.0004394856115630837
0.0004757289682400625
0.0005769184218008116
0.000726707573323795
0.0010407820566852852
0.0016890096785437373
0.002852237950194744
0.004652952302337987
0.006989433168905175
0.009499177839185913
0.011648555607029317
0.012950078445495386
0.013212955090240822
0.012621081111659936
0.01157175064322886
0.010433613542779682
0.009317710964536175
0.00820006686530005
0.007070912659854045
0.006055565570614599
0.005373516728540872
0.0051988670171969386
0.005465904618334474
0.005779087529500711
0.006215919865387911
0.006390106261636395
0.006218780558658916
0.005792299462881208
0.005262641399920774
0.004784218694961691
0.004331933529404487
0.0039429048770331515
0.0036963423890616735
0.0037367185515667146
0.004196628987309741
0.005053438792387506
0.006093038644791396
0.006986814310751358
0.007449712626738769
0.00738500148222997
0.006916520252095639
0.0062683378354124915
0.005606774365131116
0.004962539035894502
0.00427640613018736
0.0035011181168374864
0.0026708770997258676
0.0018833408304598518
0.0012371845776220705
0.0009115621528764426
0.0005793276813358847
0.0003990258938786212
0.0003190732547456617
0.0002956476491092098
0.0002994713871619407
0.00031409690210263915
0.00033179167656902683
0.00034864600989374634
0.0003627340626569302
0.00037273444732672677
0.00037798539674391025
0.0003782771683099122
0.0003737363175386557
0.0003801365241521706
0.00038036985589593516
0.00038283700603610816
0.0003926669233630136
0.0004136119846282133
0.0004500888221424383
0.0005214268721750045
0.0006112715710507918
0.0007327760117883817
0.0008881871402440879
0.0010786247729495202
0.001223946014694105
0.0014666673172552074
0.0017331923834022725
0.0020143178773135858
0.002467503759237758
0.0028805095288240053
0.0033192696154176224
0.0038254106393291296
0.004417081846046468
0.005136605912839059
0.0061696200655037715
0.007475468115211649
0.009239853213215741
0.011545997392309888
0.014405503173693412
0.017671458427298437
0.02108248088622924
0.02431786440263684
0.027118330608688426
0.02936530982624142
0.031065547314496813
0.032257618836084426
0.03292234086043005
0.03297155775658577
0.03231397028421141
0.030938800803303333
0.029668449445307245
0.027356018204447462
0.02472489119871205
0.021944361978756887
0.019141867039066264
0.016408635863359264
0.013814003921247296
0.011414472769091907
0.009255048327287716
0.007375258768874027
0.005783203183233312
0.004476639568159094
0.0034214643519434413
0.0025744216081587516
0.0019125252393242143
0.001427063643181244
0.001094558787681198
0.000922213145097604
0.0010198302419292574
0.0015861461567153628
0.0025402521068103624
0.0031851658366614617
0.0028994986319416487
0.0020489681856692963
0.0014914983377690193
0.0015945765312924765
0.0019257858515363076
0.0023983067096230975
0.0024217290375601703
0.0020420814536015056
0.001678370306312015
0.0015998139179166653
0.0016677761326628075
0.0017942084686811191
0.0019347655228368708
0.0021626935708992188
0.0024862347599311162
0.0030843889253646286
0.0041517671637463106
0.005925449678976584
0.008563118643257246
0.01202194391442382
0.015857456606854906
0.01942630872985543
0.022076735225200223
0.02348152852973454
0.023785080961874535
0.023452126636685475
0.02292362151663216
0.02234474550758138
0.021559221614315508
0.020793293118196603
0.019186978979541008
0.017112467651852394
0.014820988366518205
0.01259033243342727
0.010598545138177706
0.008895111192163683
0.00744901626970721
0.006288266828266211
0.005269686927275218
0.004420438266158061
0.0037593112196729365
0.0033080044294948544
0.0030908834823734146
0.0031590901277550923
0.0034686687023579243
0.004015109844475309
0.004817177614419926
0.005988424050000222
0.007357933986693877
0.008968731412010936
0.010864085503687403
0.013201926096589394
0.015928201261967263
0.01854964323604947
0.020376540758854107
0.02126218882285062
0.022724767549694987
0.024879561424199722
0.027691556366136565
0.03049829792126846
0.03244468109543494
0.03306663309978806
0.03260410508463142
0.03153579318024658
0.030186792794149143
0.028714465631638462
0.02713390570055644
0.025346706306730898
0.02325153882273961
0.020856081026967028
0.018295831189772044
0.015762528513754336
0.013420019789713555
0.0113392981724121
0.009531543602810572
0.00796917158824394
0.006619620304625685
0.005459170524978775
0.004473016622255988
0.0036501595662279075
0.002978909093702767
0.0026086240749450358
0.0024072407356991866
0.002231780513337318
0.0022362869876889377
0.002438057121629764
0.002862273471218633
0.0035400638771570236
0.004619400959536578
0.005975550939970452
0.007701004644648184
0.00980137329010963
0.012254516722095878
0.01499797921528583
0.017934363202884475
0.02093108312010093
0.023830292189200238
0.026464279679142413
0.028670938855568182
0.030312368951248614
0.03128942187848905
0.031550932501469946
0.031096274824213843
0.029972755170673868
0.028266406925842594
0.026092468525451825
0.02358228516465383
0.02178930725708335
0.01901854371207977
0.01625787777310754
0.013611837646094761
0.01116293233231338
0.00896944643467364
0.00706522092451557
0.005461360539048678
0.004149710937243305
0.0031073994830812164
0.0023016451752333007
0.0016946750026376304
0.0012477073209852267
0.0009253599517035856
0.000697558692118856
0.0005393858062779761
0.0004278058816827441
0.00034285713208770103
0.00027410034105131793
0.00021999575550949514
0.0001832472150206238
0.00015664407992036733
0.00013732759649684044
0.00012116058962085348
0.0001066299807809139
9.901758210130073e-05
9.406162166173226e-05
9.926989243226699e-05
0.00011220149989072089
0.0001333157918176243
0.0001624556926958063
0.00019978033455450927
0.00024533188783469953
0.00029854287952598915
0.0003582164766738266
0.0004232595998220269
0.0004919510185463907
0.0005621236581331802
0.000631291091128719
0.0006967694298259997
0.0007565467158808766
0.000807128790987175
0.0008466109921518928
0.0008733580458703055
0.0008873005643142363
0.0008870278113989077
0.0008735918958204635
0.000849041320501735
0.0008147158966281669
0.0007733695990606969
0.0007282488998060822
0.0006969086142481323
0.0006502564582950668
0.0006060754022066985
0.0005670666792321717
0.0005355398747138556
0.0005122880918194199
0.0004965447307521425
0.00048579532676495187
0.0004762875910293384
0.00048040477574878593
0.000496802076374986
0.0005524590742267017
0.0006942850426126354
0.000955383254183682
0.0013668804714869743
0.001916438365210316
0.0025229883213423944
0.003055514479442665
0.0033894548031583346
0.003463770199875873
0.003324455118097709
0.0030948910204399763
0.0028991262337732036
0.0027928286929533603
0.0027467119827585523
0.002687027237856747
0.0026092191951506186
0.002424231527307675
0.0021847654482584243
0.0019421568142046867
0.0017382403975490536
0.0015852298113031328
0.0014742726777244083
0.0013860197006995488
0.001302955245638726
0.0012151736177879423
0.0011202965968026399
0.001020522041101907
0.0009201728264468672
0.0008251252659132157
0.0007415620431725938
0.0006743767632683248
0.0006260576291225997
0.0005955206294829161
0.0005793972860964077
0.00056944233970542
0.0005751460782844259
0.0005959844432583943
0.0006621220798101866
0.0008228528372236845
0.0011425035208756941
0.001472758516096685
0.0021589511281469307
0.003029631039539181
0.003935530115997542
0.004663249412794702
0.0050283145377168475
0.004971153604245347
0.004595322346219659
0.004105626424698624
0.003688870662632502
0.0034068244913726753
0.0031992861519387927
0.002951415781856419
0.002587035672583674
0.0021154213190741566
0.0016124962807653885
0.0011703210058686068
0.0008385446097416741
0.000628731165162941
0.0005183547416317795
0.0004749063460584927
0.00047120807253725553
0.0004893863350145552
0.0005207422078824559
0.0005611493093706615
0.0006085564686227414
0.0006429806794714746
0.0007829660204843181
0.000906713900827497
0.0010553996058097167
0.001250180158683408
0.0015080114591559208
0.0018475714308113628
0.0022897838788470725
0.002912531789193597
0.0036705212623166315
0.004620010028085378
0.005738473680625528
0.006945578486375542
0.008176537932060612
0.009426461943221625
0.010686310478477179
0.011897939064439547
0.012977936811944526
0.013834277954524686
0.014382699941238725
0.014587303983436797
0.014472076037508266
0.014074254897018882
0.013423364591228502
0.01255425814466757
0.011513864976099974
0.010751170050699595
0.009543374783627764
0.008305034363904815
0.0070831738123257265
0.005918164573697009
0.004842481883571566
0.003879727231770132
0.0030442006079415057
0.0023411397211537
0.0017692040180625778
0.0013169285481793632
0.0009713284113988668
0.0007160138934133358
0.0005341955613838672
0.00040966453750987327
0.0003285082803625783
0.0002792566135937041
0.00025294537419309445
0.0002426937933054423
0.00024295804083774547
0.00032057167228138845
0.00038786815996155944
0.0004789553003741854
0.0006107636121175366
0.0007980434551004956
0.0010570287727424273
0.0012767751464774371
0.0017185905020996454
0.002246468487350163
0.0028796133235986458
0.003610604179772614
0.0044568086991484705
0.005394852853115865
0.0064413896666086585
0.007620563779246538
0.008955790514701653
0.010439240453717392
0.01198608693895121
0.01342332533984284
0.014477755892525132
0.014922787897083777
0.014670834736378419
0.013837204081455364
0.01268585583987875
0.011490763029352721
0.01040427524926495
0.009415283560526743
0.008413566953530209
0.00730101777165598
0.00606824424300658
0.004800374300527888
0.003996908618683548
0.0029327727592845976
0.0020860326300732525
0.001458553737077342
0.0010152766217871349
0.0007142720585986819
0.0005097331791360534
0.0003847639310837852
0.0003388196387569731
0.0003741469904235822
0.0004850059481579633
0.0006524107889402225
0.0008495764347763278
0.001059058934871733
0.0012970405325370272
0.0015344436464787541
0.0016167291939961962
0.0014279317978240084
0.0010996855302906822
0.000855559820709684
0.0007702213789471239
0.0008005748522849031
0.000874485438464911
0.0008830273883131554
0.0007481726077002164
0.0005364611705207696
0.0004211415911171425
0.00032921504944284185
0.0002926713661442813
0.00025498817286945133
0.00021218741920596648
0.00018397518798525978
0.00017531064843091337
0.00018117886952333606
0.0001938827407453572
0.00019805527139918236
0.00018364766748304472
0.0001570749257238695
0.00013602051193910752
0.00012580081265277075
0.00012193850269442695
0.00012086755350448065
0.00012158855954843153
0.00012430829476930445
0.00012948064427203997
0.00013780908303140062
0.00014906414795762211
0.00022246027911332317
0.0002883545291699269
0.000377218898510832
0.0005032270259525446
0.00067898861197378
0.0008310177204784955
0.001122945080609277
0.0015045715347549212
0.00203026593079444
0.002651468592342233
0.0033941508338019514
0.004250408036651535
0.00519628145801809
0.006196795938927421
0.007205501476583829
0.008169427692446494
0.009034169357339986
0.009750806017877594
0.010280727721330233
0.010599500582367794
0.01069578782349387
0.010575155803051304
0.010255129188019385
0.009762365198274574
0.009129048727260494
0.008389918910666311
0.0075803204234886346
0.006733959183585579
0.005881467510461693
0.005050171522674362
0.004519370979325542
0.003772735493613867
0.003099048108622459
0.002508105470203471
0.002004631897321007
0.0015883330237222452
0.0012543433215806792
0.0009945658907691102
0.000798124387914565
0.0006524096859602835
0.000544241830920329
0.0004615001390868781
0.0003947353063125168
0.0003457240951063238
0.0003123781182766052
0.00030811849664916523
0.00035431228783954486
0.00047796305986304375
0.0007019034546834961
0.0010244166838141635
0.0014035813952758618
0.001762691774628666
0.0019995961739968306
0.002049998905689023
0.0019192226902576483
0.0016835556479196396
0.0015216180276308188
0.001336087531025166
0.0012499796850924665
0.0012364531381652453
0.001231595322673051
0.0011785268576459855
0.0010573654638458476
0.000941503289952754
0.0008149336863202752
0.0007419227829901853
0.0007541694576157049
0.0008607288153419329
0.001076377688912326
0.0013877074383724637
0.0018053519591850553
0.002377355129459526
0.003061247894479401
0.0038822464997614833
0.0048317532284153225
0.005890774240649158
0.007017723372668829
0.008164055709317308
0.009276351309201363
0.010315849611532054
0.011229175183515175
0.012001865496729748
0.012443067707802635
0.013015977095881403
0.013514655768437963
0.013953016084072607
0.014285413082906102
0.01440740420092924
0.014187710467477663
0.013563548489732007
0.012573987964403836
0.01129820122744472
0.009844903514685215
0.008412620050019701
0.007198953549070788
0.006233736441119958
0.005411298733404015
0.004628851677361567
0.003838269298188157
0.003022836808067964
0.0022165764593723987
0.0015195795943663151
0.0010130488010012568
0.0006932201564019039
0.0005102681778411204
0.00041228207110994745
0.0003665473000758067
0.0003549899203484814
0.0003559595177536795
0.00037133621640429655
0.0003952969203333633
0.00042420498314653783
0.000455892071965905
0.00048724822888876647
0.000517228116263362
0.0005452312549085711
0.0005710218213365598
0.000594434826836843
0.0006157351971005566
0.0006367189946754155
0.0006561056191361528
0.0006748561969405205
0.0006925901996935104
0.0007077632299594631
0.0007182628451462548
0.0007215677138386456
0.0007166352774767
0.0007041764218400306
0.0006864160991014367
0.0006659018451712341
0.0006713936235347083
0.0006715932375207182
0.0006797816433119527
0.0006926328858491501
0.0007272057103365164
0.0007880010862733949
0.0008835637469480698
0.001024656857577207
0.001231926531792468
0.001501372005920417
0.0018353854810525337
0.002233705538166568
0.0026865914800252378
0.003177120604209573
0.003682091669919801
0.004175801405950776
0.004628179224845823
0.0050134550646656105
0.005309736569124385
0.00550257354653706
0.005585592193451228
0.005560467279069633
0.005436516605424593
0.005224968594450925
0.004942108656047741
0.004604417060355837
0.0042278408577122615
0.0038277387617730737
0.003416354527748827
0.00314170205914251
0.0027379166699293463
0.0023551865181859204
0.0020022722589375687
0.0016866898332327377
0.0014131074937601504
0.001183391144698243
0.0009981829558064488
0.0008590641735900826
0.0007727117628962743
0.0007393766975130063
0.0007285681305964195
0.0006926153397543455
0.0006216509395938791
0.0005515364268368851
0.0005081857364139513
0.0004894632138574801
0.0004890452267474947
0.0005020732197804993
0.0005116128617682572
0.000496186658977657
0.0004575002202929594
0.00041835561617775116
0.0003919974622847135
0.0003757197144468011
0.0003632005476303043
0.00035546752446603575
0.00034410965713063836
0.0003328298215429367
0.00032188798806024547
0.00031133506548350966
0.0003014693951589027
0.0002933297567830905
0.00028719744305602014
0.0002827169730995476
0.00028013987799211217
0.00027653936247854204
0.0002812527785736578
0.0002830737614261992
0.0002870590960262184
0.0002963693722500182
0.000319586840443694
0.00035991970368201033
0.00042962372666880555
0.0005429845310633641
0.0007216562202676217
0.0009722324361314364
0.0012786198448115286
0.0015966721011970936
0.0018787550443629683
0.002090365934570556
0.002183454348566113
0.0022536186192062143
0.0022642084356365175
0.002257769906421634
0.002270676093000191
0.0023012557624773372
0.0023299458349042342
0.0023316428497282744
0.0022862475776864047
0.0021840082577206377
0.0020310082001701165
0.0018473032284822485
0.0016584508861566883
0.0014822896894576235
0.001369242899731674
0.0013137528408559739
0.001364364007669145
0.0015767513867927306
0.0020017530538127618
0.002650759364589774
0.0034521155430270144
0.004236742107308388
0.004799385644087883
0.0049502877665506045
0.004663196426000772
0.00407259584849985
0.003626719024245795
0.003055242511180321
0.002727381778825818
0.002647295777131358
0.0026929472404420575
0.00269683331772042
0.002537650252806673
0.002191617640824226
0.0017287330913351806
0.0012493375255787618
0.0008452614624327529
0.0005595828821541411
0.00038982868979611606
0.0003132530769384454
0.00030535396130095373
0.0003503470343731477
0.00044022358510730674
0.0005695090309433455
0.0007181090772549611
0.0008641734172289361
0.0009806474579630905
0.001050047330505474
0.0010742862464602648
0.0010716825494838716
0.0010667710125308676
0.0010751633208012164
0.001089622675168319
0.0011173206006079455
0.001138680379875244
0.001135131715692783
0.0011006007884863571
0.0010445866122615927
0.0009842051876030862
0.000924081289876455
0.0008555064262755872
0.0007946529865743219
0.0007751634872763783
0.0007884378515089226
0.0007671391487873163
0.0006818804555424092
0.0006207726667480768
0.000592790471390476
0.0006111235215162823
0.000667519119762304
0.0007763443868894512
0.0009513716969793778
0.0011746906210189216
0.0014273293678291076
0.001734228428616232
0.002162099681423353
0.0026828259749688207
0.0030831913682558593
0.0037440176541017754
0.004449513758746326
0.0051565592306448945
0.005820083444808037
0.006397617378258282
0.00685659356786999
0.007179448618770047
0.007394829440158799
0.007509246738721671
0.007592429965888161
0.007743784311366419
0.008110645904797313
0.008772689763349141
0.00975410120688879
0.010905665882792888
0.011906728959242866
0.012404202884493346
0.0121192623368258
0.011090574809089747
0.009644114028031607
0.008235350117045405
0.0072545023373438
0.006856893927653633
0.006923754288580113
0.0071573756498024225
0.0072459675930363855
0.007115982271219704
0.006627844680056535
0.0058848719199801475
0.005068399071799652
0.004336597293028242
0.003765371473830656
0.0033531978613829208
0.0030558913820612284
0.002823434791762247
0.002618983532705437
0.0024211831941906917
0.0022189981046757106
0.002006965402065441
0.0017835567467716436
0.0015515900723738468
0.0013179882326208375
0.0010922961140204077
0.0009154666224548697
0.0007889500226892979
0.0007592510511877726
0.0008793595983495974
0.001199812840378935
0.0017382827484438144
0.002440606903459203
0.0031621420512175243
0.003553930012620465
0.0038844378776780103
0.0038063073131810107
0.0033737450069915294
0.0027660569549678984
0.0022086358189932673
0.001869422141908552
0.0017925393446661705
0.0018990660724538353
0.002044491046983213
0.002106239503802931
0.002030078344306711
0.0017996912437902581
0.0014145039683747503
0.0009466343081424187
0.0005333652322253085
0.0002604160134621414
0.00011808315659318508
6.405676995417333e-05
6.929094465465441e-05
0.00011493767899264905
0.00015873900782210746
0.00015435731913229905
0.00010711059860605017
6.216344146105798e-05
4.287479324613642e-05
4.15954419704258e-05
4.869330059357176e-05
5.9673239502316365e-05
7.308292042104823e-05
8.863676166632564e-05
0.00010691087536131863
0.0001268575824353731
0.00014862004093948688
0.00017139100824486804
0.00019426596760376347
0.00021624532725897003
0.00023649194504781688
0.0002543491357587355
0.00026986679581804455
0.00028383598107832
0.00029639858171133965
0.00030922602255965945
0.00032068842221575597
0.0003306605839323098
0.00033786622909275484
0.0003411549449142313
0.00034015273655133775
0.00033558724518071957
0.000329035418720279
0.00032553294799287616
0.0003254638034827997
0.00033385225555357953
0.0003595438831761148
0.00041446983350342973
0.0005135443023662391
0.0007033494313538729
0.0009234390224771104
0.001165904050071286
0.0013944023863578462
0.0015784750010997993
0.0017082834134316955
0.001817269830926279
0.001965942142544953
0.002218556252740828
0.0026368329669963645
0.003201721513851274
0.003877642113627168
0.004606983018220425
0.005438519347904978
0.006180134610865513
0.0068640229353074435
0.007505564533502682
0.008125822442890823
0.008752882419560253
0.00941679478240382
0.010149665230407149
0.010693390614574685
0.011659504904626902
0.012788310245451946
0.014111953720963827
0.015605412784185247
0.017105454999113475
0.018423395197436986
0.019507634971445496
0.02039092564283361
0.021050377199307736
0.02141679153834992
0.02145432090806405
0.021183570199893854
0.020639110606039998
0.019820760404852738
0.018733641527674108
0.017458183490820102
0.016107369100837012
0.014740615894876838
0.013365414629475391
0.011980481983773432
0.010593242579950495
0.009219277861606241
0.007880323888271604
0.006602167941671519
0.005412050355557653
0.004679934376388761
0.0036884954546715643
0.0028362283476996582
0.0021272353664846663
0.0015566969773375531
0.001114018465201058
0.0007805446966836689
0.000538114398691463
0.0003678515548981175
0.0002525825710604611
0.00017784066244069598
0.0001322016345543345
0.00010690959226729277
9.600250542807649e-05
9.465346820087182e-05
0.00010033419254657252
0.00011027569221070503
0.00012278941922571
0.00013654727971041576
0.00020084329991661008
0.0002534285781181842
0.00032052548771375106
0.0004131515373205131
0.0005407727271487128
0.0007135902377894191
0.0008593728156902878
0.0011301758323570877
0.0014694005880121269
0.0018953385826758335
0.002386439947666961
0.002930770649133657
0.0035119423606666785
0.004102579906746195
0.004670777774565824
0.0051839888202572185
0.005612489083530389
0.0059336467301465134
0.006134733760630303
0.006213593106589894
0.006185773725527805
0.006056959107808719
0.0058502930741319145
0.005586969582285465
0.005285646917163961
0.004961416387182067
0.0046255475579317544
0.004286306127993128
0.003950139419755728
0.0036312243449043483
0.003338274953988973
0.003065140792504711
0.0029032924681033578
0.0026930496957078857
0.0025285742532672353
0.002413397377325316
0.0023482397232573587
0.0023311617741041753
0.0023579070227629307
0.0024277355358652015
0.0025301527973578077
0.0026538580595831343
0.002791135945118433
0.002930918390210075
0.003061593380489799
0.0031714448049540915
0.003249835895727892
0.0032885167978951337
0.0032825763958806236
0.003230782297208408
0.0031358573830958703
0.0030037331025324085
0.0028425126750168802
0.002661067468913249
0.0024676225262065805
0.0022687116452077684
0.0020687723986494975
0.001870397269535502
0.0017397457324371457
0.0015469490459084194
0.0013590555140707058
0.0011777679767286963
0.0010053252658588604
0.0008442603809043196
0.0006970232882944432
0.0005655885679814764
0.00045115510579390756
0.0003540056725212625
0.00027353621226588993
0.00020841904894517015
