Y :6.0% Calcite, Diffracto n :496
Y :28.999999999999996% Gibbsite, Diffracto n :307
Y :20.0% Dolomite, Diffracto n :321
Y :45.0% Hematite, Diffracto n :124
0.0
0.0
0.0
0.0
0.0
0.0
0.0
0.0
0.0
0.0
0.0
0.0
0.0
0.0
0.0
0.0
0.0
0.0
0.0
0.0
0.0
0.0
0.0
0.0
0.0
0.0
0.0
0.0
0.0
0.0
0.0
0.0
0.0
0.0
0.0
0.0
8.981689924195798e-34
6.683279224444782e-33
2.9841409072544215e-32
6.816540181759063e-32
1.8192912269340435e-31
3.5648971288665263e-31
5.128021051705452e-31
5.41471677515415e-31
4.196601940516728e-31
2.3872138070265756e-31
9.96620171799899e-32
3.053376104083361e-32
6.864391430981076e-33
1.1407201410808267e-33
1.6254147681732232e-34
8.031467190129456e-35
1.6179974065099826e-34
3.366941748838041e-34
6.2303759849527775e-34
1.0205345368369746e-33
1.4795510688164181e-33
1.898541688756902e-33
2.1562456015029958e-33
2.1675255502591643e-33
1.928493302941079e-33
1.5186579046739257e-33
1.058497131540177e-33
6.529911966775135e-34
3.565437908975687e-34
2.2256938092485845e-34
9.915565475303061e-35
3.9098263209496054e-35
1.364537124071556e-35
3.496597552045902e-35
2.4182276434151657e-33
9.262594644656752e-33
2.4228119856765284e-32
5.615308578409212e-32
1.1531436046783998e-31
2.0982052649949438e-31
3.3827322177219073e-31
4.8321796903420295e-31
6.1161112993623084e-31
6.859078144256014e-31
6.815778548414902e-31
6.001029804698544e-31
4.681637553581929e-31
3.236177615623548e-31
1.982120314085671e-31
1.0756993923850734e-31
5.172669871720515e-32
2.2039446427947887e-32
8.320458541668556e-33
2.783251547774421e-33
8.249233354753223e-34
3.4286900724266505e-34
8.306309613835277e-35
1.782926589367325e-35
3.3907759263063e-36
5.7134594950684455e-37
8.529570116444584e-38
1.1281735993124864e-38
1.3220192914748029e-39
1.3724749882966455e-40
1.2623130403145442e-41
1.0285286877847526e-42
7.4240820962065e-44
4.747184049606192e-45
2.688969860800945e-46
1.349216691224108e-47
5.9967026172656744e-49
2.360844171238274e-50
8.232561583401395e-52
2.5427537169544175e-53
6.956071216745831e-55
1.6853998307495359e-56
3.6166787397091604e-58
6.87343673244143e-60
1.1568686666465497e-61
1.7243663941981776e-63
9.762048924163073e-65
1.1882890562753255e-66
1.2808874186629068e-68
1.2226373181885845e-70
1.0333705843160959e-72
6.853697403464496e-75
2.536905516461369e-36
3.8645857586790145e-36
5.777190862917151e-36
8.475114856200176e-36
1.220083572334182e-35
1.7236483860033921e-35
2.3895872077801956e-35
3.2509643166374064e-35
4.340268838658485e-35
5.686383804961532e-35
7.310899568809502e-35
9.224027242604214e-35
1.1420508627178695e-34
1.3876036250184038e-34
1.654476167278028e-34
1.935845599488917e-34
2.222777673625958e-34
2.5045888712285855e-34
2.7694401072163757e-34
3.005125533323925e-34
3.1402379058118516e-34
3.302111319282837e-34
3.407500893865848e-34
3.4506058734783563e-34
3.4290186427527032e-34
3.3439474630963062e-34
3.200104460775597e-34
3.0052733146457404e-34
2.7696118276012333e-34
2.654349290312404e-34
8.189751599547515e-34
1.4361314689780015e-33
2.0240911513486754e-33
2.8672395241405197e-33
4.052631977053367e-33
5.66142908107191e-33
7.801806481507054e-33
1.0582930383859308e-32
1.4112674788177365e-32
1.8487898032501012e-32
2.3782513226741734e-32
3.0034145010034814e-32
3.723062972120885e-32
4.5298011667068366e-32
5.409192041211954e-32
6.339419580766105e-32
6.973826521772172e-32
7.921665581237175e-32
8.831121251479306e-32
9.662032133025532e-32
1.0374671992451331e-31
1.0932863662820857e-31
1.1307010775704407e-31
1.14766948265886e-31
1.1432520494786748e-31
1.1176977000511148e-31
1.0724205489354899e-31
1.0098702595871895e-31
9.33355503899204e-32
8.46782180262331e-32
7.545358837622339e-32
6.611420515115045e-32
5.704165420153444e-32
4.8421515635564395e-32
4.0276654805569585e-32
3.2672397335328297e-32
2.5837934338524037e-32
2.002836824801088e-32
1.5845310175900225e-32
1.2628653452883e-32
1.0212700217472929e-32
8.702237583584705e-33
8.171554944546885e-33
8.064564531184232e-33
8.76884170018158e-33
1.0281379468344146e-32
1.2610466646919775e-32
1.576786536765588e-32
1.9758375803345126e-32
2.4567874371877468e-32
3.015121465510977e-32
3.642156679026219e-32
4.3242819808152943e-32
5.042653268849601e-32
5.773456008118892e-32
6.488789895716632e-32
7.158154955218607e-32
7.750435021228156e-32
8.2361957765035e-32
8.590054168491371e-32
8.792846429717095e-32
8.835767160860253e-32
8.79226564834608e-32
8.92148642871144e-32
1.0077438364933708e-31
1.394058500709968e-31
2.1866995494802333e-31
2.8711874146085587e-31
3.7205413026568676e-31
3.8085340596686766e-31
3.0135249144647508e-31
1.868245456547991e-31
9.646001356819641e-32
4.831495851306989e-32
2.9373471281096365e-32
2.3408525712621167e-32
2.208793324815786e-32
2.2788440659433406e-32
2.494032516611594e-32
2.8417616509151747e-32
3.3127216228147803e-32
3.893595894934678e-32
4.565807387441081e-32
5.305246255028236e-32
6.08251602887613e-32
6.863776910772769e-32
7.612232872594873e-32
8.290208182806432e-32
8.86165179724858e-32
9.294817012959929e-32
9.564806975935693e-32
9.657484252388647e-32
9.567241480183891e-32
9.409297859593392e-32
9.03957344942658e-32
6.695962806208747e-11
1.0060368023601862e-10
1.4833027912205997e-10
2.1461539403666827e-10
3.0472426371861005e-10
4.245885839506536e-10
5.805567780422714e-10
7.789977386925094e-10
1.0257530202701461e-09
1.3254535787427988e-09
1.6807431503517587e-09
2.091477940209993e-09
2.5539967290463288e-09
3.0605712581433718e-09
3.5991484882466704e-09
4.15348019322673e-09
4.7037002003973055e-09
5.227357867868341e-09
5.700854321283922e-09
6.101164907262459e-09
6.407678219563858e-09
6.603949371752477e-09
6.679160602143774e-09
6.629108812687663e-09
6.527248709918408e-09
6.278009081949527e-09
5.925552201865906e-09
5.4884640961755254e-09
4.988706304654644e-09
4.449796565747223e-09
3.89500021877777e-09
3.3457225737761676e-09
2.8202491499178053e-09
3.029930692750328e-08
4.406342746907423e-08
6.390776504656913e-08
9.178861408548354e-08
1.300212168320622e-07
1.8123459042930008e-07
2.4827115009956007e-07
3.340212644562057e-07
4.414882227050882e-07
5.724463917488332e-07
7.422504821043993e-07
9.374275669085208e-07
1.156117666779832e-06
1.4010178541569575e-06
1.6686495204200454e-06
1.953839295921426e-06
2.1504604199374873e-06
2.449377983914523e-06
2.7454669825284237e-06
3.029835316326902e-06
3.2937817557783624e-06
3.5293696388979864e-06
3.72991805495367e-06
3.8903525194098685e-06
4.007379280838662e-06
4.079476099448549e-06
4.106721986539142e-06
4.090512983515441e-06
4.033225581546509e-06
3.9378910447257354e-06
3.8079328044868275e-06
3.6469982096284634e-06
3.4588903283352333e-06
3.24758113786176e-06
3.0172696399442e-06
2.7724407066511256e-06
2.517883738442246e-06
2.258642851204604e-06
1.9998886499149213e-06
1.7467210793884132e-06
1.5039289640982354e-06
1.2757414639208738e-06
1.1334711455478612e-06
9.368314468117782e-07
7.618664992243412e-07
7.48612585132414e-07
6.895647673441603e-07
6.707799150778338e-06
1.2711071400893686e-05
1.8650818899893424e-05
2.7006073042137407e-05
3.848644039924189e-05
5.390652093854359e-05
7.41583521233614e-05
0.00010016393042391044
0.00013280610845705276
0.00017283877710362478
0.00022078066524625179
0.0002768009623734926
0.000340608708176952
0.0004113607561657725
0.00048760432386038343
0.0005672690350796458
0.0006477195905194295
0.0007258738771724402
0.0007983830815131336
0.0008618613366725786
0.0009131440768413109
0.0009392051256288461
0.0009645437879086129
0.0009722078587755009
0.0009617715993113341
0.0009338139840209982
0.0008898654950297246
0.0008322693432470216
0.0007639746257167224
0.0006882911785030334
0.0006086114469549605
0.0005281834939692017
0.00044989096044158324
0.00037610495514363794
0.0003085978876804902
0.00024852132034135937
0.00019643965556752634
0.0001524063500228616
0.00011606689330229838
8.67728781211549e-05
6.369359886553578e-05
4.59150068520422e-05
3.251974190725632e-05
2.264567377510909e-05
1.552344290888168e-05
1.0495636952206767e-05
7.021435486054003e-06
5.351882439787339e-06
3.561045582309522e-06
2.3894556871054827e-06
1.6364454270196377e-06
1.1589340313090522e-06
8.577225825073043e-07
6.659893167295337e-07
5.400886156342561e-07
4.524851709518525e-07
3.865147342558863e-07
3.3261794468531395e-07
2.857087376453448e-07
2.4338511168887666e-07
2.0474713727858932e-07
1.696424180738783e-07
1.3820642432555573e-07
1.1060222905785183e-07
8.689178606034464e-08
6.699076907372165e-08
5.067316494816861e-08
3.7602032357192945e-08
2.7370388496684166e-08
1.9541895959531426e-08
1.3685365391420334e-08
9.400323583600347e-09
7.239851897437125e-09
4.815061364475443e-09
3.1409613529249478e-09
2.0096057729635603e-09
1.2610897311451758e-09
2.0541771340442797e-05
3.107367053628693e-05
4.6128385861609276e-05
6.71987872622087e-05
9.606621227301206e-05
0.00013479462491180892
0.00018557514617954132
0.0002516227196948985
0.00033416845601000225
0.00043510579590576683
0.0005560162115980508
0.0006973482584849755
0.0008583986488612918
0.0010370833819383916
0.001229795893140913
0.001431388976753242
0.001635307543605615
0.001833883312456022
0.0020187819800815475
0.0021815711541997946
0.0023143570279014264
0.0023828292993983893
0.0024515269069587324
0.0024764109096752866
0.002456285661237717
0.0023924117763907374
0.0022883783793175225
0.0021497695941890215
0.0019836683323165363
0.001798058693950589
0.0016011968896417841
0.0014010187656786253
0.0012046409334994955
0.0010179947963290731
0.0008456119276596018
0.0006905588689194185
0.0005545024759075856
0.00043787540476334166
0.00034010590887930184
0.00025987640442974813
0.00019538000485575815
0.00014455173851174146
0.00010525972214435415
7.544970705717162e-05
5.325019387281353e-05
3.7004341600315715e-05
2.5325536158547056e-05
1.9504638504297217e-05
1.3022969750581665e-05
8.575092749684538e-06
5.577150692434221e-06
3.5946469565858524e-06
2.311383647315344e-06
1.5020908518989573e-06
1.0094747001810136e-06
7.257352283930178e-07
5.781926271947607e-07
5.184525759127211e-07
0.00011172718794138503
0.0001684070549871467
0.0036796305005087683
0.006220877792356356
0.011700370898023997
0.01719316319020858
0.02479905868277354
0.03511046666343304
0.04879316288267601
0.06655817936044194
0.08911755107697213
0.11712716836386526
0.1510979277780185
0.19132748737404093
0.2216323157078674
0.2720702985141246
0.3278282022269421
0.3877291034551581
0.450118881235817
0.512911789285975
0.5736865657793099
0.6298297916658865
0.6787162674327603
0.7179098659180717
0.745363806427135
0.7595975474666977
0.7598290472782416
0.7460459519491032
0.7190066928332431
0.6801713570846042
0.6315710988446618
0.5756323413850624
0.5149769194143005
0.45222096198390954
0.3897936612417546
0.32979263084497423
0.27388628483250427
0.2232667312346683
0.17865021449940013
0.1403170615891004
0.11822189183887653
0.09002326651808598
0.06728907918905917
0.049370782776681464
0.035557735180319884
0.025138554517089514
0.01744587001699354
0.011884903148287202
0.007947939788579236
0.005217694146345049
0.003362579108019495
0.0021273983489347873
0.0013235528427255662
0.0008098313589424308
0.0004884928245526422
0.0002924812766437329
0.00017644051814993063
0.00011068485880060175
7.628326371515461e-05
6.147889464618249e-05
5.916216016586913e-05
6.513642899339239e-05
7.695667214827562e-05
9.316858894308426e-05
0.00011282067591800437
0.00013515977307722651
0.0001511846339295618
0.00017633080764223156
0.0002448627671994989
0.0002915014332192819
0.0016758548017338972
0.002427357747799839
0.004275828699193389
0.006151718407179299
0.00873538307140806
0.012224904131055465
0.01685941436269938
0.022851358827056138
0.030903569321424417
0.04064796430138987
0.05275002547795557
0.06695955522212191
0.08353042254573596
0.10240475575137936
0.12338460585789958
0.14611909655196886
0.17010353287447064
0.1946925189308793
0.21912757698278926
0.24257791317546523
0.2641911248235247
0.27717219298765977
0.2939477213154908
0.3069286896132202
0.3156402572673381
0.3198015466057204
0.31933762412453215
0.3143749703782712
0.30522215718788526
0.29233900651530886
0.276298420750062
0.2577452752566555
0.23735632268792786
0.21580416023159776
0.19372719898213756
0.17170648775148115
0.1502493635232797
0.12977932194074304
0.11063122789691325
0.09305095254210304
0.07719910698273232
0.0631574490641112
0.05093956312393574
0.040500784282041
0.03174320154836983
0.02451800421539883
0.01864116592480014
0.015381028682663726
0.011355861569176609
0.00823667387415387
0.005875374332646212
0.00412533263215855
0.0028502066770735644
0.0019377629406213404
0.0013544739041585591
0.0009546562894753183
0.0007577621574045584
0.0007009508192692909
0.0007936647483068321
0.0010281051661729268
0.0013813671859047177
0.0018065037177121346
0.002240169796141542
0.0026272017114170876
0.0029479259831412885
0.0032283350861799743
0.0035244924264379663
0.0038917136684120494
0.004358695973549704
0.004919589489839896
0.005542318845360122
0.006182794832764358
0.006796164272050677
0.007170007007802503
0.007652623281062677
0.008016571593823867
0.008240724682374615
0.008312115345163101
0.008226502839360193
0.007988631661180709
0.007612386919829718
0.007117268079941401
0.00652934750299966
0.005877580559933081
0.005191842228987651
0.004500578890193141
0.00382902583606562
0.0031978708423076254
0.0026224972719131293
0.0021127979894131196
0.0016734855203618744
0.0013047722671463628
0.0010032910474711777
0.0007631013818030923
0.0005766727327009155
0.00043575275790077016
0.00033206835579968207
0.0002578394860708629
0.00020611206014271453
0.0001811451188519862
0.0001542146826986868
0.00013624165255821013
0.00012397736435596467
0.0001150204114268504
0.00010768554145568852
0.00010087074707820663
9.393164942795067e-05
8.656810772944398e-05
7.872527639661233e-05
7.050977798083519e-05
6.212087060092696e-05
5.3796094365976714e-05
4.577061602968271e-05
3.824921247732323e-05
3.382684036314866e-05
3.854142826492986e-05
7.257661803335848e-05
0.00026545626890967677
0.0008641530429290239
0.0026642411186810423
0.006955610664656334
0.01451959812414244
0.023528170585415755
0.02955812421260733
0.030067384237981238
0.025559241688921396
0.017440859866382004
0.009593057389789763
0.004265076818227766
0.0016698342575517048
0.0008780612993988076
0.0008967469457414566
0.0013019869293110376
0.004114966915705112
0.008878774987281486
0.01975598419099752
0.03978354532005368
0.07369269662889111
0.12406003910194434
0.18861476176274472
0.2581621524057168
0.3177049197468407
0.35147698315411385
0.3497415337602033
0.3133571218613369
0.2532190931882177
0.18505845261234674
0.12294434045964163
0.07503691512444272
0.0430117060710493
0.02924552609893064
0.016829989290445876
0.010666241165463292
0.007720590302297769
0.0062044387369938015
0.005243901354823686
0.004483447622093747
0.0038066640201164592
0.003187785548572801
0.002627837838099921
0.0021319210364196596
0.0017027350387040338
0.0013395263785623546
0.001038601910660068
0.0007942070425910788
0.0005994030496346905
0.0004468186639542359
0.00032923003101924275
0.00023996104214235115
0.00017452668270630364
0.00012582786968034208
9.074336131628781e-05
6.62097113993317e-05
4.955835919374812e-05
3.9220754554542547e-05
3.36130148085217e-05
3.209180074747596e-05
3.2744770267554896e-05
3.6307661546274836e-05
4.251611397769359e-05
5.1116190979137686e-05
6.1878619682708e-05
7.455122345192549e-05
8.882288382382992e-05
0.0001043002478977837
0.00012049839225177958
0.00013684611831037095
0.0001527055292949031
0.00016740417922480076
0.00018027662771110298
0.0001907109595645864
0.00019886236617519876
0.0002033682453266766
0.0002044987704140271
0.00020228732325606183
0.00019696225823660006
0.0001889295905270188
0.00017874049752816245
0.00016704705394462118
0.00015455074949254015
0.00014194884296898428
0.00013380967146513152
0.00012241144335835305
0.00011238325089050692
0.00010403535431425456
9.757098069082282e-05
9.290324393649167e-05
8.991626800458495e-05
9.306665871561677e-05
9.49783274227279e-05
9.858510665122905e-05
0.0001038156012225351
0.00035074030712125745
0.00047934202217923155
0.0007729243590635336
0.001078685235431701
0.0014954764967379495
0.0020522043640744743
0.0027804773305302034
0.0037129126618886507
0.004880700492558466
0.006319980227460607
0.008034920589895802
0.010038390634301867
0.012598620433144301
0.015327120532095445
0.01829581032225287
0.02059495745355335
0.024005293700313738
0.027575252958335364
0.03124172415964538
0.034942048155168895
0.03862365244165509
0.04223561755896762
0.045751414848184666
0.049152374646011035
0.05244036349677025
0.05563007835660672
0.05876432830315135
0.06190468517865092
0.06505769306680945
0.06805343378052807
0.07056738387518124
0.07237066963123812
0.07349621960094854
0.07407291842700084
0.0740979299936864
0.0734401021107934
0.0719695001738291
0.06962875496643943
0.06643447157255826
0.06246177483055257
0.057832036010132606
0.05445666281859436
0.04909072281867004
0.04352655592385268
0.03794764433334989
0.03252281531888556
0.027395852337904748
0.02269497056130848
0.018472333576889752
0.01478111385172758
0.011632981511852476
0.00937136775204084
0.007420989412010195
0.0061484230933476144
0.005313538478268031
0.004951382665745825
0.005083974351427427
0.005686287109145208
0.006772000207476588
0.00835058342774359
0.010431585602177173
0.01301844801050777
0.0161016197343392
0.01965175683760742
0.023613881017378945
0.027903388743101918
0.03240471223361698
0.035452904833088085
0.039973854569323716
0.044272631297214635
0.04816239763749214
0.051464884643225864
0.05401307728858647
0.055678921144828177
0.05637624386171683
0.05620680705402623
0.05498138355237244
0.052868885091375224
0.05008598523432827
0.046659330060070045
0.04284331909326242
0.03884437442715674
0.03486672648606953
0.031099193707066184
0.027704076078793032
0.024808808157312838
0.02250089466323307
0.020824907869582736
0.019784149488952435
0.019343342038043713
0.019443934868839895
0.01997346845075157
0.020510009666417677
0.0214971383136466
0.022571753754997904
0.023609559123419065
0.024497745757998207
0.025140314137356432
0.025461579303321068
0.02541199891240735
0.024971669003621765
0.0241497936273496
0.022981280359452697
0.021521570110172902
0.019840309215679513
0.01801445717680034
0.01612149873494845
0.014233447305640102
0.012412121132877818
0.010706036931474958
0.009149004137639374
0.007785029633023609
0.006616398920463942
0.005678791173631689
0.005009014738181773
0.00464456794088037
0.00459566180240948
0.004805854987704887
0.005020875956728776
0.005317583060845134
0.0054364087911141805
0.005412006553198902
0.005580350233338075
0.007138124732819832
0.012021140415564591
0.02691756322056337
0.06557790946566067
0.13741849099813228
0.22671711882455145
0.2908796454556336
0.29814384268205574
0.25426456513029166
0.18462595952571204
0.11227221787576751
0.05481801933995471
0.020659751081793007
0.005879551500671834
0.001280360741736883
0.00025729099257305703
0.00010173131774182403
9.606335285759753e-05
0.00011084180560145167
0.0001294026178341951
0.0001497517350795972
0.00016394351627677412
0.00018562309660269982
0.00020705316047297091
0.00028225237384018166
0.0003285791821010114
0.0003839636918537393
0.0004514835912534148
0.002697994323695639
0.003908176310167307
0.006266952774837461
0.009288438516890905
0.013144837439150016
0.01831805647704143
0.025111020227936768
0.03383774322477591
0.04480020295860186
0.058258163507085285
0.07439335704273183
0.09327073863216898
0.11480080396338409
0.13870795008974074
0.1645103004554232
0.19151608180938065
0.21884040747192718
0.24544421673275282
0.262221849464914
0.2850947553943884
0.304230785084073
0.31864621898005585
0.32757086871582114
0.3305157744631035
0.3273224324014112
0.31816177537485124
0.303537418224823
0.28423371189788216
0.26123640124572484
0.23566449359015723
0.20867118725205772
0.18136347350896154
0.15472837693049882
0.12959400083813852
0.10655866567655138
0.0860346045429642
0.06823303360370597
0.05317348933438953
0.040775631345538445
0.030818887224036903
0.023064696033745224
0.017248278834011692
0.013107199785636778
0.010379424138991634
0.009239348371735498
0.008475758764364873
0.008811903242411637
0.009934563633333095
0.01098299263713335
0.01103661646417996
0.009941222700154096
0.00821879288522214
0.006374882543853545
0.004730809251010415
0.0035385990039230246
0.0028643481987562225
0.0025491377367018162
0.00238734285643078
0.0022575827243634227
0.0021174352617815114
0.0019595073194003765
0.0017866293275621366
0.0016052450978587466
0.0014194220905064388
0.0012359776115405247
0.0011852926719848327
0.0012508443408555648
0.0016382051430629866
0.002595129665237253
0.007823599262495637
0.013877579615037857
0.030367288923856733
0.06442901172678514
0.1269145651582268
0.22870505494313004
0.3754417439876064
0.558237461415418
0.7499514454035832
0.9103167469796788
1.0
0.9965705791422661
0.9031893630869233
0.7457234882996228
0.5612442738165493
0.38473670224019557
0.239792639151142
0.13563645102238628
0.06964859390307747
0.032719493237387196
0.014487500038367943
0.006585449598573229
0.0036189674509143803
0.0026963483835772996
0.002497134617073307
0.002505129928395861
0.002532545117707867
0.0025605537233572523
0.002648763120815891
0.002688328377645325
0.0026958099123110704
0.002764743572981002
0.0028287240155389667
0.002936960598002685
0.003117536167769316
0.003394931652914841
0.003793038400874656
0.004332927944677625
0.005031067373519746
0.005896875194670798
0.006930448370251022
0.008120994267342587
0.009445505749897007
0.010868485453947054
0.01234271819820553
0.013811232193047892
0.015210423436033238
0.016474162928419425
0.017538554182562536
0.018346885606274715
0.018854253400308645
0.019031332757076896
0.018959686655799782
0.018570680040382728
0.017863115426793214
0.01687363767134366
0.015652279552076244
0.014258155325852933
0.012754656288887306
0.011204680550642663
0.00966638102788947
0.008189806353770836
0.006814661551746135
0.005569255538189819
0.004470556082855104
0.003525159366541253
0.0027309119521159555
0.0020789000437468693
0.0015555387604115165
0.0011445698681035426
0.0008286593314974926
0.0005908607921012741
0.00041613418846896013
0.00029046644930166214
0.00020437652159366955
0.00014733414894127413
0.00011564475164003608
0.00010170682522025762
9.971923014525048e-05
0.00010400166583740764
0.0001118537572612542
0.000189929949765432
0.00029728540952402303
0.00046196346797011196
0.000835695273751082
0.0015459880361198537
0.0027923704857245974
0.007879840280752625
0.016412645384577297
0.033352621390441775
0.06635811990341992
0.12220780377050945
0.2078017517283271
0.3225323029126541
0.4541739658737971
0.5791269928570822
0.6694260073076785
0.7035436498396007
0.6748227019971411
0.5929154775751954
0.4785576318504374
0.35553583941944994
0.24370597808950287
0.15503043110371456
0.11077438381484694
0.06496089905179459
0.038575974907222046
0.024882684243937792
0.01825962075509904
0.014999628506046357
0.013094723737342145
0.011650254036384314
0.010334652428661358
0.009077701624037062
0.007895016476861472
0.006819445662473971
0.006100085381251078
0.005355439808926655
0.00473965637610629
0.004387731597292452
0.004183734906100277
0.004248190342350788
0.004599556365948719
0.005579838780777361
0.006786947343628942
0.008413789303386467
0.010722888525005109
0.013628660985864785
0.01730571644010582
0.020325072079843312
0.02656807455127526
0.036499611650832424
0.05087519266212064
0.06682241281554997
0.0789229530498433
0.08474350860012396
0.08667461419235993
0.0873541725475083
0.0874065227508976
0.08711124317463223
0.08790547597040264
0.09040343595755737
0.09365643420170722
0.0966511638605692
0.09879504743852957
0.09990071657710053
0.09995784951779911
0.09903977519327663
0.0972715696625225
0.09481571160465588
0.09185790645460488
0.08859085427338569
0.08519718878139078
0.08183344715711179
0.07863088339628252
0.07660927789013557
0.07377665925900535
0.07116863733702732
0.06872940737398507
0.06637226013198706
0.0646608990861974
0.06248712566851874
0.06023304208835609
0.05818919910182999
0.05592251588049459
0.05369683984759977
0.051642312621053364
0.04992668464844609
0.04872852318397352
0.04821133164188265
0.04854436422399921
0.0498561285498269
0.05220358155398071
0.055588429907327985
0.05993095178905414
0.06507252500157415
0.07078164563978573
0.07676415092371526
0.08268462592259629
0.08818799245403917
0.09292598994146661
0.09550176654863574
0.09832305680955142
0.09966084843524504
0.09941592361191214
0.09757748372467588
0.09419306667047006
0.08942740368500936
0.08350626102045361
0.07670534607499678
0.06932718611978804
0.061677768982845466
0.05404522455191668
0.04668236609731561
0.03979427790860698
0.03353143617092588
0.02798818948421117
0.023208023394300614
0.01918570024811882
0.01588257883857582
0.013233819616355846
0.011158242790700242
0.00963535745041995
0.008577657277872039
0.008001794438829112
0.008012263082482434
0.00841524496289619
0.00970372364395308
0.011840828204200918
0.014609380199142636
0.017493877504800755
0.019788720920962715
0.020871392126662395
0.02043480873602293
0.01857479205820102
0.015815628568806844
0.012543928327172923
0.009331163691204035
0.0066345520233416335
0.004634697163399037
0.003378846751254253
0.0027997107178812965
0.0027562259980248136
0.0031113720483951276
0.003766371545339759
0.004664065742418589
0.005776135402556662
0.007086702657249198
0.008582891578016297
0.010247654984877598
0.012040511759944847
0.01389341847557378
0.015117872191284087
0.016878115782680347
0.01849770085140359
0.0199321070053826
0.02112649464934319
0.022022148832519423
0.02255897114860697
0.022707936381454588
0.022460521173454037
0.021836979325602225
0.021024097993072047
0.01992915828373204
0.018733657841588775
0.017531945745767153
0.016522292941611044
0.015835554912816536
0.01687537856846979
0.022050457240702155
0.03262186314371977
0.0451196375490158
0.05258656318463864
0.0519660936902159
0.047172768544831614
0.042456116847303486
0.03765620096804725
0.03207949039775825
0.02878129134846146
0.02608222748356324
0.02635789632692343
0.029428421133324018
0.03383044781135878
0.04022412355253924
0.05006346292571107
0.06473419690172731
0.08529996590877643
0.11088212247773128
0.13803956671900786
0.16179506691818757
0.17615565725827792
0.1781966076261246
0.16807698509537602
0.14841421470372537
0.12331405557951719
0.09703446600884061
0.07310990934239767
0.05392023365714965
0.040506530305184564
0.03265992326935896
0.02938122183982914
0.02934228212939206
0.03143155853223161
0.03483427493280607
0.03757352864177566
0.04207819620982195
0.04681346983494175
0.051517399675034256
0.05594243174697989
0.05985307943088488
0.06304228531704406
0.06532632957193331
0.06658208173877068
0.06674155044750285
0.06579860064457016
0.0638081509726517
0.06114105582504626
0.057559543559246466
0.05343080938834052
0.04905340160711841
0.04455864936355972
0.04015627910073797
0.03609459321537643
0.03250895367333249
0.029523813189413238
0.027247628637545058
0.025757241336934897
0.025051982553434837
0.025120933048651848
0.02557915901016158
0.026830208985783102
0.02867153708280352
0.03098185578828981
0.03361850436404476
0.036423076429946376
0.03922841443236077
0.041866813930590475
0.04417900948457155
0.046023277645958365
0.04728384361424842
0.04787775167964836
0.04775946748890054
0.046922731013128834
0.045399309443411945
0.04325517122898885
0.04058401120711473
0.037499377250103855
0.034126341673184894
0.030590104645773383
0.027011867270434333
0.023499835439812756
0.02014588719248633
0.01702006555728835
0.014173047514606088
0.011635185414665792
0.010122160763905907
0.008119151433955673
0.0064255223878535725
0.005020102745480597
0.0038752265891999907
0.0029596557941146194
0.002240988918693315
0.001687542534357726
0.0012697544795516784
0.0009608195088858045
0.0007403286347939857
0.0005875843385863214
0.0004903354070318214
0.0004407083693435311
0.00043437120388618107
0.0005132398030498535
0.000676691879014432
0.0009884232906764965
0.0015586251353939225
0.002609160635649691
0.004295224199985011
0.006601404345636246
0.009385936206919486
0.012190667342450926
0.01448830764313512
0.015783540346658072
0.016015514341473493
0.015502736744020132
0.014237736148224437
0.012602394024733793
0.010936462699665946
0.009506743684594162
0.008512048524211238
0.008078927381879241
0.00822655965187174
0.008867075340431057
0.00986679320793945
0.011101555669351233
0.012441091161670276
0.013703225830923045
0.014890973459914887
0.01632986875370657
0.019326290825400414
0.025417131443201336
0.03415296268179933
0.04177663799815047
0.0434681848537933
0.03979324213212515
0.03516082003654022
0.03177209545988884
0.028017876937227956
0.024808151635501704
0.0200214603910052
0.01692034811996094
0.016004177235742514
0.016630918058482692
0.01817381836400899
0.020403116321100728
0.02326408235959899
0.026749211904670753
0.031001422559123807
0.035527204050942965
0.04030634561908321
0.0451990980724525
0.050179855540885644
0.05490294533815276
0.05924749497702715
0.06306215106335146
0.06622647778337758
0.06867148995131404
0.0703467154890439
0.07126965553446009
0.07148988693200735
0.07108869172555955
0.07016683731931649
0.06883197828719144
0.0671862696185215
0.06596917248298066
0.06399067439553954
0.0618807939692752
0.05966072888644566
0.0573344572280531
0.054878646211408345
0.0522805034847787
0.04950873067853514
0.04655636766935625
0.04342996453856142
0.04014762412474678
0.036748227078285664
0.033546653370242166
0.030220916768624546
0.027021362224859853
0.024034437412918035
0.021477480127922628
0.019226171430629685
0.01743067868226686
0.01614899115872747
0.015422412317201024
0.015277838880483667
0.015719128619158054
0.016736615064429385
0.018300777885924366
0.020357575614251607
0.021967601669341016
0.024678290838419995
0.0276381404842126
0.030723186400275583
0.033794647066023406
0.03670949285946142
0.03931848954863977
0.04148681127216003
0.04309861339640069
0.044064436509969544
0.04432835384590867
0.04390752336987323
0.04277324772418336
0.04100066883678924
0.03868264158871751
0.03594947621299665
0.03291173791122127
0.02970787554704399
0.02647343130975399
0.0233289008022181
0.020376358665823324
0.01769560539128115
0.015341833753153082
0.013345632567129733
0.011714625840675617
0.01082474806154017
0.009766512258336706
0.009005974201316925
0.00849622196965176
0.00818488403766063
0.008017816855345647
0.00794233299834681
0.00790990947255613
0.00787828519725527
0.007814548973037464
0.007690815342918967
0.007491649699041433
0.007209576037889806
0.006845319047849524
0.0064066202238755605
0.005906815806506517
0.005362691070075476
0.004793258067846025
0.004217803012020131
0.003654138551929546
0.003118533663203115
0.0026270982420874703
0.0021885441788503284
0.0018017518320451607
0.0014762938577294327
0.001208027047073487
0.0010793903504905976
0.0010352157716054583
0.0010057686984304443
0.0010477662256792005
0.0011780810166977108
0.0014221076542831575
0.0018688811165646399
0.0023985416639965822
0.0030964072224305738
0.003985486837770353
0.005087384277481712
0.006419667941891381
0.007992874548997013
0.009808283921069407
0.011852040234499484
0.014097347654481557
0.016501665211664237
0.019011041014333287
0.021563316605894334
0.024088374734617845
0.026458356176728388
0.02852959691262586
0.030257370457542312
0.03174061282211358
0.03343611699344892
0.03588340021504353
0.03791486867472198
0.04056558971781208
0.041007871947864365
0.03866010031898562
0.03513487538055411
0.03212386310486422
0.02948181946240405
0.02623914814357284
0.02237310016758593
0.01863606856981013
0.015519188862679561
0.013175248648004307
0.012301767672987242
0.014544068261018131
0.02127437302160616
0.030758857937586485
0.037162875814232665
0.036065960667683784
0.029981592201997365
0.024937849561827416
0.02255757196232091
0.019658061951435598
0.01437331829781198
0.00852598201369601
0.004428574838684099
0.002435989000479958
0.0018684496047640519
0.0015059301571587807
0.0013959494533971625
0.0014489251827779627
0.0017508883027140911
0.00230634557369524
0.003134305110705624
0.005270427492015554
0.008562749191551982
0.014576239700191914
0.025740031077133838
0.04539876367596369
0.07578747487897183
0.11621257620280841
0.16176210060179771
0.20376451763570796
0.23316277383187836
0.24449753599141236
0.23801280451562912
0.21837351399803154
0.19208824675465264
0.16518018700586148
0.14112950324402063
0.11897037427208144
0.09523771837444835
0.07842332309426597
0.05571184662327751
0.04097016506678652
0.033721577769388264
0.02854851175864293
0.022152342342820402
0.015668721720797727
0.011105649129219488
0.008671111259500342
0.007426713495392698
0.006587877830088879
0.005836426024023827
0.005105424503351073
0.004400466964468051
0.0037375142819519184
0.0031295733042861107
0.0025851980441034877
0.0021083656807974398
0.0016994378364307422
0.001355666110415465
0.0010719698824035225
0.0008415919068271672
0.0006569381075439219
0.0005102268600840227
0.0004003978312370219
0.0003126389885250854
0.0002662151620922919
0.00021216981991245687
0.0001743779447848381
0.00015055711548400683
0.00013892361027256086
0.0003356771538049615
0.0004838435152588765
0.0006685181771062225
0.0009301284789526637
0.0012894635243745612
0.0019101885681908173
0.0026104771253896942
0.0035159965911836072
0.0048294453868934105
0.006373249088720752
0.008246274748364231
0.010510653901215533
0.013184641491599562
0.016398830332496072
0.019973891401071257
0.023963610498268985
0.02854127371529311
0.03335124129093567
0.038405550542514794
0.043634796286688426
0.048934995117167986
0.05258228031517447
0.05781806457697396
0.06285040337707137
0.06757514998168641
0.07189533777483852
0.07572635615469746
0.07900175122758724
0.08167703851237194
0.08372860325671641
0.08514897799421534
0.08593974071277366
0.08610622037806627
0.08565517945974471
0.0845928010321641
0.08292823761333551
0.08067443838442223
0.07785147667644314
0.0744895333281461
0.07063203992956628
0.06635351285726365
0.06169997506260915
0.056763824715756174
0.0516365005630165
0.04642615049998808
0.041238591518218515
0.037846473888147165
0.03293287746119874
0.02830499224984287
0.024038468492243663
0.020179323228877638
0.01676439317161695
0.013808484587067297
0.011307414622902672
0.009241289651788304
0.0075790087793294126
0.006443113277013491
0.005573653033612155
0.004987374630444155
0.004669683671967222
0.004593534892402701
0.004845088778319521
0.005253627333871949
0.005882564089321531
0.006746104436297977
0.00786112290034869
0.009244699359199146
0.010901771391626383
0.0128232157653193
0.014994941713031054
0.017402604038657423
0.020019124557264623
0.021853753464609067
0.024682954614080634
0.027544697216037122
0.030291172227404645
0.0328269476578406
0.035040368968326074
0.03683623499468137
0.038120001416121325
0.03882893781047204
0.038931825940230584
0.03842682145787233
0.03734361962007451
0.035740989657384474
0.033701546301432246
0.03132492990147649
0.02871989871892564
0.025996542596538535
0.023256357056008706
0.02058824493662315
0.018063665411517146
0.01573570765680854
0.013638381547767845
0.011786483002131812
0.010221305748736736
0.008919868899268029
0.007923306139206679
0.007451841374835159
0.007073807845846852
0.007111894853080978
0.007508480289550929
0.008871551731168468
0.011062831119222433
0.01531263921005905
0.023947851142992745
0.040242519702880786
0.06766565279577666
0.1068432860865135
0.1538474511394346
0.20026009903366307
0.2357743747544993
0.2530710093863644
0.25109704068409844
0.2343512349980104
0.20901601147762985
0.17940416868531278
0.14738212517928848
0.11411995636708586
0.08182454096809758
0.0535262005094486
0.03164184089526908
0.016865004950236177
0.008169646892791328
0.004855499687870689
0.0022530206464220206
0.0012472818245446986
0.0009721268428478655
0.0009964068781022678
0.0011401908081777688
0.0013387856789871721
0.001571245709046114
0.0018279062037070064
0.0023224698389838565
0.002718706645548191
0.003163463013396186
0.003661849225060392
0.004221115089698762
0.004986908745693948
0.0057704613727883785
0.006679098300405245
0.007735872388990817
0.008965455216375375
0.01039943285717374
0.012038551750963406
0.01389747997518899
0.015969917706593364
0.018235884356215665
0.02065753003965825
0.022331618022217312
0.02488049999345054
0.027400272457350924
0.02979782651220292
0.03197467184055747
0.0338337188131615
0.03528644562659149
0.03625977766068587
0.0367013152807057
0.036584426117158717
0.035910751121835546
0.03470658275074068
0.03302542290577501
0.03094083709979325
0.028542067093881466
0.025936605604961024
0.02321137678281912
0.02046583876597977
0.017824699755395187
0.01529393421285982
0.012981380706371651
0.010939723591051963
0.00920835227908933
0.007817406636116166
0.006707345570421309
0.005851628587482334
0.00539858151412384
0.0048674453666655475
0.004496952431230819
0.004297995809968684
0.004276099154631855
0.00445352737069833
0.004847597886836948
0.00547683501625135
0.0063067315679787425
0.007284935420413483
0.008309360084054205
0.00924497065062336
0.009979103369276356
0.010429528081340263
0.01061610004223061
0.01058123383618005
0.010383606717320039
0.010070604701754316
0.009634686043137617
0.00910661232873533
0.008525511936510034
0.007943619389768373
0.0074126061377916014
0.0069518465623275225
0.006570062509798289
0.006262476091954636
0.006097799290608733
0.00590498889977925
0.0057754459491690625
0.005705926382268158
0.005688505679480151
0.00571465768854635
0.005773802413222735
0.005853567180235156
0.0059499758178688895
0.0060473749835645
0.006146279423850856
0.006249563401723352
0.006364056377863465
0.006490971023144374
0.006611527815708126
0.00682620478962644
0.007122190660796823
0.00772972387708021
0.009069829888716244
0.011757637975488745
0.016323268961604354
0.02309398783187677
0.03134303968163909
0.03978745738350092
0.046758537636209484
0.0499744788286028
0.0522595553470514
0.051882917162081925
0.04959665266526343
0.045963658631849195
0.041174008439169435
0.03534147273924383
0.028835518004244963
0.022309771757994756
0.01641286868017617
0.01152292699385798
0.007720632714243615
0.004927896781403987
0.0030395144381894323
0.002028596558055326
0.001976831075549916
0.0028924836938849577
0.0042853533186125135
0.005136767781431631
0.004771761536297685
0.0036635274616130618
0.0028843194620092522
0.0028879271234097835
0.0031606590182795876
0.0030378360400315587
0.0023995427566043653
0.0019048345499589692
0.0013648271706355266
0.001149002990715688
0.0011466932929236867
0.0012527836563701064
0.0013854457783946967
0.0015765754783387373
0.001779860453152008
0.0020245132366602855
0.002329177372627853
0.0027168389001297464
0.003210710755005886
0.0037501279895297093
0.004278247759912819
0.0047653895186298
0.005356082808471876
0.006152362591447351
0.007633172684445782
0.010476341631083163
0.014905803982665777
0.019572545029663657
0.021906280757344482
0.02084446036001647
0.018330458006901192
0.017094839046265842
0.01782686349252474
0.018625302841271226
0.018870443259404054
0.017599140709121504
0.015844308837797475
0.01465869532284392
0.01427233916289351
0.014360528156659119
0.014613054968968763
0.014885563334857492
0.015127224148943264
0.015319591165454538
0.015454249945528582
0.015524074457081066
0.015514045318346234
0.015428078378790016
0.015256275300659684
0.01502721132961101
0.014794760914749648
0.014608559181419588
0.014416337973913966
0.014017862982993772
0.013363945876959894
0.01237967230728203
0.011419466219768436
0.010663809686926774
0.010062439119582755
0.00970148429806135
0.00911223736584406
0.008541370919503802
0.008141372148452342
0.007990544061555891
0.008090809326592056
0.008417333805137362
0.008958017482479722
0.009684962419035758
0.010582076432250028
0.011619836621380894
0.01275989238773751
0.013954982588189392
0.015149076660691896
0.016281848814510082
0.01729657149484897
0.018145279813744038
0.01878721788289368
0.019189036838428496
0.019326668182937632
0.01919056004329623
0.018782601195901954
0.018120040693504987
0.01723070412123604
0.016151612609723347
0.015348066668053413
0.01405077306096685
0.012690488329933672
0.011303381475231357
0.009933895860517938
0.008618521415358045
0.007387814929211698
0.006263598895574139
0.005258872333107635
0.0043813555442536395
0.0036406745880080494
0.003024406219972347
0.0025284683073454853
0.0021439736191892216
0.0018598834406062595
0.0016640167588477558
0.0015488239391257465
0.0014945721604961836
0.0014929083123425243
0.0015329802664947006
0.0016047584997548148
0.001699206810537636
0.0018077600679132922
0.001922970729147327
0.0020380643214909255
0.0021470098900831782
0.002213579630832848
0.0023008815333298983
0.0023695929335446645
0.0024164839026984586
0.002444576999854333
0.00244548307056522
0.0024207811614104604
0.0023720293306762016
0.0023010597204323855
0.002210641145481033
0.00210795878007307
0.0019919624764526064
0.0018696942407155914
0.0017462615237327926
0.0016413869662653014
0.0015379807841828803
0.0014514164909920856
0.0013879306339300962
0.0013572241382704684
0.0013749372788086633
0.0014443689500167882
0.0015408302668717137
0.001650798493008746
0.0017511941724495344
0.0018921941277666987
0.002197594785823749
0.0025612880434410833
0.0035562408367158433
0.005394863785973859
0.008094586605880343
0.010792696700484999
0.012813188128790001
0.013518281978694225
0.015067401438318735
0.020662929345929972
0.03274523062923565
0.051772228300769704
0.07630308592552594
0.10182871437709376
0.12330620417020118
0.13607098258812506
0.13824758571226456
0.1316215352635611
0.12018629818790003
0.10758170272720134
0.09538696953145807
0.083109388447028
0.06959182584649988
0.054594528731530825
0.03932054335151409
0.025730550145436452
0.01843628730602011
0.010666183164913875
0.006455637658027698
0.004982863323142728
0.0051241582172105145
0.005621877599498458
0.005490884082740229
0.004641245984236888
0.0037701776324894
0.0034953087245137553
0.00377217949990634
0.004075319027785869
0.003972978546024624
0.0035210338975747396
0.0030751118324327145
0.002867555086592429
0.0028856588921935167
0.003023382626310285
0.003250741514539078
0.0034752141140194795
0.003707242105988094
0.0039453662041023015
0.004184190486165145
0.004420310322314614
0.004668757323372248
0.004921239658238435
0.0050904771945139106
0.005372581762034392
0.0057206229428945115
0.00618375341007314
0.006809948367890139
0.007616955522076321
0.008562121274757608
0.009518277188081428
0.010319864363303862
0.011958293977976648
0.01405443585567018
0.018234978076142615
0.02627140197010196
0.039836937919702144
0.05952437006605944
0.08336110959759062
0.10679297286781567
0.12421577087786125
0.1315733520000315
0.12861054540828726
0.11891939229612093
0.10709730413695742
0.096240088572883
0.08645061468104405
0.07600839860583526
0.0635758138370449
0.05434774293898168
0.040266516435398386
0.02780732412424864
0.01846748777475821
0.012590530979358047
0.009627495868549468
0.008742400522611115
0.009264311050137608
0.010738852114712932
0.01266136056969401
0.014381332217371472
0.01548723251664382
0.01617082466708104
0.016950709784828755
0.018092383892981484
0.019382153399142725
0.02036805374079081
0.020759862809596918
0.02065804994999456
0.02026687707360897
0.0197416642488148
0.01907129797539807
0.01821376073355914
0.017230720519984012
0.016083425382364118
0.015255786540540694
0.013979893938200094
0.012715725561394844
0.011519559693071118
0.010465535975737015
0.009569078543086276
0.008862439602450149
0.00837440489164583
0.008115546986803375
0.00808521196926629
0.008272642534554276
0.008655693639866577
0.00920477666365394
0.009883022938273697
0.010647906526974385
0.011455414327199171
0.01225572547361981
0.013004100155803907
0.013657502322939717
0.014178338284804
0.014566851118753155
0.014753021882700466
0.014751619197254652
0.01456361242879517
0.01420880566890555
0.013722064296277084
0.0133609028589292
0.012766093028294439
0.012165478057950069
0.011570353636408966
0.010947067934990336
0.010248375699208374
0.009474261845292431
0.008714328187569752
0.008046261882408033
0.0076062926601592855
0.007646255061499605
0.008546711589071644
0.010443519738730258
0.012592722568281678
0.01350160446981032
0.012425423759192844
0.01030968097300878
0.008813905657097804
0.008740617807723486
0.009583597594653418
0.010177198181551382
0.009779003094596422
0.008649287794118905
0.0076219264450949255
0.007014851399337761
0.006799961692246711
0.006773434947874703
0.006801279678184986
0.00686062386655864
0.006965602830206013
0.007089141905569415
0.00723905004201123
0.0074285481451451234
0.007667031506202023
0.007969551250228966
0.008333652563616465
0.008769648823116573
0.00928369109350738
0.009870296942934743
0.010506010630900243
0.011198727877844688
0.011858338257165682
0.012495108179678678
0.013161815466251467
0.013796887914972075
0.014483507150696216
0.015401715558587131
0.01676281009181006
0.018337262824613097
0.019434961204151682
0.019437001639330476
0.01847212762568407
0.017754531890083906
0.017198757137358044
0.017477875374152962
0.018216494888232272
0.018790415278873998
0.018884474880041687
0.018719129455926208
0.018697132345147548
0.01898036868315104
0.019468570194706724
0.020001320836927954
0.020466585565447677
0.02079796972911551
0.020951692637990828
0.020896783764569698
0.020614078129810413
0.0200969451024255
0.01935156649256198
0.0183965609463155
0.01726165013462883
0.015980489827654137
0.01459539897791147
0.013150177095600825
0.011687818508957505
0.010247933105907506
0.009318709640073353
0.007991446631939647
0.006765274730606243
0.0056736465108541785
0.004703798787100679
0.0038671535936321394
0.0031642592060355528
0.002589968505762287
0.0021418546121403435
0.0018019956781396174
0.0015741743916988617
0.0014297789982741793
0.0013665726351963223
0.0013750726948074503
0.001448590939457029
0.0015766131893426756
0.001751299980897614
0.001965383215095206
0.002210802087428789
0.002478704919037397
0.002759764364103406
0.0030441685202495425
0.0033213639601144223
0.00358298874559764
0.003818900937925608
0.004023128782627297
0.0041395304942830466
0.004282428779225928
0.0043846253427027495
0.004441471616932848
0.004442221927826652
0.004374718188277574
0.004229338153951377
0.004060565705071615
0.003883235467591365
0.003812571110908083
0.004009944820571824
0.004656524522942738
0.005876426317803757
0.007650625718858381
0.009678870965900976
0.011425046114810843
0.012402013926117679
0.012370922474728407
0.011509780517279853
0.010301012963160558
0.009255667487918878
0.00857033185100751
0.008152937419159588
0.0077285817782050716
0.007092254604821915
0.0062498151800183905
0.005657589802109686
0.00488781687518264
0.004407017262960503
0.004268679438965248
0.004426422868078049
0.004780175551913087
0.0052372488321779905
0.005726069552735001
0.0062076539669260935
0.0066371358152330015
0.0069999340986990136
0.007280072844934078
0.007467287858357729
0.007557180151537019
0.007552628374996811
0.007455100277628006
0.007272812924490787
0.007017819463051591
0.006703292442398231
0.006345150993221485
0.005963740841907454
0.005566109465805853
0.005167875704982855
0.004779798760131525
0.004410095218840445
0.004177922703441175
0.0038569709340737094
0.0035750156416333133
0.0033294839796415613
0.003122973572036834
0.00295264910114875
0.0028097435588013238
0.0026827277272672744
0.002565922475244889
0.002461567544065676
0.002372748123525356
0.0023042454183907646
0.0022677761963789045
0.002309172649492408
0.002506635847378585
0.0028807300680908205
0.0032669678302140186
0.003368811176773274
0.00305937223212321
0.0025358083375277363
0.0021273861611835697
0.0019936022254399516
0.0020927382844650876
0.002248922326030078
0.002279466810798755
0.002179039173346266
0.0020803654236450832
0.0019755680015653408
0.0019331153542653688
0.0018892364639321675
0.001972508721523777
0.0021915659276482515
0.0029114002430148576
0.00462663266000899
0.007925895206992436
0.013212053955446267
0.020314549130427195
0.028327700865451357
0.03537108296187025
0.039679947691208334
0.04035199122439023
0.03791783947927805
0.03406178145315698
0.030596631192206913
0.028503051395020837
0.027472537564328936
0.026531612442010293
0.024850153507783676
0.02230391891372285
0.019459441881019304
0.017119753177817405
0.0158106376761808
0.015525482842070103
0.015608625548436823
0.01559705813162278
0.014931090881727001
0.013782754029900124
0.012707944182460216
0.012189964488319438
0.012209243498720832
0.012382775087497865
0.012239751461906789
0.011552056331339261
0.010470829671592002
0.009368425237795911
0.008500444529060635
0.007899340628778945
0.007490767811672816
0.007194124852047177
0.006963550362440834
0.006775683627190627
0.006620779651383411
0.006494880616730525
0.006394665515334102
0.006316380335835539
0.006252058607161082
0.0061933158988330544
0.00613074216240625
0.006082621001112459
0.005992876700559668
0.00587612020542805
0.005726950564929004
0.005541737035622444
0.005320004493032251
0.005063589074949515
0.004776589433648764
0.004465486216117853
0.004136823710094719
0.003799336885062511
0.0034834818739885596
0.0031655891034699157
0.0028672160385538282
0.002601037024834513
0.002359972281946281
0.0021476957885380537
0.001965505402210233
0.0018268828535093558
0.0017199276201107483
0.0016577522801904914
0.0016491036108499321
0.0016899652799402575
0.0017815919607766123
0.0019198792861172364
0.002035071517521488
0.0022370117507756007
0.002466500256275908
0.0027139508311320904
0.002968524491960101
0.0032187908004277905
0.003453493126392971
0.0036621903028127237
0.003835279151503271
0.0039644031767742454
0.0040431156415191676
0.004067396265668784
0.004035829329567048
0.003949534489193877
0.0038120578181520186
0.003629241490333529
0.0034078842651074164
0.0031565071149771908
0.0028842562973877602
0.0026005106619143023
0.002314501233589177
0.002033899674778451
0.0017639106678846916
0.0015078640580462558
0.0012697927413266117
0.0010550938452667977
0.0009268204212909517
0.0007593506434428843
0.0006241743836538397
0.0005217191471267559
0.0004444582668368459
0.00037682087947977795
0.00030746562374793214
0.00024011174219059302
0.00018588175897933272
0.00015016756110657875
0.00013827089808019264
0.00016831230583132627
0.0003166411470658179
0.0007211798872781126
0.0014527548874892207
0.0022779344550732093
0.002684084436414426
0.0023643041230430846
0.0015884726074256446
0.000912305480070031
0.0006927033960846294
0.0009361917506400852
0.001423388844816791
0.00180616997766652
0.0018405304324044555
0.001589739642380337
0.0013927765647020304
0.0012019734884951248
0.0011539678741986467
0.0011742385236940321
0.0011892425138826596
0.0011631390003815829
0.001268283547531669
0.0015003456386412696
0.002130334612598759
0.003492246951690491
0.005927298673578715
0.00953265474718194
0.014010760705947157
0.01859959146913509
0.02212347655615052
0.023657878522511156
0.022928024235593585
0.020559252476539586
0.017770067882962464
0.015699263859644867
0.01477967091235239
0.014631962503555406
0.014463959596488173
0.013613165470832437
0.011903867509511844
0.010437036675519642
0.008160228325226853
0.006239552723669375
0.0049294278397451225
0.004210893697908326
0.003918597948508178
0.0038680653618847704
0.003920459017432233
0.003992092947014751
0.004038940592401071
0.004038750144544782
0.003983020313494002
0.003875726930857191
0.003720922961661237
0.0035273581955437986
0.0033020112262614303
0.0030519487114816037
0.002785168872484475
0.002513059871369339
0.0022407436380870948
0.001977895004773413
0.0017292213228523663
0.0015043315299593523
0.0013036814212532824
0.0011316486652560621
0.0009914397707090278
0.0009155316972529194
0.0008273220976789953
0.0007702821446988713
0.0007418001352531726
0.0007412980367324963
0.0007632781173051302
0.0008195678014377312
0.0008876737263983285
0.0009709799245839337
0.0010694424110925813
0.0011784645643469396
0.001296719273249587
0.0014226596621596456
0.001561108829344371
0.0017012016909350295
0.0018420453575858369
0.001984842086551446
0.002133694488017705
0.0022908270684710336
0.002459171332570862
0.0026378204960456476
0.0028225588373168077
0.00300258352992756
0.003163151346827129
0.0032938748409196807
0.0034065496156690106
0.003487302134658805
0.0036042327191382144
0.003792197517069072
0.004143811843482798
0.0047751060593671756
0.005782706475793339
0.00717599232901092
0.008791668706388785
0.010300088194509779
0.011291450358367754
0.011497473866355941
0.010948843785377815
0.0099699579262403
0.00901464002632062
0.008421861573236426
0.008261622260543307
0.008342082995879772
0.0083610580987613
0.008102187150607638
0.007520739197808723
0.0067488418501928625
0.005974620249181728
0.005339915268518702
0.004911794492502682
0.004668693943088716
0.004602537950026648
0.004645679728681972
0.004816203485373767
0.004970544071177706
0.004903059961324005
0.004543572525888544
0.004046351489113933
0.0036158807503712995
0.003361158891149726
0.00327818263637886
0.003298059928274701
0.0033072969228455187
0.0031938092955585825
0.002972415871836536
0.0027438007041493653
0.0026143460089625256
0.002629159103381377
0.002801768998031938
0.00314172118317446
0.0036397956948786385
0.00422264214091713
0.004766031724864902
0.005112836221387745
0.005156174539785834
0.0048974458852320156
0.0044491112166813035
0.004129302172115583
0.0037336775352488343
0.0035041032786113663
0.003409216414081736
0.003343014951875841
0.0032055868271477746
0.00296660582946681
0.0027102115563329677
0.0026077838018150968
0.0027605803351595966
0.0030269838344643253
0.003061177222834514
0.0026531992829934314
0.0019956985955835514
0.001446458880682512
0.001194036036016027
0.0012469063788106561
0.00151334405762309
0.0018103277280071516
0.0019326891012392527
0.0018227551594388383
0.0016100736134135663
0.001475938295835446
0.0014745444227993538
0.0015919413427640716
0.0017712479202393974
0.0019168711228028695
0.00217251202100636
0.0024673574496196673
0.002787739446823961
0.003123988265740504
0.0034699585628360703
0.0038322673335838948
0.004198040949587374
0.004568606199991343
0.0049424285733504865
0.005319246774014051
0.005696480291891896
0.00606985533939825
0.006429962114519297
0.006762784722749703
0.0070431341746633935
0.007251764250881909
0.0073753118333405865
0.007410994709898816
0.007445868987923747
0.0074870961980938915
0.007670788071293609
0.008193190980278247
0.009246252711417605
0.010972800787109683
0.013312859147650296
0.015051788672387687
0.017534384589679163
0.019297119214743433
0.019893890310927576
0.01925990596268285
0.01775388214859893
0.0159144251518713
0.014259522841649726
0.013048082911534553
0.01223377892421972
0.011563361605885964
0.01075324632518036
0.009638156388608541
0.008226875386988162
0.006671272897679637
0.005144495821474147
0.003808231906645003
0.00275372926986467
0.002007705749964936
0.0015426667065479985
0.0012999340710885088
0.001211292540911612
0.0012320269395873192
0.0013037682052764491
0.0014073750063218927
0.001488854431833856
0.0016223932124255637
0.0017705934250695319
0.0019289743333719906
0.002093316728215024
0.002266711817195619
0.002443739918670562
0.002622658588122037
0.0028027106075410686
0.0029830036223706877
0.003160301646850294
0.0033354351615539277
0.0035002872805299312
0.003654852692649698
0.003796914485492176
0.003923923067501859
0.004039298801280619
0.004133362363636818
0.004206117590656677
0.004257974220671698
0.0042860860223526654
0.00429100708569675
0.004273005842101375
0.004232876875549753
0.004173712942316332
0.004098318838162503
0.004041405098186129
0.003948117535862749
0.003853089803824268
0.003766783959793539
0.0036993503032870826
0.0036564246771886816
0.0036334206680919143
0.0036125357558158826
0.0035700255430676153
0.003482411103967445
0.0033348247544162306
0.0031401053659738417
0.002983870960738848
0.0028998448575821146
0.003035159333428657
0.0035620481878300436
0.0047204413306748995
0.006707660629960645
0.009523018772114493
0.0128121889275186
0.015848662907012416
0.017834773105745175
0.018127937024565836
0.01677980159542588
0.014455389379169665
0.012136397449645437
0.011010039968404817
0.010235184474488053
0.010408163270951211
0.010963565089089468
0.011233579234205855
0.010790746169071861
0.009620050452206805
0.008048308415059508
0.006517029911299
0.005320577321790808
0.004500885303823228
0.003941299718789648
0.0035371553273637526
0.0032564025657378223
0.0030845585390680973
0.002994579273126241
0.002960208565771914
0.00295642897279134
0.0029366565467515244
0.0028426649040871905
0.002659647929937507
0.0024328702393155
0.002220028121187806
0.0020385095801144504
0.0018813179600715337
0.0017832452181214533
0.0016487155307626097
0.0015387714083485936
0.00151117035489715
0.0016781149552327357
0.002127404899570572
0.002740455934178566
0.0030998352368153043
0.002886833517671078
0.002227899475649036
0.001557256925703964
0.0011794899545049611
0.0011551921976711186
0.0014330721139382762
0.0019082006847379617
0.0023718345292328947
0.0025619279328261773
0.002430832380271237
0.002169198394883802
0.0019940754024833974
0.0019766870509233766
0.002075820726181534
0.0022339998146716435
0.0024095378265316645
0.002578876336763786
0.0027385421397041116
0.0028410437086619027
0.0029968278065944987
0.003144750271933809
0.0032536064802422522
0.003297365055105842
0.0032987466538156322
0.0032908969509952437
0.003275771191091219
0.0032247967474453914
0.0031167430264236367
0.0029555174690392328
0.002740823949275869
0.002599497410846175
0.0025609362224468224
0.0028631003419016814
0.0038213363679047963
0.0057912643378727055
0.009024539911185996
0.013431790054838917
0.01837361171882476
0.022687507454442306
0.02519632984603851
0.025083737593073443
0.02260043819636143
0.018861426165935866
0.015333065281756751
0.013689574990517305
0.012654448349818378
0.013068430670905429
0.01407007078123593
0.014645095117739215
0.014115442704007528
0.012394290820315778
0.009914305836610774
0.007325520364135243
0.005131709290613763
0.0035690080085702975
0.002609162931445755
0.00208766051227194
0.0018295090252097245
0.0017106622684638973
0.001664686884465474
0.0016582747436072452
0.0016745883382627024
0.0016857249930210985
0.0016869674729225043
0.0016907765946451798
0.0017198080118267453
0.0017817319049071106
0.001872552141010251
0.0019822761486755287
0.0021105112305487748
0.002213373429718361
0.002453704053299914
0.0029524865384666582
0.003912418620601698
0.005271660190451951
0.006435929961345888
0.006651933942643619
0.0058104612783426305
0.0045670369437739
0.003613280408279337
0.0031782295285183136
0.0032007617724126936
0.0035899868470300822
0.0041589610045459375
0.004512243033544952
0.004298572806043118
0.0035852617962205038
0.0027738628356444696
0.0021727527266713867
0.0018120995873984309
0.0015870786987061296
0.0014129664475556831
0.001256003829170158
0.0011091327045035678
0.0009740908211355024
0.0008925406274499039
0.0007846246846136542
0.0006906730210872808
0.0006009256962514334
0.0005081022470775195
0.0004160613877444481
0.0003345514402177047
0.000269303304262158
0.0002187824483230568
0.00017844413461361796
0.00014437419624146038
0.00012700403998968515
0.0001525137127505174
0.0003003399755806973
0.0006773463779245464
0.0012782869875096324
0.001837219056476468
0.001969496834766416
0.0015727169105318858
0.0009430254111258092
0.0004432964045707781
0.00020691687182099958
0.00020782615261848476
0.0004041650322943804
0.0007326989809784711
0.0010242361217702159
0.001104641369894001
0.0009687128413207009
0.0006707304505062546
0.0004029447839477508
0.00027009808680450583
0.00024922289490757606
0.000287882793243942
0.00035563311583673696
0.0004472304898743151
0.0005626081034791305
0.0007004800048301251
0.0008662969120677682
0.0010578690411269958
0.001275465442900345
0.0015243165599480816
0.0018046190291382477
0.0021129178243321496
0.0024556509751094712
0.0028663314901237595
0.0032918514941209674
0.003733460923457537
0.0041661125798058505
0.004555655536602155
0.004874322541823393
0.00511478837460724
0.005287530706916328
0.005378361528568326
0.005514544474466631
0.005827438127384609
0.006309466850545679
0.007213408216618425
0.008838568662837032
0.011480717303895558
0.015249246957474928
0.019835372267379903
0.024407789214530202
0.027806177955636353
0.029102956428106657
0.027926451639888904
0.02488708141895045
0.021190623602257267
0.018108604815205258
0.016447485537562066
0.016298002620187546
0.017103683559736595
0.017976639688829642
0.018111728845657368
0.01711820227881851
0.015095473049664517
0.012467843241609763
0.009747340459746536
0.008095585162289764
0.006066911988317628
0.0046326886316837715
0.003690808872689732
0.003076819985848548
0.0026647114292074935
0.002379591319012479
0.0021601656211290973
0.001941872757723197
0.0016969255269655896
0.001450968103295872
0.0012535392430350115
0.0011253083820482424
0.001054857109126736
0.0010217665720643756
0.0010100164648972107
0.001011138460182654
0.0010215936533027577
0.0010406885369623072
0.00107722366112357
0.001113981239584862
0.0011524088753361555
0.0011905753476509566
0.0012269450765551933
0.0012607138132856403
0.0012921292388316566
0.0013121845874157674
0.001341924852618738
0.0013725876892171855
0.001410906609544584
0.0014524197038497644
0.0014986656753986551
0.0015518837621121438
0.0016116889032956703
0.0016773567597682248
0.0017472236986361793
0.001819394238145973
0.0018898421446558091
0.001958490966058499
0.0020177585076238437
0.0020658574907828063
0.0021004375094593143
0.0021196252792906886
0.0021224165030644727
0.002108712047346232
0.0020792547744508307
0.0020354837421689745
0.0019793316318095482
0.0019129971085231966
0.0018387239297293538
0.001758613556341735
0.0016744893486842045
0.0016169175348021182
0.0015291829158974673
0.0014405359268691161
0.0013515352834417723
0.0012625166056697257
0.0011736820612812914
0.001085187332533497
0.000997216237092021
0.0009100365288883608
0.0008240333444728623
0.0007397192963245865
0.0006577223870775303
