N :Calcite
Y :22.0% Gibbsite, Diffracto n :724
Y :30.0% Dolomite, Diffracto n :864
Y :48.0% Hematite, Diffracto n :775
0.0
0.0
0.0
0.0
0.0
0.0
0.0
0.0
0.0
0.0
0.0
0.0
0.0
0.0
0.0
0.0
0.0
0.0
0.0
0.0
0.0
0.0
0.0
0.0
0.0
0.0
0.0
0.0
0.0
0.0
0.0
0.0
0.0
0.0
0.0
0.0
0.0
0.0
0.0
0.0
0.0
0.0
0.0
0.0
0.0
0.0
0.0
0.0
0.0
0.0
0.0
0.0
0.0
0.0
0.0
1.943838973782378e-35
1.0388424341426114e-34
4.0541962672216406e-34
1.1553818749133199e-33
2.404429366545232e-33
3.6539633709854e-33
4.054917735811053e-33
3.28598516806063e-33
1.9445308709943406e-33
8.402911282935001e-34
4.033239476376703e-34
1.0320762071729832e-34
1.928569151308667e-35
2.6316271461414244e-36
2.6222807821440327e-37
1.908093794881989e-38
1.0138785587519458e-39
3.9340316622188043e-41
1.1146934663878247e-42
2.306421898148077e-44
5.447246263646751e-35
3.6300696026448586e-33
2.031352983337974e-32
7.972626744024025e-32
2.3032976704970216e-31
4.8967406490897675e-31
7.659632080188345e-31
8.81519066923453e-31
7.464239484507467e-31
4.650386126948199e-31
2.131867191216699e-31
7.191239199867987e-32
1.7848511274212754e-32
3.259179885446713e-33
4.37768158916529e-34
4.3241310534030434e-35
7.788328278072204e-36
4.605809265321758e-37
2.0010569827831542e-38
6.384264336288109e-40
1.4950571263385836e-41
2.5685943679559694e-43
3.236103371642832e-45
2.9884366639184677e-47
2.0219801306597044e-49
1.001959379962583e-51
3.6350233810050704e-54
9.651756810588538e-57
1.8750829711147363e-59
2.6646281948122313e-62
2.7692053039524826e-65
2.1042087697020322e-68
1.168856073093792e-71
2.5166000999953756e-36
3.488263399056205e-36
4.777262785431632e-36
6.464334042987439e-36
8.642576813050996e-36
1.1416618913585787e-35
1.4900696180146503e-35
1.9215443541596655e-35
2.2613967299822204e-35
2.8583272182344135e-35
3.5696195264059567e-35
4.4046023996359067e-35
5.369901162489145e-35
6.468456651966004e-35
7.698566236302852e-35
9.053027257247416e-35
1.0518470759119573e-34
1.2074973287747977e-34
1.3696025379328897e-34
1.5348916526505256e-34
1.6995568453311858e-34
1.8593813245254074e-34
2.0099073246777046e-34
2.1466359578479188e-34
2.265247008491117e-34
2.3618239918586604e-34
2.433068258638565e-34
2.476485872650667e-34
2.6081905842022628e-34
9.210149944463534e-34
1.177563544816949e-33
1.5170467109023387e-33
1.961703219217629e-33
2.541036568582746e-33
3.012629334119276e-33
3.8741134044024054e-33
4.9502931243489784e-33
6.27564225844853e-33
7.884239698439075e-33
9.807830617994023e-33
1.2073523681651589e-32
1.470121119256175e-32
1.7700846931991785e-32
2.1069762097635104e-32
2.479023723462648e-32
2.882757109095825e-32
3.3128890136581797e-32
3.7622920714936906e-32
4.222089743267141e-32
4.6818707469135657e-32
5.13002754496688e-32
5.554208515181835e-32
5.941862310210419e-32
6.280842720442319e-32
6.560034321335845e-32
6.769954393129319e-32
6.903285819501714e-32
6.955299240863068e-32
6.92413048904614e-32
6.810890584864073e-32
6.691673656631519e-32
6.451914771082558e-32
6.146553091052403e-32
5.785806218791814e-32
5.382353990207408e-32
4.978597334137073e-32
4.564832489962286e-32
4.1319956122182715e-32
3.712515759077515e-32
3.318733141457905e-32
2.961470652222145e-32
2.650071876643925e-32
2.3923015857345977e-32
2.1943164507469545e-32
2.060682388061352e-32
1.9944139037909934e-32
1.997013306954005e-32
2.0684932258981824e-32
2.2073736757745286e-32
2.410653917922495e-32
2.6737683285610305e-32
2.9905432583059554e-32
3.3531773504212617e-32
3.752270178949096e-32
4.176922900571995e-32
4.614929833110651e-32
4.9078559189359283e-32
5.338419858471573e-32
5.745951581841675e-32
6.116701347981122e-32
6.437735253166398e-32
6.697526655119945e-32
6.886513358405048e-32
6.997576922979551e-32
7.02640447829105e-32
6.971701706324098e-32
6.835237380278903e-32
6.62171376530018e-32
6.338471787971557e-32
5.995053571704266e-32
5.602656255759433e-32
5.174696894124735e-32
4.7219215621383387e-32
4.3229637532994453e-32
3.924105378041627e-32
3.518603259267283e-32
3.147513690502515e-32
2.821502948505896e-32
2.549832935570894e-32
2.3403242394780017e-32
2.1993700956336037e-32
2.1460129257148447e-32
2.129760306567599e-32
2.1923822707594205e-32
2.335238420163393e-32
2.5582333412897794e-32
2.859693519875199e-32
3.2362085810445085e-32
3.6824590044304004e-32
4.1910601183026613e-32
3.730674855399006e-11
5.190662642311589e-11
7.135641225217861e-11
9.692102689524333e-11
1.300701995812024e-10
1.724695400051436e-10
2.259549199915667e-10
2.924866161364523e-10
3.7408043335682214e-10
4.727143496232444e-10
5.902111066497639e-10
7.280995598671547e-10
8.87460348344778e-10
1.0687643182527401e-09
1.2717148213158581e-09
1.4951071498785795e-09
1.7367195879947804e-09
1.9063314048702992e-09
2.170436667979266e-09
2.4415781629689884e-09
2.7137444288381804e-09
2.980176984756548e-09
3.2336273294947635e-09
3.466671384879984e-09
3.6720635051855263e-09
3.843107119031761e-09
3.974015849222638e-09
4.060238067072858e-09
4.098719530348671e-09
4.08808297872578e-09
4.028709960992341e-09
3.922718114772411e-09
2.094555183738012e-08
2.751566355468086e-08
3.631412119608432e-08
4.794316910435575e-08
6.310391267911688e-08
8.259255252697085e-08
1.0728885757252161e-07
1.3813516359318384e-07
1.762970371735307e-07
2.2242511168299677e-07
2.863078368586412e-07
3.3459721282843013e-07
4.119842002647823e-07
5.01725030757734e-07
6.043106476886533e-07
7.198888085028027e-07
8.481974224297659e-07
9.885106928025935e-07
1.1396037136914375e-06
1.2997403912779722e-06
1.466688208816927e-06
1.6377615159083129e-06
1.8098928556947377e-06
1.9797295620598397e-06
2.1437507090470806e-06
2.298397721370642e-06
2.440210766363893e-06
2.5659625841165957e-06
2.672781723390481e-06
2.7582581863743886e-06
2.82052610344351e-06
2.8583200477138017e-06
2.8710037095461943e-06
2.858571636644453e-06
2.8216263988459065e-06
2.7613347194207263e-06
2.7089762238449116e-06
2.613701075636504e-06
2.5004494186624583e-06
2.3718552029209967e-06
2.2307563166884953e-06
2.080106993257173e-06
1.9228924607258827e-06
1.762047709730201e-06
1.7003657617739516e-06
1.5792607793020132e-06
5.8218676792952675e-06
9.566614952108375e-06
1.2555709683074374e-05
1.652780625846432e-05
2.1714478216438358e-05
2.8376615580018892e-05
3.68001129740686e-05
4.728840774181824e-05
6.015146469440496e-05
7.569101648581487e-05
9.4182166299285e-05
0.00011585183181474588
0.0001408549324934947
0.00016924965902419617
0.00020097356592360097
0.00023582254016500128
0.00026061951704388255
0.0002997911039542023
0.0003407535508432323
0.0003827082025729507
0.0004247155947112572
0.0004657254359064911
0.0005046170050161446
0.0005402480805542751
0.0005715095864945042
0.0005973823934298085
0.0006169922566481296
0.0006296587750049311
0.0006349345501072464
0.0006326314022843619
0.0006228314998554895
0.0006058824826556945
0.0005823769823906655
0.0005531182214014517
0.0005190744735662365
0.0004813259847309923
0.000441008400021017
0.00039925680115069593
0.0003571579248092544
0.0003156924360759294
0.00027571948248937875
0.00023794193362706702
0.0002142488850370839
0.00018124217195322027
0.0001514976168395281
0.00012513039229499606
0.00010212628721400474
8.236476966020306e-05
6.564365422918783e-05
5.170349472912577e-05
4.0250196174237244e-05
3.0974769382043784e-05
2.3569585066677103e-05
1.7740880379576867e-05
1.3217600250189811e-05
9.75690282683606e-06
7.146819140922987e-06
5.206637854270232e-06
3.7855993158676234e-06
2.760445449473154e-06
2.0323003601903834e-06
1.5232668591097111e-06
1.1730295766217139e-06
9.35665847209983e-07
7.767875556647175e-07
6.710740033057486e-07
6.002084553102915e-07
5.511984394730439e-07
5.260897016192351e-07
4.949875365327169e-07
4.678775492285235e-07
4.4193949844777315e-07
4.155819995610741e-07
3.880700829896566e-07
1.362713361346877e-05
1.8859627233368286e-05
2.5869175574030577e-05
3.5131342715573456e-05
4.720272938091074e-05
6.27191491315114e-05
8.238769415984127e-05
0.00010697122886517836
0.00013726409001642057
0.00017405822461256888
0.00021809967312218966
0.0002700361926502175
0.0003303578652811269
0.00039933366993099526
0.00047694809746256497
0.0005628428201343691
0.0006562690389166438
0.0007560805057033472
0.000860636450079472
0.0009328440772093747
0.0010409973202219161
0.0011483970242382592
0.0012513839344427719
0.0013474592343351334
0.0014337720315030689
0.0015076486573660616
0.0015667367301669842
0.001609137397078012
0.0016335153321475177
0.001639177481241407
0.001626113894141272
0.0015949970472062707
0.0015471395254893115
0.0014844134356576512
0.0014091380884559436
0.0013239449905665633
0.0012316307718565045
0.0011350092084617149
0.0010367729736631627
0.0009393742670486978
0.0008449312491079781
0.0007551645229376452
0.0006713650664661752
0.000594397852328667
0.0005247065926948307
0.00048234857541655496
0.0004248436877449728
0.0003742312889471818
0.00032995875778627285
0.0002913601063293458
0.0002577190198419291
0.00022832198136373414
0.00020249947882058
0.00017965463186347591
0.000159279730791079
0.0001409620747250093
0.00019251015145867756
0.0002044609702666636
0.0002268790961281414
0.003762361055738792
0.0067114817452235305
0.009174933158280246
0.012412597347941985
0.016609087033204024
0.021973391736326748
0.02873563938316036
0.0371413461740529
0.04744535587736669
0.05989101047457741
0.07470818818585546
0.09208826774823622
0.10516864890062537
0.12708470578944148
0.15174654461916956
0.17904457347101516
0.20874652829420548
0.24048744883957968
0.27376642440418325
0.30795147413121876
0.3422934203136598
0.37594894393421846
0.4080122316691522
0.437553805881948
0.46366436053513177
0.4855007967745349
0.5023312442058714
0.5135757295433231
0.5188393454321816
0.517935274813206
0.510895798725843
0.49797038292198187
0.479611001348884
0.45644590052605594
0.4292439283060656
0.39887224987418823
0.36625068727913285
0.34371174350378736
0.3093838544642648
0.27517968173642837
0.24185258725242084
0.21003951113420188
0.18024673258181168
0.15284464241069864
0.12807069273020916
0.10603920650620685
0.08675620537137223
0.07013878713160292
0.0560317371356699
0.0442321282790729
0.034503733786300554
0.02659680452825711
0.020260032147012864
0.01525172916928555
0.011347565013948766
0.008345534047304645
0.0060685307717074834
0.004364984400425527
0.003108025816773298
0.002193636969881876
0.0015381799054335272
0.001075632897038556
0.0007547855856464921
0.0006278210951155337
0.00047205821148005507
0.0012142441992979713
0.0016421183366314594
0.002678043144283097
0.0035626502552492923
0.004738468173950177
0.0062661394923915065
0.008227910325202255
0.010682180035061594
0.014080073310769997
0.017993812152034404
0.022906077861639746
0.028572299157889842
0.035245189961560675
0.042993212654692005
0.051861050796551435
0.0618616270804489
0.07297053976679356
0.08511973837869435
0.0981936833691238
0.11202751631116373
0.1264078406972306
0.1410763969358222
0.15573671371422187
0.17006358694914323
0.17926097747302425
0.19226995391384755
0.20403390910206518
0.21423559866471756
0.2225939270988075
0.22887693394928596
0.23291246336912844
0.2345958302970572
0.23389401951981464
0.2308462116624023
0.22556069713485408
0.21820848988803362
0.20901416529480152
0.19824460392996637
0.18619641583540472
0.17318284580615737
0.1595209239309099
0.14551953713298413
0.13146897044821537
0.11763231649414639
0.10423899301777617
0.09148045481253204
0.07950804822740207
0.06843284136581032
0.05832717515786764
0.052148114345901504
0.04372375134025064
0.03629821393488524
0.029834112852472436
0.0242755964573759
0.019553422798629656
0.015589704714733804
0.012302121548762564
0.009607581419059378
0.00742513538763151
0.0056782675002583095
0.004296491244028922
0.003216362897804208
0.002381973773172923
0.001745015896697255
0.0012645165619404675
0.0009063340433506205
0.0006424984421558503
0.00045046985564387964
0.0003123724635710504
0.00021424912980872645
0.00014536784651582354
9.759959273562798e-05
6.487740473108599e-05
4.273884023361115e-05
2.7959684450628296e-05
2.1012181745915153e-05
1.393452116853372e-05
9.731089297810773e-06
7.0235605869023035e-06
5.769412155082989e-06
5.213126614059134e-06
5.289441557132838e-06
5.863208481950276e-06
6.864956990687904e-06
8.2688719219652e-06
1.1337867143038662e-05
1.404930310119801e-05
1.7365243201456306e-05
7.426417587859475e-05
9.904280080208025e-05
0.00016350038465650485
0.00023354931815310556
0.00037394947298663705
0.0006697463529591898
0.0011879028321270092
0.0018291109704042434
0.0022917746516308377
0.002341473168806341
0.002090807519363315
0.0018658973269332834
0.001867835801331378
0.0019937785241665265
0.002302954307636391
0.002692841915315515
0.0031290356196902267
0.0035983834033596063
0.004092757398623912
0.0046034752864481275
0.005120287249072399
0.0056314890107013104
0.00612429974864287
0.006585361752228781
0.007001324255980918
0.007359476428465554
0.007648388347708335
0.007858515196795672
0.00798272024836987
0.008016676713795277
0.00795911693935313
0.007812612537744484
0.0075809368421395785
0.0072722701187665426
0.006896636073770609
0.006465859927563917
0.005992952390323434
0.005491462116705233
0.004974841378081741
0.004628374063345085
0.0041143652614171215
0.0036165008972446947
0.003143649789639259
0.002704314311295812
0.002301004134246879
0.0019379591539766016
0.0016165780245267275
0.001336735349539695
0.0010970425565712395
0.0008951411938818659
0.0007279340900396539
0.0005919109688675109
0.000483337901514005
0.00039845816302939714
0.00033364219677033444
0.00028549640842269057
0.0002509339482656776
0.0002272125560569724
0.00021194561188364903
0.00020309287395895253
0.0001989371446674701
0.00019805245475859948
0.0001992684491257648
0.00020163463080445851
0.00020346706782261383
0.00020734843360446816
0.00020992958437710132
0.00021171728379522933
0.00025921659072389216
0.0002767667865830894
0.0003229747410867021
0.0003605823048399422
0.00040923651204272777
0.00047186911621949586
0.0005517992850503929
0.0006526656645284246
0.0007796358272657822
0.0009345066015409577
0.0011221374121258786
0.0014079403287085197
0.001912813317313998
0.0030002761318501337
0.00719656447230977
0.018646106660668058
0.050675793695413876
0.12160992330126459
0.23631956209751998
0.3587810620352055
0.4254460258863649
0.40047155949984997
0.34135627671129914
0.2261684010767473
0.122036212843005
0.05452439287453242
0.0224220126448278
0.011329631465983142
0.008612828057412356
0.008166430849211538
0.008091956317880945
0.007991032835519093
0.007808429717843536
0.007544251761211278
0.007206801631529352
0.0068069144618924425
0.006356977097891793
0.005870272155989905
0.005360333723361251
0.0048403370787253805
0.004322558631408079
0.003817934656511107
0.003335780068733908
0.002883435284200626
0.002466402066050866
0.002092086034746512
0.0017561147779594235
0.001461544914350513
0.0012877341729492797
0.0012324153094052611
0.0011078063815694627
0.0011239908391624024
0.0011458968944690357
0.0012394861102329661
0.0014114314821607307
0.001669725274597162
0.002023519890019036
0.002482792589533019
0.0030656992593405268
0.0037694416784164737
0.004608497318285019
0.005838174498208749
0.007104603258615752
0.00862468600041522
0.010314716382690638
0.012173709639249646
0.01423409648763271
0.016490252293902642
0.018934455253983906
0.021547331701717815
0.024312637715631646
0.027204862651041474
0.0301980479737249
0.032234979021884796
0.035328976547012746
0.03843926991779857
0.041530415979634736
0.04456535778497236
0.04750547776484628
0.050310614804337586
0.05293910120078575
0.05534792664462704
0.05749313425874357
0.059330538036675914
0.06081681749889838
0.061910997258047364
0.06257626230668477
0.06278200195682673
0.06250592497148913
0.06173605348528782
0.0604723899309137
0.05872806262812767
0.056529791758430654
0.05391757445181078
0.05094920001183496
0.04767801513872895
0.04417832033322099
0.04052570766360639
0.03706210963757335
0.03463510248848204
0.03115021101051694
0.027824862698754962
0.024689309958106476
0.021856480563588486
0.019369450772830876
0.01727052764130375
0.015594979500314039
0.01436577585488585
0.013596513354716651
0.013291778592145255
0.013447421009561221
0.014050672802969025
0.01508010341737539
0.016505448813683453
0.01828740309803302
0.02037749589440034
0.022718225722969946
0.025243455343719575
0.027882578765527556
0.030550729786502
0.033166448889986315
0.03573725281381424
0.038047148491179704
0.040061926220385013
0.041792604314906265
0.04269703500806791
0.04369811414452507
0.04425195643156903
0.04436041220709753
0.04402320686674955
0.043277041938544605
0.04216930073934251
0.040760981923905294
0.03912337097822899
0.037332972092290875
0.03546833979267322
0.033612165805688946
0.03182236284362981
0.0301601565304874
0.028676498058980978
0.027392920778962323
0.026327547086188785
0.025479444256150723
0.024833582082200996
0.02436288796688815
0.024030926437615886
0.023794984922064832
0.02360933258078076
0.023428421680546214
0.023209820212945122
0.022916697917160535
0.022665053786694044
0.022186861708579895
0.02157570676484795
0.020826507747958682
0.019942972658581838
0.018936560721011082
0.01782504925058848
0.01663090373207183
0.015379299123448955
0.014096636650079706
0.012808788882662408
0.011539794594457075
0.010310824133101996
0.009139480228713541
0.008039430506970176
0.007020342173058656
0.006088070189942681
0.005245064179721211
0.004490786349258997
0.0038224141593567666
0.0032353507075058596
0.002724773674867779
0.0022827755546683043
0.0019030093998537302
0.0015795272606407207
0.0013912676168298607
0.0011459196701873009
0.0009399900427756057
0.0007684280162574934
0.0006264433431220137
0.0005100376916065399
0.000415627757180591
0.0003400768802637517
0.00028064455967066445
0.00023493676002457516
0.00020085933130098405
0.00017657564295571568
0.00016046879452935256
0.000151108405169998
0.00014722188536432862
0.00014767013338670893
0.00015142767238734693
0.00015756727658785
0.00016524908518170196
0.00017371406078272661
0.00018228143262717406
0.00019034950850258846
0.0001973989879247607
0.00020299770696334988
0.00020680562944870682
0.00020857889419806643
0.00020896942930242313
0.00020723503115926807
0.0002033436118857192
0.0001974110424540462
0.00018963332648971342
0.00018027322851333187
0.0001882659945109586
0.00025890578933937704
0.0005445246806506548
0.001284207880500661
0.0025469513078920647
0.003843572305505368
0.004296229705010386
0.0035344480535258486
0.0021453973675471943
0.0009763474499415836
0.00035957235201894476
0.000134677482034613
7.718598409927185e-05
7.035761660085599e-05
7.24950942069804e-05
7.848175663573002e-05
8.698728966359614e-05
9.831497603617534e-05
0.00011267361041049931
0.00014105999396768276
0.0001998628869364065
0.00024498328937722324
0.0003066667412212504
0.000377689000421708
0.001958703192095965
0.002891920025789732
0.0038833773333619157
0.006150582201039155
0.008176827719812032
0.01076643594970444
0.014035951057107175
0.01811276074388199
0.02313200366245575
0.029231858078973896
0.036547342641117524
0.04520258296012868
0.055301736972223646
0.06691892583974805
0.08008769120923104
0.09479066325215371
0.1109502562081595
0.12842128745106846
0.1469864226914246
0.1663552691381223
0.1861677635617632
0.19941652459765769
0.21900662172299507
0.23781682685928396
0.2553334446486448
0.2710501625923598
0.28448743612733224
0.29521914319925363
0.3028943586151262
0.30725805186630306
0.30815776137566586
0.305563497449025
0.2995622041497621
0.2903635303650918
0.2782582130570343
0.2636399296605718
0.24697050456710049
0.22873786341796712
0.20946066963955856
0.18964740987162396
0.16977891165870534
0.15029023784390938
0.13155682483463604
0.11388575131574537
0.09750965806707768
0.08258894722256543
0.06921419811910323
0.061172665943911735
0.05040960504464827
0.041152619971446876
0.03332398585555994
0.026838920427876063
0.02167360795009964
0.017850620558318955
0.015253250098570247
0.013378087430015836
0.011497981359834285
0.009316124938869585
0.007130198088548067
0.005438598361855643
0.004375224244560406
0.0037444884842758766
0.003351511042014184
0.003086073463509911
0.002898319887135015
0.002764577160661679
0.0026710507300633586
0.0026096981458284714
0.002575981851996888
0.0025680299881539886
0.002585520029825855
0.002628880839597978
0.0026985975841708368
0.0027597438155300513
0.0028729095616339593
0.003010198160219492
0.00316858364941485
0.0033436757378487347
0.003531961458740708
0.003723154291420114
0.003911431609649102
0.004088579998024249
0.004402956806006789
0.004964785048415932
0.006539293864050813
0.010361411616032764
0.018596635523879208
0.035155700291697206
0.07749868027861063
0.18926537379744768
0.4118756065252128
0.7094514615614925
0.9446834248159087
1.0
0.8897895726945063
0.6969254301159888
0.4768844976427332
0.2709809089610258
0.1640584114511894
0.06446305008935282
0.023237073314119467
0.011419631394913247
0.009428765827218525
0.009707339914575298
0.010356913700534954
0.011035461461074713
0.011682155443965328
0.012270128879031988
0.01277856524057783
0.013183925400711984
0.013470127614973227
0.013625281493455208
0.013639903157262916
0.013511831243121499
0.01324363141294497
0.012842996219564955
0.012322234215619576
0.011697514528744046
0.010988022380492082
0.010214559041700561
0.009398925677414847
0.008562575032131562
0.007728572873456954
0.006911013584500386
0.006383615177600177
0.0056290691815670995
0.004929599800055004
0.004289160487696132
0.0037135744826495786
0.0032044035369655516
0.002760828028463941
0.0023800978963148256
0.002058938706965726
0.0017906546239093318
0.0015701674155694579
0.0013915878581801974
0.001249043095194315
0.0011430178136430243
0.0010586864636337044
0.0009959938203554597
0.0009511470020852795
0.0010968312835652832
0.001176854045784607
0.0012743908806264622
0.0014989887708221176
0.0017527669363869571
0.002052703991677351
0.002436576881520056
0.003319478174078049
0.004122608595997312
0.004737291340052917
0.005882223981820451
0.007456087434198136
0.009177229579057764
0.01123879688775191
0.013678523505494016
0.016530646072142514
0.01982353373867466
0.02357714855176896
0.02780282079896547
0.03249202943452986
0.03762602791614964
0.04316730960164763
0.04905945827027952
0.05537258309914597
0.0620066593342941
0.06939051108010427
0.07823605024538662
0.08866869570603293
0.10316597066820066
0.1266360544307789
0.18242179736427594
0.30555654690476636
0.4968566209501517
0.6835280028851728
0.7674566599423154
0.752399815299252
0.6629402434836342
0.5411203749173229
0.40501964752741015
0.2721817632806718
0.1727458577548099
0.11808450255821183
0.09493954699352515
0.08495682619441544
0.07872951888677332
0.0732708848823985
0.06835592228085548
0.06350054336916218
0.0590134331628509
0.05500982695342781
0.05159627280075508
0.04881314911221166
0.04673062712856755
0.04539484800216849
0.04482358093362331
0.04503078953958792
0.04601060853511667
0.047739858511915784
0.0501768029528636
0.053260732740058304
0.05563569405235788
0.05960359813678311
0.0639532864239838
0.0685499055350175
0.07327171690571287
0.07791023892849222
0.08231906108783911
0.0863489639670782
0.0898258532847705
0.09263943549616967
0.09470350580861074
0.0959350381611756
0.0962075694776813
0.09537484956599852
0.09340656957362223
0.09043875803659009
0.08667132134857164
0.08225743166764615
0.07730596507168472
0.07193021431745222
0.06626442467172661
0.0604569970719702
0.05463957404945485
0.04894159629328084
0.043470915539657
0.03831425408347182
0.03525205220627026
0.03081553182063511
0.0268368382520446
0.023391317406448866
0.020405739966721237
0.017870778304259632
0.015780240124309723
0.01411081532434332
0.012834255856671483
0.011921919636915052
0.011476565434333666
0.011262994665733465
0.011354119109063702
0.011779566255059076
0.012469280908837402
0.013409116080279188
0.014600046869106268
0.0160262917313281
0.01766888623386099
0.019504644495731287
0.021505443868494734
0.023637898331198656
0.025863452137150352
0.028138891287944376
0.03041961452750762
0.032652257713624976
0.03409004448550676
0.036133298469771084
0.03799741247785586
0.03963694242833725
0.04101125729604941
0.04209013113421155
0.04283956118588446
0.04324358009592009
0.043291951941627306
0.04298331171108073
0.04247010376402408
0.04155820029022578
0.04034037734721803
0.03886929646938126
0.037301781149867236
0.03551244956878076
0.033622033793599106
0.03169418378838769
0.029796348534040586
0.02798330441939021
0.026306099837908648
0.024821929250013263
0.023577048765354675
0.022609625757019136
0.021948160796809946
0.0216861861875993
0.02156721251108208
0.02177325812635556
0.02228827432139491
0.02308355587925748
0.02411851122782239
0.025341997863479748
0.026694201805081585
0.02810900423283245
0.029516884543762636
0.030849581719656575
0.032041849347522904
0.03304159208279719
0.03381480508026338
0.03433281920111211
0.03454471804641306
0.03446068183788668
0.03420633995420293
0.03441419569236255
0.03596844876135498
0.03893382472558984
0.04153508249985352
0.041427172345329305
0.03828447449688726
0.03390456845332012
0.029422587016370176
0.02627818223358634
0.02133636851186839
0.01683205096054898
0.013453407140010488
0.01114990195144163
0.009505151741058773
0.008221085223344943
0.007164192480350271
0.006305474548190327
0.005631128529962688
0.005128149876786316
0.005041626298650049
0.004934991981367187
0.0049796322804921715
0.005256175553351312
0.005646606235158762
0.006147194201332503
0.006820479053368702
0.007619625824367941
0.008551747481903797
0.009646378491257952
0.010900278251131459
0.012313043588583913
0.013901201905290865
0.015670261499442277
0.017622819879315646
0.019025585252258132
0.021276419528452477
0.02368829685235133
0.026238906478149287
0.02889588533827201
0.031617334504930865
0.034352318794867935
0.03704205635604471
0.03962178828977449
0.0420232591889332
0.044185724961074285
0.04606585294948858
0.04768707207011284
0.04915426991714866
0.05053031767387325
0.051563503515134584
0.05264603486015701
0.055163245666480155
0.0647644952815363
0.08828762624733141
0.12391456397107668
0.15467780814241663
0.1619510380092881
0.14699430905671784
0.12620782330515207
0.10614365267570249
0.09127920877691496
0.06600133001121823
0.042821542583791186
0.027625871597085173
0.02012564635876858
0.01687910828718812
0.01534521942850838
0.01453175739589742
0.014200436363821189
0.014318588709340819
0.014882142060518948
0.015884954041911575
0.01731177488932714
0.019137817969080317
0.02132820410316483
0.02387003099986102
0.026654908987621236
0.029640729310786977
0.0327634031516453
0.035928924207354655
0.039050014987715397
0.04204035333966734
0.04481099969748625
0.04727724516352579
0.04936224736867279
0.05051055799125524
0.05182275345193673
0.05261258625461896
0.052857908592085445
0.0525571451264395
0.05172283898329656
0.05038920720315937
0.048604684071123914
0.04643030057661469
0.04393624960174074
0.04120918799916774
0.038308478399410255
0.03531799912070584
0.0323075903311841
0.02934049234028173
0.026783741776644346
0.02422699514145337
0.021853374416406363
0.019750983016997264
0.018115744081330144
0.01666122792786914
0.015549651328096239
0.014810268253285616
0.014442634417888584
0.014469705200695236
0.01490544968985047
0.01544074979567969
0.01658885318163518
0.018169244512316583
0.020183180328164435
0.022625978583474076
0.025471492231030207
0.02868720191684574
0.032228277422481896
0.036051232094658346
0.040053696453339095
0.04415432299297772
0.04825430005536182
0.05225581085732419
0.05602758613354518
0.059465632010642706
0.06246304147426534
0.06492454658735364
0.06677045181590964
0.06794094183475409
0.06840692225801591
0.06814510453304136
0.06717234218308464
0.06552916056388423
0.06328268259484168
0.06051893533024254
0.057352076632113086
0.05506009086914347
0.051405169469277055
0.04759761961335534
0.04385569147646275
0.040769613462005624
0.039340944696769145
0.039371272656792376
0.03953487162247956
0.03786902787207977
0.03426993870801356
0.030215976415430498
0.026955339321401425
0.024012558297460084
0.020911962597246744
0.018204213906765465
0.0166342514004736
0.016173740953617326
0.016528089849145812
0.017415039092184968
0.01873494954035644
0.02039863894063441
0.022384049109755052
0.02466381852690322
0.0271982274267843
0.02994010482298308
0.031850962713123314
0.03479614471086382
0.037771917427495985
0.04070152557039917
0.0435132778367559
0.04615365125927875
0.04848693804841242
0.050473068020603654
0.05205970070820937
0.05322422322644431
0.0539282675717825
0.054222674527087324
0.05414062769771307
0.05362737917007587
0.05253582390188839
0.050794082260366
0.04854485712105325
0.046039244604876926
0.04344505802182
0.04081389220761567
0.038161269305659384
0.035516984874753604
0.032927831410008
0.030430640839135055
0.028059389617801387
0.025839161495060818
0.024451979037682536
0.022512863206378374
0.020877500328923035
0.019345150654116173
0.0179703027835027
0.0167559620204946
0.015769079850438288
0.014873384805940295
0.014116266670879972
0.013492916132430352
0.013001153654672581
0.012642783043373762
0.012425615938829817
0.012354914032711184
0.012429807650908446
0.012665696073493516
0.01306292756202183
0.013651736747862065
0.014558836736622515
0.015550125957060248
0.016694932485768886
0.018012321038316615
0.019559525103714184
0.021169439167892844
0.022885426285931907
0.024680524133757764
0.025907166671108862
0.027771791080616375
0.029639441925635862
0.03148532521596402
0.033286891093247485
0.03502353017124277
0.036680130034069745
0.03824432393237471
0.039706896609624724
0.041069632728107375
0.042310253219431534
0.043425782414280745
0.044407909172677174
0.04524920403708079
0.04592965546359575
0.046431917454711216
0.046737996753806126
0.04682895100909938
0.046682998151030886
0.04628499671228916
0.04561926875914924
0.04468044041557745
0.04346724532168997
0.04198928261346816
0.04026209698882417
0.03898465231785304
0.03690312026801195
0.03465627006851819
0.03228628457612639
0.02983821294667867
0.027357935270729605
0.02489003018081964
0.02247582531333637
0.020151764981028563
0.017948191411258432
0.015888592101162224
0.013989326875617818
0.012259771865018532
0.010702887457554393
0.009317568354127899
0.008094121549478082
0.007023005898728611
0.0060914280129836925
0.005284980977634007
0.0045888903417427305
0.003988971303448676
0.003471855481965961
0.0030254842422231553
0.0026390397909652847
0.002303556334861091
0.0020113847546205047
0.0018375507085521344
0.0016056525072226553
0.001402426809718184
0.0012249862043114737
0.0010706562406321435
0.0009383564056251103
0.0008252458595302327
0.0007285757482454795
0.000647624106518908
0.0005814399066341275
0.0005280150756684249
0.0004860160288780692
0.0004543188104871331
0.00043169663780872236
0.0004170520573758752
0.00040919257536448317
0.0004071545550825355
0.0004103417904863011
0.00041735768011102076
0.00042765994921920654
0.00044052268677696396
0.00045526152218178874
0.00047121998814603623
0.00048775795637785366
0.0005042438711126021
0.0005200520818515377
0.0005299092869975886
0.0005432261513348653
0.0005542679820654875
0.0005625835887215104
0.0005675673918874335
0.0005688939489315741
0.0005662834421368519
0.0005595720896013897
0.0005487540862691699
0.0005339296004921982
0.0005152845009397355
0.000500349262315277
0.00047827239740042855
0.0004546079183478943
0.0004303130440937077
0.00040633139937028116
0.00038359927929141425
0.00036581360319100505
0.0006847515747443551
0.0008480362422129881
0.0011437660819472381
0.0016140017370588444
0.0023113727817772687
0.0029318416313794003
0.0033774657209522246
0.0037924087875423154
0.0041585537706109585
0.004949954204180008
0.0060543319768964704
0.007452180490824723
0.009106873822227888
0.011021784550129794
0.013198974507775293
0.015639726297121057
0.018325097265158553
0.02123495038008983
0.02433429281275371
0.0275760618185866
0.030901637588036764
0.034243363088010154
0.037522030517901386
0.040655927977111546
0.0435742720612543
0.04623170440492048
0.04868548585081426
0.05114156327757132
0.053622637624144216
0.05571375875130947
0.05651407532671656
0.05654548373610561
0.05851486070335366
0.06464767888187042
0.0889310351114566
0.13540969800005104
0.18898699593230756
0.21660724048821414
0.20154125684813473
0.16596016142340503
0.14175494686396026
0.13114690378948213
0.11444814850063956
0.0841342733110117
0.052097984260395296
0.030327444050606726
0.01973079023338751
0.015405659700170557
0.01341842862458645
0.012162422321227022
0.011203466010490671
0.010446500664306973
0.009844950218187034
0.009369805383209515
0.009299020329949427
0.00910777521712104
0.008996526860337625
0.008954890536698925
0.009261683859657498
0.009425025733516118
0.00970941715555898
0.010116539300734952
0.01067325621040688
0.011511065106272011
0.012498712566192614
0.013743487957088192
0.015278493989733044
0.01713328887035402
0.01933302119961954
0.021895099258604486
0.024847698858970015
0.02814753286285468
0.031780114687294234
0.035707043602308496
0.039870151873305844
0.04421173026148586
0.04861921690901783
0.05300943899624118
0.05726786006139675
0.06128690797365339
0.06497027415211948
0.06819127954566048
0.07086619413070525
0.07291644149676156
0.074455173268289
0.0750322778854979
0.0752729176366892
0.07480705169535774
0.07366563574409843
0.07200220654029073
0.0697284422334454
0.06700778991278997
0.06394567885508354
0.06065165157886322
0.05723962667699262
0.053820205752655705
0.050496374862915826
0.04736042144325913
0.04448783176395255
0.041939169824281385
0.039756078360243745
0.03796228267298506
0.036562686240306064
0.035540923626461995
0.03485863701996467
0.03446453773455295
0.03430358173750398
0.03432637476924078
0.03448001950081131
0.03469753677217249
0.03483516227166268
0.03495889963098443
0.03493813799770647
0.034705985576682225
0.034268074022733276
0.03362078484706115
0.032751239057931335
0.03166753851001038
0.030355038711251944
0.028846418298969154
0.027180839630563385
0.025386395644197066
0.0235109599278942
0.021599137908749066
0.019694822834734314
0.01783964007744518
0.016069123497981824
0.014640700317262018
0.013248999477972962
0.012022305203333234
0.01100330839290514
0.01020602510308424
0.009801076511407502
0.009530103655846224
0.009511669069202214
0.009747748386546098
0.010048588068812625
0.01072228670281805
0.011650429392421639
0.012831956344725542
0.0142640956469083
0.015940604448806784
0.017850645710741877
0.01997843198211964
0.0223015631325694
0.024790743062938176
0.027408704954399347
0.030110070047332124
0.0328417309801147
0.035543609349098455
0.03815082751507516
0.04059454274487596
0.042807112635710076
0.044720371975080886
0.04627443531037219
0.04741728841979635
0.04810829313582399
0.04833185052122515
0.04805955731871495
0.04730115115401194
0.04613759746410918
0.044508065990548296
0.04321526131108432
0.040999729232300275
0.03851542469557612
0.03586555250957758
0.033077438768161084
0.03024746446880892
0.027446191500007943
0.02473912794506651
0.022183145494324315
0.01982527676545246
0.017701873219590377
0.015837940996926213
0.014262216834289215
0.012956383576330962
0.0119216268616802
0.011145912256631344
0.010606973262234223
0.010291721500461195
0.010193854690457414
0.010371635697633205
0.010996701810305693
0.012252362035776862
0.013952383605562809
0.0152566544609817
0.01538318896247865
0.015330784111815543
0.016523689577807244
0.024964500524950445
0.05016653545474066
0.09779592608252322
0.15418849855805097
0.18581537880024632
0.17248595747829348
0.13441627630507721
0.10887084417515769
0.1062102545098762
0.10538531530686916
0.08754252897524732
0.05763107896670996
0.0317193631539761
0.017406921227857308
0.011965294589454131
0.010449608914844926
0.01008174967992788
0.009948243967915937
0.0098468150124274
0.00974073951030215
0.009619062674530226
0.00947408817790424
0.009299210530208355
0.009089197739957332
0.008928809309834453
0.008653441933204949
0.008337540332399076
0.007982122151761407
0.007590241347197688
0.007166425407689034
0.006716362374950361
0.006246740901720909
0.005764815347261119
0.005278079274869162
0.004800657832787206
0.004328698822698158
0.0038743972771151727
0.0034422523742034944
0.003037432327694819
0.002667299458242007
0.002328983600904253
0.0020271832428795057
0.0017620864431009678
0.0015348005575860518
0.0013429905030695635
0.0011860009113657003
0.0010620179923743276
0.0009698997913084259
0.0009095722053074206
0.0008724381778301782
0.0008613778236179429
0.0008976115305648449
0.0009358181096358371
0.0009921871016915953
0.0010704991485068678
0.001166144592532101
0.0012962061233501483
0.0014418797220676607
0.0016445732950448628
0.001863945460349534
0.0021411293280671254
0.0025075214264356997
0.0029565987196643177
0.003438602148502856
0.003835727064383095
0.004158575290234189
0.004488261134865913
0.004910119153339613
0.005457991157917731
0.006168898381241738
0.007113989965574132
0.008331014572942051
0.009623379360216283
0.010642466553849442
0.01121074373284255
0.011617063869470652
0.011933521623174377
0.012611118089238881
0.013362961899628207
0.013925222427563314
0.014266247792925783
0.014484090027353461
0.014719232337358253
0.01497708601530003
0.015206979934574715
0.015372677227840047
0.015463604452417856
0.015483372950562745
0.015440869625231193
0.015346897863088437
0.015212868836345953
0.015064232160131287
0.01488856869535766
0.014703974921674046
0.014517370098072642
0.014333099470902413
0.014158614335432328
0.013982012758491605
0.013805104535479057
0.013621905954347199
0.013426279458303873
0.013285422780718039
0.013056414258534344
0.012797502139155396
0.012532323943423154
0.012242062172917782
0.011973724275283235
0.011746910131077194
0.011508007189558845
0.011151328554887483
0.010599395835385193
0.009990891906578585
0.00958785839685471
0.009832823556943308
0.011171274417976919
0.013465726164096322
0.015448509879792256
0.01550701632717503
0.01365788959457732
0.011901267201322662
0.01283592575620355
0.017965732992419436
0.026475795038669998
0.03434371379934505
0.03626166069496947
0.03094435678296714
0.023332322783667477
0.020096571346293494
0.019384318351375034
0.020634315697086528
0.019557364835388735
0.015331141054362335
0.010425142580884061
0.007060026683365901
0.005467766820948758
0.004857457339368616
0.004592247849098847
0.004392386671884687
0.004195767396097184
0.003996426363549583
0.003798361955390146
0.0036110739318522605
0.003435147038699368
0.0032756820521102643
0.003138370431958743
0.0030267588029366473
0.0029433439001317475
0.0028897163631642704
0.002865594939175482
0.002870091463745667
0.002900997950334578
0.002955077671364077
0.003028216553867824
0.0030852122131384712
0.003179180592057783
0.00328590528692061
0.0033892844927040197
0.0034868096555423335
0.003574657984918979
0.0036484397937065075
0.003704464252233477
0.0037451459434317404
0.003760171912347182
0.003752201275297607
0.0037361443104602424
0.0036925321797196342
0.003629630749574646
0.003552970671718116
0.003466583410541667
0.0033739050314157606
0.0032944882477951953
0.0032093113253366646
0.0031335308288766234
0.0030728224165595557
0.003066062568629165
0.003062727663349991
0.0030908139609762864
0.003148790341683293
0.003240796752180411
0.0033323561058452287
0.0034937092266468838
0.0036888386224292794
0.003918863220080636
0.004183305254147374
0.004479476345087444
0.004804970929038493
0.0051680905429762345
0.005543282628152294
0.005935354027047717
0.006338942865694828
0.006748288091078103
0.00716297237429445
0.007567211736680631
0.007958424152922307
0.008330638591281586
0.008675846957177293
0.008989452039910924
0.009262805266979798
0.00949128253718293
0.0096698885770474
0.00979451142323897
0.009863019294252488
0.009888953037212156
0.009858803751021368
0.009801232608656063
0.009728022027594976
0.009577909016187158
0.009385464739224426
0.009173114723202891
0.008944123007354136
0.008702907703848533
0.00850508506546721
0.008300726905454065
0.00813036842987384
0.008006818024778477
0.007942197140295603
0.007947119988307412
0.00803552098236823
0.00820691185766527
0.008467364323394145
0.00881834701407382
0.009256885827888093
0.00977664907593086
0.010370435236544595
0.011019145733969577
0.011707922273096895
0.012416770680009246
0.01312356905089714
0.013804915351545495
0.014437083848576506
0.014819778010546148
0.015324698944465134
0.015720358781353878
0.01599406588936588
0.016133701720028
0.016135849029173165
0.01599297258755031
0.015708400389078992
0.015289370801794927
0.014747850660488103
0.014098949323783869
0.013360902909158994
0.012553048137079541
0.011696405643740698
0.0109747803453081
0.010170020167343637
0.009382307674937598
0.008651055355310583
0.007997110812302784
0.007439456191101454
0.007098830928182515
0.006822291234703679
0.006698843643088569
0.006741460524667004
0.006960853656161327
0.007365196332467145
0.007740173306671808
0.008462507503515754
0.00937551239438127
0.010477013208715018
0.01175167277349893
0.013185038703628957
0.014755543510447687
0.016437928864981445
0.018194086659551134
0.019989030648692802
0.02177616334786022
0.023510690229913506
0.025144935392669297
0.02663180680195566
0.027930795075544485
0.029016174581966127
0.030008846279633655
0.030840771443527436
0.031646298068810745
0.032323972982718316
0.03247756543183322
0.031757669864427164
0.03034893234397038
0.028878566765289975
0.028480704566483262
0.029992288047733365
0.038191337448934305
0.0571956252289963
0.0840842623263805
0.10422989859424628
0.10246495682159712
0.08107128355906074
0.05881376537366023
0.05110081387793858
0.05664348885295268
0.062225210639859495
0.05740076818146655
0.04380157698160763
0.030167260304455736
0.022001650372206322
0.018873385630210432
0.018234781055239846
0.01836296027175497
0.01860138741166136
0.018771723139387506
0.018825296654304942
0.01874130840459121
0.018507658901014294
0.01812056752888844
0.01758309989980483
0.016904660872232767
0.016381214245424457
0.015503348555224455
0.014533336574853051
0.01349494660117491
0.01241659347639823
0.011319133524894618
0.010225401181674162
0.0091565381762571
0.008131253700285496
0.007164283726155503
0.006268261217542265
0.005449802363130848
0.004712578794628537
0.004103209341771734
0.0036335030664358366
0.003202073178271711
0.002880929423542282
0.002719932686773601
0.002820524364803663
0.0033082692637858516
0.0040420293109361734
0.004598842983887518
0.004694690995274782
0.004462834904937898
0.004488953781006004
0.005555324682217698
0.007738054976366893
0.0158862169929381
0.033568895155459556
0.059733916309231666
0.08258103545162196
0.08703582014983231
0.07157767019929512
0.05163206405753699
0.04319543825695292
0.04872985581544759
0.05800010436893784
0.05933398130403234
0.05057461720243661
0.03871911869781262
0.030602574633734888
0.027491738416416785
0.027315830142375788
0.028141979272082788
0.029103576785455304
0.029958569800780394
0.030670431222912343
0.031208237349691328
0.031580307514017844
0.0317981951611422
0.031869509547810225
0.031840752590295306
0.03169452839473101
0.0314234743013415
0.03103521318337065
0.030538752430342098
0.02993966693881446
0.029243723487626504
0.028456050801085105
0.027585464003755635
0.02663164803189462
0.025602983455605934
0.024507319207597227
0.0233536305388029
0.02215186633476607
0.020934020496736285
0.019683292382978272
0.018422923786192785
0.017198364014151098
0.015981269934366726
0.014799809259223995
0.013680768097231146
0.012626460426745317
0.011644270303028162
0.01075877423046039
0.009962963876831071
0.00926265892557434
0.008852655348862093
0.008324405680173012
0.007905529494829346
0.007586839359759881
0.007369128309437041
0.007248129318260558
0.007218019507504091
0.007271476983763847
0.007399735713079194
0.0075928309865812725
0.00783981564578259
0.008128414444565225
0.00844383154318881
0.008768481673747837
0.009084753673788703
0.009378380015555415
0.009639608464794936
0.009858322630445072
0.01003206485002502
0.0101748122676227
0.010311803586932938
0.010436556432219348
0.010463383787096252
0.010273931070789085
0.009846966623241908
0.009345055959900553
0.008992975099667483
0.00853181588864091
0.008108920735115764
0.0076505988403675895
0.007106505493073599
0.006520222716155751
0.005991129895114008
0.0055100923037075915
0.005118972389498338
0.0048151848147712124
0.004597600849240096
0.004474810438172791
0.004456403566207462
0.004535891349981659
0.0047192612841483765
0.005008373707795993
0.005400082359115765
0.005888853075386694
0.006466138329533628
0.007132258950373025
0.0078559907743401
0.008627018904456064
0.009428512398667344
0.010240182588538722
0.011041727663083388
0.011816900835129204
0.012305971848736262
0.012982195669500887
0.013576628139536867
0.014074256659305633
0.014467119630213885
0.014757245019414838
0.014923856700062773
0.014960194514063533
0.014857258434503157
0.0146200436731894
0.014270555984601922
0.013835118043826151
0.013325233391856706
0.012753652552949194
0.012134868564712558
0.011484268488635013
0.010816717979106279
0.010146846790945558
0.00948754199419875
0.008849639556613975
0.008242512246951215
0.007672473278267855
0.007142903940575056
0.0066570365525333375
0.006214122912462382
0.0059425234695798836
0.005568663881513537
0.005232521585285074
0.004929716161248798
0.004655823186674483
0.004406338601502108
0.0042050850235950754
0.004014316618812185
0.003858444568014751
0.0037047346029706113
0.0035660888325981413
0.0034463046145106753
0.003346750723111228
0.003292692686330724
0.0032526884206004513
0.0032631672233560437
0.00330169340402919
0.003386427461093934
0.0035229398470472944
0.0037161610091847753
0.003970032369201726
0.004301806790142535
0.004697131340959815
0.005152610602518793
0.005669908699778771
0.0062440397248968195
0.0066545828949622346
0.0073057972771943544
0.007995475826932809
0.008699307384017443
0.009404819212059727
0.010096191121725792
0.010757819052882487
0.011373645453080394
0.011928693258826877
0.012409638030817847
0.012805222623436079
0.013149152677585438
0.013373865139559642
0.013498472225484864
0.013528953476211804
0.013470383834349967
0.013330563743220681
0.013119549781222577
0.01287718684274599
0.012572023625243069
0.012239326063060761
0.011894207145775064
0.011549181139331377
0.011217681520291322
0.010901098950480331
0.010612624177714391
0.010442883606191746
0.010232954344039154
0.010088237097911594
0.010015371699246163
0.01000307092079711
0.010009397698265629
0.010004522419432007
0.009992886753686115
0.010000184384951028
0.01005221201431032
0.010183655924730249
0.01054538279203474
0.011466038696702275
0.013211321908991333
0.015368553787610838
0.016666191189814522
0.016071131340221884
0.013992847353195807
0.011898218077894833
0.010886306690196938
0.011022963294000675
0.011514740111146646
0.01139146299994199
0.010275500086342313
0.00864081100802993
0.007620922825063372
0.006461565617237708
0.005700414844157939
0.0051450068954759344
0.004673272039909974
0.0042629269602006865
0.003883017233397141
0.0035439241108992238
0.003250033290623595
0.0030032236214614693
0.002804453343134367
0.002653425023875915
0.0025596169872537824
0.0025038662047259645
0.0024911752040770022
0.002518319490549948
0.002582931651846507
0.0026786972386516066
0.002801660376690399
0.0029471312955713473
0.003110447564625362
0.0032855507998396307
0.0034673133019622244
0.0036513757234310604
0.003831278105937578
0.004002786283863826
0.004110164454634663
0.0042577757568372275
0.00438539621445083
0.004489535405110078
0.004567736213940662
0.004617103067602866
0.00463622148173727
0.004624233635939235
0.00458096971168788
0.004506985507357253
0.004403555248690914
0.004272809410492076
0.0041170539729203665
0.003939161016112669
0.003742671076248242
0.0035313010613417252
0.0033088524899160324
0.003079227904216303
0.002846225319955988
0.002613498172990134
0.002384279332113558
0.002161648733269484
0.0019481566630952377
0.0017544441843188084
0.001570768008191348
0.0014027872855733184
0.0012999387771057292
0.0011582615535988233
0.0010322012474091732
0.0009278504638790898
0.0008684119694625731
0.0008804072952462467
0.0009801267624749968
0.0011205509916766174
0.0011888662196277283
0.001108727175449192
0.0009297182248241512
0.0007687668474096697
0.0006913630619402814
0.000838528105468297
0.0014838466689631393
0.0035316482468971903
0.008195561274543297
0.01533967309819442
0.021780972438695395
0.023106302994400436
0.018458430473035067
0.011628295692601416
0.007202733092839578
0.006992367405925186
0.009871896263833913
0.013000724733713855
0.01385344886117746
0.012753953289122748
0.01017591764976673
0.00785089138609017
0.006119255748946878
0.004632294553427949
0.0034377257793365918
0.002840648217698253
0.002914909179320672
0.003398743760697864
0.0038147448395298026
0.0037688328840762204
0.003277800040812474
0.0026810592103252854
0.002262856476781448
0.002056278728053899
0.001966015117069365
0.0019123088362679253
0.0018669409844098706
0.0018161372772180853
0.001760939929513575
0.0016995371552808957
0.0016404750191103524
0.0015777522742327875
0.001515917365892862
0.001478569498551714
0.001425877992143955
0.0013803160580310738
0.0013464236208862496
0.001325451911612049
0.001327651065474969
0.0013626371569225512
0.0014040773227584195
0.0014654583065888173
0.0015526907077988198
0.0016626528863517647
0.0017969919641292284
0.0019601604471362758
0.0021600089879716907
0.002379043125195584
0.0026205655294198062
0.002889555782201517
0.0031838058310992724
0.0035042946478270813
0.003847946180526469
0.0042068187839046515
0.004571065473656984
0.004934456342399567
0.005303302076161504
0.00567872120059131
0.006056605603924861
0.00630597946901067
0.006670341381915346
0.007016716182615817
0.00733958471821709
0.00762969256805187
0.007882090222488957
0.008090355744942003
0.00824942976587965
0.008354903820740226
0.008403609728820682
0.008393811129668239
0.008324408045686597
0.00819657083613125
0.008012641187260762
0.007776331220711799
0.007492533768758697
0.007175934935899374
0.006820324033812592
0.006437476919554356
0.006036032038434199
0.005624098752899363
0.005221880929535092
0.004817634238788404
0.0044279055334461
0.004056065237645782
0.003707886792846772
0.0034918316543477894
0.0031947850564436123
0.0029376788919801135
0.0027171000872578967
0.0025349446782521328
0.0023931515321895893
0.002304121599817651
0.002255497707161343
0.0022419211959741926
0.0022665988531115015
0.0023280461181782895
0.0024227718117638777
0.0025458348627965663
0.0026979033269685752
0.002871358340822585
0.0030771063085267536
0.0033220638730142773
0.0036207066857461743
0.003950367229273678
0.004252204800984961
0.004486826072971595
0.0046794621442456455
0.004868377633477071
0.005033758469369744
0.005152909558479804
0.005236128760056095
0.005581712366510989
0.006711978200286837
0.009365547786435337
0.013555590757811693
0.01749708873177638
0.018526658646581574
0.015886971143007907
0.01163280116175357
0.008461042122521746
0.0076183640956279785
0.008795190174127186
0.010736938431697205
0.011719809978210892
0.010761066274410426
0.008484669606846846
0.006293483118255214
0.004955698134012243
0.004375056851501944
0.004180526120710694
0.004110034830564354
0.0041009562995735025
0.004132833624738265
0.004206936328442745
0.004326605818937215
0.004493249280696813
0.004630381752499338
0.004892648450265003
0.005194107280751143
0.005532751915261245
0.00590849100861057
0.006314348166718305
0.006744249055190853
0.007190071795467145
0.007646244466076764
0.008101000955752169
0.008545901386728534
0.008973573879182909
0.00937528593844759
0.009744279956764445
0.010072563637610797
0.010354112126518477
0.010583519240210445
0.010756311350328056
0.010868706189727748
0.010918223037992829
0.010903287215526544
0.010824245834296928
0.010680562323556051
0.010484864719745753
0.010224947544441252
0.009910244983696201
0.009673099860884327
0.009280835240263385
0.00885099737488353
0.008391316989415268
0.007909247746292272
0.007420982351403879
0.006922143413531953
0.00644088528760842
0.005963895042307912
0.005508638940237618
0.005079379748736243
0.004683819693770561
0.004327411220242295
0.004015740041863648
0.0037500225364585126
0.0035618814781048164
0.0034266261151050573
0.0033494746078282624
0.003338829904093068
0.003386117033276953
0.0034576076173174694
0.0035440719012457566
0.0036648436411054687
0.0038364806358080735
0.004059258144698125
0.004233416997067573
0.004551860796549704
0.004974793086946871
0.0056650068919695444
0.006864160453604844
0.008627598496353686
0.010420076531669936
0.011318929537015342
0.010949716662809621
0.00991443188543909
0.009127810009401851
0.009059883020483547
0.009691721276324625
0.01071426845857158
0.01159732662228406
0.011846404808650393
0.011447740329969494
0.010823265153419158
0.010373551242566448
0.010170237474765633
0.010096677121917521
0.010045831208420467
0.009968150268694183
0.009843828222657383
0.009671086326321791
0.0094588812447556
0.009299359748895675
0.009046081501156588
0.008778787305571948
0.0084913554128794
0.00819789472423709
0.00788223706108487
0.007567817973581833
0.007265192790736783
0.006973499874955312
0.006702873229730424
0.006475525021533814
0.006356857482741475
0.006452311650304228
0.006774876422882692
0.0071248331398019995
0.007164987577154962
0.006749859070220636
0.006115200279461615
0.005606203235533334
0.005397234517740628
0.005483266825028686
0.005763571421927037
0.006051483544349209
0.006152649698819761
0.006024863359538902
0.005814909019753597
0.0057118654569296235
0.005655027212605028
0.005683762955938873
0.005743995756727255
0.005802303553103502
0.005844380940962875
0.005864038099424324
0.005858459759062823
0.005826736406811685
0.0057716835569912904
0.0056978812212668106
0.005608561269164151
0.0054846252511958635
0.0053139475369665505
0.005099462177595004
0.00485582149432153
0.004605661052533502
0.004359537600116778
0.004121252524316609
0.0038873017426052127
0.003651450425198696
0.003409008341082328
0.0031641058548226384
0.0029272782940395663
0.0027093027957724803
0.0025141394488630486
0.0023963838349085062
0.002237546083476038
0.002099646756814703
0.001982532826429665
0.0018857343797987604
0.0018086758671254245
0.001750599048518684
0.0017116163964902744
0.001695397690040812
0.0016987331954051812
0.0017158194470978053
0.0017316419455710571
0.0017343935618617994
0.001729873733684682
0.0017429251539892933
0.001782027278658769
0.001839511780258639
0.0018761949735829923
0.0018841117916816696
0.001923689608031961
0.0021442683481938717
0.002712591518172999
0.003541232952474667
0.004177020472846726
0.004192592326392212
0.003885756086872018
0.0035041118988013665
0.004033016551604894
0.005853165721187275
0.008202216675292584
0.009541727689214628
0.008925236663283705
0.006896545100240291
0.004766011638084115
0.0034885073939846137
0.0033707320181902887
0.004230914205827117
0.0054367200140310904
0.006084325957176409
0.005693878046261079
0.004652567059127388
0.0036999759358910304
0.0032036783908804523
0.0030801011065497565
0.003140595897631111
0.0032305527030017686
0.003316215471628065
0.00339152631265763
0.003451751802805312
0.003496476546079193
0.003529193870213603
0.0035439235485460042
0.003558872748259389
0.0035800530112913005
0.0035888269624808444
0.0036046271517407792
0.0036241004928293376
0.0036512658855904416
0.003690823406437225
0.003746655905354015
0.0038194444923487594
0.003911025586060558
0.0040216013185779215
0.004152723513673193
0.004299462111229126
0.004459053138284292
0.0046282859448813956
0.0048024663303862
0.0049762932208413735
0.005144071633639258
0.005299962396522818
0.005438231175402614
0.005553495776610311
0.005640953795611849
0.005696567951912648
0.005717232080573806
0.005700878348702045
0.005668870131657183
0.005589347202713466
0.005472537918283797
0.005320272157556624
0.005135330641440744
0.004921194473397171
0.004681948272703522
0.004422109700087781
0.004146821482786805
0.003861663855589189
0.003573568749089859
0.003291451436451878
0.0030224514466851006
0.002772580516004606
0.0025561585882588845
0.0023603077626268604
0.002164408877436757
0.001934449246413189
0.0016688711648087582
0.0014077230435997814
0.0011900598663615591
0.0010228793708389856
0.0008944464085871768
0.0008154173213727594
0.0008248148010046195
0.0009782309991193299
0.0017253717861446267
0.0035366210816536537
0.006375169996910622
0.008985480244605881
0.009588673458210396
0.007749304940430821
0.004886625066612502
0.0026854218388253893
0.0018278284195061018
0.00219675593808336
0.00350275091458028
0.005115776541864275
0.006018147108148668
0.005576371696731816
0.004220389591929718
0.002897326218143018
0.0021551001023715002
0.0019190754265781644
0.0019299617551570812
0.002021253208323687
0.0021404080048510006
0.0022611557193887365
0.0023891361095735864
0.002522445168103047
0.002662191204626198
0.0027597092984646947
0.002912774978686541
0.003073948643608984
0.0032427927646685503
0.0034220583017045172
0.0036050106579712054
0.003789099012560367
0.003972649195518702
0.004152380141676151
0.0043256868377451775
0.004489463384790239
0.004640512953071864
0.004776030835524917
0.004892934297915979
0.004986897924859986
0.005053019469591687
0.005087582130894129
0.005090925251560812
0.005065711405720734
0.005010534165240992
0.004927432283649788
0.004816526310694507
0.004680330494845853
0.004522126319181878
0.00434747874485016
0.004171601088961733
0.0040637055875039265
0.003934300683318085
0.00383975886798859
0.0037328681082712443
0.0035501076929015446
0.0032817642742973803
0.0029647390238447873
0.0026456749532823994
0.002360120961739718
0.002124601726232762
0.0019424159492333192
0.0019124757284703594
0.0022320314169631426
0.0034952640990576433
0.006398747949231
0.010696068442612486
0.014314897044323321
0.014697680170598687
0.011553231095752983
0.007191595712101546
0.003984992691505806
0.00269978534769177
0.003119117814522805
0.0048958945770415235
0.007290065219902402
0.008865718269089865
0.008836605590964445
0.007243640839271701
0.004971722068693681
0.0032747308447193123
0.0024620317853019155
0.002207460169001652
0.002163687953332746
0.0021657722400870976
0.002164161763258791
0.0021493332789150016
0.0021210311862358785
0.002078133869075978
0.002022406617418508
0.001957798016672749
0.0018814609972420192
0.0017965768476434192
0.001705753872163491
0.001610353828787693
0.0015125998229185461
0.0014149037147328024
0.001318693482405346
0.001225800851223048
0.0011393290255587172
0.0010596025135704758
0.0009888935308127848
0.0009461676076667218
0.0008908839741803058
0.0008513589459472885
0.0008235381622693651
0.0008047525990272398
0.0007977041198291869
0.0008039957902716988
0.0008214229560098102
0.0008514820225851091
0.0008920681127041494
0.0009434790867703382
0.0010078806899891215
0.0010810314250822373
0.001162362152208723
0.001251169418013542
0.0013476597247550352
0.001450093700584511
0.001557474053668164
0.0016685979659119706
0.0017820835977286386
0.0018963669837149053
0.0020096675217295477
0.002120332685004389
0.0022259105677820516
0.002325471813603797
0.00241528843696295
0.002469101370872269
0.002539240989829378
0.0025951025108417528
0.0026351374128896856
0.002658125576621548
0.0026633143671842305
0.0026501569040593437
0.002618909418622599
0.002569910972271456
0.002504168776717998
0.0024317102600436655
0.002341219532019987
0.00226170664000548
0.0021633164769506033
0.0020604309180660757
0.0019586980859060605
0.0018616303177778556
0.0017729046219276485
0.0016962816181040402
0.0016421245507106756
0.0016039364132943235
0.0015965407607655513
0.001611903961015246
0.0016534178023284852
0.0017256577693135569
0.001829256407497495
0.0019159739671722315
0.002072248781868877
0.0022595815856965803
0.002476533070839268
0.0027165786379861607
0.002977206656525375
0.003253421668053962
0.0035392629605091198
0.0038283534140148793
0.004115429176027798
0.004389710961529034
0.004646869885738983
0.00487953128690248
0.005082747465886609
0.005250827806272526
0.005379891472527256
0.005468073095810959
0.005516769470620884
0.0055357336258821084
0.0055463326123535535
0.005561249006597671
0.005553778551679414
0.005460921816230318
0.005240366913594822
0.0049250878310557935
0.0046993858849081705
0.004378125496204709
0.004088716183688774
0.0038203894287049288
0.0035640459688244986
0.0033409753104360726
0.003218774896246296
0.003470974319673484
0.004674725461244139
0.007407659472091993
0.011191889585403288
0.013933604712381066
0.013534684401852756
0.010218253869685669
0.0062263464476475265
0.0034531699473308013
0.0022594501482479704
0.002343002858085841
0.003523710305497873
0.00550227345980178
0.007297555158738705
0.007594607467204329
0.006151349656974435
0.004022416322969775
0.0023740989806792993
0.0015439093033406774
0.001316691519019346
0.0012096265104652357
0.0012074697320996783
0.0012442796266405405
0.0012932453680852285
0.0013530467698792928
0.001426671144775282
0.0015184609871056185
0.0016237721970218527
0.0017446398837065251
0.0018810205683789235
0.002032064053520157
0.0021964089616337418
0.0023728242904784706
0.00255966201304724
0.0027532355220452466
0.002946926601506682
0.003133646003034058
0.0033094605928205185
0.0034732929154267927
0.003623471154375396
0.0037562628463128356
0.00386724421716398
0.00395273732183945
0.004010148314782088
0.004037823948414702
0.0040393123615234195
0.004015968633321613
0.0039623833149258925
0.003879706590386426
0.0037697273157190824
0.003634789554251638
0.003477698039941127
0.0033016173512638567
0.003109968762773062
0.0029063278705595253
0.0026943253350844684
0.0024775525517262303
