a = [5.05029022] b = [5.05029022] c = [17.0141465] ,Gaussian ,LMH = [0.30232082] ,DW = [0.9474794]
0.0
0.0
0.0
0.0
0.0
0.0
0.0
0.0
0.0
0.0
0.0
0.0
0.0
0.0
0.0
0.0
0.0
0.0
0.0
0.0
0.0
0.0
0.0
0.0
0.0
0.0
0.0
0.0
0.0
0.0
0.0
0.0
0.0
0.0
0.0
0.0
0.0
0.0
0.0
0.0
0.0
0.0
0.0
0.0
0.0
0.0
0.0
0.0
0.0
0.0
0.0
0.0
0.0
0.0
0.0
0.0
0.0
0.0
0.0
0.0
0.0
0.0
0.0
0.0
0.0
0.0
0.0
0.0
0.0
0.0
0.0
0.0
0.0
0.0
0.0
0.0
0.0
0.0
0.0
0.0
0.0
0.0
0.0
0.0
0.0
0.0
0.0
0.0
0.0
0.0
0.0
0.0
0.0
0.0
0.0
0.0
0.0
0.0
0.0
0.0
0.0
0.0
0.0
0.0
0.0
0.0
0.0
0.0
0.0
0.0
0.0
0.0
0.0
0.0
0.0
0.0
0.0
0.0
0.0
0.0
0.0
0.0
0.0
0.0
0.0
0.0
0.0
0.0
0.0
0.0
0.0
0.0
0.0
0.0
0.0
0.0
0.0
0.0
0.0
0.0
0.0
0.0
0.0
0.0
0.0
0.0
0.0
0.0
0.0
0.0
0.0
0.0
0.0
0.0
0.0
0.0
0.0
0.0
0.0
0.0
0.0
0.0
0.0
8.594907525960497e-29
1.437074100217406e-28
2.3354882279234733e-28
3.689238813049281e-28
5.664432706890624e-28
7.420746842595611e-28
1.0866796790414359e-27
1.5467354591747297e-27
2.139888300401628e-27
2.8775755379805204e-27
3.761169691806218e-27
4.778369052339491e-27
5.900611432887918e-27
7.082309637207178e-27
8.26253610153692e-27
9.36941328868944e-27
1.0326947966009516e-26
1.1063489996620964e-26
1.1520540964416772e-26
1.1660419197532173e-26
1.1471389374973965e-26
1.0969288152690417e-26
1.0195333467732774e-26
9.210537848575987e-27
8.087775993319792e-27
6.9029353021384e-27
5.726629130086807e-27
4.617691121425177e-27
3.619189032134695e-27
2.7571362041597383e-27
2.0415768910428958e-27
1.6448091515852988e-27
1.1616018926796774e-27
1.4368908251386088e-27
2.3047798469721255e-26
5.322618492918065e-26
8.673468454000673e-26
1.3773757720461433e-25
2.1283922781579756e-25
3.1984353762741035e-25
4.673179046887671e-25
6.638018390141566e-25
9.166448024538316e-25
1.230536929636138e-24
1.6058943265912665e-24
2.037357088648057e-24
2.512724586898471e-24
3.012659467175896e-24
3.511418451527167e-24
3.978712207587206e-24
4.3825804443346716e-24
4.692937242875238e-24
4.8852538792567444e-24
4.943757315768396e-24
4.863566327927338e-24
4.651363978761168e-24
4.444737613421231e-24
4.055254633775785e-24
3.596815644197096e-24
3.1013186029336476e-24
2.5995780279418648e-24
2.118301198682118e-24
1.6780351820363808e-24
1.2922395329631467e-24
9.674169886156881e-25
7.040657776925632e-25
4.9812886788755275e-25
3.426093771101344e-25
2.2907935031782647e-25
1.489024705337227e-25
9.409081324647186e-26
5.779922137292234e-26
3.4516462753855913e-26
2.003826804248653e-26
1.1308988209126633e-26
6.204646593600062e-27
3.309330381025523e-27
1.715904131240132e-27
8.649196406075299e-28
4.238267483277007e-28
2.0189745076465886e-28
9.349818351428581e-29
5.509362080762268e-29
2.4340157436486452e-29
1.0453825344471574e-29
4.364724476892694e-30
1.7716099043558404e-30
6.99051153405082e-31
2.681509322498797e-31
9.999517730144732e-32
3.625000446321559e-32
1.277515570426141e-32
4.376765867259974e-33
1.4577036288121206e-33
4.719693312947515e-34
1.4855482039234413e-34
4.5455656039677524e-35
1.3521257837842612e-35
3.909975151212657e-36
1.0991535813098322e-36
3.003792755363812e-37
7.980102438291541e-38
2.0609790488820863e-38
5.174459330618989e-39
1.2629388849528128e-39
2.996576020493502e-40
6.911837345225746e-41
1.5498390064233864e-41
5.631130542162464e-42
1.204562240378059e-42
2.5048786534105336e-43
5.063694652518264e-44
9.951103868190598e-45
1.901067298054631e-45
3.530577442413654e-46
6.374051052153589e-47
1.1186813351803223e-47
1.9086126991784627e-48
3.165550759212065e-49
5.103878097290745e-50
7.999637658316466e-51
1.2188740063064448e-51
1.8053659447200033e-52
2.59949540908325e-53
3.6385611728544956e-54
4.95092737376362e-55
6.548760435343166e-56
8.420671827395113e-57
1.0525648999642106e-57
1.2789834739975977e-58
1.5107558728039697e-59
1.7347478338634723e-60
1.9363796605339657e-61
4.41909191869241e-62
4.7055022927562594e-63
4.8706777535649234e-64
4.900976699915319e-65
4.79385713039524e-66
4.558228774586472e-67
4.21235892403716e-68
3.056318552139759e-69
0.0
0.0
0.0
0.0
0.0
0.0
0.0
0.0
0.0
0.0
0.0
0.0
0.0
0.0
0.0
0.0
0.0
0.0
0.0
2.92432304951589e-28
4.814534073044841e-28
7.704487379563583e-28
1.1983779179565697e-27
1.811775630666902e-27
2.6624140481262896e-27
3.802833794655394e-27
5.279583458620489e-27
7.124469647632903e-27
9.344713436704955e-27
1.1913517347053465e-26
1.476299869588507e-26
1.7781554594561316e-26
2.081734980303764e-26
2.3688726760742025e-26
2.620104201144485e-26
2.8167997574952616e-26
2.943431627581747e-26
2.9895959453772237e-26
2.951424008917878e-26
2.8321175944034795e-26
2.6415055320065356e-26
2.3947067222283137e-26
2.110151846989703e-26
1.8073224764027188e-26
1.6044580610151325e-26
1.310643529980913e-26
1.0406420543874841e-26
8.031168235666622e-27
6.024439407908614e-27
4.392533923003836e-27
3.1129645419496334e-27
2.144340706067164e-27
1.435733956978749e-27
9.343610383917804e-28
5.910388590881742e-28
3.63394137281841e-28
2.171702662349975e-28
1.2614887369596724e-28
7.122409787328825e-29
3.908688879932529e-29
2.0849508217058954e-29
1.080988550918951e-29
5.447621674174938e-30
2.6684148585154827e-30
1.2704580449692968e-30
5.8793304607547535e-31
2.6445755675234726e-31
1.0354754526238271e-27
1.7401474117490587e-27
4.016799357988999e-26
6.326379129311936e-26
1.3051570427767635e-25
2.1021633383078e-25
3.2923357322725625e-25
5.013882826915819e-25
7.424637361176119e-25
1.0690697815900809e-24
1.4968058797362119e-24
2.037757650905872e-24
2.6975303278900818e-24
3.472211167219248e-24
4.345815190457636e-24
5.288848706338572e-24
6.2585729784960005e-24
7.201341109397564e-24
8.057030300527243e-24
8.765160846174936e-24
9.271880838025532e-24
9.536712143361049e-24
9.537888625933118e-24
9.275310285870436e-24
8.770557131667489e-24
8.063960144438419e-24
7.20928087481576e-24
6.266973066876924e-24
5.6200001369162426e-24
4.6623607006616784e-24
3.760949236058327e-24
2.94992518405309e-24
2.2498123664163992e-24
1.6684114882145882e-24
1.2030436482824619e-24
8.43491405337135e-25
5.75043474191376e-25
3.8118961613425364e-25
2.4569786275167925e-25
1.539859662420584e-25
9.383822941571901e-26
5.560281180437228e-26
3.203548586726164e-26
1.7946623234836452e-26
9.775753356019488e-27
5.1776526030447386e-27
2.666427717700765e-27
1.3351803793142722e-27
6.500731106532722e-28
3.0774814506477187e-28
1.4165713199397809e-28
6.340009618661905e-29
2.758979706543496e-29
1.1673814683512498e-29
6.477592857492099e-30
2.6154762610594887e-30
1.0268086933298915e-30
3.919478388531904e-31
1.4546727517375023e-31
5.249269669259211e-32
1.841735351707186e-32
6.282731320704917e-33
2.0838228423076638e-33
6.719890942134402e-34
2.1069334729868474e-34
6.422802948706478e-35
1.9036255709757383e-35
5.485542327257239e-36
1.536868281788083e-36
4.1863030910269094e-37
1.108662918233332e-37
2.8545725319681663e-38
7.14583877307911e-39
1.739136894257122e-39
4.1151019227451e-40
9.46654584957486e-41
2.117212517950529e-41
4.6035956988380126e-42
9.731674255936287e-43
2.0000160353601987e-43
6.856890535621259e-44
1.344500439414525e-44
2.5629761037656777e-45
4.749806853791932e-46
8.557621077960477e-47
1.498903970182583e-47
2.5523262563234472e-48
4.22511151525484e-49
6.799512651272763e-50
1.0637830280805927e-50
1.6179386662231816e-51
2.392229655915013e-52
3.438536403508114e-53
4.804768588381856e-54
1.3507374155265378e-29
2.2360434166475966e-29
3.597908380513205e-29
5.627046893150207e-29
8.554045086927635e-29
1.26393023214712e-28
1.8152449411219287e-28
2.5340077251744705e-28
3.4382796771037637e-28
4.534558741551569e-28
5.812854206197544e-28
6.752072885034511e-28
8.255165737799563e-28
9.810136235274139e-28
1.1331433291323645e-27
1.2721994999655014e-27
1.3883090698792095e-27
1.472575828788555e-27
1.6817882076288764e-27
1.7901618041544466e-27
1.918679902774645e-27
2.0818770396732463e-27
2.3168166403679155e-27
2.6613701138113015e-27
3.1550286909287554e-27
3.833974017505264e-27
4.725169511479402e-27
5.840107884907646e-27
7.16911916259016e-27
8.677322680231859e-27
1.0303310520108616e-26
1.1961411363145907e-26
1.354788608978314e-26
1.495070739860822e-26
1.6061809846609176e-26
1.6790049596133771e-26
1.707277086614852e-26
1.6999254074001288e-26
1.6501395867522349e-26
1.5576527043708954e-26
1.4297717436753054e-26
1.2761603382172525e-26
1.107614079233812e-26
9.348080269188213e-27
7.672126093778233e-27
6.123203981376343e-27
4.752510419284125e-27
3.5872483698029856e-27
2.6333423249726487e-27
1.8800737252402795e-27
1.3055061676676118e-27
8.817283619800924e-28
5.792397605101807e-28
3.7013986403927183e-28
2.300773888380404e-28
1.3912319761733634e-28
8.183891804407167e-29
4.683518770344345e-29
2.607678928709356e-29
1.412611761041464e-29
7.44552993777967e-30
3.818471144361698e-30
1.905553557616055e-30
1.1808465237612181e-30
4.2693714711001537e-29
7.023577857835521e-29
1.1308251193064283e-28
3.132105569964772e-27
6.038719849443162e-27
9.67831343020655e-27
1.508580000107626e-26
2.2869026832154402e-26
3.371595449229943e-26
4.8342599543241295e-26
6.741089381890787e-26
9.141866813864856e-26
1.205713016266041e-25
1.5465256668479655e-25
15.420113541754969
25.347087200034704
40.49758378096924
62.89132324412637
94.93206296703104
139.28221702679522
198.62732314289653
275.3232419172435
370.94312464326816
485.7718490554902
572.3483662047682
714.8579346402804
867.8398788597697
1024.0473310392147
1174.5216414645272
1309.3705933567408
1418.811529477407
1494.3330476978792
1529.7859206031696
1522.2096971946607
1472.240888608374
1384.0246733755653
1264.6471101997881
1123.195735104345
969.6211984746817
813.5969728414988
663.5552850724832
526.0238885410449
405.31659772351344
303.5595328496456
220.98048856527063
156.3595994750474
107.53645990453718
71.88652459058291
46.7089179346916
29.49936662318546
21.37466779844605
12.874979189760108
7.537967558836611
4.289656912256617
2.37274692600893
1.2756773556694427
0.6666391880491445
0.33861126285206344
0.16717545941058323
0.08022398249004492
0.03741937039074874
0.01696482173838948
0.007475886366715942
0.0032021129626162463
0.0013331259189057066
0.0005394687123062863
0.0002121885367182896
8.112190488514954e-05
3.0144975041138115e-05
1.0888104574910363e-05
3.822523855655024e-06
1.3043936975337168e-06
4.326410712980329e-07
1.3947853114510733e-07
4.37066531214781e-08
1.3312153097400282e-08
5.931896491642648e-09
1.7231718594339865e-09
4.865463169827342e-10
1.3353046193878796e-10
3.5620259550946817e-11
9.235796904434186e-12
2.3276208295700527e-12
5.701782701208776e-13
1.357593204231875e-13
3.141877259693774e-14
69.51828399004334
115.05705256526325
185.09215497826318
3184.4927017156188
5222.084387290272
9908.479164938204
15520.031652128078
23649.933269052726
35059.94394908749
50562.63041923734
70938.05253575253
96817.71914844196
128544.0540879892
166022.50994489694
208591.55218630558
254940.43477230534
286993.823813512
334989.2489993087
380362.0935970965
420117.51393834146
451389.0416329264
471777.9384382539
479656.752145584
474383.8385319729
456389.6217722053
427118.5123604821
388837.3662017143
344345.7322699648
296639.2337757284
248581.94238971372
202636.38196379787
160683.64807427963
123945.76257795193
93002.90026138906
67883.60465560191
48198.70647742999
33289.41244854613
22365.313296158987
14616.367990343599
9291.733740687812
5745.709844863556
4106.774426178699
2425.060599267882
1392.9128198850474
778.2166344847328
422.909708539925
223.54266271931863
114.93004537600044
57.47270666118466
27.953675653931086
13.223897117442537
6.084391452037721
2.7227369486699304
1.1850007664329005
0.5015906329004821
0.2064863613766736
0.08266805862490317
0.03218708938414274
0.012187550288954064
0.004487815682253727
0.0016070545152203379
0.0005596240400853451
0.00018950708743162693
6.240381363567421e-05
1.9982355975492447e-05
6.221935795207373e-06
1.8838274215009356e-06
8.362914253614789e-07
2.416500914952462e-07
6.789475086169288e-08
1.8548092954255742e-08
4.9268598602562265e-09
1.272457337521469e-09
3.1953075764485664e-10
7.801408517876513e-11
1.8519059757058367e-11
4.274105275657224e-12
9.590623286600108e-13
2.0922757021571686e-13
4.437687727990104e-14
9.15073037319873e-15
1.8344740711718127e-15
3.5753614742608565e-16
6.774493199720794e-17
1.247895482460841e-17
2.234705924344949e-18
3.8904486026549174e-19
6.584345776619874e-20
1.083317791841597e-20
1.73271131084758e-21
2.694142464522585e-22
4.0722644202549e-23
5.983697471306159e-24
1.6402153267555111e-24
2.299106003871795e-25
3.13276945871781e-26
4.389046700602198e-27
9.32835579903274e-28
7.116077010287282e-28
8.345248571452891e-27
1.513487780457083e-26
2.4471376363772875e-26
4.4537999679322416e-26
6.880145161565767e-26
1.0342399150790323e-25
1.512825798584305e-25
2.1532242648830726e-25
2.982034101874263e-25
4.0183766488917826e-25
5.268614263693365e-25
6.721158898732626e-25
8.342367866169399e-25
1.0079304851150821e-24
1.184515464285276e-24
1.3544766415047353e-24
1.5221261775988107e-24
1.656650124509477e-24
1.7665575360875583e-24
1.8178904538718405e-24
1.8657437202219938e-24
1.881677414940965e-24
1.8730379908947012e-24
1.850683916625573e-24
158.66568260152263
261.8252705251421
419.9529957549384
654.7121079890843
992.1118293490371
1461.2733013810866
2092.0055735591222
2911.0843621003783
3937.3798247714267
5176.311437970833
6614.454769763664
8215.3916104109
9917.976057378894
11638.00145571733
13273.771128052405
14715.357221601696
15856.519270319075
16607.546471741833
16906.887363621896
16729.478709150982
16090.210434996388
15432.135457488219
14155.969534813874
12621.581564262378
10938.266574801204
9213.906369028675
7543.964782559755
6003.6598200141
4644.009146307696
3491.649348232737
2551.6948996048222
1812.5393111225344
1251.4303682989864
839.8205767319112
547.8061441870982
347.31844904497405
214.0372553567948
128.20691789599968
74.64386395288446
42.24130547949396
23.234916552723973
12.422398835754914
6.4555074481615815
3.2607377445838868
1.600891582346972
0.7639563370189473
0.35435267912337587
0.20900592680588878
0.09246131412730527
0.03975777649700828
0.01661669622639345
0.006750374062588816
0.0026654562860023863
0.0010230005230282857
0.00038162842357514383
0.00013837770936662866
4.8769929453555286e-05
1.6707008123625105e-05
5.562958325245288e-06
1.800418618330707e-06
5.663719684149038e-07
1.7317714358271772e-07
5.146831612067562e-08
1.486790966524307e-08
4.174653495221667e-09
1.1393352138835072e-09
3.02233898603446e-10
7.792833410629036e-11
2.872311723014098
4.777655505020933
7.724291566627095
12.138444918516043
18.540780461377082
24.205612523602166
35.26267980494331
49.93155790459711
68.7219518400262
91.93405606691765
119.54128585966382
151.08452762741726
185.60198871691597
221.61840550257995
257.21103246734305
290.1575835588405
318.15505294650575
339.0816522607334
351.2613147711925
353.6852273593055
346.1498000429885
329.2848999810828
304.4669191110928
273.6333175022496
239.03329892345707
1024.637963778905
1521.1434379475102
2301.9004054360353
3478.3284525834706
41956.13384949588
57934.138507847216
101574.84209683428
163202.27492227772
247981.51303948555
366834.2488699935
528253.2221853643
740476.244405457
1010317.8741152653
1341739.5556061151
1734323.45447078
2181898.4736604583
2671619.0253635906
3183793.3119239635
3692682.220036309
4168343.2304174015
4579397.643217633
4896394.4541455265
5095280.937189392
5160415.096103082
5086596.793859484
4879751.750796338
4556143.908671817
4140261.7619297127
3661759.9865145194
3151985.7298882916
2640650.377910996
2311660.695618974
1851126.0607120628
1442701.85026209
1094316.4980552758
807850.8866176198
580412.2024826095
405838.3816110773
276168.51178788487
182890.81732160682
117868.46977812973
73923.37803447148
45116.34895208408
26794.32755331906
15484.480048861595
8707.283413501893
4764.177177486845
2536.288787724375
1313.714767945655
662.0346824675404
324.5810394336025
154.8152043306723
71.83521052634327
32.42497522820715
14.237238286461258
6.080805113557972
2.5262203945458004
1.3850230570135977
0.5494065229247242
0.21196699876604963
0.07953658701777296
0.029025312629810413
0.010301144941821149
0.0035553349024322065
0.0011933014663641642
0.00038947816831188186
0.00012361422145726607
3.8150098525941846e-05
1.1448663061659246e-05
3.340690089325813e-06
9.478306877829692e-07
2.6147477292155625e-07
7.013341513062842e-08
1.8289779468665787e-08
4.6373808686007106e-09
1.1431699357899127e-09
16.983237041981017
27.990393950869443
44.839226994656705
69.81806194565607
754.2028970374962
1227.1546394655995
1672.443152919735
2939.312497474173
4497.0289460781305
6700.0156112912355
9719.975033288953
13729.874052035582
18882.37658371023
25282.247663695034
32955.4506408929
41819.43420308615
51660.43360499486
62123.972979292244
72723.75293361291
82871.62476845489
91944.07937355923
99292.64659420842
104386.58226776724
106836.6757535441
106454.70806698085
103278.2405265834
97565.7641441084
89763.06294463473
80446.81879961962
70255.27870873154
59817.42383427533
49691.313017819
43337.92175967296
34646.53186993743
27136.097073002842
20881.54405855717
15847.786507594892
11920.578214860705
8938.868606873415
6723.86873817897
5101.786796303284
3918.994434044689
3049.8885694856317
2398.729309230826
1897.2281744287236
1499.708404043532
1177.3965920622813
912.9803364939568
696.1074265270641
520.0984537434085
379.84572642562824
270.6904880176544
187.99548303256566
127.13408444037117
83.66910870580496
53.56559299578765
33.350977269146014
20.19086032752096
14.22527890701117
8.216830509893017
4.613874999335145
2.5184116332586193
1.3362092202621545
0.6891290950065792
0.34546125431723984
0.16833206775975001
0.07972609509060456
0.03670273831253323
0.016423267646845593
0.007143038358948767
0.0030197302199417415
0.0012408368439602718
0.000495589767208497
0.00019239373272667316
7.259727702827472e-05
2.66262792259369e-05
9.492078410777713e-06
3.2890675957278332e-06
1.1077580181372187e-06
3.626415891225796e-07
1.153907265824177e-07
3.568821203749829e-08
1.072850607147078e-08
4.739075804460607e-09
1.3587589117322472e-09
3.786620014497979e-10
1.0257029765389421e-10
2.700549075405893e-11
6.911035113460003e-12
1.7190744769595877e-12
4.1562996649718986e-13
9.7674136100182e-14
2.2310683317381637e-14
4.953437998785854e-15
1.0689592694041762e-15
2.2422093067452735e-16
4.5714262011429245e-17
9.059158360362494e-18
1.744956450163796e-18
3.266946595443736e-19
5.945118985239413e-20
1.0515781382514885e-20
1.8079668320800298e-21
3.0215429997018395e-22
4.9095897889638017e-23
7.762971111190151e-24
1.1995126606209087e-24
1.8499028677388597e-25
3.1561938478162993e-26
1.2020166416569279e-26
5.114540594177435e-27
3.619187718164792e-27
2.9624455960134127e-27
2.4666949670900343e-27
2.027822149108974e-27
1.632093819613581e-27
1.2816951286447176e-27
9.803995110747548e-28
7.297829436793116e-28
5.2836085982847e-28
3.7195273523598605e-28
2.5456262199497667e-28
1.693604269528105e-28
1.0952611806563644e-28
6.8849314503834e-29
4.2067901515720256e-29
28.899016065339048
47.466648746320544
75.78000874687257
117.59295333855597
177.36523994047454
260.0257094625308
370.5310742013335
513.2081531818855
774.1057098412571
946.5085894616645
1256.5443954404057
1633.7443536269789
2083.110274469466
5651.866343673197
8830.686215722073
12990.183750181488
20694.73503436532
30257.124416755327
43591.040634121986
61697.34818432019
85586.80894763701
116153.91181787425
154015.50025670076
199330.27796422568
251625.45776710362
309664.3105866776
371390.2517029559
433977.16659940314
494001.3598577513
547729.4928978696
591493.1046652106
622099.237535504
637213.8923044899
635654.5611055531
617541.1030210481
596914.1318524487
554889.0996178518
502356.94395598565
442926.605283175
380333.48508779693
318060.4588948884
259038.46733158888
205458.18755929943
158701.21323453958
119378.30019665402
87447.49173073213
62378.13332600935
43327.58739816521
29303.923953484536
19297.29032868197
12372.418771005818
7722.84968861627
4692.896164772959
2775.999425018403
1598.404663649076
895.8109217369745
488.6311861019601
259.3904922905569
134.00094375013026
67.36211552957678
41.94627971788088
20.146494300142997
9.41434720581077
4.279970984468812
1.8928985252840387
0.8143791024835073
0.34081327682721496
0.1387317197339335
0.054926786663935426
0.021150593271041407
0.007920865497961357
0.0028848100945700413
0.001021739273055199
0.00035190540083190896
0.00011785836594190109
3.838221962656522e-05
1.2154087478103726e-05
3.7421868752026017e-06
1.120284832844575e-06
3.2607769495205817e-07
9.227708550296044e-08
2.5388552913407233e-08
6.7911781185031915e-09
1.7660694460481747e-09
4.4649732415738366e-10
1.0974173930107491e-10
4.238974094393053e-11
9.939633252858747e-12
2.2657225740957563e-12
5.020708171107168e-13
1.0815350039283823e-13
2.2647974300502478e-14
4.6102819050606525e-15
9.122867951816507e-16
1.754841175427513e-16
3.281283513590305e-17
5.964121096421384e-18
1.0537642019100594e-18
1.809809762427285e-19
3.0214578999464026e-20
4.9036535427087815e-21
7.740100323737044e-22
1.1925266015068516e-22
1.843300294849526e-23
3.417363481607391e-24
1.3098497461433332e-24
1.0771092532123042e-24
1.092342560389706e-24
1.1192934879319342e-24
14.577784925677664
24.38123078420336
39.63512922220952
53.93965191878008
83.63095762519424
126.03366519885599
184.61484879715834
262.8495621497294
363.7545657400245
489.29436553891213
639.7238502860336
812.9717162353714
1004.1969472780748
1205.6546441302767
1406.9786786970037
1595.925725169959
1759.5369875786664
2021.3373684337437
2187.521118066575
2346.033523675601
2512.882845988663
2712.283140703251
8047.844042479899
11718.775365757565
17293.596626961447
27700.850929556873
40878.60685541886
59316.67079196033
75170.34797592305
105241.24306592566
143861.157047459
191828.50884701253
249375.9936273879
315954.6491765156
390065.3500774959
469181.56014825415
549800.797664989
627645.6018220645
698009.6451666254
756215.6102772129
798125.0685128932
820623.6893072759
822002.8139689586
802172.5329644758
762669.5592133029
706459.3550581972
637568.0073553752
560607.2349185587
480269.9099995138
400871.5155972375
325996.9276468636
258286.77803734553
199369.86053320876
149923.68349388285
122188.77275633991
87960.52858872582
61679.47475504144
42127.2290934492
28023.674110845746
18154.97289009276
11453.576198639668
7036.0161016288685
4208.399781139025
2450.6157499377446
1389.2002946181692
766.5656186617568
411.71092661749077
215.20800100191187
109.47441037819434
54.19026084313722
26.10067378065752
12.23130432313624
5.576407671136922
2.473252838976729
1.0670575043497121
0.4478029939531522
0.18278563863248762
0.07256556523962333
0.028017636605084235
0.01052022884734751
0.0053912027110868685
0.0019322381749547388
0.0006734145940832615
0.00022821085106163437
7.519831582405908e-05
2.4092685475724647e-05
7.5050880813985745e-06
2.2730500854082593e-06
6.693216289031641e-07
1.9161265059086738e-07
5.332962599294883e-08
1.4429796611169564e-08
3.79570202411178e-09
9.706390438864125e-10
2.412966038198323e-10
5.831322216225081e-11
1.369936016392398e-11
3.1285738203246605e-12
6.945464045394054e-13
1.4988600520474933e-13
3.1442886588447215e-14
6.411831398481005e-15
1.270975764735545e-15
2.448980460833044e-16
4.586948482163666e-17
8.35123538971692e-18
2.640753280824872e-18
4.585967046457755e-19
7.741365487490192e-20
1.2702434323699085e-20
2.0260201352748003e-21
3.141493806431619e-22
4.740126675962326e-23
7.017490791431869e-24
1.090396371788145e-24
2.6235176973798713e-25
1.7035066518043994e-25
1.845614519258809e-25
2.165908565831707e-25
2.5404736650875172e-25
2.9455146905290103e-25
6.6598878142356295
11.03238093189244
17.76364767099836
27.800692790769073
42.29019160871628
62.52939883513349
89.86476027075688
125.53220376934675
170.4438958665474
224.94084276075301
266.4021061448104
335.3194897615701
410.2423634779016
487.84603629037633
563.8786121646601
633.5035164062086
691.7879673890161
734.2729747161733
830.3264292198621
881.177864511502
937.6546947223785
1012.5901470012205
1122.9750700347245
1289.0717339590835
5015.0693978116105
7653.098729389246
11621.32393983029
17429.77324838174
27785.985703956907
40457.81146612343
57572.96238342279
79982.47988279596
108403.73622105079
143281.04946160424
184635.04184089476
231923.80040728324
266181.27153224783
320344.86447512294
375724.7506914117
429459.93607834564
478381.07255418703
519311.7225260879
549407.2035177842
566481.031891149
569266.9029899397
557572.6808110327
532300.6193754533
495357.08516037534
449334.0846780433
397316.01857843884
342478.201212314
287791.7828953642
235776.8599322473
188343.95824572502
146731.04216966566
111527.12731299954
82762.01037369583
60035.9481759423
42663.16928331715
29807.55669799213
20595.768160098112
14200.510907584023
11136.930289930286
7877.656512058097
5771.059659567356
4423.511041787252
3550.6051862855975
2957.6797400671735
2519.592575083158
2162.0913518009124
1845.9734617744623
1554.444837431143
1283.603338068174
1035.713457244542
814.8215822607712
624.2244503121558
465.3127741490367
337.35092333504895
237.81459304599957
162.985393114034
108.58600047487957
70.32202839891926
44.267820863725404
27.08671766274899
16.10985315356576
9.313032098759953
5.233031929182863
3.507575996891136
1.8797733633671052
0.9791855390646256
0.49577585175625666
0.24398689343045227
0.11671006194239465
0.054263865973468016
0.024523009522608292
0.010772025934982627
0.0045991925601239405
0.0019086503210632196
0.0007698953862321343
0.00030185448514080665
0.00011503344265104147
4.260996411960553e-05
1.5341180738594133e-05
5.3686732314924115e-06
1.826146949415517e-06
6.037609767058284e-07
1.9402376300624637e-07
6.060456988040532e-08
1.8399939272265446e-08
5.4298517493729685e-09
1.5574715460375345e-09
4.3422301276302214e-10
1.1767009868819825e-10
4.8504243001024516e-11
1.253623975843841e-11
3.1493100152909195e-12
7.689960435016905e-13
1.8251281464079175e-13
4.2103983445402045e-14
9.440903882452165e-15
2.05761696645625e-15
4.358891461669572e-16
8.975282870514165e-17
1.7963080028040742e-17
3.4944114873648544e-18
6.607358963837797e-19
1.2143462083398587e-19
2.1692941876745072e-20
3.766671962866625e-21
6.357240167339042e-22
1.0429940671231148e-22
1.6638583516880938e-23
2.583624385846184e-24
3.920779948376931e-25
5.903741977845219e-26
9.2988104087808e-27
1.7666107342441178e-27
4.878905932940453e-28
1.9075557503286795e-28
1.1213688909505326e-28
5.253048798985073e-29
2.4540936498916716e-29
1.1226579730309363e-29
5.004278268543012e-30
2.17068027759679e-30
9.158865326070467e-31
3.7585195906959074e-31
1.499989813778449e-31
5.821462684204463e-32
2.1969890754170585e-32
8.062273630310652e-33
2.876766901247843e-33
9.980550739083166e-34
31.067099068442683
51.53604038479274
83.09635223486983
130.23071877346334
198.38346972631902
293.7366194266317
1412.75704003657
2411.64254438152
3760.0414197592545
5728.521292444564
8943.795251818106
11729.117362320723
16923.911082117425
23842.834103153364
32785.963020313684
43990.95030063954
57580.84601097145
73510.10857684792
91517.75829457057
111098.01669455151
131498.1731489385
151750.4388339606
170739.3783144657
187299.99324712236
200335.03463271534
208935.20132287667
212483.87250940854
210729.61591945717
203907.54821519437
192409.57678332436
177126.72533200512
159111.1503974561
139515.5627559825
119477.64099060388
102788.69239049219
87079.986281342
74260.10111202912
67893.2851165121
62167.95536284722
63681.598822099724
70243.99169246924
83770.3940288508
104875.01291308575
133994.00017408415
171261.18015705253
216364.45458409857
268409.914836277
325826.36509804474
386342.33089908323
447059.523447473
504631.6699680844
555538.0441205793
596511.2059084217
624591.0264663725
637836.7382208396
635323.999378181
617301.9809848868
585155.2749813496
541230.8223585933
493272.66461141594
438259.15688533866
382838.7826658045
330686.8999761377
300775.04970794375
262620.294773822
235248.3157455643
220754.000169683
220085.3034530596
233429.41446183575
260191.86292926053
298980.962680221
347612.5316277298
403157.92295265885
462058.7630313268
520323.2885304336
573803.2670314782
618530.9694861947
651077.6987757256
668884.047108854
670510.8772921038
655769.9138998735
625711.8210121649
582473.4538489281
529009.2328304863
468749.3032556687
405235.9367660384
341788.44188693765
281236.93973462895
225749.71572602767
192310.243326378
148095.54886786887
111226.88820540979
81461.01831736224
58170.15512233074
40494.335317064775
27476.52830784378
18168.98380748104
11706.50537774566
7348.157861016634
4492.747488133871
2675.207264812017
1551.1250071101128
875.6189180316769
481.17254171494477
257.3628754089037
133.96645922903764
67.85797985162121
33.4436580980515
16.035837710937265
7.479889007623398
3.393815876888651
1.4977462473659542
0.6428583341055389
0.2683443400846453
0.1475739156775329
0.058798653650622756
0.022780622257123302
0.008581946620137301
0.003143486154634406
0.001119510100374924
0.00038763408492405535
3.1284850356871656
5.1982587753675675
8.395642881107419
13.179923384835815
20.110961463165815
29.82726532603629
42.998630637863
60.249907185849516
82.0575802995335
108.62795332444051
139.77356875395748
174.81112874730331
212.5072085127864
251.0954378726309
288.3796059589324
321.9221297929382
349.2992770342015
368.3876883492245
377.6357440417958
377.9170723224733
369.48667058505356
351.12488178448615
324.32841720964177
291.18497746820185
254.10516615329254
222.77247266352853
189.7991402906967
162.06540563860437
141.98083882144195
131.66946604728946
132.97478755767918
147.45172292510264
176.30816246438167
220.2734397272557
279.39495537651356
352.79234110449335
438.42415888454946
532.9378602929603
631.6734408586665
728.8718718421436
818.1025922782501
892.8768986002231
947.3669404986374
977.115734027306
979.6126075562248
965.9260797836192
923.6341998799772
858.4593247210793
775.5351803344001
680.9960441243276
581.2307804516446
482.18463506907113
388.81121574775625
304.73673558703854
232.1514633360667
171.90108464526074
123.72184275310886
86.55152247387802
58.85232315569223
38.8967286518206
24.987517425464382
15.602482681257776
9.469452604931725
5.586201621781772
3.2030882527492692
1.7851789988078812
0.9670639626457039
0.5092009399519363
0.9014134797876766
1.1970985183678835
1.5566540241214228
2.3838707586354393
3.6401264716045327
5.445349646261505
7.936430050998779
11.251061947094529
15.506527780192881
20.774170948153206
27.052140105455262
34.240695408318686
42.125476281484886
50.374164628381315
58.55062317899089
66.14785599394479
72.63745088548983
77.52932187347282
80.43256945620854
81.1070239933627
79.49605119005493
75.73440413336209
70.12961188412416
63.12047003885157
55.220403965735386
46.9558277486294
38.80967344250441
31.178200270887107
26.521810684820203
20.321160300433572
15.134023326394995
10.95521392569934
7.708109799261448
5.271515507958301
3.5041577648908344
2.2640831858172414
1.42187583807408
0.867943660617143
0.5149700394418522
0.2969839344721039
0.16647327233177697
0.09070195388466552
0.04803406430161333
0.024725358304082495
0.012370761065491447
0.0060160413145734296
0.002843713027622062
0.0013065357312844897
0.0005834684554709577
0.00025326433587525524
0.00010685411711021424
4.381966460021573e-05
1.746656097036604e-05
6.767158140686511e-06
3.5401122443277236e-06
1.3081279667594873e-06
4.9815652292093
8.182699236300577
13.064354225680708
20.274020334962238
30.581048788276544
44.83585334931312
63.89385188643797
88.50203718681735
119.15383666280285
155.92773139430363
198.33495231131303
245.20861149170918
294.66784461024554
344.18373326499176
390.75856113219015
431.20841633400585
462.51574558557206
482.19908480285903
488.63751599389224
481.2910655887714
462.43641846192793
431.5482834570016
392.3179071560988
348.03989339543705
317.44573429708515
272.45552439673077
231.2295103845771
196.20941246631367
169.07487633660622
150.68863644914728
141.11874857635618
139.71697438584545
145.23452236610132
155.96228179733734
169.88862253914118
186.9076765398409
202.2117049997553
215.3589177448849
225.1786397070044
231.0817985217275
233.1169485352297
231.9423880704111
228.70991713061014
224.8710134609321
221.93127442373046
221.19039522662655
223.50999915846896
229.14892275255556
237.6953005926407
244.51640782552323
255.34970948218603
265.35417891890165
272.7292270463619
275.8656296263722
273.58128055145613
265.28387321564026
251.0365483352499
231.52134164625494
207.91415968391814
181.6999262663287
154.4644853843678
127.69966994242392
102.65054734463882
94.57173264370493
84.8210806297618
83.61827411717813
92.99716563873864
115.26216869052199
152.97499883828525
208.8128284914746
285.2734189073439
1064.3637593098792
1627.4658869503219
2446.876739276774
3611.1502085954917
4629.884736644079
6900.165396916459
9713.255449341621
13382.422015409556
18032.33107282095
23749.121624402353
30556.42425115577
38392.46113171506
47092.587870299
56381.77602981399
65880.66788704401
75126.953024595
83611.19929794932
90823.44998879159
96304.53145962993
99694.70023053896
100772.35664503758
99526.6290767718
95994.9745213066
90467.4805905967
83326.23670070569
75033.14639434291
66083.4070539008
56960.1914520707
49282.91315467183
42017.38318316211
37830.44497304629
32919.44965798425
29940.600521363984
29180.390163117096
31789.286417737232
36746.66783428925
44814.07555153217
56145.15736702286
70772.3345128344
88554.13298615642
109125.94191022818
131871.72902000227
155900.354188695
180098.48914060023
203185.13471321866
223816.5322938683
240709.6542934359
252770.2522589458
259206.3942851254
259610.26160973762
253996.1941549368
242790.3517172781
226775.223837439
206998.94071635752
184663.71603863672
168965.94284860953
145090.26111626066
121763.61258634277
99863.03469629202
80030.10825788404
62662.237034224556
47928.93300083411
35806.53051868161
26123.732239055982
18610.596724803738
12944.754117864151
8790.42198198446
5827.795627410364
3772.249443800444
2386.9871997315768
1476.369404733005
895.028451142619
534.8987448015214
319.571674080911
197.0284032553499
133.13351338444104
106.26054704857235
200.65095345018048
294.25402219434017
429.95335283022064
630.5441864814444
809.3526222120457
1161.3805516545071
1703.8127335793044
2368.8116479046903
3225.1089387763286
4296.067155389389
5594.995691580393
7120.108863391488
8850.092296976678
10741.22239342383
12726.923306285771
14720.365155957152
16620.233323014523
18319.218609444903
19714.220940513147
20716.86181769082
21262.766796392047
21318.24775142595
20883.447590717722
19993.63288283488
18708.1216321401
17111.962763102103
15301.930119358083
13378.46406814104
11437.13123425567
9561.656332935496
8381.80865736735
6755.598092736183
5331.021649697585
4124.0220992607165
3134.27812609775
2348.6422417398985
1744.9938114927736
1296.0218111601112
972.5686813159473
746.3046061062297
591.6356996060194
486.86086615808216
414.6701140193074
362.1203292046829
320.238216221038
283.3929391671135
248.56172541455433
214.58708788305182
181.49850421199068
149.9464044299661
120.77318031187988
94.72551550192942
72.29572687444055
53.66810860177208
38.74016541848835
49.493544122162874
52.338600777878064
64.56462861032352
88.38226369305954
126.68120929304024
182.89717354429823
260.7403341468083
363.73606533031204
1062.8155457593896
1695.2515665221601
2540.9253427281637
3748.676144764664
5437.431105112068
7744.57463746629
11243.935536932195
15504.903798074129
20942.30013269271
27681.697268048774
35780.660543457074
45199.45387511119
55776.90987604208
67217.1169486878
79091.79966354511
90868.24697388778
101924.96225029085
111635.85921139467
117068.3182046578
123278.84074157373
126830.15995960943
127511.7216291689
125309.01237949014
120400.10277620249
113416.49847865834
104496.29672679298
94332.37626222336
83576.33851930166
72841.30178597046
62685.405620833575
53783.36256222597
46216.62003395135
40369.723508131974
36361.67779629184
34206.67709762705
33799.126731898294
34930.92719081579
37308.18540843123
40572.30379460289
44325.10355142057
48157.02660405074
52077.72889000253
55264.04013075642
57636.301837730825
58720.27804056338
59575.931415885185
59566.78333049808
59083.20847007575
58036.34734729116
56859.17118454329
55855.466806598575
55298.667568921715
55395.12254474157
56254.98176248148
57874.75639633269
60134.306237178316
62809.1148544557
65596.47746972306
68152.03956151722
70131.44283884761
71231.0509267204
71222.03716238763
69973.4517399706
67461.9239281311
63767.92325439484
59060.51807325863
53573.97139267081
47580.14345919214
41360.57181836686
35181.45776018149
31200.51601414144
25578.635898921926
20501.93178640374
16067.945078293369
12303.819455611185
9206.656807252897
6734.170399398954
4820.252067734496
3385.747952510642
2347.7423320495895
1626.6704141792184
1151.013376984763
1169.9319682988266
1262.5067834752103
1538.9963418128116
2043.7066102023427
2808.7729033212017
3878.646169993712
5505.015166582202
7461.702872852886
9922.363525965004
12920.721211340391
16457.45352034983
20489.140524999155
24920.782836460672
28026.209522781035
32770.42342451799
37417.827389587
41723.091917621736
45439.753593558395
48344.3712409307
50259.16148269492
51069.7949720973
50735.88754669087
49293.012683399575
46846.47435761856
43558.29718796533
39629.69090552343
35281.546110862335
30735.36906358247
26196.601797078387
21841.660100700254
17809.388303835556
14197.05868668447
11060.571884493957
8418.154615096728
6256.607930744634
4539.040314714143
3213.0305874063442
2236.680177999014
1524.0508549305328
1173.5342872929418
797.6953455144218
564.7566579871302
441.69902926281327
404.37919107986727
436.1614915884212
526.0213694192862
666.4085468031354
1884.0116102849058
2774.9310620759766
4049.10738281952
5833.6188187508305
8279.898519351524
11556.258049886734
16400.452110995673
22194.213614087665
29433.991654355712
38214.046963504115
48527.86168934399
60238.26898059123
73058.25987299006
86548.41558334033
100134.83211941992
113148.03903406995
124879.43600160816
134648.12056417775
139775.25108453265
145045.78576235945
147155.7841829226
146010.76795300003
141728.7646556342
134622.13710243686
125152.82819368185
113891.70312258707
101459.56475407007
88476.54906424269
75517.22384800352
63075.78228791612
51542.9424978167
41194.804356766545
32192.82113622019
24593.1866909176
18363.306920322433
13402.645377068686
9565.155538437662
6680.760965649594
4573.885402675385
3078.1372625909335
2044.6966009302896
1349.0953901459375
891.6633671620475
680.6085909186645
461.59877934887646
322.081540556252
232.5000113870847
173.743758575999
133.98678795631318
106.19616159971433
86.30081536481843
71.93469049935253
61.63609839640339
54.38236804930334
49.352644295286446
45.83270269602704
43.19771162911927
40.92871663141591
38.634922334386204
50.70848702803943
57.10955072260854
68.00818687404593
85.35980588999408
111.51236101219375
149.0488502642511
200.53458745084066
268.167875242167
353.35319030012687
900.6503282865336
1212.6470959030771
1764.8510345439668
2541.255026936165
3613.5492820520894
5064.424514804813
7137.860159518165
9783.041436262185
13082.38124176032
17145.06926815642
21996.243132887976
27601.842059490562
33855.75914399424
40574.106064305066
47499.161034072116
54314.108826725125
60667.72285399507
66206.1264462541
70607.21522569814
73612.64658433896
75052.6968380375
74860.64431630023
73075.28691523873
69832.23778445566
65346.28562266301
59888.05339675606
53758.37906791066
49450.56729511275
42874.77338815451
36398.28960478466
30246.74047384381
24594.076139961857
19558.99386154224
15206.126940362494
11551.260851438281
8569.577130746311
6205.737247171465
4385.04449736755
3021.902226572757
2030.545054364428
1330.2998760617156
850.1283523208448
530.7593269101319
325.0760526012909
197.25730661065685
121.17986345869673
78.5179694683391
56.86164425534689
48.054275753839384
46.844905194517885
49.87333521382507
54.95808146655607
60.633308109395884
64.22549269883851
68.7565467365236
71.7701002120284
72.91318670037334
72.03922800012573
69.19791307525286
64.61294370491201
58.64408396965321
51.73647206941598
44.36424146406826
36.976956767660795
29.95645212224401
23.589046144900582
18.05473191380655
13.431741168325834
9.7125701211323
6.826476404718463
4.663581693207077
3.096728646986138
1.998698475865433
1.2538684576412
0.7645699763424842
0.4531511313481088
0.26105346596054524
0.1461761182697515
0.09775053841310914
0.05220359318268216
0.02709830966040289
0.013672394226105196
0.0067051347398005305
0.003196178405276496
3.9366133446204175
6.575163028578113
10.676724366166555
16.852083637552795
25.854496389374276
38.55501120195229
55.88388768951563
78.73232545683516
108.8473440823701
145.21868078655507
343.02632509884535
517.050045243593
743.771258173616
1059.3455959463695
1491.7676950727696
2073.130912436198
2837.4364115305834
3931.9490445295796
5225.02970248263
6808.048005941488
8028.247852484316
10096.07929990104
12415.110818286423
14920.503106259872
17519.42227736722
20096.19600132854
22521.26554154167
24662.88244230937
26399.88791936658
27633.64123610215
28297.311779253556
28361.279384067766
27834.15077317293
26759.689610114754
25210.577106856057
23280.24587318898
21074.04243502149
18700.748615903518
16265.155438647413
13862.059045139598
11571.814126609766
9457.452508935658
7563.319724387727
5915.148409809094
4521.43373026452
3375.891942637673
2741.630757327591
1966.0024541631387
1383.6153568925915
951.6340198062773
645.3108340422082
437.68770736716687
305.8518493371251
231.3802906583708
200.16350646804545
201.78951915194205
228.6756765365352
275.11844080319094
653.1029864148534
928.4681285628858
1316.6540551706569
1853.9699516769563
2584.267047594313
3556.700032067326
4915.254004747689
6620.965975602059
8713.175758808975
11240.595117020035
14197.5714158073
17540.539284370017
21183.389283723347
23716.83141222628
27556.573211688625
31281.00126483769
34696.34701417896
37614.50245905298
39871.5258497246
41343.480054633765
41957.296699064515
41695.37915172194
40593.87319421503
38735.62031022394
36239.50857784912
33248.1406748126
29915.50320150346
26395.82319031914
22834.47646592078
19359.96448477097
16079.648108957364
13075.874834947861
10404.711891573344
8096.389667980364
6157.463461577597
4574.430964883971
3318.37915110911
2350.110561058745
1625.1651320319515
1254.5929132834162
835.6453899023693
546.0835605572474
352.032433134677
225.98270214205002
146.59884479745716
98.0352626109227
69.00688513772988
51.80695527291094
41.39931572245808
34.65195376458253
29.732199044276353
25.654471328487546
21.95684729541055
18.47871786578831
15.2139283062432
12.218431781013114
9.556373465886832
7.27260070671134
5.382644753533592
3.8734426152859163
2.7097684350540763
1.8427541112667511
1.2181046765109016
0.782661581985884
1.9279732991890886
2.363923928045838
3.458935561532774
5.221510057905608
16.168684287775154
25.3168573634548
38.711182768451074
57.734317995204144
83.946598140277
118.97434560522281
164.33465929252864
221.19954326861122
290.1167407946077
370.72122559043544
687.9335948197305
970.825612016164
1331.9307859423689
1824.4928504666252
2492.358321662097
3387.753767674622
4568.435012490931
6197.472555332265
8231.72274323988
10711.444154675759
13685.569266077975
17138.447966268857
21009.337531791047
23769.997449081264
28070.679020744188
32398.209245828537
36543.278315923424
40288.29473026488
43428.55147502496
45836.843127094326
47337.82557177595
47890.69501075971
47503.824997117474
46240.58644669297
44212.727545866364
41567.1679547517
38491.39515418059
35141.821283247424
31688.798040612124
28292.960070532863
25085.651909469478
22167.80434126525
19608.444414904247
17435.749892591997
15649.15495798323
14217.972189431199
13089.855511852298
12199.347344923579
11703.165609664797
11055.203937721764
10470.016891326659
9899.83743337427
9311.402059283135
8685.864401845854
8017.106808942028
7309.124360892376
6573.094193921101
5824.574108700414
5081.077162197945
4360.106966536202
3677.6430162111596
3047.0341198010883
2478.26625409164
1977.5885446761852
1547.4855745692507
1186.9686979170601
892.129866468879
656.8719723262096
473.71248026048704
334.5587753534068
231.3733031111069
156.67766991791373
103.87862924392603
67.42763484743512
49.95468167557423
32.38761277577631
21.002322916497253
14.44183695401984
11.354719322248467
10.890910700382618
12.570151215465966
16.165618304601796
21.600970965388925
28.858499111811547
37.8976219662635
48.58565152986856
60.645446306767674
73.62622568393472
86.90351515106691
99.71153960732478
111.20663768410219
120.55440052952866
127.02773053928581
130.0994847572525
129.51306269477143
127.72965342515717
121.91116564296485
114.35272627520852
106.21905511482898
98.84653717314126
95.04564531749885
92.02512356904455
93.31033690231476
99.89101194081974
112.39007711860467
130.97484466422117
155.27375614246193
301.75744844004674
426.5065434172215
587.5298965320659
809.704705825506
1111.978933592287
1516.1682991875296
2045.3051637093852
2765.9609683672415
3653.392636916653
4718.9370729083885
5974.453370087686
7403.99823350357
8973.033340104534
10628.380144458877
12300.863525986439
13910.587009918825
15374.227004397295
16613.263308308637
17281.251933765558
18008.657609381706
18379.47426239787
18384.509235575646
18036.54010413058
17366.892678046708
16420.711443599852
15251.895288815576
13918.47210125834
12478.841844961891
10988.963872081635
9500.314623330847
8058.55760334686
6701.627588976803
5459.62306150615
4353.589907429866
3395.408106099001
2588.1489969209374
1927.0618238050968
1401.1038950347474
994.8186372627318
690.3070686093342
469.04340990172716
313.34472668158674
207.39336802896565
137.80200534701754
106.17569862360718
74.44455535658965
55.65922197625606
44.91170457191488
38.81655506148534
35.14354914088355
32.50596917023801
30.112102096597795
32.801024205398775
33.43288010803914
35.689381400008145
40.43535570304558
48.72294106021758
61.717139230786586
80.5946231089271
106.40816283200404
139.91751004449435
181.39900656652654
230.54938063328268
432.994468471289
612.2586361792934
842.5425355954316
1158.0646322965688
1587.8412368408021
2166.7716252512964
2933.8443648758894
3569.3815350909554
4805.729399459668
6327.746212732115
8155.89319921971
10303.741666676246
12742.488167586089
15410.952866269157
18216.540544536187
21040.51514851887
23747.52362775001
26198.343004385806
28265.04341137947
29840.521416886626
30851.634818199833
31263.39971845771
31078.331450203303
30332.2741086455
29086.98502279967
27421.57382919399
25424.427046000288
23186.68370250656
20797.60708854597
18341.57541297944
15896.07091835344
13530.036843159756
12026.31390651715
9917.477417346285
8017.619127995717
6350.870079902998
4927.2338357516155
3743.5478312811315
2785.527794502493
2030.6131512142945
1451.177819773351
1017.6412619704395
701.0969916159851
475.2269348328738
317.4373502643535
209.2915837548248
136.40217734567216
87.97577967642482
56.190120064118055
35.54132939347457
22.250220604930295
13.771081992327202
8.413090236704994
5.064139559656126
2.9977019552684228
1.7417877707147136
1.0070788887672508
0.5778679880254372
0.4042643240536068
0.25299614064948434
0.18795662068756597
0.17867976736131597
0.20863198202158134
0.2695115254676192
0.3573927707193868
0.4700834878107808
0.6053034163863349
0.7594706081800822
1.4215870921791451
1.9876749323065017
2.706354363955815
3.6853929439688082
5.012499946530426
6.7913061124853575
9.134674185735037
12.15262490538648
16.178281616247634
21.03389650383113
26.732267245166856
33.27659700866466
41.86087886538535
50.45154772156403
59.669284168406705
69.33628312524934
75.95066902638355
86.03839197801003
96.27272336462133
106.65704389203431
117.24560010169802
128.10288105559346
139.24604958772548
150.5824736556552
201.63517042454092
244.40295624602962
299.2582400919968
375.3970232981724
480.62943004671024
624.2894044891624
816.7227219292334
1068.3021688207668
1406.5469597467375
1820.051175070779
2311.385835407264
2881.5972097110866
3519.330107384744
4205.027956908434
4911.666610840297
5606.6950964637235
6254.993234632127
6822.417424058881
7140.861647554486
7511.265850675041
7739.3399872671125
7818.756005375187
7752.5462380320805
7551.5947704014925
7232.4700828880905
6815.114385654117
6320.830707165399
5770.829124712866
5185.37684058056
4583.415490357565
3989.918340867047
3410.563859466781
2864.5539956471835
2364.570744352296
1920.7245348975257
1540.1021904054062
1226.4795077588694
980.2768817555361
798.7702058290613
676.5117958196215
605.8853420307051
577.7188999957805
813.5744875534684
948.021483917194
1203.2645756306997
1576.2167231563146
2099.768462293096
2815.2920159537157
3769.980189170561
5011.83061270551
6665.249977695082
8680.310748973128
11067.868246619923
13829.151574176967
16907.56187691753
20207.304548977292
23597.249646670425
26920.625261958914
30009.548476647542
32702.24514703482
34860.06012387591
36381.26726728284
37209.33080636424
37334.5018820009
36789.1221638538
35638.328754862974
33968.642228543074
31876.98060168032
29462.022302732614
27719.608572918747
24974.049988278162
22145.923260046464
19312.345433764807
16546.20714415764
13912.793376857497
11468.43156497165
9257.95752797976
7312.337004923564
5647.21893059371
4262.935231114481
3146.063753344443
2273.325998260576
1611.7424172419242
1126.929329830903
825.4927551677383
622.0730093513653
512.3800667232063
481.14919183556225
517.2818622715876
615.2305089860744
773.6224165136773
993.4087741936512
1286.7507274211855
1642.437134511853
2056.821954404591
2363.0672005093124
2857.1062292642414
3860.222460319732
4754.452536511682
5764.38449690629
6969.961137171858
8430.695910019405
10221.630468246249
12427.622339834952
15132.326420278283
18585.78769381242
22647.515073556795
27316.364083743963
32572.898421421363
38280.22831906733
44230.876565058425
50160.26194368534
55770.67983297392
60762.481284301575
64867.115054516435
67876.15295695764
69661.04161404831
70180.3902206245
69474.43082969416
67649.1272281123
65883.34373203985
62537.29513521194
58510.744911344875
53981.237069084396
49096.375644352636
44005.20214325461
38841.138767135315
33729.14397739321
28786.656619032434
24121.62516705342
19827.938254409037
15979.626714868973
12625.643363585214
9786.81639486782
7455.89818390522
5766.367942641185
4448.187440130204
3589.625834484501
3101.6924328584
2975.9122012341213
3195.9867063100205
3759.179106966004
4673.091646161096
5948.944491752685
7688.903974362152
9791.188271938081
11380.468493085924
14033.005293130198
16936.668838224334
19981.466682790688
23030.878222758696
25933.30206965636
28537.130677988807
30706.88655443684
32337.470302362814
33363.895613677894
33764.80544076608
33559.63223149365
32800.45056935456
31560.88013561065
29924.6753063926
27976.502029357423
25795.49305770432
23453.677180721028
21016.186332982415
18543.337224296465
16093.015631439159
13719.395826314147
11474.536138687055
9403.399032455909
7542.337905563533
5915.715141068802
4967.492197284031
3749.176018965833
2765.3771763509126
1995.493062004587
1412.1634809916009
984.8476588889223
682.470235298558
476.2277061120951
340.99586075342216
255.97798791846358
204.81398090966118
175.21740209425903
158.37634342701128
148.27691867557556
141.0541615893905
134.42524632065724
127.22317409773967
119.02742954919772
109.87905672563325
100.23476864994618
90.24849272608408
80.40813313401011
71.03646408576607
62.365487395527985
55.87078300885273
49.83633700730176
46.585036792919915
42.99642624067755
41.13005080691835
41.205488575767774
43.44975166343956
48.064835728976874
55.18262482642697
64.81341789526942
76.79628228526094
90.76066774226659
106.10883196411498
122.02715181184833
192.43106549131846
248.87232047218978
319.39399345685854
415.24325384991806
545.6284862173952
721.3462218634063
953.9410237756761
1254.3180389984414
1630.8534034861118
2120.53942439857
2674.896139752477
3305.0663337457545
3993.80913306028
4473.179650392803
5199.296874036709
5903.445286799185
6547.755966347181
7099.2460099154405
7530.767037445167
7824.428178528724
7972.927554680923
7979.230571594717
7854.775488649466
7616.707508540742
7284.821786322081
6878.88679996969
6416.834833471442
5914.011730437537
5383.368923162497
4836.248778969145
4283.318006644362
3735.252726095718
3202.9360531773423
2697.129822494695
2227.7585958967634
1803.0479854690611
1428.7734985012262
1107.8141721140908
840.100762439848
689.9672603592098
503.9820993290675
359.9231974514099
251.3361180796416
171.6441299796659
114.66609262598664
74.95287474169052
47.951721056727635
30.032179986218164
18.416994959288193
11.059923889306036
6.50432883587476
3.7458034160265123
2.112095819817695
1.165744156221771
0.6296134169326928
0.3326268843381751
0.17181600558991958
0.08673398804677283
0.04276854906352319
0.020590140743236937
0.009673623908460199
0.00443321922005737
0.001980919746603883
0.0008627085720049969
0.00036606488519525443
0.00020370701174797298
8.27110125801409e-05
3.2695217358191285e-05
1.257968200025629e-05
0.14246972520921727
0.2375603205804344
0.38502998750253586
0.6065654778943645
0.9287991474310024
1.3823772717709535
1.9998247907371032
2.8120166087640364
3.8433008533577127
5.105654817179701
6.592635783304821
8.274224178615626
10.093831474800965
11.968655923839773
13.79416068749913
15.452748835564208
16.825840860815482
17.80772230267231
18.318948358122057
18.77824363365298
18.57531093838635
18.267488097342266
17.654859790781206
17.02884038081394
16.608293751164943
16.626862138472973
17.31011856678173
18.8506277539848
21.382694001693903
24.95900462100131
29.5319410319145
34.94279923177948
40.92218709958375
47.10411028646464
53.05456099808201
58.31293154286259
62.441771223314966
65.07801248708638
65.97755767494415
65.04555964799574
62.346932917486356
58.09517666001387
52.62165083822525
46.33102929986786
39.6509002681772
32.983921781563964
26.669599003505976
22.784466549150828
17.57077626984816
13.170571616925502
9.595761829401749
6.795402829052764
4.677477630140469
3.224733662304603
2.1945484193530063
1.5457181733330132
1.2003625470578643
1.102083738900519
1.2151580670947462
1.521054313335113
2.013129068088138
2.6902257310488453
3.549849107885164
4.58162323240496
5.761824818725333
7.0572188304887815
8.39962836079898
9.720418439336669
10.937039861355426
11.965527252049988
12.730177100746475
13.173101938598919
13.26194110104564
13.121982325687698
12.63026596735611
11.843079807434519
10.827560545336357
9.663104863468282
8.431334897776692
7.206860833746998
6.050249676330426
5.004029135407469
4.0918763293142115
3.320531708603899
2.683566555832593
