a = [5.02408829] b = [5.02408829] c = [16.22014972] ,Gaussian ,LMH = [0.49308741] ,DW = [1.04158797]
0.0
0.0
0.0
0.0
0.0
0.0
0.0
0.0
0.0
0.0
0.0
0.0
0.0
0.0
0.0
0.0
0.0
0.0
0.0
0.0
0.0
0.0
0.0
0.0
0.0
0.0
0.0
0.0
0.0
0.0
0.0
0.0
0.0
0.0
0.0
0.0
0.0
0.0
0.0
0.0
0.0
0.0
0.0
0.0
0.0
0.0
0.0
0.0
0.0
0.0
0.0
0.0
0.0
0.0
0.0
0.0
0.0
0.0
0.0
0.0
0.0
0.0
0.0
0.0
0.0
0.0
0.0
0.0
0.0
0.0
0.0
0.0
0.0
0.0
0.0
0.0
0.0
0.0
0.0
0.0
0.0
0.0
0.0
0.0
0.0
0.0
0.0
0.0
0.0
0.0
0.0
0.0
0.0
0.0
0.0
0.0
0.0
0.0
0.0
0.0
0.0
0.0
0.0
0.0
0.0
0.0
0.0
0.0
0.0
0.0
0.0
0.0
0.0
0.0
0.0
0.0
0.0
0.0
0.0
0.0
0.0
0.0
0.0
0.0
0.0
0.0
0.0
0.0
0.0
0.0
0.0
0.0
0.0
0.0
0.0
0.0
0.0
0.0
0.0
0.0
0.0
0.0
0.0
0.0
0.0
0.0
0.0
0.0
0.0
0.0
0.0
0.0
0.0
0.0
0.0
0.0
0.0
0.0
0.0
0.0
0.0
0.0
0.0
0.0
0.0
0.0
0.0
6.648396447377139e-29
8.209027615301018e-29
1.1163193650907286e-28
1.5019194338254567e-28
1.9992460709020271e-28
2.632978432791396e-28
3.4307556598484383e-28
4.422763445193776e-28
5.641038587923848e-28
7.118456998572407e-28
8.887387113001926e-28
1.0978013615926671e-27
1.3416365123559687e-27
1.6222112506696642e-27
1.9406239431975884e-27
2.296872022733961e-27
2.6896368511703407e-27
3.116103910327067e-27
3.57183716968058e-27
4.050725459505853e-27
4.5450158596851684e-27
5.0454444923497604e-27
5.541468877210703e-27
6.021598577396589e-27
6.47381282438248e-27
6.886045895996066e-27
7.246714030510792e-27
7.453237333571666e-27
7.705223164127845e-27
7.881101642878297e-27
7.975355888629242e-27
7.984995052305785e-27
7.909711932681065e-27
7.751899236156361e-27
7.51652327999535e-27
7.544847203412702e-27
1.9395091685630125e-26
2.985566309334683e-26
3.7703391601568574e-26
4.801192218190559e-26
6.137149951140584e-26
7.845094880985812e-26
9.999086056842318e-26
1.2679041249056348e-25
1.5968677249803703e-25
1.9952632920236043e-25
2.4712746370593674e-25
3.032352059608778e-25
3.6846888689041206e-25
4.43264758060819e-25
5.278164352593695e-25
6.220168429457489e-25
6.8996623868884495e-25
7.990320971965224e-25
9.156294263535095e-25
1.0381970016414253e-24
1.164754175620197e-24
1.2929340445615229e-24
1.420042455299837e-24
1.5431420488029084e-24
1.65915849575351e-24
1.7650040664512718e-24
1.8577118951935234e-24
1.934572944982407e-24
1.9932669191769504e-24
2.0319783176905772e-24
2.0494895422867016e-24
2.0452443854475287e-24
2.0193772786475076e-24
1.972706148839601e-24
1.906689407697836e-24
1.8233502245370754e-24
1.7251735644104514e-24
1.6149832950648141e-24
1.495807825054093e-24
1.370743148608581e-24
1.242821838878144e-24
1.1148955241175804e-24
1.0308928692933437e-24
9.08502921082387e-25
7.921576377422899e-25
6.833912132011657e-25
5.833103136633888e-25
4.926090727548862e-25
4.116021562483743e-25
3.4027132963931613e-25
2.7832073017946646e-25
2.2523622002535303e-25
1.8034469917522233e-25
1.4286998778033003e-25
1.1198274419679928e-25
8.68427714341852e-26
6.663289954612957e-26
5.058435491094016e-26
3.799410197940711e-26
2.823505346041342e-26
2.0760294238198948e-26
1.510256982054013e-26
1.0870278096901224e-26
7.741104141083518e-27
5.4542823358031725e-27
3.80228588211285e-27
2.6225535395109035e-27
1.7896841844090853e-27
1.3790295021390285e-27
9.245129290905426e-28
6.132320616326408e-28
4.0244741820820176e-28
2.613159166215017e-28
1.6787846971163238e-28
1.0670789610940524e-28
6.71074173996747e-29
4.175580896255731e-29
2.5706069778061773e-29
1.5657660097842866e-29
9.436054351310986e-30
5.6263454670179294e-30
3.319210070882658e-30
1.9373828969601503e-30
1.1188414698929125e-30
6.392842639047543e-31
3.614030661258563e-31
2.021445346701619e-31
1.118676515503026e-31
6.125187350259038e-32
3.318230604219826e-32
1.778549988903055e-32
9.431872128424342e-33
4.948824361278491e-33
3.2003724326465325e-33
1.649650029297055e-33
8.413087444420438e-34
4.245132629922115e-34
2.119333930036813e-34
1.0468387173516367e-34
5.11602207929252e-35
2.4737583967713806e-35
1.1834621699829744e-35
5.601749646352313e-36
2.623404242514459e-36
1.2155670859799315e-36
5.572689307416263e-37
2.5276847028390715e-37
1.1343658106561024e-37
5.036809243774361e-38
2.2127380898918077e-38
9.617819910508275e-39
4.136141397194635e-39
1.7598927683687503e-39
7.408821234043638e-40
3.085915929481183e-40
1.2717188692221439e-40
5.18525567857991e-41
2.0918052889080942e-41
8.349189965893526e-42
4.499407039122546e-42
1.7642698338101084e-42
6.844578287114207e-43
2.62724350517297e-43
9.97759535385284e-44
3.7490683434135544e-44
1.393775162224148e-44
5.12665342904352e-45
1.8657225233516106e-45
6.717876066521027e-46
2.3932537042877833e-46
8.43562551631181e-47
2.941830349464806e-47
1.7166208499474028e-28
2.3319617480421605e-28
3.134223031067785e-28
4.167732236112579e-28
5.483163003974944e-28
7.137135478894286e-28
9.191325804918232e-28
1.1710995580820701e-27
1.4762873879915539e-27
1.8412359175947124e-27
2.2720056293067538e-27
2.7737722829059347e-27
3.3503767125776144e-27
3.777448507658399e-27
4.4821919421819564e-27
5.261914466458553e-27
6.111651111018034e-27
7.023195541534651e-27
7.984953706772874e-27
8.981967538187652e-27
9.996132309394842e-27
1.100661933778764e-26
1.199050111516141e-26
1.2923559810181585e-26
1.3781243824576983e-26
1.4539722311834585e-26
1.517697588373373e-26
1.5673854541895775e-26
1.6015032203417924e-26
1.6189791536212003e-26
1.6192583054852218e-26
1.6023317789379155e-26
1.568737199457761e-26
1.519530355198731e-26
1.45623009345448e-26
1.380740485372822e-26
1.2952558216771267e-26
1.2021550437432784e-26
1.103892668590707e-26
1.0367183362304369e-26
9.351821447491832e-27
8.346282281062913e-27
7.369726446907444e-27
6.4382984219631935e-27
5.564834772108857e-27
4.7587718230779085e-27
4.02623319403896e-27
3.3702677513421254e-27
2.7912023417137296e-27
2.287071136275852e-27
1.8540842355958464e-27
2.252139651494356e-27
2.2246002427458584e-27
3.2263406799181575e-26
4.350284100197402e-26
7.743987756498385e-26
1.035760402600707e-25
1.3725335705675786e-25
1.8009642050456214e-25
2.3391748925250805e-25
3.006868960296991e-25
3.8248491309601454e-25
4.814330337770415e-25
5.996037502979457e-25
6.900182221781151e-25
8.443390722182612e-25
1.0222681483289932e-24
1.2246232470134102e-24
1.4515393505430534e-24
1.702327621797268e-24
1.975354875885436e-24
2.2679555707409063e-24
2.5763879082772207e-24
2.895844058593658e-24
3.2205217860490657e-24
3.543760967335054e-24
3.8582438800491194e-24
4.1562530605194e-24
4.4299754319580786e-24
4.671836790594668e-24
4.8748471074298e-24
5.03293489272036e-24
5.1412483950992214e-24
5.19640281700476e-24
5.196655978772132e-24
5.141999713284115e-24
5.034160302282634e-24
4.8765079218300186e-24
4.673881723882145e-24
4.4323432190341944e-24
4.253120071121646e-24
3.96254999585851e-24
3.652823782028191e-24
3.331727973320007e-24
3.006749078010756e-24
2.6847983150259782e-24
2.3719906163257196e-24
2.0734858573275396e-24
1.79339514642568e-24
1.5347501865985592e-24
1.2995296181580417e-24
1.0887331381103595e-24
9.024922134354332e-25
7.402053782054104e-25
6.006863298211941e-25
4.823141334090274e-25
3.8317656785578134e-25
3.011997446676551e-25
2.3425935498435296e-25
1.8027103808745323e-25
1.372592536587304e-25
1.034055733765167e-25
7.707843428499373e-26
5.684711457616367e-26
4.1483037852381e-26
2.995154602698253e-26
2.3963781012902982e-26
1.6998669375825745e-26
1.1930565146416112e-26
8.285020481394852e-27
5.692625458006787e-27
3.870063244808244e-27
2.6102577362687222e-27
1.7421553034377783e-27
1.15384780598162e-27
7.606165855248251e-28
5.019851467331938e-28
3.3538727289989696e-28
2.312890009441135e-28
1.694977652401858e-28
1.3641658171288206e-28
1.2303327493515433e-28
1.2346930405914538e-28
1.3394625271975297e-28
1.5205842253583284e-28
1.7626616262385702e-28
2.055462672161342e-28
2.3915314244986388e-28
2.7645791360573636e-28
3.168427696972771e-28
3.5963520258494163e-28
3.8912837239319232e-28
4.341859176226628e-28
4.793865576753494e-28
5.292196875999531e-28
5.73597490788925e-28
6.155403900332421e-28
6.541219207303233e-28
6.885090119346813e-28
7.180084949246551e-28
7.42108488981871e-28
7.605111341348601e-28
7.731536430011205e-28
7.802154115072156e-28
7.8210991948767785e-28
7.794612955543145e-28
7.730666233751484e-28
7.638462246135802e-28
7.527851632505787e-28
7.408699838033507e-28
7.290251496178642e-28
7.18053742439191e-28
7.085867086395497e-28
7.010443119585899e-28
6.95612529699626e-28
6.922359874129198e-28
6.906277632362424e-28
6.903020399255123e-28
7.797431127189963e-28
8.122320895527918e-28
8.53879955746765e-28
9.062162173500296e-28
9.7115872217551e-28
1.0510499494219822e-27
1.1486590920659278e-27
1.2671420300305215e-27
1.4099533409851246e-27
1.5807073539652633e-27
1.7829888372584293e-27
2.020118066573965e-27
2.294879499491739e-27
2.609227764257197e-27
2.963988765025486e-27
3.358576980369393e-27
3.790752052479455e-27
4.256438140176638e-27
4.777451945750389e-27
5.300345758349096e-27
5.8362171953620894e-27
8.47970643118314e-27
1.0579392962413227e-26
1.2371984885126847e-26
1.4509229819521184e-26
1.616156813307767e-26
1.9043672391298028e-26
2.2494487282463085e-26
2.66185516635136e-26
3.152852726984594e-26
3.734145243182303e-26
4.4173630223761016e-26
5.213418668736487e-26
6.131745592566312e-26
7.179448311684488e-26
8.360407309360268e-26
9.674393771917757e-26
1.1116259496520702e-25
1.2675273138769277e-25
9.78079030831699
13.272204566108194
17.81860177170496
23.668220850114295
31.10420033366161
40.44211911471185
52.024774174372276
66.213712635527
83.37716263643799
103.87420671764932
128.0353121516827
146.31903034394932
177.17070741141853
212.24841719632738
251.5697611715863
295.008039107142
342.2714702995913
392.88820075021357
446.19911875376573
501.3602132060806
557.355717679093
613.0226078272041
667.0862023200845
718.2057221316059
765.0277700306694
806.2448905270526
840.6557480917004
867.2230940421516
885.1256339268449
893.8001814863112
892.9710817085547
882.6647585867437
863.2083165041496
835.2122985197923
799.5388694067941
757.2577364283372
709.5929505531517
675.4751266158487
621.7903750244459
566.291528804866
510.26710410192794
454.9006039644429
401.2332281194826
350.1375645525523
302.3026522486137
258.2299698484927
218.23920341596835
182.4821239820084
150.96258465827194
123.56052777664911
100.05795505374145
80.16502399498049
63.54474881068678
49.83515850148902
38.66815552328222
29.68468916038228
22.546181083119208
16.942399265439505
12.59616293344059
9.265376324323055
6.742939969988596
4.855086361077727
3.4586455894007475
2.7424274674479907
1.9191694097948724
1.328779475968048
0.9102358711979445
0.6169023401219319
0.4136569496147228
0.27442626109450885
0.18012435903207932
0.1169716629966529
0.07515369129155933
45.26997991054453
61.601130148374935
82.95855477056138
1942.3856926169615
2639.2369931127614
4522.033971550322
6044.525080460509
7994.781041431176
10463.251595021276
13550.090558169773
17363.32618876353
22016.010847844394
27622.254179858934
34292.10925704008
42125.367461037786
51204.42192395555
57978.76203128337
69245.16921648374
81832.14080185373
95691.22476932385
110722.01250903266
126767.92579778336
143614.48993010173
160990.5978550857
178573.11165679843
195994.935531796
212856.4423477287
228739.86391295216
243225.9878320087
255912.26799593124
266431.27726013865
274468.33160925325
279777.1101125907
282192.1901152255
281637.6079188441
278130.82691118243
271781.82397407683
262787.3608691317
251420.8569280545
238018.59023463205
222963.1984470276
212210.18944001736
195318.35391942473
177882.22984095858
160300.4507600577
142938.6160199555
126117.98759765114
110107.55018703532
95119.54224954602
81308.31488762639
68772.16505461256
57557.63333073912
47665.66084521262
39058.964744030556
31670.010944160276
25409.026528829512
20171.589226677224
15845.444385387691
12316.317856690424
9472.60535093523
7208.916877537495
5428.533630228658
4044.891765729127
2982.243127266994
2175.659170194774
1570.5445123107404
1121.8146403286482
891.1533237598899
625.4253388707331
434.31983386483853
298.43851498914444
202.91350765210657
136.51418553597574
90.87725309532463
59.860870409558814
39.015854761602164
25.162240859078562
16.057111270070127
10.139002861488743
6.3347956412001265
3.9163302633922874
2.395714922586074
1.4501064517056395
0.8685070127376893
0.5147012774745601
0.3018181843051974
0.17512314910737273
0.10054245115496191
0.05711667033385505
0.03210580320323085
0.01785711010775935
0.00982755590658829
0.00535163274819203
0.003547818289200953
0.0018982157509232092
0.0010049291525987296
0.0005264179483810303
0.00027285442403804215
0.00013993813194660294
7.101426440544893e-05
3.565818586148671e-05
1.7716450069608936e-05
8.709588710238742e-06
4.2366417378418e-06
2.0391475398254805e-06
9.711314873408163e-07
4.576248031223836e-07
2.1337466936871678e-07
9.844135970567055e-08
4.493796782949848e-08
2.0297847267308816e-08
9.071662779696718e-09
4.011657237394687e-09
1.7553364812373829e-09
7.599695815699509e-10
3.2555992627128756e-10
1.37995270608323e-10
5.7875614978700416e-11
3.223738436051281e-11
1.3283748275285802e-11
5.415999650246351e-12
2.1849091794436176e-12
8.721366588605241e-13
3.4445437382173687e-13
1.3460912249472793e-13
5.204901646136591e-14
1.991340026170875e-14
7.538289245804513e-15
2.823542092715502e-15
1.0464282294021553e-15
3.837231103846066e-16
1.3922570041890553e-16
4.998197726189017e-17
1.775414015600088e-17
6.239900763225682e-18
2.169937493002628e-18
7.466344940283876e-19
98.08283024938939
133.20922663790506
178.9934178416292
237.9585155387614
312.9874164914152
407.2995589367845
524.3997047200719
616.9516419163132
780.3127144250074
976.4447586663482
1208.8936878477411
1480.778082065435
1794.5405708914311
2151.681675384358
2552.4908703451147
2995.7930556532465
3478.73108750173
3996.6060638919494
4542.796305220797
5108.773176991513
5684.227014385763
6257.309602506611
6814.991357820704
7343.522186261761
7828.975777064505
8257.848740239742
8617.679417133471
8897.647181370483
9089.112177034858
9186.057985191193
9185.405588996484
9087.175781329037
8894.488064197809
8716.43030200377
8381.075437284777
7973.009357587907
7504.231687398724
6987.979633477496
6438.111045936459
5868.494907779169
5292.446019548434
4722.234810695847
4168.69532994241
3640.94542626056
3146.223852064663
2689.84035675412
2275.227495339761
1904.0773449824144
1576.5428539191987
1291.4821591130838
1046.7247133092462
839.3401171629291
665.893722152626
522.6768872470034
405.90379123793065
311.8705424442413
237.07569901743366
178.30403036678126
132.67732796059846
108.3037367017276
79.16770543984744
57.25509119166016
40.967701634357205
29.002172094879803
20.313318910909597
14.076435172434454
9.650857842769515
6.546370613530028
4.3933590222369965
2.9171196147265657
1.91634287431072
1.2455283899186773
0.8009316986090401
0.5095640367532736
0.32074765719839
0.19975131753385875
0.12307709822758044
0.07502850284773373
0.04525189269909537
0.027002790879259355
0.015941970226120244
0.009311867130837353
0.005381371613012817
0.003076880522909008
0.00210706897370661
0.001183492368244574
0.0006576784435661426
0.0003615956433644002
0.00019669540177636713
0.00010585872566861991
5.636643294422713e-05
1.5988418009164365
2.1793797952044347
2.9391710377256546
3.9217455408477706
5.177210811070485
497.9404884161396
675.8649499096381
907.6482919313206
1206.0069185085931
21927.802418332896
29662.67709190766
48646.80778365322
64791.004069442715
85395.42199695867
111381.4858263991
143763.63793247574
183629.2594226142
232108.3190907952
290331.92708674964
335098.3868212483
411908.1664953449
501051.1417693328
603138.0969173415
718462.3715120524
846921.987745984
987948.9377612846
1140451.7962702068
1302777.9063010707
1472700.9222629915
1647438.4377363338
1823702.7867405233
1997785.9640795891
2165677.106521354
2323208.313904489
2466222.010691521
2590750.8135418333
2693199.226244933
2770515.6341761835
2820343.150632997
2841138.9209430516
2832253.4606016804
2793964.335979083
2727461.7515049935
2634787.0883016586
2518728.8231481826
2430022.7684900654
2282765.1669590683
2122076.875014452
1952135.4573507744
1777083.0472384219
1600863.8791909409
1427085.3866799108
1258909.0056195015
1098974.1996257561
949356.5811245306
811558.5772133325
686529.0684666611
574706.9392264977
476082.5788773411
390271.060102009
316590.9320251696
254143.2027340876
201886.02240177884
158701.68364243905
123453.70608280857
95032.86271294914
72391.95768361067
54569.92893565465
40706.40230313212
30048.168480782864
24400.085022631363
17699.288042615106
12704.725167245919
9024.421771890444
6343.33603477007
4412.247313894057
3037.003704479699
2068.586430170458
1394.262049632532
943.027526206237
631.5622607926658
424.7912612163645
290.9120531783832
207.5989982923921
159.4424601856704
136.00560140052087
130.3723618327844
138.07692419053043
156.32302112090386
183.41902059592883
218.37076816171145
260.58811484992094
309.67273041536765
365.26423826228785
426.9290872630094
494.0821327357011
541.5198241646652
615.9537059238934
693.2537016108289
772.0076498868341
850.5974126102682
927.2430799462312
1000.0629410191895
1067.1460093943595
1126.6329400368154
1176.8003786945553
1224.3130574228912
1254.575826451181
1272.8538421079168
1278.9089373269003
1538.7079064793531
1661.9527687755537
1777.4257255649131
2091.0455542688414
2345.251782575876
2676.2176710141794
3102.7684768704744
3645.360029777003
4325.586111207705
5165.50529834597
6186.779897739228
7409.631581658699
8345.680069379392
9941.636223017307
11776.49068784632
13854.081194413882
16170.583414283941
18713.336816314648
21459.944925696673
24377.756433518076
27423.822752874225
30545.40640350363
33681.083483642564
36762.44408862179
39716.3496447154
42467.65949260683
44942.29505464307
47070.47310360622
48789.91421562263
50048.821755210294
50808.43269142373
51044.9645151661
50750.8210772553
49934.97116900115
48622.47261811549
46853.17617648528
44679.70184682594
43036.84943484409
40332.91838581998
37406.51804226128
34332.32555245088
31183.678060490885
28029.769702260062
24933.296541068645
21948.64747746998
19120.692338859357
16484.172235874485
14063.655821080905
11873.991372656887
9921.16061404408
8203.426652234242
6712.665049391034
5435.772595769659
4356.060937497426
3454.5595901832885
2711.172735608715
2105.6544349237565
1618.3857446085694
1230.9534103979095
926.542565529824
690.1648773975181
508.7489790672797
371.1221992814831
299.0002245862893
214.34898914030038
152.06612518572913
106.75887509075054
74.1711976320919
50.99477521096757
34.695601779001414
23.36042589573682
15.564812221284084
10.262732128079023
6.696335958479195
4.323801396781768
2.762788294062008
1.7469558285954467
1.0931197619897044
0.6768681958573503
0.41475346873866975
0.2514921867508047
0.15090599600544957
0.0896055651778902
53.64858941875243
90.09873669355508
122.00434942716488
163.4718987271281
216.71750985736284
2670.592571468407
3275.9586597479256
4412.155635248217
6714.6714747683545
9263.571759196913
12164.65330881746
15810.102702608878
20336.73855167668
25890.334941742047
32621.354365967756
40679.21675240627
50205.10522646676
61323.42784261736
74132.19282857286
88692.70361006136
105019.12625365429
123068.6105026133
142732.73941844792
163831.12530890567
186107.94715693817
209232.1278866615
232801.67587884792
256352.4696028034
279371.46111859434
301313.9357398817
321624.1201165402
339758.1121044708
350385.3528798498
363791.72666349396
373809.82002145366
380136.31833894865
382576.75338468666
381055.42968216183
375619.32109640056
366435.6580054154
353783.3782455132
338039.05188569956
319658.27094710624
299153.7868072799
277071.85641678737
253968.31197638344
230385.79871449267
206833.44538801032
183769.96562394296
161590.86551294703
140620.08723073272
121106.08233317078
103222.00996967532
87069.51605687656
72685.3826831321
60050.24730248823
49098.57531359677
42683.87443974985
34300.00874252973
27277.82663404395
21468.90550137533
16722.225615955656
12890.26000126049
9833.58893976667
7424.111850012891
5547.001897305946
4101.594317965297
3001.420600842853
2173.601528865534
1557.7975845770052
1104.8904340271777
775.5387877159204
538.7198132678767
370.33643758633565
251.9433686687848
169.6216548566281
113.01351658565171
74.51591362872455
48.62235731138292
31.397139912203922
20.063652441091975
12.688037083404021
7.940394849871593
5.775897021106808
3.5522441018663384
2.1619505300172954
1.30210766856647
0.7760770169192917
0.4577391941328378
0.267168523262104
0.15431386044563636
0.08820141951366037
0.04988795858021508
0.027923119226573558
0.01546602409769659
0.008476928091110341
0.004597713324420489
0.002467671577500114
0.0013106098202725813
0.0006888086230251825
0.0003582294984818574
0.00018435726014949657
9.388447883427168e-05
4.731082705844741e-05
2.3591687452858733e-05
1.1640931835204004e-05
11.864929946379878
16.123891320966994
21.678841428710456
26.252454340328732
34.67410162834754
45.31082454840473
58.58145459331578
74.934148003382
94.83329333824507
118.74171801050585
147.09816659430138
180.2904105027401
218.6248032020382
262.293586620116
311.34173989118284
365.6355886857643
424.83570481643005
488.37676559284625
555.4569631803374
625.039224909619
695.8659180593468
766.4878869460773
898.4475378891667
987.1682909151601
1078.0886861193146
1171.4065623221927
1267.7481892470057
1368.2390400028276
4363.7396437258
5539.540430959006
7054.641037201643
10011.506439150113
13287.907923814693
17024.034491235037
21701.102772743583
27490.87693624824
34575.29217136042
43140.78826115059
53370.8463185194
65436.76365148805
79486.85105928771
95634.40759463469
113945.00785992094
134423.81012554312
157003.74089873148
181535.51270464447
207780.46742405437
235407.19177068316
263992.7147313238
293028.86776024074
321934.0758347631
350070.4701055486
376765.79928934114
401339.2029708484
416214.4367718142
435805.0823569288
451633.7207722972
463231.7314942841
470248.4486843606
472468.7212903034
469823.8234753059
462394.9434863217
450409.0038176685
434227.11272902123
414326.46679916297
391276.969291077
365714.16098014533
338310.2524108471
309745.0878007042
280678.7649962221
251727.40126554755
223443.2009840542
196299.5855734988
170681.72842197717
146882.43634558172
125102.96733457925
105458.09634714239
87984.55128603375
72651.84429151702
59374.51407311418
51603.132826421286
41452.44675001838
32956.09681290145
25931.766622199946
20194.74349578757
15565.159671448384
11873.44793114487
8964.108829927289
6697.971292662324
4953.180635647395
3625.1713554601733
2625.8813826816145
1882.445883933809
1335.5781597522887
937.8082583539604
651.7112239884142
448.2199334222884
305.0846207324088
205.5137875434978
137.009720776595
90.39612178568504
59.0247837805507
38.1419904637242
24.392412933627796
15.437846734240372
9.66935042364245
7.037604116736245
4.332069260545741
2.638999355176425
1.590942553811323
0.9491590827066888
0.5603905155232182
0.3274219261396877
0.18931625572603422
0.1083251169955303
0.061337982633693854
0.03437057690597139
0.01905895670289608
0.010458378529289212
0.005679112789676729
0.0030517258773751907
0.0016227717307172745
0.0008539142226025283
0.0004446455925897027
0.00022911563002990892
0.00011682465131279819
5.89456026317706e-05
2.9430903052822595e-05
1.454082878998408e-05
7.1089636768108485e-06
3.43916634605616e-06
3.5506918054563474
4.85920655800039
6.579293938796115
8.813627523533002
11.681309886655889
15.317568761841834
19.872365658687904
25.507666939023256
32.39316192358597
94.91031443486686
124.4081057974948
161.66434286698865
208.2542043561555
265.9304046893232
336.60062474600073
2797.9024511688367
3749.944495047373
4978.260115981885
7293.28032983704
9867.949679866473
12809.377178314633
16466.33067013137
20960.63729265133
26419.55178764281
32971.38847278088
40739.91224154212
46651.08015423514
56688.13915379014
68194.94694966021
81213.75311583064
95744.49593904008
111736.67716086573
129082.52696119598
147612.1446400091
167091.26676193552
187222.21798278886
207648.4397901262
227962.77518435294
247719.42620465526
266449.2159301097
283677.5018660692
298943.83076534694
311822.22292235564
321940.8503307029
328999.84486402734
332786.04801943246
333183.69064358185
330180.2567871024
323867.11824744777
314434.89604976086
302163.8785797119
287410.1694344173
276398.06687321776
258448.45894261482
239199.55258093413
219126.10987616275
198689.5839620575
178321.24965638766
158408.28824456088
139283.3581606595
121217.8967513799
104419.12225144595
89030.46211107257
75145.52719967201
62775.418590179885
51918.24976892395
42501.95687233254
34446.09956240624
27642.495409354895
21969.780047720684
17300.47890676624
13506.92656626065
10465.945359411306
8062.291214698802
6190.950205500735
4758.422397794175
3683.161190917367
3129.8602493301078
2500.3745224568834
2065.960932474152
1783.799098124815
1618.9958366781996
1543.3208313753175
1534.0155987438573
1572.7250079579471
1644.5799556102077
1737.4427597536626
1841.313458132636
1947.885265462673
2050.2306067777704
2142.594984780113
2220.2740447854453
2279.549184336736
2317.6585620461155
2332.7830637999755
2324.030370025449
2291.4044248555124
2235.7520263537176
2158.6826307833253
2062.4615047000284
1949.8798127216494
1824.107896555323
1688.5397534483736
1594.4300591493948
1450.1952069664858
1305.1562074898718
1162.2862048305105
1024.1838303335232
893.01089490866
770.4588157432805
657.7423006652531
555.6171530903471
464.41784712310294
384.10980590971286
314.3510909232797
254.55842269470105
203.9730176236016
161.72253445904713
126.87636631144791
98.49248556713816
75.65496257466181
57.50206975946602
43.24551082995711
32.181763438502486
23.696796625447462
17.265540375803013
12.447472205070792
8.879577985032329
6.267774501231428
4.9398129452734
3.4259471461979762
2.351039160368207
1.596422322081184
1.072615604794861
0.7130967866975119
0.4690947241446566
0.3053373711515298
0.19665561792167247
0.1253254767182537
0.07902756662424824
0.04930871770389296
0.030442076636851563
0.01859644437660986
0.011240619110277553
0.0067228716711297135
0.003978535851518572
0.0023296741655850863
0.0013498021902348264
0.0007738337916906887
0.00043896252606127586
0.0002463819961822541
0.00013683330930241863
7.519268568373612e-05
4.088460765074863e-05
2.7076580504230077e-05
1.4464758950456743e-05
19.199141347638534
26.166171575548614
35.282558111008825
47.06969753522831
62.12754542100656
81.13129784826191
721.3163100934553
1072.1857043456084
1439.4406561435342
1912.8835680351435
2775.3110103493977
3741.7524839603025
4853.244582092244
6231.956482285818
7922.19878880296
9969.894907294401
12420.921614088866
15319.012413038557
18703.253322507546
22605.24044872293
27046.01190921936
32032.909841913217
37556.56702712767
43588.242251502874
47867.73245894241
54623.37927043984
61702.60226583268
68994.79686350608
76368.8294725804
83676.22623276623
90755.64139590757
97438.45669455809
103555.26458559358
108942.90131862911
113451.62956657955
116952.03267205959
119341.17881076962
120547.64578225292
120535.06434399566
119303.93503995401
116891.59220501888
113370.31878092453
108843.74507375872
103441.78200411971
97314.43447029123
90624.90531479109
83542.43041980665
76235.27961402225
68864.3188465555
61577.46204193545
56831.56700123461
49964.94340072425
43484.00854410389
37461.19037768594
31946.308562753275
26967.831548070382
22534.949139502773
18640.22572053976
15262.597176382063
12370.490213535635
9924.87203615332
7882.076559916665
6196.295826630956
4821.667798879593
3713.930826346084
2831.648323315967
2137.033142257528
1596.4192831874502
1180.4392472106608
863.9694160346993
625.9045738262816
513.5922699916713
406.46933800466536
393.00586156637866
382.13105626740645
407.1447178744895
442.78550345315773
524.4112991753985
3221.2328307683324
4296.598409055805
7723.012120000544
10240.781454508158
14650.118527170196
19130.137959072068
25453.75129916188
32954.209526665305
41880.59749156955
52702.00578113621
65666.65949820621
81013.88992070065
98961.29384495984
119690.02257878665
143328.7354291983
169936.97739321153
199488.94844235628
231858.79826124987
266808.68101516226
303980.8174523794
342894.71954908123
382950.5274539232
423439.09185267205
450279.2609517025
489673.2284299316
527225.1405761946
562019.2313539354
593159.7951266627
619809.1666537215
641227.0887372203
656797.4662575228
666067.8851242441
668765.1292993254
664810.0427400222
654321.3640583954
637609.783664761
615162.6404503938
587620.3112446441
555745.8894451571
520390.15406278137
482454.06623578566
442851.0837029686
402471.45946265396
362150.4101757629
322641.6374760942
284597.20477603696
248554.26063910604
214928.60310041404
184014.6372396316
165004.48730493124
138954.0478854727
115862.93230271524
95658.52578356065
78202.2733083364
63306.13397015428
50748.326118500896
40292.1011436837
31681.999774073927
24676.34630751758
19041.415619711977
14560.37013954943
11036.960709968875
8297.473135085893
6191.232696651544
4589.990647181761
3386.50349430563
2492.58494084329
1836.8685090260767
1362.4721732924997
1024.709585523132
788.9492164048035
628.6851978540545
523.8529535200363
459.399067160944
424.0978289590634
412.5401288150998
408.3351816147112
415.4239306286798
429.8914210748804
448.7098970666232
469.4905114941079
490.3145487267974
509.6245252505796
526.1585543170737
538.9142124100035
547.1307639633498
550.2809719000488
548.0658546831289
540.4076605758294
527.4380258332037
509.4797644268937
487.0219918821212
460.68929884401774
431.20644586151684
399.36054137844417
365.96289385621634
331.81271496614914
297.6646276472359
264.2015472135695
232.01401102128486
211.5081471077826
182.4675090367443
155.74340510346107
131.52199580772117
109.88816341595373
90.83780685823824
74.29252510417508
60.11543855621505
48.127033322284085
38.12011032359466
29.873152306138124
23.161660973876813
17.76724181468525
13.484409521796447
10.125242147321572
7.522123073354283
5.528877392712997
4.020638002696672
2.8927737205090165
2.0591852548263416
1.4502331711980847
1.0105125282089018
0.6966377722823374
0.4751533334835161
0.3206431641022656
0.2140777994584406
0.1625652633399585
0.10662191158802432
0.06918733712653403
0.04441894149831313
0.028214426817610445
0.017731100683480484
0.011024568412757957
0.006781861783722822
0.004127600997822946
0.0024854665321439066
0.0014807425857874868
0.0008727958052964802
0.0005089875626069908
0.00029367239592144437
0.0001676411065705952
9.468023944229171e-05
5.290535251569452e-05
2.9248346132993255e-05
1.5997954269204796e-05
8.657430714549374e-06
4.63526997754545e-06
2.455401293659586e-06
1.2868601800303173e-06
6.672701246811887e-07
3.423209158692612e-07
1.7375072530084804e-07
1.099035633197349e-07
5.4799175540758366e-08
2.7033215831113883e-08
1.3194193083850611e-08
6.371319659764824e-09
3.043949133186042e-09
1.4388211820278747e-09
6.728801100747529e-10
3.1133646888676847e-10
1.4252259985967774e-10
6.455039628834307e-11
2.892514374141481e-11
2.6163874491711314
3.562391510198312
4.7989107530754955
6.395951113861646
8.433911396985522
11.340790586305852
14.663785111245964
18.760874574632414
23.75016578953156
29.75015548524933
36.87427079716395
45.224310433331496
54.88297137217614
65.90576465028215
74.02375058943706
87.34353126334899
101.98097796296109
117.82566075546339
134.708983901417
152.40283474364935
170.62134075887926
189.02605064570378
207.23463320958754
224.83292949813656
241.38992020808112
256.4749069221239
269.67597879466524
280.6186708996829
288.9836369722012
294.52217076619456
297.0685204607151
296.54814301522515
292.9813237942653
286.48191657892
277.25131007804976
265.5680668341067
251.77397799515543
236.25750666896806
219.43573500651303
207.70719301898828
189.65654110021234
171.4157739624543
153.358540804022
135.81476778105107
119.06264521282085
103.32400712693426
88.76296661143702
75.48747022981338
63.553285885317415
52.969846770158426
43.70733900244778
35.70443659562902
28.876145012646752
31.875696892166157
30.296825641858668
31.718836396084193
34.39521233554866
39.36725795610102
46.89103617586004
57.270911259526216
70.85329628436932
431.69088464633205
628.4385134002671
834.9974572777859
1099.3736198567656
1313.7318763643714
1836.866531998581
2424.709016266764
3100.9605085211347
3927.7048579801976
4926.825959212412
6120.195954090703
7528.697689129202
9171.057731569485
11062.521243615787
13213.419700720855
15627.702171519704
18301.5187089674
21223.035501455543
24367.514580863808
27702.110750452117
31183.46476823722
34754.888317306606
38352.88828702268
41927.06794576426
45364.3219349774
48600.24742215465
51555.02449526256
54152.40738351847
56323.06110946443
58007.7254088463
58837.32801855406
59616.291074715016
60930.30532309228
60952.3376289069
60530.18411333776
59722.95733255794
58608.82687668663
57833.50850877689
56601.04872085611
55441.53554013096
54493.08257210625
53888.22096325969
53761.439667069775
54235.58812070691
55418.22006077485
57396.30973126154
60231.41420220596
63955.48906629682
68567.5664146884
74031.49899871708
80274.95921634503
87189.85252240479
94634.25945814977
102435.95776776252
110397.49724939317
115687.78473264612
123429.57449202157
130734.5660469175
137376.7351734769
143142.99697150415
147842.15749723546
151313.08541588768
153431.62718484786
154115.85119118955
153329.30252521334
151082.07369948
147429.63763391573
142469.5356611094
136336.15251643522
129193.93031143575
121229.46436797241
112642.97854190577
103639.69297293047
94421.57360955345
85179.89454336716
76088.9582928727
67301.21489971476
58943.90818979675
51117.26680740751
43894.157509571305
37321.0356612089
33311.877859204906
27860.32450565823
23071.346956305926
18917.15483950781
15357.864029629782
12345.073398414523
9825.16414670793
7742.199601538415
6040.351046127439
4665.818735990963
3568.254175519159
2701.718504229801
2025.2319909336866
1502.9815132984886
1104.2574853080275
803.1903506292442
578.3510234337269
412.27105737663953
290.92823881039016
203.23287728902014
140.54017297827886
96.20526353656392
65.19022289910342
43.72651837340183
29.032185864311668
19.08010144972292
14.341072936728901
9.265718379847574
5.925519974973931
3.750748505411246
2.349891872908648
1.4571718885748777
0.8943373105386658
0.5432683996932219
0.3266217677737788
0.19435183188891406
0.11445649043410196
0.066710795825549
0.03848146196394828
0.021968620358847
0.012412121480499264
0.006940291265433022
0.003840559111975354
0.002103260748434341
0.0011399103855057595
0.0006113986170711592
0.00032452768417004323
0.00017047088017491924
8.861711218986574e-05
4.558814125943817e-05
2.3208721843911432e-05
1.1692676327672031e-05
7.3603979128575776e-06
3.6441787655743253e-06
1.7854914284353022e-06
8.657141487786971e-07
4.1538327072990953e-07
1.9723340559059557e-07
9.267622336539875e-08
4.309353353500149e-08
1.9829487759996187e-08
9.029554423020928e-09
4.068895528414552e-09
1.8144384657985038e-09
11.171280810865962
15.259767551552548
20.623116911849248
27.575419347271282
36.47971053926088
47.74655894598744
63.40431348842629
81.36751539506174
103.32165367428986
654.520263592743
874.2286710060881
1156.681918601868
1515.8627878971993
1805.681175965705
2487.6130430943585
3317.3055740489795
4236.314568318047
5348.950248640535
6690.161024835979
8288.506608487862
10171.223648465106
12402.074199071287
14936.351431327264
17817.12492177103
21050.716111148893
24633.5488991961
28550.523851168316
32773.713041992814
37261.51009857189
41958.35816379927
46795.154714560864
51690.39692649358
56552.08634381865
61280.35994412497
65770.76026087874
69918.00469361356
73620.068376351
76782.36057772308
79321.75535056285
80634.32405173309
81993.26460600243
82589.38536664157
82407.55245018806
81454.60225382181
79758.92946890144
77369.07605133016
74351.41923344923
70787.11226892061
66768.47413194411
62395.05086649369
57769.5803109488
52994.08376357169
48167.54947769927
43378.23780383146
38707.56393759234
34224.36035670711
29984.701405156233
26031.48734525445
22394.646807899528
19091.86703297518
16129.742053338323
13505.219849388799
11211.594635730085
9224.348015286694
7524.699641018314
6539.111552521687
5262.350865955058
4203.407449562959
3335.392999090403
2632.4602735968174
2070.9043103589993
1778.9506240229878
1512.344080027635
1330.8546826534305
1240.0951439077216
1232.8367294176546
1304.6669400291944
1526.0281343235022
1808.6320471212673
2159.854981624194
2607.276010170429
3157.8980747133155
3819.1698769977256
4598.279500874008
5501.391265678888
6532.847714856864
7694.367338511875
8984.27690860048
10396.82406259071
11926.99362446279
12999.709488604025
14677.092429374854
16414.88492986871
18190.29038289289
19960.92170585055
21695.026988244
23354.485365205026
24900.419043668462
26492.05942269568
27770.03944073446
28850.463243313854
29711.984525363707
30576.52617163935
31051.17814640766
31423.519925228386
31534.284125645972
31491.153475341613
31331.835634158982
31229.504171434804
31023.19101680349
30862.035104824678
30802.339081245227
30898.41967768643
31199.84470046899
31748.762328478377
32577.4570133273
33310.67135153412
34649.519977105236
36293.297797953834
38224.52454371393
40410.86333201943
42805.87149921955
45350.4402805293
47974.8766590104
50601.54471022892
53668.11351549712
56313.08726000436
58721.897878055024
60888.05240622784
62761.83142132053
64307.3525285103
65809.65262009818
66766.03745325215
67419.25464069667
67807.98826054379
67986.59523182157
68022.24447872043
67991.17833745827
67974.28213388643
68052.19905277812
68300.26608217071
68783.56975551622
69262.0350332881
70240.16528671965
71545.62796042679
73172.3774362209
75092.455226893
77254.49545922058
79586.10355138774
81997.02720683941
84383.4265143248
86632.99955413611
88630.66131136261
90264.43519857616
91431.2014621061
92041.95673589778
92026.27351836764
91335.70481251516
89945.95313201286
87857.70857773453
85096.15081877461
81709.19735937721
77764.65861537933
73346.5232630038
68550.64080565941
63480.089963727616
58240.52098176362
54705.036829011304
49411.73208240942
44211.689901232676
39186.309412072806
34404.127851241625
29919.659542376314
25773.026758753105
21990.301260344717
18584.441895928783
15556.692830089069
12898.298533488025
10592.394479703391
8615.944574940346
6941.615288125523
5539.499652163475
4378.6292644436835
3428.236918292579
2658.754784565551
2042.551892788167
1554.429324959411
1172.0718153908251
875.5326015733156
649.0278709823409
476.69578851845495
347.4368400637309
251.60159467731225
202.3775726073269
145.80447201298446
105.40140900882538
77.12341785761328
57.88368515081885
45.358172782070994
37.819289729675454
33.99727793056892
32.96688858946441
34.056360848690275
36.775546767540185
40.760134425856684
45.729199392934326
51.45367793310689
57.733737956931485
64.38338054551289
71.22090834491922
78.06413472950041
84.72937877008097
91.03340390541182
96.79752675443856
101.85316362270208
106.04811326925675
109.25291099128661
111.36664318202635
112.32169072898854
112.29776793900997
111.27137668086887
109.08771447300684
105.8150170528288
101.55403970769589
96.43286587501674
90.60049375798347
84.21964205009144
77.4592537916448
70.48717364768277
63.46343134456757
56.53448916380103
50.16186168817554
43.9094511629081
38.11028383784468
32.834833576151574
28.132572486806914
24.033746564299197
20.551789257647155
17.68608688251632
15.424822234155522
13.747656094506358
12.628055457668095
12.035136531756526
11.93495417808692
12.291232078444564
12.76347425335789
13.794101792563461
15.173505475592862
16.856085897451393
18.792531218532808
20.929392734991886
23.208946080562814
25.56944671713353
27.94584751210935
30.27099863156144
32.477299711688964
34.49872569116278
36.27310520456921
37.7444980893928
38.86549959109908
39.599295339386025
39.9213037401418
39.8202701243617
39.298717319473894
38.37270645289198
37.07091504178871
35.43309164987636
33.50799265747332
31.35094277349755
29.02118377187429
27.40195093819797
24.918155221630453
22.418780902160385
19.95582583547192
17.574742154680656
15.313332923216533
13.201156123321528
11.25941105041962
9.501251968268564
7.93245184434469
6.552325995266676
5.354821391844735
4.329681220494149
3.4636044763696527
2.7413349306067483
2.146630742196536
1.6630833898008703
1.2747709084691248
0.9667444736754592
0.7253584734166436
0.538462068927448
0.39547494892770063
0.2873718858121002
0.2066003312316961
5.185592600495864
6.996715546140669
8.526201735308055
11.405701217650444
15.129528598167322
19.87901025495045
25.857455840161077
33.2967280745162
42.415730687053816
53.4625697619991
66.67345946987766
327.60652038554724
433.8517650004311
569.6178898737369
741.3575112203206
956.3615320424021
1222.6887954769854
1631.5903021556746
2090.467775501159
2615.7583080248473
3243.6318093465165
3987.9273304142216
4855.927124392894
5858.5160578957275
7002.753314076362
8292.660062152352
9728.450272687516
11305.816140966288
12431.613207403847
14221.237578205993
16114.797297852801
18087.668538380607
20201.89574523117
22284.162487917853
24343.262645522005
26349.14597124633
28261.324226321416
30039.808180422006
31646.775614901166
33107.294541927935
34295.67542070304
35234.186819749346
35909.84947812009
36318.05237979264
36462.68244487427
36355.79274538672
36016.82597524946
35471.44174178477
34750.02462236628
33885.97242936414
32913.878861095705
31867.732236541586
30779.236942545453
30044.058658258848
28944.832210359684
27866.77033245109
26823.51856363384
25822.808003208822
24866.77495213865
23952.618450884856
23073.526337368603
22219.785599926978
21379.98535622678
20542.220889244494
19695.21429658493
18829.280370853696
17937.08380557084
17014.153929880853
16059.144053191681
15073.84238198274
14062.958838764249
13033.725815251093
11995.360208893253
10958.438757743052
9934.413658803338
8934.330844748405
7969.119667290193
7048.545958784028
6180.946501658287
5635.329270006204
4869.855337841665
4170.917899545324
3540.7877490623664
2978.4401088903423
2482.741743500756
2050.8392550036965
1678.8598528430298
1362.1856940654811
1095.7184578427484
874.1212867496612
692.0290271334001
544.2214035529513
425.75710790564784
332.06959320771455
259.02753560720794
202.9644385787268
160.68273196561537
129.438040694954
106.90916603526176
91.15885090826642
80.58970430869468
73.89884260483788
70.03395533584272
68.15268852214255
67.58650782646555
67.67493596607684
68.19060453035883
72.4398324540056
74.31440050712634
76.29944306935313
78.35861217371666
80.51850932949141
82.86058750034479
85.51313309128076
88.64267831816227
92.44436391394873
97.13096611482166
102.92051180524004
269.7024811341511
335.40506753173895
420.05060476419726
527.820136762028
663.4085352181006
831.9748019916668
1086.5888409862773
1374.5013480275272
1705.9577432258147
2102.1463043986832
2570.2593281391287
3116.907062145341
3747.704026873127
4217.115344942723
4996.483960133905
5866.595890959167
6825.456483245573
7867.994211133485
8985.766470984736
10166.79336839986
11395.548915801763
12653.131769351952
13917.62755869149
15164.662600886213
16368.135232654591
17501.097254478547
18536.745283861346
19449.471377774036
20215.91517470743
20815.956822285298
21233.591526603617
21457.632688515267
21482.20084992236
21306.969236300956
20937.152418681806
20383.241208488274
19660.50296922199
18788.28079336377
18134.790387236713
17065.679075746975
15914.877967444385
14703.379920770676
13459.94671503432
12209.409148299246
10974.608163124403
9776.966082964285
8631.831747940132
7554.060032552502
6554.317967090481
5639.986438177229
4855.105348869295
4273.828673945777
3718.7304216108428
3260.1710331733393
2912.697733244799
2676.857714814233
2553.174742602472
2561.8087601632346
2730.2614911937153
3002.8449404543976
3387.4121386715997
3905.2419528509495
4560.824879988794
5358.119563662191
5969.830050302391
7008.652353257651
8192.182989572666
9516.679978010556
10974.684724355337
12554.467635074663
14239.63596796963
16008.952079329127
17836.400806617596
19691.531285180572
21540.08170135043
23344.87641578427
25066.964980056826
26666.953469948698
28106.46198417831
29349.62969788104
30364.581802513105
31124.771837397555
31610.118589631747
31807.868570376577
31713.132150271475
31329.062352925685
30666.66832189467
29744.27869377574
28586.69166280795
27225.663758605366
26220.488199939573
24594.983273678106
22860.64106805316
21056.158935816173
19218.654125537127
17383.002298733947
15580.85038068689
13839.8572202713
12183.177060788985
10629.18537504418
9191.43290247973
7945.502952090552
6795.778386968062
5778.0897529786025
4898.334069280328
4153.420750595766
3538.4294484985844
3047.172251265513
2699.1768178459547
2454.339931076428
2307.912690813162
2261.2136145571335
2308.3162229428585
2443.6303470153207
2661.7951938527135
2850.6433140009894
3194.975416240002
3607.3874471923855
4081.4335604783832
4609.779352416639
5184.0014694638185
5794.456294981763
6430.236144624306
7079.225375660056
7728.261701094032
8363.400240510971
8970.269979941244
9534.504952916506
10042.226196140016
10480.545918176307
10838.062771125688
11105.316886783241
11275.175481297667
11343.12418398213
11307.445445402042
11169.272902713199
10932.518792860312
10603.679728911282
10191.53373709031
9706.747822837124
9161.42005892628
8770.646595731994
8153.60835399768
7511.554060682643
6857.467464150641
6203.706235949017
5561.443095140645
4940.44836718757
4348.908124826706
3793.327364374473
3278.5133860116857
2807.6306361855027
2382.3153752130606
2002.836725014654
1668.2899133429198
1376.8077687705197
1125.7775833455278
912.0521565516373
732.1459554696004
582.4096622888063
459.1787383598986
358.8938496458706
278.19294512117654
213.97637241257033
163.4476103933033
124.13299107961048
93.88419916863346
77.83695086590005
58.76899118327073
44.51702401016068
34.01351564758093
26.292155007997618
20.675515921406987
16.610056232212006
13.670553641503709
11.535888793917604
9.968010396030447
8.794061076338256
7.891480216006806
7.1758009019649425
6.5908096616433385
6.100726773266829
7.415126660957932
7.910150861295887
8.499783318839297
9.399184553420028
10.663562689401555
12.354841890604789
14.539819850148556
17.9100881610763
21.76353314231823
26.232525911502904
29.693889100885777
35.66703215450098
42.63851439171637
50.6629396041965
59.77457922137515
69.98194588615378
81.26262734190266
93.55876350177084
106.7735706088935
120.76930494696863
135.36701121354076
150.34831728133125
165.59391766239207
180.60069026604012
195.16528581701377
208.97628369968177
221.7230356490763
233.10761828723673
242.85681357027516
250.73342663854157
256.5462702771189
260.15821645027575
261.49183282384837
260.532276169307
257.32729211425044
251.984357031245
247.31249456682497
238.78897766287366
228.65732685909336
217.18136047143778
204.65226920523153
191.34596918819804
177.5556341533339
163.55511104547278
149.59682761518113
135.90518298460935
122.67185482223118
110.0530677301113
98.16874584317574
87.10336841560373
76.90826607432376
67.60504091358479
59.499749981112075
52.10155816495534
45.53445083320496
39.78519409254058
34.80492455570059
30.54252598374014
26.947500986201465
23.97204239981916
21.715093729312006
19.958998923571478
19.052936996949104
18.11137280152838
17.649682793863764
17.646089700923923
18.079536553535334
19.873596732777365
21.44917882460295
23.487781836503203
25.97897514950467
28.90931965156483
32.26162707018817
36.01442483571562
40.141606400669744
46.99842202430817
52.65775715778793
58.86166025212372
65.63383305037668
105.25089721599531
129.0536890001093
154.30626242217815
185.07172442871868
222.45066916830936
267.666137811795
322.0410397399107
386.96276678794516
482.25093246288634
643.6574584632581
800.0335756238142
976.7119567506343
1187.420892811411
1436.601965908903
1728.708454109335
2068.049238060785
2458.602317475105
2947.169106062158
3482.2030706243563
4070.1602213808997
4725.152189405728
5447.697693900361
6236.7430634558805
7089.43473334056
8000.926139267844
8964.235344310482
9970.164899251551
11007.308097525281
12062.141525583094
13119.221009992229
14161.481117421386
15170.636230488542
16127.674056725262
17013.425606890567
17555.04895974688
18280.955977013487
18888.509064381153
19363.402141574144
19694.06332637933
19872.123692043417
19892.766471166386
19754.9362685919
19461.395906532223
19018.627502363706
18436.583549027546
17728.30240244426
16909.410024149238
15997.535559175603
15011.672005286366
13971.514703618592
12896.809699999198
11806.74140772276
10719.384794491374
9651.241951034272
8616.87684563763
7628.655789755921
6696.595055517214
5828.311550071447
5029.067736784673
4301.898284625341
3857.7304969400134
3252.011794246966
2717.1894419853884
2250.109629431874
1846.5933823659468
1501.724656024561
1210.1196591916112
966.16865057073
764.2441899017491
598.8724880211485
464.86692987359004
357.42492586658994
272.1909036614438
205.28944911247459
153.33334430597338
113.41156757891031
83.06227462984242
60.23544663205466
43.24935260164419
30.744309819850045
21.636510735589404
15.073978082668312
10.396057843163346
7.097292861982393
4.796054871172526
3.207953856222279
2.4395688614673494
1.6040368866696906
1.754740452901129
1.6429322195810776
1.7397237270688684
2.022746022043938
2.4859994796082643
11.300976203597378
15.068365940170075
19.941114200348
26.15295696880112
33.96888024304598
47.33475162379149
60.57579083874529
76.7539202538371
96.28845975270386
119.59597591509956
147.07104170152752
179.06355652804376
440.34257238239843
593.9847159179772
760.485207015658
967.9594519883407
1224.5725993730027
1539.4697489319024
1909.3076902588361
2404.474150799775
2989.868739004052
3798.9503673302806
4713.175483517056
5760.08882135736
6987.392584386627
8411.549327809556
10046.715370801607
11986.013819925562
14100.426118133037
16452.28497985059
19037.466183748173
21844.4737329025
24853.74387691422
28037.239530865405
31358.39725921584
34772.47248555097
38227.30675082941
41664.51508481464
45021.06378741968
48231.18137548637
51229.246221782705
53949.459054945684
56331.82771152786
58322.16849353115
59408.250475537614
60648.35906145772
61397.43603819425
61639.34825152168
61370.53526154745
60600.00762307692
59348.839640094535
57649.19587670637
55542.954420394184
53083.799542394816
50321.492429817445
47318.89425990729
44138.07388979002
40841.05210807154
37487.93476555793
34135.263411637905
30834.63556519225
27631.628852188533
24565.047908986868
21666.47887422748
18960.170116902456
16463.167589310346
14313.389653848677
12321.98070845007
10556.323245418178
9025.832046780477
8133.4347010365855
6980.939921859972
6043.3576115202195
5310.186529654175
4770.324805667188
4468.955018437369
4323.961881185911
4331.246308362294
4497.674168748388
4814.632291710383
5273.482318423737
5865.15644110546
6579.732664677437
7406.0035067004355
8331.087051524913
9340.122435498635
10416.08662290587
11539.761216037203
12689.867459112169
13843.375233717534
14976.178653176497
16063.195008712617
17079.38579910431
18000.87708114355
18805.43021050873
19473.314306564116
19834.353759423822
20239.73120095166
20473.32063513111
20529.863695556513
20408.846836163597
20114.160425699207
19654.172335575666
19041.209580768093
18290.96077729681
17421.834855913195
16454.224733898875
15409.738946924988
14310.438523771316
13178.112893385538
12033.623571093798
10896.338299839532
9783.671721741226
8710.74196712363
7690.146140439474
6732.288733958076
5843.7893145113785
5029.779688465931
4292.717054287823
3632.943206933416
3048.9705640306906
2700.336647856996
2235.422880708179
1835.8095197715454
1496.013070369469
1210.1613671625023
972.2418583961309
776.3106752259677
628.2335358323078
503.7983703927936
408.76251770185945
335.76650123675876
282.83473241977646
247.10444425953682
226.26274672775875
218.5010474985534
222.45544625171289
242.34888366625412
270.96884995804885
308.496820234302
356.2228380773601
414.0837326853162
482.01825385965134
559.8907889243675
647.4213411678772
744.1244128060507
849.2595234425011
923.5377151622408
1040.2835819009813
1162.0259140307123
1286.919512409036
1412.8524784713998
1537.4965087394553
1658.3735807345927
1772.9358384220627
1878.65450692401
1973.1129495504715
2054.098603573222
2119.688539182951
2168.323783825037
2198.868306686683
2210.6495952944606
2203.4789815876916
2177.6511780168703
2133.923753920143
2073.4784189995776
1997.8669059906938
1908.944908110481
1808.7979077593695
1699.662838085724
1583.8493777496149
1463.664336347108
1341.342096078644
1259.651157953795
1138.3460838783672
1020.0759652072278
906.3673174789706
798.4825510601947
697.4113095828877
603.8723354438829
518.3246476761951
440.98654409536084
371.8607577396257
310.7640079796069
257.3591870396197
211.1885072293755
171.8067078267485
139.1739959017578
111.54381543585896
88.82550597011165
70.41977273642424
55.761714391745684
44.33237285889477
35.66610207470757
29.354127037862426
25.140535935051147
22.570813896871403
21.555740071503234
21.556546688358374
22.51161228140143
24.48641387745691
27.361338752677693
62.04237203395497
81.43309488655103
102.35406005181606
128.42009626527764
160.55643772312564
200.1175878442513
247.7321271204064
304.8455117757613
372.7100689479038
465.1370556966892
567.4273533474568
682.2269292688089
814.1723430549243
964.9845616077951
1133.908859699238
1321.6405645125772
1527.7463773902846
1751.1721082611396
1990.4639352193194
2242.742486836092
2505.086860348677
2773.7231725257107
2954.181905740896
3223.4037268360776
3486.3589872472808
3737.7975610295807
3972.4439598285003
4185.18925673634
4371.28252215057
4526.511100410443
4647.359737483675
4731.1400127642055
4776.083583825993
4781.395216148458
4747.26420404228
4674.835356600931
4566.1430122322
4424.013394456504
4251.941929623251
4053.9528794620173
3834.4488240040478
3598.057237131979
3349.480731919436
3093.356631919936
2834.130458871773
2575.946811265111
2322.5600126711324
2077.265879851335
1919.6321626220242
1693.7654818683627
1482.249995816407
1286.457404447694
1107.2528573593509
945.03246950196
799.7720442358318
671.0839143546162
558.2787664812629
460.42941309699677
376.43371284914855
305.07419697119246
