a = [5.21008367] b = [5.21008367] c = [16.69446923] ,Gaussian ,LMH = [0.3614776] ,DW = [1.11464224]
0.0
0.0
0.0
0.0
0.0
0.0
0.0
0.0
0.0
0.0
0.0
0.0
0.0
0.0
0.0
0.0
0.0
0.0
0.0
0.0
0.0
0.0
0.0
0.0
0.0
0.0
0.0
0.0
0.0
0.0
0.0
0.0
0.0
0.0
0.0
0.0
0.0
0.0
0.0
0.0
0.0
0.0
0.0
0.0
0.0
0.0
0.0
0.0
0.0
0.0
0.0
0.0
0.0
0.0
0.0
0.0
0.0
0.0
0.0
0.0
0.0
0.0
0.0
0.0
0.0
0.0
0.0
0.0
0.0
0.0
0.0
0.0
0.0
0.0
0.0
0.0
0.0
0.0
0.0
0.0
0.0
0.0
0.0
0.0
0.0
0.0
0.0
0.0
0.0
0.0
0.0
0.0
0.0
0.0
0.0
0.0
0.0
0.0
0.0
0.0
0.0
0.0
0.0
0.0
0.0
0.0
0.0
0.0
0.0
0.0
0.0
0.0
0.0
0.0
0.0
0.0
0.0
0.0
0.0
0.0
0.0
0.0
0.0
0.0
0.0
0.0
0.0
0.0
0.0
0.0
0.0
0.0
0.0
0.0
0.0
0.0
0.0
0.0
0.0
0.0
0.0
0.0
0.0
0.0
0.0
0.0
0.0
0.0
0.0
0.0
0.0
0.0
0.0
0.0
0.0
0.0
0.0
0.0
0.0
0.0
0.0
0.0
0.0
0.0
0.0
0.0
1.0163575879131672e-28
1.5457560551655605e-28
2.021818451994696e-28
2.974755877674894e-28
4.290711937416642e-28
6.06703132996424e-28
8.409922011933104e-28
1.14281662879251e-27
1.5224042420771963e-27
1.9881643014708923e-27
2.545325974754919e-27
3.1945037267799346e-27
3.930359179321895e-27
4.7405631228354666e-27
5.605269249174211e-27
6.49728437533489e-27
7.383055345920317e-27
8.224494686356923e-27
8.981547610926398e-27
9.615280989785085e-27
1.0091172633230662e-26
1.0382217988831739e-26
1.0471466372451422e-26
1.0353655567325452e-26
1.0035725549487178e-26
9.536141584122924e-27
8.883118522386276e-27
8.111983800141794e-27
7.551613212971302e-27
6.671386605010964e-27
5.777784391820859e-27
4.905411059014002e-27
4.08280212466361e-27
3.844262691449063e-27
3.4509681945779464e-27
3.0605980243063126e-26
4.8926614082440307e-26
7.168192839897345e-26
1.0378798950661133e-25
1.4793818487966206e-25
2.0717429064271033e-25
2.8475102927138686e-25
3.839192554658348e-25
5.076254696091584e-25
6.5813781473537905e-25
8.366239286410039e-25
1.0427219198738568e-24
1.2741593717983108e-24
1.526483272953526e-24
1.7929629866163375e-24
2.0647167252015476e-24
2.3310892165792876e-24
2.5802763631754415e-24
2.7308520019020835e-24
2.924735043551711e-24
3.071024751832047e-24
3.1614652430150977e-24
3.190815617162042e-24
3.157352800288527e-24
3.0630390213668262e-24
2.9133312778131193e-24
2.716658519936616e-24
2.483636222197784e-24
2.226120087042337e-24
1.956215877034029e-24
1.6853592023291045e-24
1.4235594210567702e-24
1.1788704153246052e-24
9.571142986712486e-25
7.618486933961904e-25
5.945395606167982e-25
4.548831162431634e-25
3.4121320245502675e-25
2.5093353573222347e-25
1.8092491398818641e-25
1.2789240448877436e-25
8.863347109225049e-26
6.022229578194644e-26
4.011652617981202e-26
3.026400710088875e-26
1.9506065979622402e-26
1.2325915348789385e-26
7.636156451651066e-27
4.638061576553342e-27
2.7618759407062955e-27
1.6124182116932933e-27
9.229050004219328e-28
5.178953160621241e-28
2.849263065783405e-28
1.5368397828501682e-28
8.126995467467816e-29
4.213439025688563e-29
2.1416503803372722e-29
1.0672483488617853e-29
5.2141960007782866e-30
2.4975491415472564e-30
1.1728580269349595e-30
5.399846816084333e-31
2.4373724970406777e-31
1.0786156549410392e-31
4.679675635987044e-32
1.990530670639405e-32
8.300914733098241e-33
3.3938047557397646e-33
1.3603524375027244e-33
7.314512093178887e-34
2.8367589953418006e-34
1.0786059764971507e-34
4.020743416432462e-35
1.4694435319723481e-35
5.2650475210552876e-36
1.849500209905702e-36
6.369553821326483e-37
2.1506315577737093e-37
7.119102218321024e-38
2.3103963433998937e-38
7.351054194430731e-39
2.293054964589978e-39
7.012628548328027e-40
2.102560780311449e-40
6.180412423713062e-41
1.7810960760441746e-41
5.032201756009543e-42
1.3938927675559111e-42
3.785307081802494e-43
1.0077971169608942e-43
2.6305414804694303e-44
6.731580604407906e-45
1.6888403704635617e-45
4.153934166194553e-46
1.6128554079398593e-46
3.8382366945759113e-47
8.955028770754325e-48
2.0483347142768776e-48
4.5933904599811085e-49
1.0098667929274382e-49
2.1766715271323715e-50
4.5995946969257454e-51
9.528924403303175e-52
1.9353772459140646e-52
3.853759377497129e-53
7.52316442244157e-54
1.4398368612758576e-54
2.7016095028399502e-55
4.969677347707041e-56
8.962515474214869e-57
1.5846287303569076e-57
2.7467604744561024e-58
4.66777036922695e-59
7.776664781279579e-60
1.2702004117930266e-60
2.033976192864354e-61
3.193110867130471e-62
4.914466928542832e-63
7.415371136201477e-64
1.0969408074247348e-64
3.0346043183920793e-65
4.3431840608654296e-66
6.094072366710097e-67
8.383009472265096e-68
1.1300224888893455e-68
1.4940754456063827e-69
1.850899775281978e-28
2.843003611238015e-28
4.280956075006597e-28
6.319358356782948e-28
9.144796549863316e-28
1.2973105910507589e-27
1.8041919100083822e-27
2.4597464948935747e-27
3.28750802331714e-27
4.307369655559712e-27
5.532562373287294e-27
6.966415042765645e-27
8.599262834499883e-27
1.0405955231712247e-26
1.2344444026836505e-26
1.435588491885055e-26
1.6366554214374837e-26
1.82916713786811e-26
2.004095344373584e-26
2.1525449023520923e-26
2.2327822157601094e-26
2.3200372494245306e-26
2.3632648906146053e-26
2.3599277114645018e-26
2.310222710153221e-26
2.2170620562508048e-26
2.0857905795193308e-26
1.9236781217108213e-26
1.739253802695952e-26
1.5415668732701748e-26
1.3394627131630988e-26
1.1409529609433503e-26
9.527384722468842e-27
7.79917234441278e-27
6.25881599635219e-27
4.923848730024483e-27
3.797397604817333e-27
2.8710205026988578e-27
2.127920347966967e-27
1.5461203372646847e-27
1.1012858771906849e-27
7.689988649287198e-28
5.264052105180628e-28
3.532510909940756e-28
2.3238906895711894e-28
1.4987069867950733e-28
1.1064259171549219e-28
6.903004064894435e-29
4.222044143929784e-29
2.531490268601124e-29
9.711647280393268e-28
1.4774899460760123e-27
3.602269376926289e-26
6.166696091909985e-26
1.1931890392517883e-25
1.7701132071055836e-25
2.574843707898597e-25
3.6724584558996096e-25
5.13591912280073e-25
7.042618420537022e-25
9.469006568887021e-25
1.2483276966629403e-24
1.6136391392485247e-24
2.0452084806747835e-24
2.541685780270905e-24
3.0971270629171335e-24
3.700401772687396e-24
4.3350215005068194e-24
4.9795029490613516e-24
5.6083222124135955e-24
6.193441270328282e-24
6.545093429861735e-24
6.994685513866699e-24
7.329466835340067e-24
7.530578654160632e-24
7.586404977750932e-24
7.493683518316365e-24
7.257821337578847e-24
6.892372701552824e-24
6.417749284391622e-24
5.859333440505562e-24
5.245236978377922e-24
4.603979815303759e-24
3.962352083876295e-24
3.343674769678145e-24
2.7665992792272662e-24
2.2445004960238085e-24
1.785436092141419e-24
1.392579530428106e-24
1.064992933474938e-24
7.985909524065402e-25
5.871551775523516e-25
4.23284292520299e-25
2.9920031506993224e-25
2.0736834017231535e-25
1.4092019322169e-25
9.389754356518981e-26
7.085300499387728e-26
4.5686645483655267e-26
2.888484342108665e-26
1.7906071217387446e-26
1.0883784132343503e-26
6.486473018570866e-27
3.7904095932047804e-27
2.1717619909574437e-27
1.220075156628817e-27
6.720613262494934e-28
3.6297679915904195e-28
1.922189182539493e-28
9.980684626952331e-29
5.08125630856973e-29
2.536460145220133e-29
1.2414543169229572e-29
5.957701964507407e-30
1.6509179142327364e-29
2.231714547573786e-29
3.2199486744094506e-29
4.6864033775808523e-29
6.74632076119214e-29
9.546394692213045e-29
1.3253656344658734e-28
1.8042961955780904e-28
2.408136024863223e-28
2.887180987999956e-28
3.7279831289135698e-28
4.718935382090758e-28
5.855761356461701e-28
7.123471300887776e-28
8.495107445757416e-28
9.93150203609963e-28
1.1382295355717813e-27
1.278832363222685e-27
1.4085304431296772e-27
1.5208546483748771e-27
1.6098226471368338e-27
1.6704643355139077e-27
1.7073164407879918e-27
1.7068432558882703e-27
1.674985962256687e-27
1.614587349235811e-27
1.530337125589003e-27
1.4283820334799861e-27
1.315807037995623e-27
1.2000455405984119e-27
1.088280911599218e-27
9.868975143062563e-28
9.010286203300244e-28
8.342338938642872e-28
8.012684433284408e-28
7.694053745518594e-28
7.5754377768136785e-28
7.63062910661055e-28
7.821176466364093e-28
8.100133787957383e-28
8.416260961637032e-28
8.718343980625995e-28
8.959295762617734e-28
9.099712236882858e-28
9.110598050240299e-28
8.975046618311234e-28
8.688758555853702e-28
8.259401840444879e-28
7.704941117171093e-28
7.973046198038032e-28
7.745268448238338e-28
7.703926054703828e-28
7.957795888783127e-28
8.628297832155215e-28
9.846451373516147e-28
1.1748225106106571e-27
1.4467734373528346e-27
1.8127904829552745e-27
2.2828563466419043e-27
2.8632425746686114e-27
3.312236885963503e-27
4.075604561170702e-27
4.9962200887372816e-27
5.968089804387742e-27
7.005647496587825e-27
9.389080246565229e-27
1.114814929799043e-26
1.5104198291653206e-26
1.843822434648652e-26
2.2598872215303924e-26
2.782592696965697e-26
3.440068698590544e-26
4.2633312745889113e-26
5.284107417125769e-26
6.531734741015997e-26
8.029264136047643e-26
9.789058919448982e-26
1.1808347642974651e-25
1.406531824664291e-25
1.6516405627418473e-25
1.9095394802317816e-25
2.171482202345671e-25
2.4269909564183494e-25
12.087157379399876
18.433382938967025
27.558448612488647
35.63631835640631
51.54152963137158
73.07866889544795
101.57639723025818
138.40884147260192
184.88586681357776
242.10984284712163
310.80645481877065
391.14381312627665
482.56048083676126
583.6276941408804
691.9725754239785
804.2864003878113
916.4344779085022
1023.6723337044001
1120.9580598593152
1203.335180164513
1266.3469690936338
1306.4345840176113
1321.2696938209199
1309.9783871777022
1273.2264118738758
1213.1541814115528
1133.1703738667313
1037.6318060783701
967.7137290034185
857.2543929767419
744.4600342629733
633.7849299407371
528.945930948819
432.7623839444674
347.10157173527944
272.91820593869073
210.36684179113882
158.96112145878595
117.75338510764968
85.51154149214403
60.87583367022451
42.484837344144125
29.066440418654242
19.494791352474763
12.817820481760451
8.261875192271518
5.220497919286704
3.2338068432708997
1.9637449275700802
1.1690280409913767
0.6822344294039485
0.3903113571282961
0.21890596505314186
0.12035741605979655
0.07988917676546901
0.04249305527316575
0.022157299204377326
0.011326208135326124
0.0056757218751585506
0.002788216706991667
0.00134276742324237
0.0006339338163660913
0.0002933971520819402
0.0001331179805040016
5.9208819013924896e-05
2.581694970513953e-05
1.1035507505680857e-05
4.624327077447439e-06
1.8996501635548862e-06
7.650108002277881e-07
3.0201628094560557e-07
68.40158890678077
103.82305441332707
154.48640426983286
3131.1173674289716
5506.213206159371
8581.580321603378
12537.83277612196
17964.920400544757
25244.90889518664
31331.0606830163
42621.5518894496
56862.34747854632
74397.84383532924
95462.93251345688
120128.76414457198
148250.49443998298
179424.35899243792
212961.98573183944
247889.21145333274
282974.65204108093
316789.9639743253
347799.491578916
374472.44256166345
395406.6590107578
409450.25088880036
415806.4721867529
414108.5679878192
404454.81252761505
387399.08258746815
363898.2249912349
335223.1765099552
302845.31861998915
268312.1789749602
233126.9864214223
198644.83597286983
176615.81330245466
145680.5842481833
117843.59097471366
93485.0695899822
72729.44592282652
55489.361478933715
41518.364205045
30465.013420322302
21922.63017865469
15470.827104756863
10706.890926915301
7266.771522123386
4836.677761672146
3157.0356931907822
2020.8664583144262
1268.5878514380838
780.9572113772876
471.4727187262604
279.13052899894257
162.0609150602063
92.27160545873417
51.51993495554175
28.209702331449154
15.147331657979958
7.976026752590613
5.144829733766342
2.622240310379337
1.3106365105415876
0.6423896274484804
0.30875884544478766
0.14552681544323026
0.06726163613019263
0.03048531080344583
0.013549104819731714
0.005905073360483219
0.0025236703448030403
0.0010576219847873505
0.00043462699401830725
0.0001751415324147848
6.920630177592688e-05
2.6815382612541713e-05
1.018830677730418e-05
3.795748957030075e-06
1.3866542609097876e-06
4.967203214043391e-07
1.7447229823084562e-07
6.009102955014834e-08
2.029360562499876e-08
6.720057735267014e-09
2.181970270701155e-09
6.946795662253522e-10
3.2037804182457177e-10
9.870976551284525e-11
2.982027721554155e-11
8.83314406578667e-12
2.5654819148577483e-12
7.305846744142007e-13
2.0399432712031008e-13
5.584824863235309e-14
1.4991427676162747e-14
3.945630917895025e-15
1.0181881607708664e-15
2.5761780280563443e-16
6.390842296653245e-17
1.554436260541507e-17
3.706965527392095e-18
8.667487894314138e-19
1.9869882504078766e-19
4.466044455831577e-20
9.8418139427529e-21
2.1264325545828222e-21
4.50469037533027e-22
9.358643728904365e-23
1.909813386828847e-23
3.87197791535794e-24
8.406670323726271e-25
2.7486610313748413e-25
2.082103372243002e-25
2.2276559555499996e-25
2.803256616914007e-25
3.5631292282699524e-25
4.460779427285897e-25
5.480616592479893e-25
6.604899540554096e-25
7.807093082420897e-25
9.05094099612725e-25
1.0291486402452436e-24
1.1477357210808199e-24
1.2554075927215574e-24
1.3468102900367214e-24
1.4171205300979643e-24
1.4624660548330842e-24
1.4802786006088207e-24
1.4695347600660907e-24
1.4308533153566752e-24
1.3664361705536978e-24
1.2798607333511427e-24
1.1757509845281204e-24
1.0593692956972124e-24
138.61721156763545
210.56503553312362
313.56256568818424
404.40926305039073
582.6044519751867
822.8020311211986
1139.1627176476088
1546.1264957351982
2057.1839821261024
2683.3053547471222
3431.120039230535
4301.011255268802
5285.354206715577
6367.170328769547
7519.477946237573
8705.581061277373
9880.44919500319
10993.20854453774
11990.60498355088
12821.13806134172
13439.431853775453
13810.331199197753
13912.210179572954
13739.059937451035
13301.075479020174
12623.661759892755
11744.993825077832
10712.456906097495
9578.427904452135
8792.301730234583
7605.407408091464
6449.280035879722
5361.284306793847
4369.13328389738
3490.5237736339063
2733.7245877994023
2098.880773943561
1579.754610621242
1165.6290045395356
843.1404228158437
597.8721570330745
415.6096262504299
283.2250871280143
189.21113543928635
123.91689321597494
79.55787834699049
50.07312787515743
30.89549095054909
18.68763454702801
11.08108830931055
6.44138638744004
3.6706682736174994
2.0505944465412598
1.1230090791300544
0.602914334761717
0.3938904235720312
0.20457969058504896
0.10416419560871425
0.05199280680316707
0.025441160263893772
0.01220392179910323
0.005738927920827382
0.0026456413882613135
0.0011956388926773372
0.0005297097210963065
0.00023006190110508193
9.7953580902333e-05
4.088507341208507e-05
1.6729312677674827e-05
6.7105832212575876e-06
2.6388292335962478e-06
1.017258104229415e-06
3.8443231067918476e-07
1.4242212368966418e-07
5.172540317302759e-08
1.8416163556381992e-08
6.427813892990858e-09
2.1993597678700796e-09
7.377311314146488e-10
2.425877109567016e-10
7.820028471528867e-11
3.636131746041407e-11
1.133949988844637e-11
3.4667062506529304e-12
1.0389844261280187e-12
3.0525998864581317e-13
8.792240952826856e-14
2.482550724950831e-14
6.871721221669264e-15
1.864669148667463e-15
4.960287970022894e-16
1.293542930658968e-16
2.8833503986044335
759.6241877440566
1149.4262548443494
1705.0353624293673
21980.45791385034
36978.30014165142
55319.0958135312
95529.03674002999
138631.56339929122
197369.343704311
275665.0699183426
377713.4779634679
507711.2176270303
669483.6542802426
796510.9286188673
1017234.6090010483
1274411.8575978135
1566228.1689204655
1888228.3038262147
2233090.4494120325
2590651.047989055
2948228.2390480866
3291258.0952077024
3604215.67936597
3871748.6633335957
4079912.495862177
4217370.495406238
4276415.657141881
4253686.13333168
4150482.001768184
3972641.830909662
3729995.382366306
3435463.8535110303
3103922.218592077
2750962.751491363
2391701.661747215
2039752.9948896854
1706460.1874125365
1400432.9569934488
1127393.3580332883
965257.7552835123
752545.8055686633
575528.7985203324
431761.9305090828
317733.6934990056
229362.32584244874
162412.26136276996
112810.95209067564
76862.9449280128
51370.45850393956
33677.33187580204
21656.419710512466
13660.202028003192
8451.729730230572
5129.185945047353
3053.2461853429636
1782.714291439359
1020.9490389801372
573.4882039286115
315.96472610895603
170.7425901550533
90.49605419459202
47.043238131176295
23.985001739959678
11.99367883610184
5.882071144106881
3.6187651343105496
1.7181822405042493
19.29377779630721
28.516210920119516
42.17120994256623
61.52340098448221
88.1574827468035
123.90684258003526
170.75557551738902
230.6990325340236
305.5570047079517
396.743291895041
505.00584153333375
630.1620510640801
770.862638519668
924.4227325772896
1086.7586184699508
1252.4616091101036
1415.0266016005737
1567.2332541297342
1701.6550370754921
1811.2494263151991
1889.9653846564765
1933.2957260454762
1938.7043442065683
1920.991144624064
1863.6030323047255
1772.3533307855025
1652.4033047256023
1510.2562989477974
1353.1754450357491
1188.5745116900596
1023.4522120695823
863.9280541257287
714.9183373944402
579.9681554146263
471.7882457975096
375.76889693070893
299.14288870163904
241.73446820824694
554.6246544914411
784.9386764381338
1087.6339386651823
1765.7596285395027
2520.8808211070977
3561.586952032864
4957.471930530947
6783.63712396622
9115.937083535704
12024.352017092946
15564.678910414103
18293.100395554284
22941.89107315993
28229.447549170014
34079.8296292337
40365.351815393486
46906.480471529765
53477.04951212171
59815.124391861515
65639.10120529222
70667.83255819698
74642.85929027582
77350.33398907095
78640.0583109887
78439.2778251834
76759.47207038075
73695.25900961207
69415.56035597702
64148.1763107127
58159.72939184342
51733.43009920027
45147.22770665079
38654.64533578289
32470.033385690156
26759.22915799482
21635.821308969025
17162.51373175707
14551.631357350307
11181.374811844607
8429.109072464034
6234.026969388413
4523.279870778881
3219.8298597301446
2248.555585448782
1540.5003418395254
1035.3885006388605
682.690453311841
441.58932249828996
280.2092981940412
174.4257112206629
106.51160605680708
63.802265068669
37.490570549517926
21.609696305417927
12.218268045219926
6.776392851311309
3.6864546795903843
1.967134154076657
1.0295966050021068
0.5285687755846528
0.26615240288757075
0.13144587387613585
0.08124833440856337
0.038850392047438474
0.018219898926875495
0.00838029772230177
0.00378032583841705
0.0016724332027154266
0.0007256239981180524
0.00030875319440151327
0.00012883741946753452
5.272264687654812e-05
84.36068384597742
128.9071273167395
215.65588281814578
317.98085953985753
459.6959343515486
4863.885057477394
7277.18935356664
11800.73710732137
17645.359354722084
25149.979595454028
35179.237749765234
48290.82103417471
65052.06487163734
85993.59015112753
111550.34094354304
141993.34675060562
165032.55593985828
203550.9951150752
246350.78966425208
292555.1956709921
340903.61671537824
389782.985139313
437300.33689407416
481394.55924161157
519979.5150752259
551105.3933895722
573121.2026840447
584819.6546664154
585546.7672131623
575262.3484099866
554543.5880396037
524531.3224612908
486825.9430917516
443346.166150467
396167.9839702516
347362.5107137072
298850.06661854323
252284.15498275793
208973.78169132958
169846.83167572235
135451.90444781765
105991.87173497271
89060.47050349767
67520.01657791887
50226.35953258318
36658.82685330607
26252.38510004632
18445.800597793364
12716.264680027549
8601.006337510194
5707.692879011278
3716.097810949498
2373.6798108504927
1487.5053214128409
914.5110572878999
551.5765935765285
326.36328991823143
189.43811546483408
107.86879801564521
60.25296527498493
33.014652150800394
17.74484794454944
9.355491325417736
4.838170623912956
2.4541863807672195
1.221060690329235
0.5958842949575197
0.28521563737742944
0.17265116110943002
0.08000933295230578
0.036364448961724236
0.016209543835514772
0.007086215691716473
0.003038087519812141
0.0012773833944531726
0.0005267084070864295
0.0002129807537917415
8.445491425699893e-05
3.284108422259492e-05
1.252309841758701e-05
4.68275901693983e-06
1.717045115391263e-06
6.173704984708613e-07
2.1766515146488938e-07
7.524984383536896e-08
2.5508855903590482e-08
8.4789143219086e-09
2.7634321785967874e-09
8.831048568904602e-10
2.7671100157913347e-10
8.501337231456829e-11
2.5608897394073867e-11
7.563688954556107e-12
3.3179594918017045e-12
9.482832049380858e-13
2.6572669931861556e-13
7.300614170585383e-14
1.9665624080633624e-14
5.19370651778232e-15
1.3448249364063015e-15
3.4140529200879857e-16
8.497447446570853e-17
15.980519960321349
24.38360374919567
36.47318841194366
53.48332756513697
76.88329034651744
108.34636732023806
149.68062908640724
202.714911729714
269.1377672608533
350.29379595586965
446.95016069632953
559.0550845370932
685.5181493312389
824.0473457063379
971.0782434579653
1121.8250542232006
1270.4714143331853
1365.2001396016003
1495.7218559301366
1606.4758722234637
1691.478284080813
1745.9326938851386
1766.6780790487664
1862.7401049616174
1872.4497390951376
1876.3284278125477
1887.4188873113083
1921.6713502819882
6396.709707879885
8848.112881363355
12396.027735591373
19437.75683734499
27405.593101897048
38208.52845495816
52517.76629857048
71037.11505543633
94454.47775687698
123377.02658541957
158252.63563830045
199283.11251751092
246337.76581406043
298878.30873620405
355907.4093460728
395712.40533375484
456727.89616948925
517352.30893182923
575124.9661349147
627455.4467779981
671811.750740623
705921.5717053917
727964.6003787807
736733.2519297035
731742.0733732963
713272.0467648658
682344.1807802273
640625.8623766875
590281.9321579097
533788.9835943722
473734.98774875957
412626.59701951995
352723.58296090335
295914.54515951243
243641.36674880833
196873.0708981618
156123.80914703183
121505.44104773826
92802.90488072035
69560.2974522951
56800.88425508942
41260.20518666276
29411.978396644347
20574.33908398505
14123.03278337165
9513.087946760526
6287.77594537682
4077.976033170561
2595.0993836786843
1620.3704928760676
992.6923016009902
596.6830814695542
351.87636178674086
203.5833158315832
115.55489211645964
64.3453044655196
35.149251307779366
18.83537953135631
9.901026751468427
5.105311836046233
2.5821964985305152
1.2810623479214176
0.6233822476464755
0.2975303327247959
0.1392805451365949
0.06394728126016215
0.03764925511407248
0.01673480641886884
0.0072951176854073214
0.0031187630523442766
0.001307562377917277
0.0005376061452447277
0.0002167604009068876
8.570418798357848e-05
3.3229461721425745e-05
1.2633882457446498e-05
4.7101640444271255e-06
1.721926554673743e-06
6.17257839712569e-07
2.1696331322905325e-07
7.477704009088022e-08
2.5270123283020227e-08
8.373339182659188e-09
2.7204302765224834e-09
8.666020460398905e-10
2.706704525009641e-10
8.288903292273229e-11
2.4887693543946362e-11
7.326559060804132e-12
2.114657091131158e-12
5.984132443207289e-13
1.6602780069761398e-13
6.985512367534414e-14
1.8752925247944788e-14
4.9357258179170224e-15
1.2736258971419923e-15
3.222102328096606e-16
7.991738088558795e-17
1.9433258182880115e-17
4.632874993792091e-18
6.243325378016276
9.500017683669535
14.171039543073348
20.722772435235772
29.707277811519404
41.74906072419488
124.18702165168888
180.1233325432134
257.1604357445869
361.3604728966617
499.7222715685289
679.9961945168244
4254.03135288282
6283.971266167867
9134.094210334011
14095.362803384509
20435.320904731183
28489.096232773198
35214.59965355036
47695.14810100533
63469.132392566215
82967.18246233546
106521.67822268757
134308.025560352
166284.92650838295
202140.85021003563
241254.9710015939
282680.81162596575
325159.45147508977
367166.38286310446
406992.14384293894
442852.2199383368
473017.10052181984
495949.60531957075
510434.40703659016
515684.58653649705
511412.233742153
497854.30550660274
475750.544110758
446276.3517275988
410939.11851353146
371450.72746464337
329591.19154351385
301221.9524168635
259146.11830053854
218852.35983001752
181427.75266369103
147638.18371838448
117931.99306666746
92469.17508104276
71168.54697078338
53764.71053732115
39867.21838686456
29015.784171766754
20727.258926471422
14532.060533543801
9999.495666077117
6752.765704382875
4475.32376400801
2910.666290502533
1857.68086242084
1163.44470214926
714.992184689586
447.63063276089986
280.32489030410653
185.94580567927937
140.0361092416658
127.44280856330504
139.37352305677064
158.56342755231927
221.17561909609094
292.26247764670615
385.0422791041407
501.06305803204697
641.7253811167219
807.8009660738978
999.027212852292
1213.7844630073507
1448.8754512216333
1699.4307070496423
1958.9600895292012
2219.5604581038
2472.2747273604487
2707.5808194583324
2915.9731420546595
3088.586801182013
3217.807809399257
3297.8121567705
3324.9828352201594
3298.165856901335
3218.7423789547356
3090.512227400602
2919.4022909298787
2713.029476858196
2480.1605680154266
2314.794063537706
2058.4895504555425
1800.1997406786109
1547.9877535661697
1308.6498544338926
1087.47538006514
888.1457790502117
712.764161200944
561.9948560021201
435.2842420199325
331.1302084028552
247.36803259391837
181.44455402423955
130.65917856479228
92.35813430646384
64.07622937629372
43.627103618096605
29.1479643808843
19.10780875628382
12.289273833690336
7.753886229349164
4.799089081823747
2.913504069998486
1.734857665464528
1.0131645015474597
0.7002648381371236
0.3958939824807602
0.21948836601336544
0.11932850658673662
0.06361546774148905
0.0332547956969072
0.017045410142427515
0.008566669841268037
0.004221423193936204
0.0020395760938764066
0.000966157311785616
0.0004487208307454012
0.00020432397147110765
9.121620471678933e-05
3.992360116929495e-05
1.713122431864264e-05
7.206833322397156e-06
2.972314335898415e-06
1.2018114361521304e-06
4.7639450080009473e-07
1.8513294657942468e-07
7.053184758368037e-08
2.634326558103487e-08
9.645732007931898e-09
3.4624268665276876e-09
1.218441336015187e-09
6.00662360226761e-10
2.0449516707766052e-10
6.825140771671501e-11
23.756300303092374
36.53717944218323
55.08839018681843
81.42429304438005
117.98227423948275
167.59010847535725
1054.0589358882035
1717.4548888304325
2539.8773026813033
3689.8241807397567
5630.288258603116
8109.897598337035
11256.858847907759
15349.328484723535
20558.42635319867
27044.651275762353
34940.67602025222
44331.411877015875
55232.98447298259
67572.91778128309
81174.28789676397
95746.7436790531
110886.99047244599
121050.3315398664
135976.2227688331
149968.98126314828
162398.4368059047
172665.7867252771
180251.2115207461
184757.42895897644
185944.11006155735
183749.01379349892
178293.26738431773
169870.18738062226
158919.08972541327
145987.34870024695
131685.2570792345
116638.83636365223
101445.59822963402
86637.44727620705
72653.62552206792
59825.0756540704
48370.096809344315
38399.90050213352
29931.79182123431
22907.263994509984
17212.283474483553
12697.375557535024
10260.874743449076
7340.196362288589
5154.615805095166
3553.2974481515084
2404.3295695500938
1596.847747038263
1040.9252424845254
665.9493657800551
418.1262783669369
257.6304570392912
155.77200863863726
92.41943207818728
53.80198676191059
30.73083393123676
17.22152996557538
9.468285465178166
5.10686809327552
2.7021142972868484
1.402495014457155
0.7140537787146938
0.35659615715356047
0.174672046938558
0.08391831708235552
76.54624066800834
117.2851888937628
176.21416048541167
228.6288795242936
332.34130577059864
473.59911712046704
661.6185128851033
4373.9283571321685
6506.688526387407
9512.586628431893
13664.780064490546
20912.85953533169
29223.74682172739
40128.575339831696
57339.656571825304
76619.36870629307
100667.73324130962
130050.32352676551
166719.3900087564
208667.07411896312
256926.29847723964
311246.6163124421
371025.7544400963
435286.1560882629
502678.03208442294
571512.0898353739
639822.1910280862
705455.0334557479
766180.9920265838
802858.2828663384
850639.373867408
888142.666987753
913910.5663245982
926939.7485682792
926740.7428474526
913364.7341673602
887396.0949402481
849911.8177962381
802411.4888693935
746723.5491511263
684895.213605515
619074.4441618368
551392.7172175604
483856.9410864106
418257.7754814167
356099.87196527835
298557.3611055755
246455.49666367355
200277.00440812393
160189.64258674905
126089.98281099088
97657.59951917731
74413.74553044567
55779.12121500074
41126.36497805106
33257.330468690394
23859.73380692407
16836.30947194491
11689.79429554942
7990.804407525862
5383.994169743669
3584.057234496598
2368.3580030276703
1567.802356692712
1057.2189204761407
746.1566286793669
570.6640998779833
486.3339964851041
462.68494401329804
478.81375239036197
520.1711165755846
576.2796981456518
639.2091131952052
702.6347744508479
761.3272747244112
810.9403742563977
847.9861742893726
869.9053831488937
875.1593935229091
863.289939620471
846.1254249972291
807.5740057034329
755.640163670333
693.1472534003642
623.3181540622346
549.4974281105008
474.8888429713781
402.33518044398215
334.1591924156867
272.07457589708787
217.16584909840506
169.9276494415677
130.3483321960085
98.02024705292672
72.25950433647974
52.220740618315695
36.99643984877817
25.694826946090707
17.49445083352621
11.67679845868234
7.640400197874638
4.900916262814744
3.0818202841739355
1.899792585381087
1.1480846733587857
0.6801590828384678
0.47450392389262785
0.2719513029414281
0.15279577000942726
0.08415896207347989
0.04544208626450313
0.02405387250146536
0.012481897137464289
0.006349580677013329
0.0031664916258416108
0.0015480339955327312
0.0007419104622789192
0.0003485710775176892
0.00016054620870994838
7.248991845350519e-05
3.208662362023096e-05
1.3923207018764655e-05
5.9227498836117855e-06
2.469882863734963e-06
1.0097135231670483e-06
4.0465866132127545e-07
1.5898214780419126e-07
6.123175836614219e-08
2.3119261326369875e-08
8.557364453182314e-09
3.1050954527301826e-09
1.1045330959291084e-09
5.484278531526819e-10
1.8872873742007066e-10
6.366861717791447e-11
2.1056280250436764e-11
6.826635876266446e-12
2.169704936386234e-12
6.760261056587262e-13
2.0648813843302926e-13
6.182948122019655e-14
1.8149511817255477e-14
5.222796989279417e-15
1.4733644744634487e-15
4.0746104501785047e-16
1.1046656435955136e-16
2.935921581487907e-17
7.649391830314238e-18
1.9537915052153692e-18
4.892134466231092e-19
1.2008463704814245e-19
2.8896526441793373e-20
6.816701971049551e-21
1.5764542827988627e-21
3.5744977388787923e-22
7.951707420167448e-23
1.7422731748224638e-23
6.336072604500751e-24
1.4821135642062671e-24
4.890132991882516e-25
3.3642614749661752
5.161582980781297
7.7632743972025855
11.446581680960495
16.545333986349252
23.444669600260244
32.56728441172854
44.349408186962066
59.20562397489081
77.48309287758738
99.40764499071297
125.02632745564877
154.1530121017848
186.32511918010675
220.77996086806112
256.4582935231844
292.59198511042996
326.85428105691096
358.03226535476364
384.59626650839743
405.1868411088521
418.7395930674204
424.58746341182535
424.08491467711485
416.87786305206896
402.48457106525836
381.9035123196249
356.4429472964313
327.5944596761007
296.89602486252556
265.8014217397262
235.5708316357017
207.19343507265702
181.34753859865333
158.39820743804015
138.42745950654106
121.28849130661172
106.67353925717315
94.18487353403636
83.39982130708151
73.92316349153745
65.42319363966496
57.6506371890857
50.44207531701629
43.711226286290554
37.43230415183815
31.619748572362624
26.308062583194122
21.53453358878243
30.950395475950177
33.74751381945055
40.11130098167952
51.06717908126322
67.84532504610777
91.86916531497694
124.71265264176938
168.0180302596251
865.7103246435628
1269.8734542471946
1832.4438016182044
2602.0441330570156
3634.284944141072
5351.103571390936
7282.851313783191
9747.20879447196
12826.012007133111
16590.47092085863
21091.88509202719
26351.535599281757
32350.753486893285
39022.42049529468
46245.27698967096
53842.33894711836
61584.43055120477
69199.32908563793
74057.39592954774
80788.3366297834
86579.37565685855
91155.3712034689
94289.75778392993
95868.5240205414
95749.02487999524
93973.32847307286
90641.73416700614
85932.6912199572
80087.69696028714
73393.53902534953
67435.03099454027
60832.30031293849
54476.920080829186
48857.61472854556
44307.437650396365
41884.32949968861
40724.36650352234
41569.84426991214
44634.865032735695
50067.80148291146
57960.13550545245
68317.96260512328
81047.9980051555
90754.71604637634
106912.42874147913
124601.28471378387
143269.6447607724
162252.0060112029
180796.47078740754
198104.42874700107
213379.8211920796
225883.68030597482
234988.464709005
240226.2800322864
241325.49056007416
238231.45818923725
231109.0067436547
220326.412036645
206422.91638943824
190063.62760143165
171986.92506582043
152950.01182687428
133678.00357279906
114821.03827324735
96922.51912845709
80400.01240832418
65538.75614111751
52496.402832731364
41316.66133892668
34876.522350518564
26652.547540498756
20009.095615737417
14755.865413045098
10688.434691027516
7603.9329937287475
5312.5013575264775
3644.66813093968
2455.1427578009784
1623.7435771243615
1054.2483798868802
671.9193038057887
420.3442295184818
258.09131230775097
155.52137496049966
91.9654983383786
53.36412200487308
30.38341811501065
16.973121411198637
9.302537116944476
5.001891246927439
2.6383989687615346
1.3652179900232406
0.6929507675719238
0.34500603032033067
0.16848509614313464
0.10336762454347678
0.04887770517246344
0.022668276386588068
0.010310958434279174
0.004599864172880253
0.0020125658714139367
0.0008635928756972884
0.00036342730529445854
0.00014999343067829233
6.071144890473165e-05
2.409966140653982e-05
9.381933423819733e-06
3.5819095710374847e-06
1.3411527252687776e-06
4.924751584176309e-07
1.773514003760851e-07
6.263706683529731e-08
2.1695892901089276e-08
7.370149521261908e-09
2.4554524051425746e-09
8.023196491652916e-10
2.571157401828434e-10
8.081281722533464e-11
2.491193967094828e-11
7.5321027898793e-12
3.3567163089115994e-12
9.826655489840283e-13
2.8215951715019675e-13
7.946724316479266e-14
2.195294672677913e-14
5.948611899362706e-15
1.581115482596448e-15
4.122339639786672e-16
1.0542977681693343e-16
2.6450217907447743e-17
6.5095166988298716e-18
1.5715520050129789e-18
3.721998296675981e-19
8.6476422032399e-20
1.9710603673555968e-20
4.4074678087150644e-21
9.66877778136625e-22
2.0809117762840616e-22
4.393839198717006e-23
9.102581252666226e-24
16.3534420138837
25.054385079961854
37.6293895273764
55.40378675164795
79.9687996300268
113.15416832946516
141.05076995368626
193.08129100441127
259.10379773476933
1175.8204331940751
1704.3890397564999
2434.009312946799
3423.1952155660542
4739.407267181755
6839.966194546711
9236.841422780471
12274.699117317115
16047.04184141756
20635.55410821611
26091.34021030312
32433.727148138554
39632.709778685414
47601.093104758635
56188.68383083353
65181.4107081935
74306.41628368486
83319.32474800953
91770.68452769952
99339.46116077715
105700.36249033107
110565.42602064252
113714.5597443154
114840.1701258515
114905.00274361661
113124.21568146598
109626.70106665726
104626.48897586249
98404.1649740245
91283.44802228922
83605.49175172066
75703.5766653168
67880.63317025967
60391.53242938298
53431.393345276156
47130.38485060537
41554.75754961008
36713.20716138333
32567.218613076853
29043.7979818675
26048.97250527279
23480.60147991604
21239.34688510026
19237.043594966046
17402.123961779584
15682.135304460537
14043.699195984616
12470.472949427442
10959.778470080078
9990.551725240233
8602.421056688961
7305.811570533083
6114.572576524277
5039.918503795601
4088.934124612357
3265.68076073096
2565.172836622917
1988.153845234969
1516.2080562131223
1141.8749567437028
852.8776615378562
637.6091250734873
483.37869641451033
380.2100695687157
319.1005442263606
292.52325279189574
603.341989693245
788.9956774092224
1063.1048756113316
1444.6430108738627
1956.8901315785822
2726.803789451483
3680.071234148253
4849.855860218805
5783.686424875034
7439.251563371428
9422.766201754275
11755.555172639948
14424.054598055945
17410.68537471168
20669.789176296534
24131.103167393496
27700.527665397003
31263.294925147773
34689.546215999595
38059.445326252
40952.055373910815
43348.47813958708
45194.004686401226
46428.80322247665
47046.96351519614
47228.192365328
46821.347965037756
46033.711501636775
45002.44575440068
43878.69226133394
42814.030876098375
42254.26699821089
41902.62791958251
42005.53416229
42351.85146755561
43319.45366077547
44810.43560936755
46953.152291414044
49397.83802913751
52163.21849163072
55140.27509099606
58217.279019295005
62231.982772303534
65690.41962698709
69174.50943586686
72682.81340764949
76236.94507191742
80164.91887049812
84221.26652107829
88472.16331522618
93073.82474669121
98088.72593776169
103557.57665681868
109489.54861435707
115853.34248861572
122569.91135713615
129507.84216122748
136482.46885752902
143259.66969616545
149564.94469431337
153358.4073956553
158205.00064960826
161773.57463698526
163794.69916197873
164052.1440444759
162402.47176682492
158789.35566421598
153250.9150808277
145919.17426757902
137011.6887643485
126816.29345372092
115671.56374726223
103940.33258075298
91989.780284966
80166.58706329248
68778.64104991787
58081.01455302162
48267.45086756915
39467.40295612852
31748.110987174136
25120.787212484625
19549.723015441425
14963.048183094796
11263.938926846877
8341.255253414145
6766.755435584674
4880.985836362156
3470.250815723013
2436.3148922381297
1693.8836732172476
1171.444174548204
810.9420294334819
566.6642199850611
403.66066951187577
295.9771071626229
224.9004003950235
177.34816028500745
144.47485308646813
120.52083622638344
101.8992973047282
86.4973749971569
73.1589757544816
61.3148912988707
50.72802269875696
41.3257198988066
33.358924564376
26.43021639383388
20.690020742979605
16.09049523712258
12.558118282021711
11.601183394498234
10.904381980002336
10.799588971014757
11.834786102418267
14.047475991698313
17.49874628269499
22.26444725208826
28.42113443783287
36.02776194154163
45.10465361995616
55.61181390157398
67.42909788612646
80.34103772939645
94.02910344368209
108.07376500902576
121.96787565454864
135.14164959997748
146.9979897907967
156.95534419431888
164.4938976260135
169.2000075102422
170.80357905714922
169.2036525572052
164.4788054231514
156.88087083923543
146.8126432843992
134.79231935667033
125.98374627127826
112.03249066549674
97.72836800449075
83.62264641507679
70.18340524982342
57.774221471747296
47.19969023198509
37.78215109968561
29.951208025033704
23.706906635047773
18.99644260299154
15.734484746040094
13.820345149775743
13.150255967373267
13.623923515078728
15.145420703678989
17.6192625964414
20.943126558460257
24.99908628454848
29.64539872424995
34.710796652761864
39.992895524813804
45.261744163746236
50.268790542744334
54.76068774649548
57.349059266484716
60.46169553570834
62.49485749726163
63.32839284368852
62.91187383595239
61.269087278820884
58.49544663249242
54.7486139941547
50.233549126957186
45.18391655040365
39.842167316205
34.44062336775521
29.18555547985045
24.245648594568475
19.74551735522592
15.764205522616384
12.337992884077462
9.466420601543595
7.120261285689884
5.25018875434184
3.7950959114712726
2.6893012063025514
1.8682069746900825
1.2722702833371233
0.8493811711989396
0.5558975081852401
0.4144394069173165
0.26240245525649486
0.1628709377643939
0.09910330802335846
0.05911552588921476
0.034568761102693586
0.01981686382061959
0.011136658088572057
0.0061354115505840795
0.0033136097893632054
0.0017543970214054052
0.0009105907825425819
0.0004633268517514257
0.00023111096033625198
0.00011301145489803248
5.4174291670189005e-05
2.5458503358767288e-05
1.1728469643940772e-05
5.29686225248111e-06
2.345118872585213e-06
1.0178408952791774e-06
0.011393257707668079
0.017517169871484755
0.026403261697179
0.039014176914275674
0.05651409986063779
0.07155688350860766
0.10027686527542455
0.13775867353034524
0.18552652610116332
0.24494124799451
0.31702002218755676
0.40223541876573304
0.500314142194737
8.612372845018927
12.955165460098142
19.165747662695644
27.867340026149968
39.80396961524855
55.82583162860363
76.85542584973763
107.21724628542277
142.8251062439376
186.77019615799273
614.9153686320557
871.030894114054
1219.503911405581
1686.5423968999532
2302.4420972733838
3100.715315329379
4288.157894064502
5788.81214414721
6934.487192293896
8951.657796562438
11385.35536417767
14263.003661668527
17595.19495766076
21370.861162709403
25647.543104120094
30220.62176606566
35063.22304181307
40061.997416842154
45082.24013811365
49974.137368190146
54580.611700541725
58746.14535960064
62325.77717603759
65193.53243638339
67249.58822699428
68425.64468041471
68688.1672110598
68039.37161098659
66516.01536963863
64186.21812983907
61144.65449112073
57506.54310828891
53400.90033680377
50471.0618679554
45888.266705856484
41197.01141463215
36519.825181691616
31964.99244842592
27623.39179226248
23566.679637446614
19846.76378437571
16496.670613453
13531.224290681594
10950.444979967157
8741.50540364241
6881.739708748926
5341.471508361985
4086.6575105955094
3081.227509417356
2289.04537301477
1675.4550217711346
1208.4087670672068
859.2021944549289
602.8598648879672
418.22951979471594
287.84942587372984
197.65445951675005
136.58233437803852
96.13320260014277
77.39850267444709
57.9944560459961
45.78725621769868
38.13010498581142
33.88565423820898
30.86284284644436
28.775995584260542
27.227300466374103
26.040946476201086
25.190327412634545
24.743159042281956
24.81924556591821
25.55706500953551
27.08663215787713
29.507190773224227
32.8691742174683
37.1605542308021
42.29815955915995
48.12476285363251
54.41267605523601
60.87424898369745
67.17905962519546
72.97679671673032
77.92399623686094
81.71206750377117
88.29936736098956
90.438033194743
93.08477741528841
95.37245593520966
97.81771643891695
101.10182084721123
106.03955422556304
113.52976635871397
124.48861158377468
139.76823946069067
160.0656113777825
378.946025294033
538.5759192060505
734.3059753702386
999.2041308999732
1351.3080935340574
1810.8841024780138
2399.5977881467857
3267.1241891362033
4243.1189224931695
5433.20076643241
6854.510321263968
8515.486335590542
10412.823081752937
12528.837042356497
14829.658719292216
16441.871871078667
18930.220851910282
21434.213668859626
23867.28379057652
26137.093566775337
28151.504406818956
29824.952166246883
31084.578762878868
31875.484597814404
32164.569228646804
31942.60149253511
31224.3744418695
30047.019510781276
28467.843393775256
26556.090276607818
24392.9064270193
22062.94462429594
19652.182299737782
17235.770666644414
14892.330905955367
12668.544691096522
10614.75872318607
8762.918454726901
7131.93306458647
5786.5483135811655
4637.928713779117
3998.5429988307296
3219.666354310807
2642.834861506904
2454.5013735815287
2366.1265247741917
2488.5944643717025
2799.6279472048823
3325.0955779608166
4076.75148071355
5069.219312254752
6416.876555041021
8028.277943031176
9917.911872702773
12120.046258880442
14630.219201116155
17428.909587165224
20478.807041548116
23723.25416048288
27086.241582124443
30474.212126677325
33779.74589400112
36886.974564705946
39678.34221371822
42042.12953510677
43880.02456616216
45113.98216314541
45574.08103102578
45699.554537667405
45147.22510793732
43944.35425580772
42145.741966683454
39832.045905048806
37094.81508324082
34042.4215705788
30785.93730283028
27434.557802086885
24091.223295044983
20844.275288070017
17769.555208502345
14925.36619140003
12352.595413658055
10075.22482112973
8217.215474843135
6618.286300853017
5320.331316331143
4319.177902313029
3596.5634505640223
3132.787892552938
2908.3330038863855
2971.749709691591
3206.227726141684
3642.1897043562844
4038.4972545764326
4781.23356594928
5687.3119617042275
6736.277264489818
7902.004431271021
9151.941659024651
10447.129629119627
11743.113694451962
12991.715080744807
14143.514685734073
15150.797143526552
15970.633197333107
16567.755573693285
16916.910868983767
17004.441609960053
16828.95491121747
16401.048592128
15742.173244076854
14882.793990900052
13860.069200789503
12715.282987785104
11491.258054418598
10229.943382655103
8970.326903607678
7746.77494919305
6965.478900232283
5862.327996445584
4856.894970085042
3960.2174047991953
3177.2151031075773
2507.4537407264706
1946.1114439095215
1485.0501920371967
1113.8985799758677
821.064814967599
594.617328995063
422.99258506906074
295.5125844150576
202.7153780777927
136.51831876218148
90.24459579010161
58.54857247568843
37.2752899055296
23.285510670756835
14.271386291956434
8.580699270472262
5.060812083321792
2.927707295753086
1.6611832747107866
0.924412284349849
0.6193619016186683
0.4850095679485987
0.402629459249941
0.4228683627045485
0.5222820047386002
0.6926467106814099
1.0031061658962248
1.3580642478334357
1.8128371868903799
2.3789232276654997
3.0659422557683804
3.879689794545292
4.820347902592202
5.880960848693693
7.046335846745201
8.292540035284238
9.587136134053653
13.33442877654184
16.213116603000795
19.403092956464512
23.276113319764587
28.030741496719006
33.9058658951316
41.17202363165695
51.09687289121874
62.9194553653815
76.95642537718354
87.81839023991205
106.490627663184
128.05403361681996
152.39163505064903
179.18902848217976
207.92097962983286
237.8566531048835
268.08548290325456
297.5631361532798
325.1742863017966
349.8064649082497
370.42755007837644
386.1587994547868
396.3358726611421
400.5519072156722
398.6791013132515
390.8679722647262
377.52602861684966
359.2796223320627
336.92399528513215
311.36694834127115
283.5712548514878
254.6742348535192
225.3364345124209
196.50862422735648
177.93692259420544
151.50508031424312
127.22725060741672
105.43458251536987
86.34566590703503
70.04099134599154
56.48753356956471
45.55813099189199
37.052232566952924
30.716386328144768
26.26319666762686
23.38793065627521
21.78242807509668
21.55921007830988
21.886668496993856
22.71451545683917
23.887185996211127
25.255986681126096
26.717687237379582
28.214992677195017
29.734032555052547
31.59744911083782
33.41510649301474
35.46498681376339
37.83740610135917
40.61182200532366
42.71257428947573
47.25942679276936
51.793555821366105
56.95276243895478
62.70025548579333
68.97092790635706
75.68121288388711
82.7404860764856
90.06164421200333
97.56850413424577
105.19815141696873
112.89727940237508
120.6127609452369
174.0170641382251
211.43072624253335
255.83683258817936
314.73232434366986
392.2696581472861
493.1371850004711
622.3593198086385
801.1882079872792
1017.1359435544149
1275.3060628595417
1583.634028259869
1943.739697533551
2354.59124571165
2654.7441882905973
3142.3185734566687
3660.0328955455793
4196.640858065323
4735.9891379035935
5259.946008203864
5749.517018270586
6186.113350671404
6552.839067526473
6835.657545432524
7024.313075715962
7112.918017831448
7100.162434347688
7127.733394534086
7016.774544211151
6847.868511731874
6657.315879493769
6473.230754362306
6326.320117637647
6248.480426920076
6271.0996343180595
6514.611169497532
6867.2853871754
7410.538124556385
8158.158011323457
8772.164453364228
9861.368702121355
11135.351761882208
12562.51225364614
14098.42129270964
15687.704131883598
17267.03537742023
18769.030401665408
20126.68162278603
21277.900059265503
22169.698086748092
22761.594417240383
23027.92877859486
22958.92113666693
22560.470685638382
21852.834535921516
20868.432130745965
19649.07651394342
18242.937438388723
16701.504293771006
15076.755663346108
13418.674806190931
11773.190698423532
10180.580172084783
8674.338965899045
7280.513735700583
6423.135636842115
5253.78067336112
4229.456847706188
3349.959453041046
2609.7180358814853
1998.9795630467625
1505.0547169500078
1113.5301654513928
809.3624502330238
577.7906700584704
405.03164230552403
278.74827970275345
188.30551226003678
124.84542755813845
81.22317907855084
51.84789965967766
32.46973796710231
19.94716869639403
12.019938593110854
7.104115972135043
5.283150078971411
4.112673525944729
3.946026843967928
4.5727261994046025
14.935676977303757
21.82597215017997
28.00802808270639
40.26372616075753
56.953375380424916
79.16464810312827
108.07624296674429
144.88400708492614
190.69932556293764
246.42143753640255
312.59040218454606
389.23295353485787
475.71860464728115
990.3921081121474
1363.779408934432
1806.9307854132144
2390.4370594172697
3141.9017138715017
4105.090064678782
5323.640531202364
6841.560115517755
8941.960850138235
11296.37084512675
14092.360417570291
17342.770127025145
21036.745203281185
25135.064976144353
29567.38220951108
32808.92585832001
37658.25633380067
42537.73551113541
47311.28124843678
51826.57306404377
55938.74849689743
59521.19357532514
62474.60541857105
64800.06395253871
66397.30359712493
67278.72870820662
67504.82629317442
67143.3325424496
66277.88443015318
64998.80309493602
63395.59552481181
61546.72518937163
59519.541074701396
57365.30814532527
55119.823771010924
52805.1828597404
50432.724335666324
48006.52978965023
45526.912434049955
42993.47204417144
41280.139181504805
38663.97822964573
36006.13769135133
33318.47141202886
30617.11706317043
27922.028896315536
25256.251760836225
22645.010630831057
20114.65583727118
17691.489351007276
15400.505051308637
13264.100615286201
11452.446252632566
9777.142760121606
8324.329273865385
7122.64936760934
6185.235630650099
5522.5467204802635
5142.630461704048
5051.146853730513
5314.020574333863
5863.848219727102
6701.3305067412375
7836.2696956168775
9254.08994694169
10930.03289956805
12173.169375707557
14191.696693263106
16342.681078893129
18557.23241857986
20757.866027206634
22862.432480818683
24788.929554220762
26460.681106568543
27811.295047675572
28789.19669144798
29359.368026870703
29506.317103616955
29233.20123943875
28560.471351982447
27523.380229652976
26168.788105050193
24551.690674331203
22731.947867253453
20770.720040513854
18728.234391692724
16661.411007090806
14621.99404542813
12655.195226390224
10798.673046196118
9082.139026312652
7526.151827347359
6584.652594994265
5320.510349222418
4233.410084978662
3316.8381869604787
2559.2298907309623
1945.3845708375386
1457.8896069606092
1078.4406101392353
788.9682522157481
572.5142342056007
413.8343835099933
299.7392437081449
219.20728513576702
163.32079738191044
125.07963725590574
99.14499300178262
81.55680197310953
69.45721483685313
60.84093991409013
54.34313512612167
49.06767802256883
44.45339583168527
40.17294932288646
36.058031925168194
32.04477136798863
29.424476791994152
26.193780182459196
22.85065043779121
19.867929745318882
17.337809133950998
15.34774536691572
13.975664424720772
13.286528501763284
13.3294189019065
14.134472431140868
15.709285324379497
18.034757983132486
21.06075128967516
24.70229068439772
50.89450731544872
69.47632111793298
91.6334321227798
120.66000230366397
158.3101177956704
206.57703876200523
267.6024234592157
343.5264522943825
444.2315357687615
562.6169868316263
700.2525902792518
859.5767561435578
977.4992617135794
1170.4915899021792
1379.856795221163
1600.9012034301938
1827.5733726601359
2052.748688941553
2268.64604775685
2467.337743809021
2641.2980352776003
2783.9284492572797
2890.0005459643867
2955.969276917825
2980.129868467241
2962.6143608313264
2905.2459123387134
2811.2855873854674
2685.114885190531
2532.0287459917677
2357.4537411313268
2167.2738398465513
1967.22218027119
1762.7742166090204
1558.9962708434853
1360.424933137752
1170.9703335878808
993.8406439995473
883.845097347701
732.325091837754
597.9447832433093
481.1165297272818
381.5751459603648
298.4776408783206
230.52675666462304
177.09791958127684
134.94141190974312
102.90514478313796
79.27243762838766
62.87582937222422
51.774874465871456
45.12263770025373
42.0581022160578
41.93994229330112
44.41315472651078
49.00798716883735
55.56373183342163
63.89136744031173
73.79279542582265
132.8646169488167
175.5759771828751
226.34087940238751
292.30931472214644
377.0416977930718
446.0493565277492
571.6387633788943
727.7109199466506
918.430519903488
1172.8992156815266
1454.744771043906
1782.66689047308
2154.4373863417477
2566.675930635083
3012.4216280177698
3481.6264013627206
3961.4657495769575
4436.963403655926
4891.886643042902
5309.825540475542
5675.337188625783
5975.022169709808
6198.408824716271
6338.550306063805
6392.284355348377
6360.157174164489
6246.060257045691
6056.6634230070595
5801.15460323614
5489.124151150045
5255.278146866976
4874.148708986366
4466.603327412562
4043.591460324071
3615.4795865412266
3191.843792029353
2781.2849560187547
2391.262735997777
2027.9042833112433
1695.9112299696578
1398.4526196856355
1137.1573711719157
912.1833090138701
722.3687278930164
565.454691962438
438.3563603014737
337.45599250043557
258.88958157308116
198.80276156579302
153.5584045554365
119.88647260890205
95.33445944882689
77.09594303113006
63.52632029535926
53.29613659138947
45.435835067084774
41.17900000348339
35.94035139903638
31.835777550982577
28.71103922430093
26.63416236838665
25.41324765230923
25.03391228733408
25.4992175359103
26.750158291310864
28.695957037107462
31.213794092867282
34.15302260025458
37.34275576196823
40.608088919174044
43.75905282609193
46.892733476306034
49.478264931735886
51.5825282584597
53.14374802368944
54.14079625331646
54.59162359328746
54.548476354319405
54.09052966686583
53.31477458752169
52.326075444529735
51.22727825949331
50.47959139576616
49.60060703704532
48.80480079226763
48.1771583051645
47.741231409269666
47.526863560094
47.51919089781655
47.689072874469964
47.998990885382256
48.40914722049555
48.882831914498766
49.559780180170186
50.16678967876893
50.80898701261395
51.487707259767404
52.204859849950005
52.95683337733735
53.728847537622954
54.49098853096475
55.196871615463344
55.78537668454259
56.18530507070914
56.3222387205338
56.12646981782147
55.540695642511025
54.91352020031517
53.60292041376727
51.85011250494387
49.677941798859216
47.12934026057038
44.262757295168974
41.14684324254659
37.85519878040873
34.4618058067116
31.037481031089666
27.647419151956196
25.083209343009877
22.31219389102961
19.893141825012638
17.914982861185393
16.468404893425493
15.64434457402879
15.530916973593955
16.2085846134454
17.743550571126693
20.179611748762888
23.52902254458341
27.76326541648779
32.804944119589855
38.522228139452636
44.85722745402937
49.19018141830332
55.73821560987636
67.6236553448427
76.43009393596721
85.7682793700807
95.84235024470078
107.01040315856888
119.79467326255116
134.870642483833
153.03028479679662
175.1172920344012
201.9357865725847
234.13836742418718
272.10379417642497
315.81846711114736
365.5041730388314
419.03162474669983
475.29735877622505
532.2330966672168
587.3906650420355
638.1152408849877
681.7592431003949
715.9137687546029
738.6300538365113
748.6030469334912
745.2931947467144
735.807919369953
711.3445546386241
675.9764262666536
631.7409834403715
581.0165331955842
526.3026696150199
470.01097753748843
414.289658612351
360.89858268231586
311.1423653082681
265.86011720438336
225.46302512722403
