a = [5.11279354] b = [5.11279354] c = [17.49094276] ,Gaussian ,LMH = [0.19094608] ,DW = [1.44685156]
0.0
0.0
0.0
0.0
0.0
0.0
0.0
0.0
0.0
0.0
0.0
0.0
0.0
0.0
0.0
0.0
0.0
0.0
0.0
0.0
0.0
0.0
0.0
0.0
0.0
0.0
0.0
0.0
0.0
0.0
0.0
0.0
0.0
0.0
0.0
0.0
0.0
0.0
0.0
0.0
0.0
0.0
0.0
0.0
0.0
0.0
0.0
0.0
0.0
0.0
0.0
0.0
0.0
0.0
0.0
0.0
0.0
0.0
0.0
0.0
0.0
0.0
0.0
0.0
0.0
0.0
0.0
0.0
0.0
0.0
0.0
0.0
0.0
0.0
0.0
0.0
0.0
0.0
0.0
0.0
0.0
0.0
0.0
0.0
0.0
0.0
0.0
0.0
0.0
0.0
0.0
0.0
0.0
0.0
0.0
0.0
0.0
0.0
0.0
0.0
0.0
0.0
0.0
0.0
0.0
0.0
0.0
0.0
0.0
0.0
0.0
0.0
0.0
0.0
0.0
0.0
0.0
0.0
0.0
0.0
0.0
0.0
0.0
0.0
0.0
0.0
0.0
0.0
0.0
0.0
0.0
0.0
0.0
0.0
0.0
0.0
0.0
0.0
0.0
0.0
0.0
0.0
0.0
0.0
0.0
0.0
0.0
0.0
0.0
0.0
0.0
0.0
0.0
0.0
0.0
0.0
0.0
0.0
0.0
0.0
0.0
1.1933945256245343e-28
2.715372413674415e-28
5.753639277798366e-28
1.1353342200261115e-27
2.08628047863713e-27
3.570175203919924e-27
5.689501719149307e-27
7.461271637554354e-27
1.0559515762017774e-26
1.3916916544385567e-26
1.708086702523779e-26
1.952291525903283e-26
2.0780083835439935e-26
2.0597655498982103e-26
1.901324102714149e-26
1.6344151748948247e-26
1.3083878025741037e-26
9.753903538740093e-27
6.771553196062838e-27
4.377901655934958e-27
2.6357946797911503e-27
1.4778318470992221e-27
7.716250786897817e-28
3.751936814275104e-28
1.698918580849814e-28
7.164031473905489e-29
2.813262601170152e-29
1.0287999374612555e-29
3.503639824875208e-30
1.1111580780293548e-30
3.2817093187392394e-31
9.025935825004459e-32
9.8102028999202e-28
2.525628734955728e-26
7.913913883630602e-26
1.7111848110742888e-25
3.4490014134582454e-25
6.480008434620037e-25
1.1348524644068862e-24
1.8526000843793143e-24
2.819032109107593e-24
3.998460352912877e-24
5.286387493969692e-24
6.514756239621681e-24
7.48359594004537e-24
8.01301305856316e-24
7.997520980571367e-24
7.440288902099388e-24
6.452084640285727e-24
5.215394538066394e-24
3.929634049475622e-24
2.7599152353007947e-24
1.806836144599773e-24
1.1026092933308115e-24
6.271978427906969e-25
3.3255794723981456e-25
1.6436503326118402e-25
7.572336430323527e-26
4.3439659143604946e-26
1.7800579051398627e-26
6.799162229066143e-27
2.4207365065285764e-27
8.033545509748993e-28
2.4850257088919244e-28
7.164966424945411e-29
1.925539062243341e-29
4.823254438709891e-30
1.126087070149487e-30
2.4504259098458277e-31
4.969839979974414e-32
9.394366211945736e-33
1.65504374821014e-33
2.717444680004002e-34
4.1582751238902397e-35
5.930055745378638e-36
7.881137918581529e-37
9.761016259183665e-38
1.1265962759556458e-38
1.211713223119261e-39
1.2144528476429514e-40
1.1342315105616266e-41
9.870836332132405e-43
8.004392035735751e-44
6.048057600765744e-45
1.0393336323660243e-45
6.980363670213936e-47
4.368081347036955e-48
2.5467385636584884e-49
1.383408749903159e-50
7.001335215540027e-52
3.3011655003841884e-53
1.450113052266634e-54
5.9344002031853255e-56
2.2624796660807917e-57
8.035596494431402e-59
2.65870443447182e-60
8.194711178024465e-62
2.3528935238962046e-63
6.293171091081056e-65
1.5679188429275515e-66
3.4026179075143903e-68
0.0
0.0
0.0
0.0
0.0
0.0
0.0
0.0
0.0
0.0
0.0
0.0
0.0
0.0
0.0
0.0
0.0
0.0
0.0
0.0
0.0
0.0
0.0
0.0
0.0
0.0
0.0
0.0
0.0
0.0
0.0
0.0
0.0
0.0
0.0
0.0
0.0
0.0
0.0
0.0
0.0
0.0
0.0
0.0
0.0
0.0
0.0
0.0
0.0
0.0
0.0
0.0
0.0
0.0
3.3651842426104413e-28
7.546361975584466e-28
1.5759204393004586e-27
3.0647765221632794e-27
5.5504884663081956e-27
9.36119874462038e-27
1.2749127246504628e-26
1.9095329849902778e-26
2.6634327914391415e-26
3.4595864596856536e-26
4.184798040586073e-26
4.714033748175152e-26
4.945141690374665e-26
4.830951314282983e-26
4.394955179852005e-26
3.723437847134326e-26
2.9376607176800003e-26
2.158375644385255e-26
1.4767952816119183e-26
9.409822454990375e-27
5.5835502758648386e-27
3.085370348396891e-27
1.5877131457452452e-27
7.608598169329482e-28
3.395510868720608e-28
1.4111509423828632e-28
5.461471654687838e-29
1.968401859028196e-29
6.606717207278052e-30
2.0650260645205842e-30
6.010813127354428e-31
1.6293289849900862e-31
6.559558922879465e-32
1.579052765610328e-32
3.539863506201935e-33
7.389996943560195e-34
1.4367124984854153e-34
2.601137735850139e-35
4.385556374770417e-36
6.885792244656988e-37
1.0068180688655124e-37
1.3709321317699772e-38
1.738396258774005e-39
2.052813383703769e-40
2.257449433797976e-41
2.3118223616123537e-42
2.204746988701338e-43
1.9580822234245333e-44
2.2034215440582088e-27
4.84299867591294e-27
1.034631883320716e-25
2.628802764788165e-25
5.381431980117501e-25
1.0284445591121894e-24
1.834728288956713e-24
3.055215022448761e-24
4.748630111844577e-24
6.888652354367374e-24
8.495594613959279e-24
1.0984991936378257e-23
1.3256246549732714e-23
1.4929766561414098e-23
1.5692637408512684e-23
1.5393934497090612e-23
1.409338002190342e-23
1.204186466923996e-23
9.602541148760217e-24
7.146482736979233e-24
4.963759972231717e-24
3.217645662055116e-24
1.9465671877629435e-24
1.0989976261107805e-24
5.790422865979736e-25
2.847065450992993e-25
1.306300826024879e-25
5.592808891244346e-26
2.2342813166228043e-26
8.328075848870402e-27
2.8961847358183404e-27
9.396295331187048e-28
2.8438610664147176e-28
8.02883739942961e-29
2.114266801388455e-29
8.356372283185016e-30
1.9591233981077322e-30
4.283380514286195e-31
8.732957541570738e-32
1.6601795093672102e-32
2.9426414694436226e-33
4.862710724943493e-34
7.491162597443355e-35
1.0757751564819494e-35
1.4400184755454596e-36
1.7966468062035653e-37
2.0892017992130756e-38
2.2641083830741323e-39
2.286601393503072e-40
2.1519819731056827e-41
1.8872150209697256e-42
1.5421250245988466e-43
1.1741274387773183e-44
8.328973383443133e-46
5.504685518162777e-47
3.3894061714550337e-48
1.9442452481794075e-49
1.0389676368612158e-50
5.172073138365209e-52
2.398434909159142e-53
1.0360522097875681e-54
1.226204713605148e-55
4.7059437789809815e-57
1.6822760258138245e-58
5.601532848824279e-60
1.7372749759193365e-61
5.018521338965927e-63
1.3502755519076337e-64
3.383788364428542e-66
7.779096735126242e-68
0.0
0.0
0.0
0.0
0.0
0.0
0.0
0.0
0.0
0.0
0.0
0.0
0.0
0.0
0.0
0.0
0.0
0.0
0.0
0.0
0.0
0.0
0.0
0.0
0.0
0.0
0.0
0.0
0.0
0.0
1.985076115471584e-29
4.4119568388733867e-29
9.131733216910081e-29
1.7601231041646944e-28
3.159371826246605e-28
5.281123296940387e-28
8.220907120715923e-28
1.1917387061964542e-27
1.863038302076707e-27
2.5740698456612206e-27
3.4820942804006724e-27
4.677835784803969e-27
5.699294578122532e-27
7.675536855355452e-27
1.02774201369002e-26
1.3493430647126364e-26
1.7114121516478682e-26
2.0709351590974774e-26
2.3694362381992426e-26
2.5480247069367182e-26
2.56763059665622e-26
2.417834711203014e-26
2.126766208609771e-26
1.7486673675115024e-26
1.3477775398101165e-26
9.805553155792065e-27
6.835615306732895e-27
4.6991171032306134e-27
3.331715366011793e-27
2.5520001230343048e-27
2.1429803418724076e-27
1.9130567241953304e-27
1.728430326615511e-27
1.5197805268585137e-27
1.2710961375461747e-27
9.996764746132967e-28
7.353550372209289e-28
5.047079148221933e-28
3.776641733067764e-28
2.3045580871024554e-28
1.309880508347396e-28
6.934019509015972e-29
3.418413241392915e-29
1.5694228244832884e-29
6.710065633143713e-30
2.6716711127991443e-30
9.90621555013249e-31
3.4205876383316555e-31
1.099921449194123e-31
3.293749353382557e-32
9.185172517546621e-33
2.3853492114404505e-33
5.768786843170836e-34
1.2992265500361117e-34
2.724916203382333e-35
5.3221766466255176e-36
9.680399653179195e-37
1.6397028768713991e-37
2.586454831788722e-38
3.7993780309564874e-39
5.197422048939645e-40
6.62111804020714e-41
7.854934087856824e-42
7.38930311463779e-29
1.2678176626594033e-28
2.685097100318377e-28
3.750504470717927e-27
8.075203223202787e-27
1.8910175788090807e-26
3.627787166206358e-26
6.511673494380011e-26
1.09332329913002e-25
1.729572214677896e-25
2.5489221257537617e-25
3.7874972313462222e-25
24.53294541867374
53.055120576560356
106.84957223173983
200.39465719520132
349.99944666329395
569.2675727166458
862.2503957854834
1216.237046125036
1597.6105572044182
1954.301135846373
2226.280671604602
2361.762463356503
2333.245219013917
2146.606410670923
1951.7728068656752
1594.6587054999995
1213.3164953536252
859.7027670234485
567.2707827128212
348.5783226241879
199.4702832290424
106.29770831362512
52.75182238970716
24.379169238536225
10.492239744633025
4.205187623341403
1.5695328803042656
0.5455358901390488
0.17658105434069532
0.053227093552513934
0.014941330339169343
0.0039058328324746267
0.0009508366308911855
0.0002155589333755117
4.5508656662832344e-05
8.94725623175202e-06
1.6381497592105275e-06
2.793091727083162e-07
4.434908492809261e-08
6.557706825088468e-09
1.7625672720416034e-09
2.314512246376904e-10
2.8303564485496704e-11
3.2232252137422793e-12
3.4182831877245046e-13
3.3759289279429876e-14
3.1048914378202787e-15
2.6593004869568047e-16
2.1210762207702197e-17
1.5754804045052933e-18
1.0897769184809576e-19
7.019886225545912e-21
4.2110501172571e-22
2.3524403262211023e-23
1.2238119504016826e-24
5.928961531226728e-26
2.6749178202301027e-27
1.123854591372814e-28
4.397214718898741e-30
1.6021865829982296e-31
5.4364622510214895e-33
1.7178590680313876e-34
5.055062802622503e-36
1.3852668717911492e-37
3.535152969427558e-39
8.401384185948884e-41
6.67515601654891e-42
1.2457235641762563e-50
6.774111186419732e-52
3.4310355933489188e-53
1.6185756256503024e-54
114.81912884259833
250.2313760560817
507.85197946590563
6027.988009848872
13611.623601241155
27723.313469269855
51784.424444525415
90587.95840713322
148354.89583869
227390.7475352676
326134.1364800283
437638.0093987835
549410.4362883474
645252.5713558379
708951.3441193086
728735.3433449428
700822.442361387
630593.7775747246
530897.0287679842
418213.9088762031
308257.21448529273
242405.95059269492
159919.44561075975
98701.34618869828
56985.011678704745
30771.815711399973
15539.178737652059
7336.7384459422765
3238.08016757021
1335.62750389446
514.7496864331686
185.31807511940954
62.30866236599946
19.560847976669358
5.732422035156723
1.5678573203893647
0.40013297075383564
0.0952683111851716
0.02115736373089966
0.0043819971521271315
0.0008462806945288534
0.00015238024249948038
2.5577633500374204e-05
4.001845798767814e-06
5.835584355983931e-07
7.930355206989456e-08
2.0156033184909945e-08
2.4350626054591386e-09
2.7410257442782476e-10
2.874669807139559e-11
2.808740360435054e-12
2.5566045224807884e-13
2.1678327452999425e-14
1.712309647002841e-15
1.2598507116923107e-16
8.634232407213832e-18
5.511697225222891e-19
3.2771352000633605e-20
1.814856686931669e-21
9.360992407449027e-23
4.497037864585391e-24
2.0121048207852123e-25
8.384729920952504e-27
3.2541502736263743e-28
1.1762302724420252e-29
3.959587743706637e-31
1.2413879543647958e-32
3.624619748053017e-34
9.856267976599966e-36
2.4960639876483323e-37
5.878700596565631e-39
4.900398286689509e-41
1.0469549552608168e-52
5.413614274742296e-54
2.6068406783447846e-55
1.1689866157054197e-56
4.881715401135374e-58
1.8984678364485568e-59
6.87546220986883e-61
2.3188274005525222e-62
7.282874339099661e-64
2.1301249449279887e-65
5.801966388643454e-67
1.4716793889691296e-68
3.476314623003778e-70
0.0
0.0
0.0
0.0
0.0
0.0
0.0
3.358089649788265e-28
7.4307428446988005e-28
1.5312286502454969e-27
1.4542582154180094e-26
3.1385122054405047e-26
6.884373865682084e-26
1.073422687710247e-25
1.9870416454549783e-25
3.4434148903948394e-25
5.594045600340846e-25
8.657102345548769e-25
1.2501596352200198e-24
1.7037935047612294e-24
2.1968577382123273e-24
2.6917383791036555e-24
3.1584180668497955e-24
3.5782133514391205e-24
3.947872836817549e-24
4.272618238439157e-24
4.552764196878375e-24
4.77153951455843e-24
4.892249504379758e-24
4.868306901279323e-24
4.6623708165536144e-24
159.9344668967077
361.77461857653736
762.0825024161635
1494.9743965723524
2731.0734993481205
4646.231984002038
7360.990559617879
9615.576420055486
13528.733514040674
17725.840182405023
21628.39961386021
24575.92141498441
26005.3739264064
25626.203148179127
23516.533015109846
20096.951958996993
15993.921577463172
11853.527150118894
8181.032237507171
5258.192458109315
3147.260712950167
1754.2715966328872
910.6024442895074
440.1783319792131
198.15104984820238
83.06765751433724
32.429139006846555
11.789808247027612
3.991590071206494
1.2584993465315664
0.36951146990687983
0.10103473851516147
0.02572654043346626
0.009934301024521718
0.0022464379652820748
0.00047306347033539164
9.277100583290032e-05
1.6942324119260017e-05
2.8813868851194577e-06
4.563499770674262e-07
6.730732948648673e-08
9.244736879633857e-09
1.1824822188296066e-09
1.408518487051107e-10
1.562422026550002e-11
1.6139943975467705e-12
1.552649978257391e-13
1.3909546443014579e-14
1.1604334658215919e-15
9.015615668868788e-17
6.522865192321749e-18
4.394902908518635e-19
2.7575794623185583e-20
1.6112935007369659e-21
8.767769894398589e-23
4.442950761490273e-24
2.0966296622255255e-25
9.213822040705334e-27
3.7707330082358946e-28
4.3042607603700814e-29
3.221446183788908
7.340154012801449
15.57497409685657
30.77636771682007
56.63374228751055
97.05122618630135
154.87975825793157
230.1739475543787
318.55581609259724
410.5658095225525
492.7741188353376
550.7834330608255
573.299702031244
555.7128407845748
501.63406023881913
421.688221135274
330.1138854445657
240.66003914970065
163.38494732784824
103.29706227707356
60.81794861563786
33.34597596483072
17.026405289619177
8.095997581721544
3.584970953821245
2.001910411319744
0.7872385586194932
0.28829422674849786
0.09831808300733175
0.031224732571175553
0.009234894140657568
0.002543507275263806
1398.3819021870706
3016.655630815552
6060.294170641819
39699.88467593312
90630.14735115238
181763.08739795673
369371.4848487781
665230.6717212723
1126486.4559219785
1791862.2328851835
2675421.3850647984
3747753.5718160486
4923915.295169148
6066708.082996177
7009673.430538961
7595989.057451274
7721055.908572216
7362877.8733061645
6885379.067368101
5905236.255471452
4752911.15192316
3589996.09252219
2544493.1115489947
1692012.2096873205
1055321.4295469203
617156.965206649
338266.6720202379
173691.40760448395
83510.90960532718
37578.43431050195
15817.966057620763
6225.45898547131
2289.832069339389
786.7983532355313
252.45376695501358
75.61461512627562
21.134786899375637
5.51107603214818
1.34033714216934
0.3039743972938951
0.06427227941337738
0.012667869725827117
0.002327104527451754
0.00039839001854636506
0.00011810552037636751
1.7973552671096275e-05
2.5484316094017196e-06
3.3663420761733453e-07
4.142523619806067e-08
4.748673013580938e-09
5.070634554119054e-10
5.0433616824853e-11
4.6723243422575855e-12
4.031718475494217e-13
3.2402813231490934e-14
2.4255091158518743e-15
1.6910028932468583e-16
1.0979981802050715e-17
6.640031821784257e-19
3.739780692705021e-20
1.961671656533364e-21
9.5831435740887e-23
4.3600241010592585e-24
1.8474261659039498e-25
7.290226008668339e-27
2.6792254015935787e-28
25.612906219208178
56.11703215098004
114.49813121583493
217.55545180781516
1117.6067832489255
2325.2966321374142
4570.391120273808
9048.890895425606
16022.894178747025
26713.699562477515
41883.28036930775
61697.03150073821
85337.17373323765
110792.63831702681
134997.41570638595
154382.58024021113
165728.23668342113
167038.164624974
158109.8437592846
140577.96959912629
117423.11644424932
92148.79249867014
67935.65475049497
47043.27320979547
30588.42304752284
18668.03446929889
10688.253623531231
5737.716776304505
2886.269522776276
1760.2946519728453
793.4837699288591
334.6260968550686
131.94966872520712
48.62491612083117
16.73812531261901
5.379828389623755
17.862447104477965
37.693686914448804
79.60899577036086
158.03416157215466
292.484891585077
504.1787363326352
809.3585005788381
1209.9463743498582
1684.4545356612434
2183.8376407283936
2636.630497714146
2964.463204026499
3103.921475068714
3026.517963354339
2748.1703827143815
2323.8704978040405
1829.9872284597163
1341.9986030670289
916.4819951798391
683.1572302987242
414.3229503343429
234.00502348870128
123.07766250275733
60.283875881803915
27.497357695896554
11.680155590343793
4.620342405351565
1.7020313836228482
0.5838870385234237
0.18653398751494943
0.05549514397206337
0.015375167627124455
0.003966912352039649
0.0009531323701076681
0.0002132660386722009
4.443836316334068e-05
8.623077197982077e-06
1.5582400525176447e-06
2.6222513688973534e-07
4.109435299582817e-08
5.99732856180793e-09
8.150821941731525e-10
1.0316035744518744e-10
1.2158839882127007e-11
1.3345637036271884e-12
2.940714783651416e-13
2.866464202144494e-14
2.602004296236997e-15
2.1995678908895254e-16
1.7315485600909867e-17
1.2694064476063804e-18
8.666515817297058e-20
5.5115464068274335e-21
3.274642216201547e-22
1.8814107503640147e-23
1.4391163368573606e-24
3.4641450186367664e-25
1.6914588171393476e-25
8.783062325178822e-26
4.431182801848826e-26
2.221099389831996e-26
1.1800659685711262e-26
7.349674612566594e-27
5.7473501335513304e-27
5.403932729506962e-27
5.515747586454259e-27
5.659264760122712e-27
5.60873406953176e-27
5.270059263228233e-27
4.6534299457349245e-27
4.128278076353002e-27
3.258438942026885e-27
2.398968752034348e-27
1.646205000958116e-27
1.0524760685512726e-27
6.267812515362802e-28
3.4765239238821694e-28
1.7958627888799774e-28
8.639437419300292e-29
3.8705660868630623e-29
1.614864607730567e-29
6.2743414784845206e-30
2.2702276752879204e-30
7.649609618538947e-31
2.4003655749553636e-31
7.014287850155294e-32
1.9087882790093217e-32
4.837264813698397e-33
1.1415892428340127e-33
2.50892545707228e-34
5.134918161791749e-35
9.786945462491477e-36
1.7371154438122636e-36
2.8712966526944122e-37
4.4197257065586177e-38
6.33549334610925e-39
1.667961427198287e-39
2.1233303769227128e-40
2.517195876036889e-41
2.778972946566988e-42
2.857060881869551e-43
20.154638893150235
46.40310173722288
99.49170413614196
198.65275704807058
369.37729174531347
639.6076615160833
1031.394925903892
1548.8315702542234
2165.964144295231
2820.760427182997
3420.9679872071692
3863.6669838819003
4192.072939775291
4263.160673053536
4211.129040156714
4193.52530426898
7290.164969939831
12299.875518866305
21745.643554102142
40129.787253755705
71093.84533148193
100886.973357973
163122.5247426253
249045.77016788855
358165.87033710006
484605.9876173067
616517.7147884914
737394.7779057644
829333.3181134404
877389.8990473142
873555.3542486756
818884.0792115212
723024.4175948323
601424.874399438
471325.8553203305
347928.5430325685
241829.7444836207
158167.43903785892
97270.59233365674
56198.75830515391
30475.617237720977
15497.277245978139
7383.202239110585
3292.7197484209605
1373.5735802636548
535.5979163757719
195.09907468665855
95.7912013377869
31.115356978539506
9.430316317026048
2.6658538806036853
0.7027248049469654
0.17269265738727285
0.039556721766592653
0.008444177155463448
0.001679693214026822
0.0003113101181361312
5.375396507441929e-05
8.646731332920121e-06
1.2956670074122168e-06
1.8084860398985154e-07
2.351263598547898e-08
2.847337727919363e-09
3.2115723801402555e-10
3.373875723432122e-11
3.301157703931032e-12
3.0083183283857355e-13
2.5532727044786124e-14
2.018287085177834e-15
1.4858608318210407e-16
1.018780156872164e-17
6.505612093936029e-19
9.990698685451605e-20
5.666589016214048e-21
2.9957335716840473e-22
1.5106151333866866e-23
1.1997908498692236e-24
7.090408657510262e-25
8.38792169813202e-25
9.700607588077986e-25
1.0663113415284606e-24
1.1244258122998674e-24
1.1455397458204231e-24
1.1476928670914648e-24
1.1526302991664553e-24
1.1800903688234403e-24
1.2403748172991173e-24
1.3295309821167479e-24
1.4296085897082157e-24
1.5135910036823215e-24
1.5536765932530316e-24
1.5297728608562792e-24
1.4353803527594384e-24
1.2784381401186194e-24
1.0786563677795411e-24
8.613000947534872e-25
6.508125175205004e-25
4.6586301230762955e-25
3.6227613494626324e-25
2.391532853720088e-25
1.5257274923104974e-25
9.627844588590938e-26
6.229618340259655e-26
4.296889441459124e-26
3.214044635114486e-26
2.5559352735492726e-26
2.0738383512680768e-26
1.6529672798456865e-26
1.2623846625505173e-26
9.110266733733704e-27
14.536765158552267
33.29232056318137
71.00488519916978
141.0263481800252
260.8435843824257
449.29121548224356
720.6818156107391
1076.5323110869297
1497.5400408170347
1939.9819354227875
2340.3714807373653
2629.297795352592
2750.8228674663305
2680.1144688197137
2531.7994674151305
2409.7573657513653
2236.614637705793
2269.232867231567
2688.387973289514
3665.5662293433634
13753.575402853749
25878.057804959157
47187.31899563345
85718.65305739551
143786.28859846407
228580.2071274707
343345.6380950995
486312.21524166537
648727.6336242451
814588.7167436954
962806.5314864648
1071590.724480539
1123776.4192934209
1111245.1938333595
1036869.7995995978
913402.5144170878
759895.4722693441
597024.0823457163
442814.4859943981
351298.04712322616
236329.68172916028
149739.53809252102
89250.58860656018
49980.714293813704
26265.18637741382
12937.389756159984
5966.891756076481
2574.4526440593067
1038.2721982152443
391.1413404946145
137.5646748625108
45.14688831244103
13.820699695270573
3.945283339099237
1.0499360824545267
0.26043293327617384
0.06020140932827398
0.012966973707194306
0.0026022364504276604
0.0004865138021203393
8.473354052410454e-05
1.3746897614382764e-05
2.077424594115594e-06
2.924171694240422e-07
3.833771896207484e-08
9.511073072880118e-09
1.107670213920101e-09
1.2014827434928386e-10
1.213796807864638e-11
1.1420684513378505e-12
1.0008132828999618e-13
8.16820239330499e-15
6.208842475208485e-16
4.395457906123528e-17
2.8980499226260836e-18
1.779569764696335e-19
1.0177261986756967e-20
5.420673078050529e-22
2.6889439117428334e-23
1.2422784187866024e-24
5.345489458350684e-26
2.1432960360888133e-27
8.038205172199575e-29
2.9102869882679843e-30
1.2631658464845123e-31
1.2057905387479115e-32
2.3125587442155342e-33
5.003465361213811e-34
1.034663473232469e-34
1.9986908931505173e-35
3.5968091801981434e-36
1.1020399900537518e-36
1.1977283379207338e-29
2.667971525284991e-29
5.534417648044202e-29
1.0691300539011546e-28
2.4919719658779907e-28
7.769085391466978e-28
1.5791528182429363e-27
2.9855778763697315e-27
5.3917887561237626e-27
9.512899917698879e-27
1.9267533373578708e-26
3.229636255070425e-26
5.20444010416256e-26
8.147477546581471e-26
1.2252506561882555e-25
1.7670264083636226e-25
2.447997655316893e-25
3.2528138439452825e-25
4.1346577349227215e-25
5.012986825757e-25
5.789884294103153e-25
6.362762537980069e-25
6.651967805368591e-25
6.697541456805163e-25
9.475216995159288
16.086888431749532
33.536644056634536
65.10809999369862
117.71134194114761
198.1844010467382
310.73379909309625
453.7069060470934
616.9218518949945
781.1830041902654
921.1774266042852
1037.428055454723
1091.732442474
1103.2467865224417
1100.4829495960425
1127.1818030589536
1230.5406206111704
1445.3709611355862
1778.781765113239
2200.8536324858137
2646.032427972997
3129.3002124895634
3485.654990781664
3752.29647692485
3991.006991617614
4327.4473997496025
4683.706376809496
9943.96820446028
16535.79717183526
28449.134424123662
49596.5444146061
83240.00289596028
132955.36787292178
201748.63607132417
289578.2477539652
392205.8455149691
500674.37090328714
602269.7055729793
682981.6367419593
730781.217910747
738608.8065546353
705941.7853230648
638670.3244914999
547297.551854649
444348.07846406585
341767.51477950235
248954.5067817546
171734.85274679438
112286.3064713681
69802.9924167136
41564.649635820286
24056.106613680276
16635.070231730162
9719.956977019554
5932.771686787224
3819.5095112367117
2551.221500255541
1713.4065792471495
1123.07307003212
703.6492746414384
416.2453027043646
230.92731803665785
119.73443886235094
57.91743924260421
26.113043937637013
10.969040673069694
4.291857175157435
1.5640065309757294
0.5307917401157316
0.1677605497964174
0.049377547120787554
0.013534434517090388
0.0034547778052659763
0.0008212374834499334
0.00018179655939237557
3.747750039247928e-05
7.1948797589718e-06
1.2863062520269516e-06
3.9238021810503586e-07
6.229804605318646e-08
9.211060248766206e-09
1.2682728426862323e-09
1.62623623572899e-10
1.9418802471461906e-11
2.1593802434020372e-12
2.2361641057880453e-13
2.156483250246347e-14
1.9366733448342116e-15
1.6196998058699788e-16
1.261480548733172e-17
9.149440987586584e-19
6.179863109380493e-20
3.8876623144636885e-21
2.284861571114138e-22
1.3494054104010693e-23
2.0030778026948695e-24
1.6892142654922992e-24
1.8995492067803796e-24
2.054572716981777e-24
2.1053456114955418e-24
2.0445256496897177e-24
1.8832814183582733e-24
1.6465467467699425e-24
1.4626529857767774e-24
1.1724612870129097e-24
8.914054249409293e-25
6.419761910633096e-25
4.372266259875772e-25
2.810720648279638e-25
1.7021774951875297e-25
9.69285827012795e-26
5.180992341843586e-26
2.5955773476248535e-26
1.2171922074321621e-26
5.337376763236187e-27
2.1865808034562224e-27
8.363193891014627e-28
2.984765445222872e-28
9.935579967410167e-29
3.0837268038204406e-29
8.921657810534816e-30
2.4055546664758358e-30
6.043909450016074e-31
1.4148236689784125e-31
3.085524175277665e-32
6.268559327123389e-33
1.1863031275887063e-33
2.0911982898883353e-34
3.4336260709755527e-35
9.89734594580589e-36
1.4436178843902007e-36
1.961200705395433e-37
2.4815512733158046e-38
2.9245040053279797e-39
3.210008482013842e-40
3.2815804646962257e-41
3.124505578673388e-42
2.770765486026451e-43
2.2884298432592577e-44
1.760330377585813e-45
1.2611567301286676e-46
8.415151057733894e-48
5.2296487592106196e-49
3.026918455587975e-50
1.6317229158297577e-51
8.192369426059686e-53
3.830804820089104e-54
1.6683527387550604e-55
6.767107460691157e-57
2.5564399654337384e-58
34.005274586521594
76.25822221855054
159.2556817732355
309.7212928482587
560.9382560235276
801.1119440991677
1288.4977103284225
4034.771434959819
7235.495818501267
12631.20256535662
21333.464289832747
35677.589347877896
55789.89682830695
83054.60070206285
116901.04977915647
155420.44981967646
195024.91617491486
231059.3436160505
258791.31435193034
280171.090662881
288764.5983856091
289911.29653753276
289424.16035997984
297790.1656014624
320437.5353365626
365305.6497128901
434927.37633837305
525810.1356493344
628047.2266583635
726888.4729976318
782792.6154034833
840836.5826033822
859200.0449449134
834599.4181407558
770853.9105984129
677255.2659203471
566031.3110028245
449770.1080714025
339366.1930053046
242716.25905855108
164191.56472620476
104817.58112472197
63005.814808660216
35587.86315805576
18854.754581735
9440.296654160684
4536.115115411297
2296.5057091178023
1583.2944776031138
1806.3511774768708
2717.37523322962
4230.786134841065
12177.196722468712
21608.99277101512
37513.51141269661
63302.07665521576
90022.0531461651
143621.38883615675
218579.3800828876
315619.4995744456
430875.5984305302
555108.1870367088
674594.7372259839
773763.1604341292
838802.273891318
860952.9149024334
838311.5515442872
775686.8434619713
682879.5697710755
572227.4588412438
456216.60948034417
345623.5354334558
248334.23397215718
168838.5334330186
108355.3294415829
65485.88679889461
37190.58019494826
19810.730681429795
9882.76497218578
4611.284020332898
2010.4712244922305
818.4047006830256
432.57144123175294
156.85636986600662
53.0363537297437
16.716532115863878
4.9104877952757615
1.3441184423069605
0.342792523830874
0.08144529298375448
0.018026507344625263
0.0037166003556409134
0.0007137600559702917
0.00012767868764569973
2.1273319039322136e-05
3.3013838750741886e-06
4.771948584791799e-07
6.424373642668183e-08
8.055610581692504e-09
9.407989663833904e-10
1.0233507113944486e-10
1.0367653090626058e-11
9.782818824494735e-13
8.597549176676846e-14
7.037397798090465e-15
5.365078625889598e-16
3.809487102178303e-17
2.5193200264536955e-18
3.960435606969215e-19
2.3265619173509287e-20
1.2735871183340253e-21
6.560741283411198e-23
3.82729776915301e-24
8.527059460850494e-25
6.5855076556283055e-25
5.672030017671398e-25
4.692781197337821e-25
3.698624670123447e-25
2.771182399636918e-25
1.9691621969991457e-25
1.323591882672164e-25
8.393915410674631e-26
5.01111702582749e-26
2.8116907191255144e-26
2.8129472360788985
6.387736631181929
13.50828721668018
26.602437973258716
48.787713077303444
83.32347071049566
132.5232599753315
196.28392712992073
270.73551804380827
322.4539603530028
394.9795944698924
450.5567210795387
478.6214456818879
473.48116178202594
436.1954424635776
374.2203591948797
298.97960767683463
222.44548370767728
154.12514084056005
99.44689982065562
59.75536176089571
33.437236715522545
17.424155899480716
8.455532931870195
10.362161654908261
16.583158808903136
32.557408484736115
63.62003623141622
117.28403658882304
201.83612918946903
323.6083131175308
483.218741614748
671.9582029322335
870.1814424434962
1049.4106409124297
1142.8381669384894
1223.9590186187245
1220.722329046779
1133.7956061750758
980.6646473360202
789.9036813504362
592.5099188562095
413.89004507750496
269.8218732743427
164.43080189921426
94.8363671905555
53.931521212753545
33.96607096883959
28.501525299306554
32.93870606232952
44.08100127713908
59.33474798446278
76.05446511952695
91.33590617387071
102.31258661334692
106.77538030245508
103.78404033385027
93.94442644965622
79.1922741475748
62.16749981636392
45.44772016518863
35.450858646771344
23.01558327218747
13.915060154994958
7.834586166018589
4.10785309302741
2.005772233599561
0.9120448489943306
0.3862056682363851
0.1522961626823619
0.05592772411276952
0.01912639855924027
0.006091259823314259
0.0018065455520758127
0.0004989517813497051
0.00012833233811539662
3.0738417489696794e-05
6.856378298280181e-06
1.4242161528026497e-06
2.755020984319134e-07
4.962971529975468e-08
8.325810565939017e-09
1.300705975584596e-09
1.8923419378072898e-10
2.5638225422575544e-11
3.2347757439693594e-12
7.821627658697726e-13
8.763948198313674e-14
9.144718358964239e-15
8.886049658094699e-16
8.041091546853333e-17
6.77624585122012e-18
5.317791422576001e-19
3.886362496340293e-20
2.6451783096866896e-21
1.6786192001775583e-22
1.0117353676097697e-23
7.551414714509591e-25
2.2031316324754086e-25
1.7173240171495105e-25
1.490429023574514e-25
1.319898386336631e-25
1.2384446502295742e-25
1.257454070851676e-25
1.389433837258167e-25
1.620081144437394e-25
1.9131584490958325e-25
2.2169414584793725e-25
2.4758713080298107e-25
2.6435640288926905e-25
2.692508126743118e-25
2.6173819704610463e-25
2.5046066713420132e-25
2.259883207178e-25
1.952071042579185e-25
1.6133252003246965e-25
1.2734367959757717e-25
9.573127567812105e-26
6.831420336972525e-26
6.691642346938983
14.382849619471187
28.788897085919583
53.66275724602525
93.151275991246
150.5818060943846
226.68566848336553
317.79239128744433
414.88792435869686
507.50355169500733
577.7330159689553
615.4157115405737
615.9491333970798
583.4743584734729
529.5639360937727
469.14968112001503
415.38110608554814
375.5615099997202
349.7173610684303
339.4439055228952
325.19521343279604
308.6199029751387
287.02273408467886
262.58524505473196
241.25932211350892
230.0854209363749
234.07556463615015
253.83252933133411
284.74090207633304
318.0146329712325
343.25960376626654
351.66360528612046
338.65924549043456
305.0866464592901
256.49822041551056
201.02778763219382
146.7929770057651
99.8438775938132
63.24880306582551
37.314118498727545
20.500874554308155
10.48924910702118
4.997889083683693
2.2176744832104016
0.9163837404797006
0.48866667277840303
0.1793242722524355
0.06128206233349399
0.019502737235567887
0.005779970889111072
0.0015952311035478338
0.00041000526984924214
9.813482200220432e-05
2.1873823770057947e-05
4.540400341081749e-06
8.776704071467051e-07
1.579925583777925e-07
2.6485591523655695e-08
4.134762707934495e-09
6.011175022682284e-10
8.13834364859008e-11
1.0260783973552466e-11
1.2047388978728757e-12
1.3172651133083023e-13
1.3412857665220815e-14
11.198818483616556
25.81170317055323
55.40245218278762
113.32231427732242
211.70963314506005
308.77351251707887
512.7901837836429
793.6261636330107
1604.301701098471
2668.3563485555883
4331.8012867106245
7015.838815385927
11245.1945872141
17822.57667325961
27175.432178190455
39479.73017468342
54425.3110985075
70917.81161622539
87222.47006343854
101309.23171027387
111347.71928694936
116156.67025066813
115427.22051335275
109658.05621060109
99886.27090729697
87374.83485969788
73385.62981261802
59068.841042864486
45475.457038401226
33352.89289894122
23289.129151196856
17869.190531063763
11688.338845495911
7658.857203986036
5413.998527900478
4505.111559568238
6739.755695705018
9831.423063598597
15420.241830397104
24639.172529715
38932.03862944201
60793.33515792656
89847.24504326581
126163.8500835986
167498.47990307273
209823.21261122444
248041.0428547989
277197.87340822164
293728.644699541
296233.62373967265
285470.05974443967
263780.7877358396
234245.56641360198
200025.96582011846
164035.42050899932
128839.27507885375
96590.1423852144
77669.73610582616
53726.38119825264
35547.43313972306
22901.969413643383
15061.422451287688
11123.98587541276
10120.247534165175
11207.530506675586
13674.531889222559
16859.717344779176
20137.954461979763
22947.602422914217
24856.86450178334
25625.89989354837
25223.97042833546
23790.588822349648
21563.13505768203
18807.50133208868
15779.708265818912
12703.695227899147
9780.45364068294
7175.400349764456
5005.242582667882
3324.16143139509
2121.246828716323
1555.0421345740697
991.6361548185067
681.1892802136134
529.2855858985531
460.3665844985221
422.32271355045964
385.34427735712296
337.4879463835092
278.8519367120855
215.72783609724175
155.7663594536268
104.83475158425598
65.73048332321737
38.38508617321768
20.876283108555835
10.57359773796605
4.987291935216333
2.190667776256948
0.8961008238089969
0.34135432698809565
0.12109381003418054
0.04000427426300826
0.012307185266293496
0.003525972801573312
0.0009407344532916241
0.00023373460302616956
8.87924016420148e-05
1.9591974799555053e-05
4.025765678128584e-06
7.703474354790704e-07
1.372753810812904e-07
2.278067265655963e-08
3.520532013055308e-09
5.066615189074045e-10
6.790400851720594e-11
8.475020797958517e-12
9.850403065466935e-13
1.0661912137217958e-13
1.0746921227417844e-14
1.0087903072051685e-15
8.818314948749213e-17
7.17857416741259e-18
5.442003056317349e-19
3.841923810039948e-20
2.5259446882202766e-21
1.5472752082829033e-22
8.874411187738016e-24
5.044209557079794e-25
4.465248999759068e-26
1.300782046027436e-26
6.249051093365611e-27
3.0132004472971792e-27
16.95183123629975
38.47035301983347
81.30244227885603
160.0106467443678
293.26621773164845
500.54492713262107
795.594842590109
1177.629625738238
2155.1934733913117
3394.737892267926
5306.021797101008
8391.954064193593
13321.691656306713
20867.781970682725
32188.553040575018
47063.190675215745
65308.666626296246
85602.59337841187
105804.19834166179
123890.01403961393
137192.7304923385
144732.40381731547
146523.7316564846
143604.12364829707
137755.82857574007
130396.1311605706
125304.00210936967
117902.68840673965
110956.95193237333
104317.51399918049
97674.01212784785
91187.79753367665
84442.72673063814
77792.28984731002
71725.19468928559
66807.10610313414
63723.78116454857
62839.37039895418
64291.56730101424
67866.3979295423
72844.21574300734
78115.45130714982
82423.77893269036
84694.77761769392
84304.47829656795
81174.86136759496
75664.81370134362
68353.38991825905
59845.76843518801
50686.09286627903
41368.11025819386
35305.34310595465
26782.038669951733
19309.505390162623
13175.75602526299
8482.80692409478
5144.608544157917
2938.782514267496
1583.7384916361518
808.080930967202
392.63811777684117
183.121353551452
82.74371033599095
36.5448750195002
15.868469164372325
6.77828947612398
2.834315280599626
1.1501600388185798
0.44852728570468164
0.16659407406282825
0.058516983863341185
0.01933759619692334
0.005990551106508859
2.135127387466345
4.607017313897247
9.263048991048649
17.345618746667004
25.329807237021047
53.01085416616384
88.99382755904351
142.36477423817286
217.73264770501675
319.0784759288259
448.38034143800263
603.6295185892521
776.6639003450255
1200.2743189616472
1711.3233083868665
2496.7960811082303
3784.8810350055205
5864.262588247597
9054.679426374601
13793.734957359942
19960.938870555925
27403.168320845794
35511.03933939312
43373.4258383783
49983.231631642804
54505.47389782953
56494.218831925726
55962.56143549272
53286.21966848399
49009.52356603235
45535.86659918124
39724.80692587537
33513.582311600345
27221.424056013973
21165.90081255348
15660.906657934207
10967.93955059494
7238.534224794138
4486.641438639398
2605.262700121699
1414.699917103402
717.4893199915672
339.56958076823184
149.88115491503936
61.673038337302955
23.651325326986402
8.451772403695092
2.813965707491325
0.8728361262191268
0.2522119547579016
0.06788937788940863
0.01702279040577638
0.0039759929827412645
0.0008650515580457173
0.000175314205123772
5.814915013378098e-05
1.0469989094898945e-05
21.363007429444274
48.07063521580843
100.7314835354185
196.57055779989778
357.2231360365217
604.5448922907638
952.7641388584311
1398.3314230380722
1911.1848787176364
3332.860229756924
5026.314535770033
7624.197967588031
11845.86656753817
18549.50585246917
28614.652861367776
43195.737907975286
61633.72284173631
83189.48239220184
105839.55195411178
126863.05788500032
143523.65696135684
153819.49613973877
156985.730933411
153520.39022093327
148171.32584177027
136767.95937201031
122583.68261920917
106711.27544384898
89948.8471289934
73017.61720019895
56730.05513113383
41918.540412499664
29321.470116762106
19370.377328254977
12112.994055609868
7260.6207763226175
4322.1536355435355
2751.925543768648
2057.318288210114
2431.6567658804756
3222.35440497838
4694.447443972125
7213.067585461628
11244.394786079596
17260.384793576923
25875.262583198746
36608.650692469964
48943.85774463136
61645.39533448693
73141.77878162162
79378.33226816541
85755.78542970517
88139.16206628559
86731.86003292218
82263.21438182016
75636.84807201072
67633.8902805565
58801.40361170084
49523.08361359821
40161.65345703442
31146.609918616745
22949.426213731003
15977.580797442504
10465.925884784401
6430.000504671636
3696.9775878633895
1986.179670005268
996.0313596133292
465.9138828331287
203.1951136320166
82.59638487712385
31.286712837118124
11.042091247466026
3.630753650300122
1.112170024060542
0.4858670493328377
0.13224324536681892
0.03352948669839194
0.007919043929181965
0.001742240104327947
0.00035705149455916277
6.816167785413979e-05
1.2120924062923889e-05
2.0077841000607246e-06
3.098019003026405e-07
4.452839013618743e-08
5.961778939952406e-09
7.435339715310557e-10
8.637974832537842e-11
9.347797353932554e-12
9.423080495219029e-13
8.848359126226566e-14
7.739603701630721e-15
6.306097859031415e-16
4.786174015058174e-17
3.3837775051885595e-18
2.2284371141323244e-19
1.3670514339070308e-20
7.8121813480891825e-22
4.161792484648893e-23
2.0954758997181146e-24
2.9924915310153863e-25
4.018117790436418e-26
2.5206667810543544e-26
2.085806480731174e-26
1.6906764284650548e-26
1.312944761820561e-26
9.723423738364869e-27
6.852792668120676e-27
4.5944822243519734e-27
2.9333886069029875e-27
1.7868695846071282e-27
1.0407554523821637e-27
0.6451265605998558
1.4266301840086943
2.9379592164594723
5.6344040283379035
10.062782310689203
16.736168438370182
25.92160373301384
37.38828676371352
50.220048927962054
62.818356033853526
73.17519197785921
79.37962501856572
80.19034542070753
75.44022831276956
69.62081184500578
58.16563061335921
45.25448920355259
32.78874259137155
22.123596348025377
13.901272555384242
8.134320115332565
4.432572311156716
2.2493563732743764
1.0629885211741639
1.776662758689273
3.0549793424606024
5.9062363603711034
11.092271083236653
19.559797675821496
32.169850050513936
49.286482161210046
70.32311997320974
93.44170199303868
119.08171095373278
141.15318721635163
159.8554409177624
176.3928085469276
194.93150566211506
221.92991337343466
264.08974849988715
302.78660209391995
376.3765379127699
462.55696609346217
682.6321995876341
943.2656575636291
1346.1086175761611
2017.7746229678644
3123.7765774879736
4850.015095057601
7343.639109536332
10762.905861964811
14823.082277794267
19230.628068094542
23467.646460415453
26971.924296366502
29296.804358411086
30239.021689740213
29873.671022953673
28481.101248913972
26408.193275167887
23939.20441689116
21237.767007888575
18372.95366889703
15391.987296411487
12383.264481495167
10432.044464965917
7712.920831375649
5383.518435456453
3534.924787208193
2187.4191528445926
1291.5100902808308
759.3615011185879
495.2981863721236
415.8045841236094
456.06343525194234
566.8159088487145
707.8991530889949
1076.3359279117672
1501.5721922257187
2156.63774893447
3249.909806757714
5043.721837923797
7819.243456834931
11779.163306732518
17127.12876096756
23368.809433614788
30009.839253750994
36238.21103726407
41216.515768547
44325.6382603848
45341.51360980367
44938.30999644063
43047.09938368383
40097.78624575549
36551.45475970925
32675.06488565181
28562.613440023324
24247.208609612517
19816.089881904813
15457.895828579478
11426.980665546673
7961.1687394422515
5206.940235279949
3188.4675658235233
1824.7267040836127
974.8135118892421
485.76286438457765
225.68109303175453
97.72362191162274
39.432288167015564
14.828135472428468
5.199490139107892
1.7082249044939934
0.541382361394407
0.19274287763510795
0.1163894407786015
0.13006947373884165
0.15872007680875777
0.21410270105379778
0.2732997804204237
0.32571945797000124
0.36165475791802426
0.37397352330222683
0.36013049685229864
0.32295910216398893
0.26971378299591864
0.20976191474524003
0.151921069275472
0.10246540179389624
0.06435826905632853
0.37451616371084673
0.7497736492415864
1.480607098434708
2.765088266191213
4.827890577843158
7.857892848071516
11.913285967665775
16.82101937506999
22.11810022265522
27.084008190368927
30.884911177026947
32.79802974856501
32.81437884251906
30.946537724820725
27.178646111087808
23.247990157747342
19.234819087938543
16.8600747472898
17.443771203365692
22.24549443586649
32.322048939735495
48.24290169647251
69.67655439726201
100.69506688032385
134.23441193529416
172.02643832224874
215.14862704012688
267.3546369741408
334.95701635047124
424.8768625132728
541.0540714722391
680.0107257882911
828.576800278781
964.6652416728263
1450.4415405906843
1997.8346774285085
2886.070419718375
4401.162557845852
5914.3939988318425
9161.349392883933
13742.058310859118
19799.254873436334
26744.573026285747
33953.629118413824
40499.24661669254
45482.29675740525
48302.9106594654
48835.5529588517
47419.88073053978
44672.72326018701
41211.553913922515
37447.24689471695
33519.89337322222
29393.46234324684
25020.719497730403
20472.286437647646
15964.80366205127
11793.28759462172
8223.748105981225
5458.545530855185
3480.8279221407597
2233.713011450037
1606.6112094855282
1491.3712595785205
1658.314095341934
2229.6085877636383
3150.968984199938
4328.196924513504
5631.399653535997
6896.354492317308
7944.502189884896
8634.4614904902
8903.308503517388
8780.325163914
8364.884210717437
7779.2351460129885
7120.355599248319
6435.680159119734
5724.643272428852
4971.729592292452
4174.285544174084
3358.9946511159965
2577.2031478863364
1886.2077837510972
1328.7775858014038
920.9524966110321
651.5086570305936
490.33427429993714
400.2169317205177
347.1605033628238
319.7865645736719
279.5136361365584
235.000210728822
186.9164750861661
139.4809921270781
97.26135450362976
63.25833267692102
38.34213381438943
21.649401522395625
11.38541405346212
5.576343822541386
2.543500334599285
1.080408955572729
0.4273810680224801
0.15743872417582916
0.05401026535899426
1.4418128964352648
3.0918768443296454
6.229997956337601
11.704650552446541
20.48191991920154
33.37804360313743
50.65477044847767
71.58926198301639
94.22004641782253
108.76498003755594
127.12499969059449
138.36960911396775
140.2549933699879
132.39263274402515
116.37968405578262
95.27048975588195
72.62856951442224
51.56137042339299
34.088609132522656
20.987561432756216
12.033239141902913
6.424968218352892
3.194679452200108
1.4792836657977975
0.6378866364104729
0.256155340401038
0.09579243082064505
2.8955691891704984
6.407123726707783
13.316520809980876
25.803114186617194
46.569393185491435
78.2725994265412
122.51527174635534
178.58330543218642
220.67750853174033
285.66650229773757
344.3748404750089
473.75265575551015
613.7753509469467
837.1578133228672
1231.5262870624128
1907.8614818917508
2985.644164026333
4554.61005228241
6657.767385901875
9168.800297019967
11844.541160516927
14354.338339317736
16344.580163907163
17552.488041596793
17889.55395273721
17460.47933341433
16505.580284386182
15294.120872802674
14029.208401026775
12776.18308770726
11508.483888056335
10159.564621075866
8697.064828027469
7159.777803945008
6141.515421344506
4713.928430091955
3498.076512521838
2550.3820834627013
1868.0591018486489
1605.585505382755
1565.3551978518165
1850.0821766114702
2587.6226906082998
3951.2782634783266
6124.907960205407
9221.709023826206
13260.962716387055
17926.40973240231
22709.111188879928
26984.589075589698
30143.155310898357
31795.487671175386
31895.791487924263
30734.081165831867
28796.053769324015
26557.977824047528
24317.07113936382
22133.980419146792
19898.809880702178
18305.5678595501
15702.857773959688
12889.58042355633
10032.321955067478
7356.507860920596
5060.581697006513
3256.9576828329828
1957.841109368928
1098.122544910317
574.3314080679316
279.99525695267954
127.30597323738081
54.06263595078096
21.665128006583654
8.602248716870264
4.066224426805418
3.1241307011433332
3.701625261279016
4.944709368723087
6.435164377289357
7.871279362683315
8.982323405724014
12.32876980684759
15.972369208179408
22.175219318116824
33.36925415788503
44.98454564674004
70.72341659951476
108.21727535225001
157.59619568433845
217.8084526341371
280.9809593617268
339.75827150668727
385.684671296838
412.57533671565966
418.53791945201533
406.4315384732034
382.4505261943596
353.47230452803205
324.4518965363863
297.0769952165086
270.16279813557514
241.32725488911083
208.90298882939857
173.10026054650803
136.0040183389233
100.65836664435949
69.87644491300483
45.376208369465445
27.51873475966495
15.570454252546723
8.214660971511965
5.158103971187389
2.4200866505098912
1.0580513372289484
0.43100360436158125
0.1635808019493736
0.057842782161289276
0.019055703100570795
0.0058486610673251635
0.0016724075930501317
0.00044553471697974416
0.00011057954618016301
2.5569500040221837e-05
5.5083850258087325e-06
1.1055576372078712e-06
2.067254243511244e-07
3.6013227537815215e-08
5.845019489974428e-09
0.017718038832187536
0.038731441433454306
0.07884598054716771
0.14947319817736948
0.263885157819539
0.43384487341195876
0.6642351355694696
0.9470591135065956
1.1531772491969134
1.4601509544947227
1.7217389974258368
1.8906221632716156
2.590712566690255
3.360592709231247
4.727713653159439
7.220782508754758
11.41650282058067
17.833045996335493
26.710243293435987
37.9401502498775
50.522962942327325
62.96326499176701
73.53981468220792
82.42894778250638
87.38041168327531
90.0588742858594
92.55101662281302
97.51361280505974
107.2709338613476
122.87200944896459
143.450787335708
166.14023306253924
186.6382372852725
200.31178796502175
203.7595243044982
255.72182610468099
313.916946004129
425.2048088562741
636.5283871538247
999.0623150319117
1558.9674563950316
2345.9660580263085
3344.065320091322
4473.896116357543
5608.829521956772
6601.281194724217
7318.039597340777
7685.627161183377
7713.045472048693
7482.01246042972
7107.935667571725
6690.30935675645
6276.692279684373
6161.882801869262
6086.649274491153
6241.296075127803
6835.132607410335
8135.47493497449
10413.305186904958
13825.422925065013
16699.271046352766
21790.653962754004
27090.252935251163
31877.423569224815
35385.917196078815
37111.025160294026
36979.13635469267
35357.068065379266
32886.665979407124
30222.18996635443
27789.208749091464
25704.350115529316
23754.82819870191
21662.511195549818
19231.244361779507
16465.431550942936
13568.237922600785
10844.127536638753
8569.16128548397
6908.958743566178
5836.961513193949
5225.634512809186
4883.0508385018065
4633.516653900385
4366.537795144008
4049.027495282424
3819.845253539151
3482.696238348008
3185.684873796424
2938.2078947427963
2719.0349633220912
2491.1060930747667
2222.7345142566032
1903.3487795297167
1547.0827278605932
1184.8843039342125
851.1373813173578
571.8398783105503
358.7457920492225
209.95299246608718
114.5621919993275
58.26502487941282
27.614957459786183
12.195708824279684
5.018475506859063
1.9240911628895727
0.6873245349772441
0.22875850881930984
0.07093665064832923
0.020494718811310715
0.005516853900834715
0.0022113482054229323
1.1294811117652852
2.5091309028824247
19.996308167147134
42.23234564897066
83.28595516852712
153.3395745259969
263.52236445122014
423.6130179806989
634.7116236269663
887.770651044184
1159.3121058247668
1413.829375698052
1611.0314475647804
1716.5841468465633
2113.0562280694376
2545.998366688433
3377.0106666810943
4990.6857741380645
7832.075422590008
12337.702232580707
18782.343782684035
27089.88529974872
36839.52546022049
46862.57771614342
55757.76336858081
60397.31055455423
64676.8593092462
65448.88872691592
63153.490799853906
58884.441257666826
53957.274593581635
49417.918915965725
45712.302682539084
42649.697663351275
39642.16821800218
36081.71405978726
31634.128872000536
26394.593620062245
20796.614201140557
15414.944188931142
10750.773504898169
7095.211408156665
4500.296203257048
2833.211010473543
1865.5279781051831
1355.051031942956
1098.591160907734
1116.8094156698346
1227.7225940118144
1541.701894088038
2212.699833872151
2958.414757943528
4690.920325637377
7327.259009507322
10940.28372843074
15390.243886594093
20391.481276248647
25193.384510065745
29137.157468687044
31622.223692468633
32359.258355782335
31474.945056897548
29461.962273549667
26987.091574046313
24640.48058716268
22737.802450809435
21257.931603184483
19929.330331660047
18407.953846622688
16454.79815751353
14035.666736399964
11315.11554687476
8569.708573985292
6075.858916343646
4024.345650174509
2487.3463114002
1736.2347619610264
955.2511280630463
490.35272957451656
235.19984847666495
106.07037716183972
45.95984967401576
20.866757798357863
12.128638463985226
10.947941310495446
13.48450984176214
18.213143737652857
25.80904708606453
34.9067522066008
46.28260551366832
60.29526447391166
77.58125006973198
98.18532405597068
122.15248872041424
148.70988343058275
176.09330902998207
201.5012208794014
221.4380233119838
232.46422357555304
232.15560779627972
270.1396682630647
315.09694826685455
371.49354365577415
529.7621520953328
823.2050879472683
1306.7085432380545
2022.0197913498966
2975.3283502340737
4115.627357072343
5356.041473881362
6499.038276181039
7382.513236552414
7872.28031089111
7921.71307705945
7589.67501649873
7018.902512181419
6383.479596392761
5822.66356761944
5400.654625924276
5095.626936768317
4827.416302487698
4504.184089467455
4065.680981528979
3505.2894081170225
2865.6546651986027
2215.4614377879416
1621.4706806518936
1128.3802575151244
864.6696137795502
562.9916934363838
356.9508248884581
222.3722042989163
136.75919672431402
82.90132374453947
49.17631933303655
28.253509107929847
15.55825073735032
8.138999207196942
4.017924037439765
1.8630423484242706
0.8088703015143723
0.328164884852042
0.12425210924316336
0.04386948210837208
0.014436064358062552
0.0044261496274116555
0.0012641818773389453
0.0003363153112372168
8.333064550158204e-05
1.9229309444369022e-05
4.1324818327710126e-06
8.2706336170822e-07
1.541495867860393e-07
2.6755847703987392e-08
8.002399074372788e-09
1.2335234478400225e-09
1.7706954149854993e-10
2.3670587903554e-11
2.946745511576227e-12
3.416208896176238e-13
3.688198481989827e-14
3.708106071484939e-15
3.4718260908722766e-16
3.027134347485978e-17
2.4579516251600955e-18
1.858586934653281e-19
1.3087619423821047e-20
8.58245778979983e-22
5.2423067953145983e-23
2.9943095532250804e-24
1.7415711349995568e-25
2.843785582459553e-26
2.7235705247528257e-26
3.458922959488183e-26
4.293379124293672e-26
5.053561521138256e-26
5.602372831111191e-26
5.872564244852211e-26
5.925310097796041e-26
5.824723098018545e-26
5.668646097209241e-26
5.695144574005984e-26
6.161794629911862e-26
7.275004346187487e-26
9.136901805510861e-26
1.169901472845841e-25
1.474655902775867e-25
1.7925799994291797e-25
2.0734213737046745e-25
2.27098689934664e-25
2.35426103980291e-25
2.3162387524640586e-25
2.1777094677128064e-25
1.9806717066207994e-25
1.7740719750367691e-25
1.6084543348315016e-25
0.13114106427878566
0.29239413974332434
0.6071087511113017
1.1739029408272708
2.1138090691129956
3.544599662696276
5.535240502679645
8.049588281631816
10.90131047447075
12.826186543479121
15.425847754231723
17.27700258497233
18.02003475939106
17.502928520161213
15.83192349979133
13.335967083029669
10.461241204223672
7.642048423469802
5.198813325707058
3.993453283469484
3.4501736499366937
4.089642602533755
6.189682585442259
10.074455488242032
16.00941991963433
24.01816187431381
33.684122797292105
44.03860329461094
53.63329705852739
60.83276074189096
64.25660819735407
63.20748425441138
57.90122939700303
49.497768296397545
39.46937096580327
32.727137329823
23.559925884512044
16.339853973690733
11.463518381519014
8.85710584487719
8.134458922121603
8.74410288659035
10.075690345122203
11.537055216464106
12.623901491361353
12.988075917796255
12.487872843961085
11.195679281705182
9.941600350420932
8.553016911550808
7.847643880046734
8.394582283896895
10.694589981753486
15.095160508927451
21.628165520450377
29.913690768265027
39.06343666042936
47.75600394284863
54.49040718625493
57.97288078112021
58.108217646024116
55.00775351217155
48.56939732619258
40.02345134763379
30.807248654748104
22.176585207520077
14.961186828960109
9.789620506328161
6.391173611906951
4.727607319075297
4.686504515746805
6.231203520162396
9.397130872469798
14.182116891294228
20.390050685305496
27.498510220398646
34.74152750731418
40.966773480132396
45.151262473224456
46.674428788144446
45.763581546059754
42.84117121344157
39.28558175912407
36.405572426181
35.40239642303238
36.948154755412936
39.44141399102414
45.025361742466224
51.99137031393336
59.102351152233915
65.16176597114344
68.87465392034933
69.72845015041186
67.41048728906208
62.72289598539025
57.003299286632966
51.91086875291399
48.96461745711447
49.08239935675061
52.84756782252336
58.90688028302139
67.57665858145363
76.51712007258214
86.24204060272183
97.94830702000178
114.0179676825809
137.33566580249675
170.07024337190455
212.28004199092325
260.9003652042948
309.66795726074906
350.26082073604243
368.63441020405224
378.46153165427546
364.71401072565504
329.24747653706476
278.0993383690224
219.6018189936188
162.02511285379202
111.64740507273127
71.82557441290062
43.126178171479836
24.161181655321
12.627227142700137
