a = [4.93013166] b = [4.93013166] c = [17.30256059] ,Gaussian ,LMH = [0.37748243] ,DW = [1.34067263]
0.0
0.0
0.0
0.0
0.0
0.0
0.0
0.0
0.0
0.0
0.0
0.0
0.0
0.0
0.0
0.0
0.0
0.0
0.0
0.0
0.0
0.0
0.0
0.0
0.0
0.0
0.0
0.0
0.0
0.0
0.0
0.0
0.0
0.0
0.0
0.0
0.0
0.0
0.0
0.0
0.0
0.0
0.0
0.0
0.0
0.0
0.0
0.0
0.0
0.0
0.0
0.0
0.0
0.0
0.0
0.0
0.0
0.0
0.0
0.0
0.0
0.0
0.0
0.0
0.0
0.0
0.0
0.0
0.0
0.0
0.0
0.0
0.0
0.0
0.0
0.0
0.0
0.0
0.0
0.0
0.0
0.0
0.0
0.0
0.0
0.0
0.0
0.0
0.0
0.0
0.0
0.0
0.0
0.0
0.0
0.0
0.0
0.0
0.0
0.0
0.0
0.0
0.0
0.0
0.0
0.0
0.0
0.0
0.0
0.0
0.0
0.0
0.0
0.0
0.0
0.0
0.0
0.0
0.0
0.0
0.0
0.0
0.0
0.0
0.0
0.0
0.0
0.0
0.0
0.0
0.0
0.0
0.0
0.0
0.0
0.0
0.0
0.0
0.0
0.0
0.0
0.0
0.0
0.0
0.0
0.0
0.0
0.0
0.0
0.0
0.0
0.0
0.0
0.0
1.1969565705573917e-28
1.782896327714687e-28
2.6077083979289542e-28
3.7452188329564753e-28
5.281783668135735e-28
7.314240864293276e-28
9.945878380329005e-28
1.3280128229734574e-27
1.7411918692304318e-27
2.241693488302953e-27
2.833942719248081e-27
3.5179619938964614e-27
4.288214060418755e-27
5.1327133130299155e-27
5.7279201013679084e-27
6.65083589534675e-27
7.582994666800662e-27
8.489664089011811e-27
9.333091012748333e-27
1.0075015728772289e-26
1.0679506945368873e-26
1.1115830351983613e-26
1.1361033889656023e-26
1.1401947538561087e-26
1.1236355195757918e-26
1.0873193531209479e-26
1.033175299054424e-26
9.639980356307829e-27
8.832090714659542e-27
7.945772584762658e-27
7.019302820040818e-27
6.088875082257339e-27
5.789125507187655e-27
2.8183119889252793e-26
5.0185201965277163e-26
7.152329662918614e-26
1.0154109782236072e-25
1.427211963152847e-25
1.9789284070275397e-25
2.7013665355986762e-25
3.293523297892932e-25
4.370369154095657e-25
5.697856466068519e-25
7.296927217282325e-25
9.178004978357987e-25
1.1337204313903642e-24
1.3752968021892933e-24
1.6383645990114303e-24
1.916652361501614e-24
2.2018720549691424e-24
2.4840209416961455e-24
2.751896213990068e-24
2.9937947868125246e-24
3.1983423077055058e-24
3.355371934218542e-24
3.4567592622853484e-24
3.497118220163039e-24
3.474274999202844e-24
3.389461971238021e-24
3.247207506660825e-24
3.0549353935881017e-24
2.8223231663136124e-24
2.560496500817854e-24
2.2811528298428514e-24
1.9957095855691723e-24
1.807219320076347e-24
1.533940324131371e-24
1.278553410658232e-24
1.0465069323394107e-24
8.41159171046403e-25
6.639373734488573e-25
5.146226789254097e-25
3.9170905973685055e-25
2.9278661425408488e-25
2.149075834877537e-25
1.5490491633188503e-25
1.0964570256704933e-25
7.621334001684486e-26
5.202155810626939e-26
3.486974010017008e-26
2.2952345425240656e-26
1.4836055516057135e-26
9.417223038581584e-27
5.870029728750085e-27
3.593112301773102e-27
2.159803969653357e-27
1.2748847861618776e-27
7.389934793860265e-28
4.206523719599751e-28
2.351360119416438e-28
1.2907080676468653e-28
8.566149469202384e-29
4.561940746573948e-29
2.385759694448202e-29
1.2252277216449353e-29
6.179025464323956e-30
3.06010409672876e-30
1.4882142205516358e-30
7.107350320172676e-31
3.3332125077345033e-31
1.5350809274165836e-31
6.94244620885239e-32
3.083235699196472e-32
1.3446642574505993e-32
5.758825316539997e-33
2.4219592528133358e-33
1.0002593372173084e-33
4.056684385788011e-34
1.615632641398639e-34
6.318686007346091e-35
2.426742247830913e-35
9.15236241003856e-36
3.389654288075998e-36
1.2327931172546976e-36
4.402887066979488e-37
1.5441781165244752e-37
5.31826156208407e-38
2.586837980831882e-38
8.643616629133044e-39
2.8361818271273538e-39
9.138709886026161e-40
2.891664457805569e-40
8.985102287027008e-41
2.7416386266003074e-41
8.215034331589107e-42
2.417243898018898e-42
6.984630029830459e-43
1.9818834464651753e-43
5.522357338938913e-44
1.5110627944550411e-44
4.0602432162981975e-45
1.0713540901800396e-45
2.776037788651864e-46
7.063646967768709e-47
1.7649962093699732e-47
4.330815222957265e-48
1.0435338070501955e-48
2.469188727292313e-49
5.737369784749309e-50
1.3091279364676034e-50
2.9333367836405675e-51
6.454346087398643e-52
2.3287847294538352e-52
4.971302954415766e-53
1.0421285816987391e-53
2.1452724858489112e-54
4.336642106054378e-55
8.60864004351743e-56
1.6781286201151715e-56
3.212369901662994e-57
6.038587149806477e-58
1.1146909922124567e-58
2.0206117873548603e-59
3.596833902026345e-60
6.28733883227605e-61
1.0792503540189613e-61
2.1118267607936294e-28
3.1730540989956547e-28
4.681466308837955e-28
6.782215196425078e-28
9.648203761234915e-28
1.34774151333771e-27
1.848638453576358e-27
2.4899039671314244e-27
3.2930509454063946e-27
4.276608942594744e-27
5.453632483047616e-27
6.829005045014897e-27
7.853707465461179e-27
9.540145891164812e-27
1.137943106879916e-26
1.3328194459578706e-26
1.5328770758354887e-26
1.7311255892105054e-26
1.919707495480391e-26
2.0903874188497863e-26
2.235134916483485e-26
2.3467452144418167e-26
2.4194317559421765e-26
2.4493229405075926e-26
2.4348037471992338e-26
2.376660293763516e-26
2.278009324991768e-26
2.1440214316761466e-26
1.981472205576768e-26
1.798175537248309e-26
1.6023649006183185e-26
1.4020903467123182e-26
1.2046914082014444e-26
1.0163911258284382e-26
8.420369585577228e-27
6.84993863778317e-27
5.471765112107647e-27
4.2919380904840856e-27
3.613602354725334e-27
2.7496352894381715e-27
2.0544475738278682e-27
1.507301985767894e-27
1.0859022104153667e-27
7.681860226931554e-28
5.3361413146372975e-28
3.6397661486392736e-28
2.43783820357167e-28
1.603324812110543e-28
1.0925901833019382e-27
1.5582060368674207e-27
4.2792075720180374e-26
6.437173134764957e-26
1.236812462272442e-25
1.8055108093030048e-25
2.5886183023905707e-25
3.6449885971483334e-25
5.040571560499293e-25
6.845682930306691e-25
9.130744610132078e-25
1.1960450084148221e-24
1.5386521502778337e-24
1.9439484533485688e-24
2.4120162574215544e-24
2.9391838295847912e-24
3.319687141453333e-24
3.925199764809892e-24
4.558028836399049e-24
5.1980800802488774e-24
5.821827909758331e-24
6.403629242577798e-24
6.917407139912614e-24
7.338558715759369e-24
7.64589670672931e-24
7.823412767742506e-24
7.861658589782553e-24
7.758579051231968e-24
7.519695159235361e-24
7.157614119202298e-24
6.69092703992552e-24
6.1426283997487714e-24
5.5382441586639305e-24
4.903879936233069e-24
4.264394795418578e-24
3.641872983028436e-24
3.0545129211008823e-24
2.515989849461485e-24
2.0352863086880196e-24
1.6169321810251224e-24
1.2615594467506346e-24
1.0584986730263046e-24
8.01349843235063e-25
5.95804078964278e-25
4.350450194175808e-25
3.119710339648692e-25
2.197068555682757e-25
1.5195749480151932e-25
1.0321664293888102e-25
6.885354773164607e-26
4.5107815445153795e-26
2.902191259765849e-26
1.8337870501240525e-26
1.1379423870101473e-26
6.934896835520137e-27
4.150571863518084e-27
2.4396296847701785e-27
1.4082758922450773e-27
7.983609023945128e-28
4.444861784773359e-28
2.4303260446001573e-28
1.3050221554460384e-28
6.882053833740979e-29
3.5642228145393304e-29
1.8128337480265563e-29
9.055182376788955e-30
4.442037787223666e-30
2.735323584818325e-30
1.3019755636595039e-30
6.086140968917396e-31
2.793996925639882e-31
1.259662681991533e-31
5.577334553229556e-32
2.4251738811857788e-32
1.0356248710479777e-32
4.3431527546904726e-33
1.788753145916468e-33
7.2349912620856675e-34
2.873872633047478e-34
1.1210849698488505e-34
4.294876144361615e-35
1.6158589324378528e-35
5.9703048013131914e-36
2.1663538381582763e-36
7.71972217702695e-37
2.701549253536538e-37
9.284587093458877e-38
3.1336488046780025e-38
1.0386652567329187e-38
3.380943908479502e-39
1.0807790642270269e-39
3.3929072686973954e-40
1.0460264651764654e-40
4.725928127407593e-41
1.413674347544268e-41
4.152846870059762e-42
1.198053525790833e-42
3.394218330396455e-43
9.443566811008603e-44
2.580266399762649e-44
6.923484405246454e-45
1.824383107962467e-45
4.721043349786533e-46
1.19974796610218e-46
2.994136595663653e-47
7.338076119718945e-48
1.7661244106585328e-48
4.174344736504728e-49
9.689084186432468e-50
1.0508170688527918e-28
1.5858027251768256e-28
2.3499381880782547e-28
3.41939250760159e-28
4.885699035250695e-28
6.854719737237946e-28
9.443607602959111e-28
1.2775308643628731e-27
1.6970322948307057e-27
2.037517084802766e-27
2.6271476054122223e-27
3.32654822383513e-27
4.13652650513581e-27
5.0514721601636726e-27
6.058275038479379e-27
7.135738736262774e-27
8.25466500930239e-27
9.378728079168264e-27
1.0466172597303815e-26
1.1472264014794388e-26
1.235231031431018e-26
1.3064977540883146e-26
1.3575556179187553e-26
1.3858815143411164e-26
1.390111183470764e-26
1.3701508187011506e-26
1.327176252306256e-26
1.2635206781526734e-26
1.1832001800693601e-26
1.0890584394015404e-26
9.85917687304051e-27
8.781570269507536e-27
7.699054813141402e-27
6.648070333472136e-27
5.658561385995589e-27
5.044496905189806e-27
4.2038422010342874e-27
3.4682310589519354e-27
2.8412526603463367e-27
2.3209692046718573e-27
1.9011305600669993e-27
1.5723988197484492e-27
1.3234773637981252e-27
1.142080702149104e-27
1.0157191954506198e-27
9.323017628044027e-28
8.805777544346805e-28
8.50446686360514e-28
8.331637300833818e-28
8.214629117430646e-28
8.096122051060658e-28
7.93407845755132e-28
7.701110206579618e-28
7.383292557673799e-28
6.978469852039913e-28
6.494138658639266e-28
5.94503979639912e-28
5.350627525114766e-28
4.732601685198018e-28
4.112681516756144e-28
3.5107689425729662e-28
3.1279213445827104e-28
2.591261552580917e-28
2.108205732117614e-28
1.684387898311758e-28
6.955059071115848e-28
9.494677008025912e-28
1.3294169717167544e-27
2.8583466340434094e-26
4.254554623293009e-26
7.767043291287786e-26
1.1235895190323493e-25
1.5966592523281974e-25
2.228670066455332e-25
3.0560100441301597e-25
4.11550514804393e-25
5.443771057400164e-25
7.094672824169094e-25
9.058439699960481e-25
1.1372256794958064e-24
1.401365295129847e-24
1.6964143746068794e-24
8.790614092101755
13.261755219560232
19.645723984564874
28.577241590609425
36.31823449530395
51.24903902911105
71.0120355947581
96.6191996441824
129.08629827336992
169.34878929672558
218.15706548318914
275.95718611131286
342.7672896631775
418.06351798805997
500.6917194307778
588.8216704032017
679.9584868251851
771.0210770679442
858.4901957278726
938.6197040150189
1007.6952975565912
1062.3167634077413
1099.674299635177
1117.7877704007888
1115.6805705340646
1093.4668566668433
1052.3413019677157
994.4726540364155
922.8142938021542
840.8548201223475
782.339151683747
691.5291628485462
600.2209811260287
511.5605939357938
428.12267590229146
351.8233158113182
283.90055484050384
224.9536804503181
175.02706190338964
133.72190037349085
100.31944365982781
73.90144461037676
53.45717185428876
37.970320878653084
26.483037387070844
18.137463764367123
12.197492500514103
8.054707973559431
5.222930863895697
3.3255539098381366
2.0792128266549597
1.2764950547395069
0.7695282458807264
0.4555281626419317
0.26478363285013984
0.15113055548792745
0.10294279366685784
0.0569988143474865
0.030989953995451177
0.01654479075813153
0.008673349845238739
0.004464755566266964
0.002256803508294724
0.0011201470693618005
0.0005459358115222885
0.0002612722936001715
0.00012278077486944255
5.665687541155258e-05
2.5672023847286566e-05
1.1422280815268908e-05
4.990347589988671e-06
2.140888244497087e-06
9.018668761584711e-07
3.730577900144609e-07
57.08131341590551
85.20665337675696
124.89305731907132
2492.9834117062383
3705.8501015580605
6645.460041275438
9598.769980750307
13619.268405382525
17027.00275728618
23450.500915565488
31725.57369861235
42160.81154715971
55036.31676973961
70571.5427211016
88889.1505638388
109978.03363979397
133659.69085945233
159562.78784807172
187110.81188907908
215527.0477424837
243859.62748962274
271027.23166375904
295883.38482259284
317294.56761564105
334225.00217770855
345819.3928845613
351474.457862586
350890.93201324757
344099.80329594394
331459.58142224327
313624.9346032243
291490.51366916916
266116.67197034886
247964.3784153229
219731.96991450165
191262.97942143976
163531.8041129478
137343.17626815054
113304.03287435345
91815.69229360654
73083.8682968977
57142.46507040365
43886.300148746384
33107.86629892352
24533.825230120663
17857.915588361036
12768.127426372883
8967.142252841308
6186.0115560798595
4191.761468959983
2790.042723981073
1824.117611015288
1171.4444020988728
738.9524637917161
457.8638432747849
278.66358408924435
166.5892771888462
97.82181175422849
56.42155008774924
38.70752656513387
21.66887585899308
11.915014674382922
6.435297730816013
3.4139499079382585
1.778928973490987
0.910482321987752
0.45771412072348666
0.2260088184061147
0.10961326110765175
0.05221626160722414
0.024431588505726493
0.01122791577276087
0.00506811346296533
0.0022469399154643006
0.0009784366647397822
0.0004184737961803322
0.0001757908450161761
7.252951989246107e-05
2.9391519005922668e-05
1.1698119335166557e-05
4.572934157276294e-06
1.755726354117193e-06
6.620637012434705e-07
2.4520080241189814e-07
8.919104419594692e-08
4.499600028880707e-08
1.588294857888195e-08
5.506308460670385e-09
1.8748228890675464e-09
6.269434759186098e-10
2.0590320035862921e-10
6.641444212434228e-11
2.103898832573241e-11
6.545581795012553e-12
2.0000043430609245e-12
6.00165643730244e-13
1.7687525378661854e-13
5.119376166280358e-14
1.4551887219421162e-14
4.0623021688768295e-15
1.1137150676741876e-15
2.998632874097607e-16
7.928996502413706e-17
2.0590045755663685e-17
5.250964228010552e-18
1.3151104215556752e-18
3.2346445243170277e-19
7.813335126189912e-20
1.8536059640289298e-20
4.320090868059162e-21
1.6209341900637248e-21
3.685890332094658e-22
8.410779121246752e-23
2.06744350487929e-23
135.3077801895886
201.1444348446979
293.6151841162222
420.85669342646037
592.345650909824
818.6559212767716
1110.9969033224877
1480.5038029192967
1937.2757578133796
2489.1931569500616
3140.5881714725365
3890.8870233649545
4733.381277015523
5654.3097274933625
6632.434011701758
7639.264004360217
8640.031743861062
9595.428971308389
10464.023099142238
11205.164125782045
11782.107813361165
12165.024854416859
12302.005472159866
12321.81413882286
12118.77240182743
11703.825624676123
11098.960193537032
10335.273715115887
9450.328596543492
8485.102133199549
7480.876352749915
6476.391838192597
5505.528242084601
4595.683489346487
3766.920583528265
3031.8524069656482
2396.1548735150163
1859.5461107195586
1417.047005815248
1060.3440394242498
779.1024675590172
562.118136814935
398.24089394132557
277.04438211302096
189.25095496989124
126.94396209387605
83.61250912888163
54.07738736863943
40.03577514043379
28.156871435316088
19.994548485514088
15.96327975912173
15.029996000986957
16.580175061623887
20.302305770378045
26.093101395927153
33.979156827856
44.05069924324334
56.40399197777839
71.09042929474005
88.0720475267272
107.18475082394716
128.11172386614493
150.37005401265253
173.31337026373427
196.15229729599196
217.99282355136984
237.89053072099122
254.91637490253208
268.2277512752579
277.1373033464056
281.1716502792371
280.11303691328607
274.018797837693
267.3096419210221
253.6707488495964
236.38036343479686
216.29059686857252
194.3341477304614
171.45329618060236
148.53465622516038
126.35574415659124
105.54737142789509
86.5735232186764
69.72812704543779
55.14627033643476
42.8261988230441
32.65789212388813
24.45411831891369
17.98047274207495
12.981815741606221
9.203542308334796
6.407075229428291
610.9029019721862
909.2194605206338
1331.6640536760988
1917.0426908878671
29123.5234744742
43089.50648761667
62851.6177432944
94414.46125201437
134282.0433853693
187652.4792039589
257657.4931866488
347599.4410449871
460743.66328413767
600040.1275840041
767783.6295732928
965233.5464818964
1192226.2919764603
1446824.1740362763
1725050.991483236
2020765.2226600503
2325714.487753355
2629799.6338602845
2921554.273143359
3188818.40437694
3419556.6633890625
3602747.30043068
3729251.611352514
3792568.7167042675
3789388.9937784364
3719880.595841527
3587674.549595458
3399550.289199827
3247603.0329019935
2987989.1091356054
2700970.3040036513
2398752.1633462245
2093031.1630603413
1794281.7720543337
1511228.115442299
1250528.2812247844
1016671.5945502591
812065.3420924341
637270.2933881467
491335.2669726801
372179.77539050573
276979.10982094094
202516.0100465373
145474.99021804697
102667.33777927842
71185.1580902943
48490.63076815924
32451.540381929095
21336.325188761995
13781.875286700177
8757.802833619158
5470.4730607370975
3366.108031031753
2047.9851006804238
1839.8125380216227
1526.448102832571
1505.2296175339925
2014.3903415523232
2654.8138724524783
3615.435429719938
4941.416533986451
6692.512358094924
8935.887282056847
11738.575533746944
15159.24285407658
19239.27284398076
23993.568506468164
29401.790811751103
35401.008314361614
41880.85850585295
48682.28293451614
55600.67206973608
62393.84773048182
68794.75890515454
74528.1413375097
79329.78648094715
82966.58419103856
85255.23825802509
86077.5672988252
85786.69437099682
84108.72305332228
81024.02122986593
76689.95017469865
71320.64584782544
65169.505792990225
58509.4574988037
51613.13616004071
44734.94488368811
38096.5694713531
31876.95484038554
26207.121061732818
21169.602613049676
16801.81494330619
13102.338096715472
10038.974272535535
7557.470106308066
5589.9575882294575
4062.4102709860613
2900.6828943508453
2034.9593300385882
1402.6451760489192
949.8913203779474
632.0205929047473
413.15857001617707
265.3550519268168
195.60003233535264
121.97769791314786
74.732191429784
44.982854392418915
26.600781987535836
15.454176338673495
8.820581896554248
4.945887866237002
2.724473573041284
1.4743744821456886
0.7838182688898409
13.73491277466487
20.141198633381578
29.378755883168694
42.26907298058285
59.80980555787504
83.14563558254015
113.51977485089591
152.20054980034197
200.38055417712462
259.04988211815146
328.8497946184622
409.9183607885812
501.74440377061126
603.0495340872268
711.7192110699772
786.8321014548328
900.837608556716
1012.7358562745204
1117.9724522780775
1211.856665614467
1289.9017959538232
1348.1781267139777
1383.6401120483947
1394.3899653202582
1379.845912584982
1340.7943522932048
1279.3194134148648
1198.6186928828008
1102.7278430306324
996.1870046992567
883.6873570647303
769.7357345648005
658.3697891792556
552.9468355643938
456.01811783160394
369.28873195630234
293.6535481249293
229.29241411497657
175.8042455529811
132.35924114305143
108.43607391974308
79.1967617796784
56.797118306464135
39.99727616763605
27.657936140064646
18.779946909737866
12.521437458538475
8.197836548096891
5.270229880615406
3.3269410130749737
2.062271692534316
1.2552548209806913
0.750245075226407
0.44031111264036854
0.2537472692957764
0.14359137226958152
0.0797885462851067
0.04353494466426538
0.023324947713804747
0.012271244201813268
0.006339306594435497
0.003215734255928881
0.0016017833881698733
0.0007834524742945683
0.0003762762138286518
0.00017745413030226403
0.000106432742558337
4.869264089636272e-05
2.1874424899686735e-05
9.649286376901287e-06
4.179641047423058e-06
1.7777390540522612e-06
7.424757584925185e-07
3.04496133224037e-07
1.2262147134637934e-07
4.848824906429742e-08
1.8827459343305998e-08
7.17847468028036e-09
2.6875581215174484e-09
9.88026959953346e-10
3.5666867060648364e-10
1.264289027239636e-10
4.4006113259672884e-11
1.5040590717233816e-11
5.0477985264842766e-12
1.6635059914289768e-12
5.383094006403826e-13
1.710506766661808e-13
5.3370696054137945e-14
1.6351822905186294e-14
4.919429270497943e-15
1.4532773487379956e-15
6.381272198897778e-16
1.8287308174749652e-16
5.14609186592298e-17
1.4219702940438458e-17
3.8582356586628855e-18
1.0279505308454149e-18
2.689310314481009e-19
6.908676507893667e-20
16.518094036691384
24.76148061449811
36.44840458538485
52.68241491176386
74.77183921063059
104.20671133840494
142.60624838212797
191.63139329359734
252.85992073038346
327.62616290354106
416.8332853047577
520.7525975765681
638.8306377949158
769.5294865322262
910.2276682678425
1057.207018199699
1205.744473876653
1417.2953099946315
1529.2656705600004
1695.6112340105014
1858.4528892617325
2017.3805476213377
4747.399894387105
6184.677382652923
8160.570534443412
12131.240568915817
16386.14884313
22068.667150000198
29518.84035029685
39096.08470674282
51157.077560117104
66026.2420769393
83959.7856656643
105105.44391648723
129461.325145742
156838.3419354126
186831.42208761102
218804.78789386275
251895.91404947545
285041.2630270599
317024.63776179444
346546.22521690157
372307.5046300641
386791.3916811624
403699.1702863067
414093.72973627213
417443.3600366811
413574.5665228182
402686.70000381843
385334.7065366148
362382.07322855503
334929.519967914
304227.62387114234
271582.9997284738
238267.74580738784
205440.67949417417
174086.71043247395
144977.9425125664
118657.22064658432
95442.26660772388
75446.59779105912
58612.26669453043
44749.119610976544
33575.64440127551
24757.36637494343
17939.927685875613
12775.226820660524
8940.120645779678
6148.083216948302
4743.777841669061
3168.673249179683
2079.8717563982677
1341.514062890225
850.2503066875183
529.522412231522
324.0415903507874
194.84475513662747
115.11735084952598
66.82660188453927
38.11595626921724
21.3602027912283
11.760810407866998
6.362014459132552
3.381191642950107
1.7654478383474244
0.9056121690530866
0.4563774966051978
0.225940066608126
0.10988588040087605
0.05250042396049894
0.024640459952374853
0.011360379477382715
0.005145031012718198
0.0022889038527181627
0.0010002416485950037
0.000570305699229315
0.0002418989821191333
0.00010078167497325856
4.124244545019313e-05
1.657741629140261e-05
6.54475448357553e-06
2.537865653426894e-06
9.665793485369382e-07
3.6157222379122194e-07
1.3284233748200457e-07
4.793550163803196e-08
1.6988418974108417e-08
5.91315611794442e-09
2.0214005196033982e-09
6.786536131020811e-10
2.2377059023969035e-10
7.246250500051968e-11
2.304495021079056e-11
7.19758913218684e-12
2.207720417945432e-12
6.650340488707795e-13
1.9673591463016208e-13
9.672847215924135
14.590568478929168
21.611023530259903
27.798007093094306
39.941605148243845
56.353721903934144
78.07373077169878
106.21173391115485
141.88134689545788
186.1072724682978
239.71026043038046
303.17622497839557
474.4208278080377
604.6784284431774
762.2147947190829
950.8931332837644
1174.8137654232382
4995.5333282472175
7055.940136430056
9884.988082628912
15269.575724733726
21147.079107297912
28921.649934218985
39020.94359096897
51893.808495773046
67981.7493702768
87681.05591396439
111296.94342554761
138992.5877125216
159717.26396210602
194027.77095943512
231785.22163458483
272250.29086487496
314394.42372341146
356925.5643129316
398342.33576910803
437015.0876332911
471288.5982941738
499597.86279483355
520585.8810122093
533211.1735743788
536833.1906652872
531265.8797725866
516793.1963586746
494144.7796503145
464434.71217078547
429070.52899517305
389642.81785702764
347807.4259718749
305172.29965194117
263199.4430749966
223129.74641511898
185935.01108085946
152297.9537711856
122617.8142245688
105108.97601609513
82231.13232768384
63233.829565861946
47794.13703324442
35506.36930096499
25926.17197834062
18606.489635456128
13124.334791343883
9098.490624096396
6199.155416410935
4151.05338042161
2731.7304967419745
1766.696317198954
1122.8479868137313
701.3023215255872
430.43232788570856
259.60297680073387
153.8542197263172
89.59707298132246
51.26873228325169
28.825402065349618
15.923991779145753
8.643151191612056
4.609202603366674
2.414921831307382
1.243065972992861
0.7905816674886593
0.3950993801966698
0.19397898803671573
0.09355839506120087
0.04432837542077186
0.020632095815919408
0.00943320165879919
0.004236636129331104
0.001869053752850299
0.000809941361320261
0.00034475405299969877
0.00014413927478473357
5.919238515482566e-05
2.3875560741096962e-05
9.458875222785196e-06
3.680592992454837e-06
1.4066399186093102e-06
5.279947916662149e-07
1.946493031873183e-07
7.04770595532065e-08
2.5061659783427126e-08
8.752551209188727e-09
12.875467748674456
19.404343125145193
28.7157466967779
36.915079019214495
52.99485402438237
74.70485649845276
103.4068263111116
140.55128499329734
187.58826625644917
245.84521305082805
316.3756722926865
399.7878980504907
499.9359559010977
610.2423795931998
731.7453635962842
862.0443906140611
997.8452479369201
1135.0734544733634
1269.0798833493595
1394.9271370530398
1507.7325697903132
1603.0333673162322
1677.1329070585746
1727.3872642546758
1752.3967600002493
1752.0792356660834
1727.617511794947
1681.2906333114668
1616.214067679722
1564.1979938685688
1476.0643701304616
1379.1634553993229
1277.0133991369978
1172.6692627198843
1068.6192783294707
966.7634708467626
868.4601850203916
774.6185720092329
685.8124085516183
602.3925091068835
585.7289150493311
543.6971662789398
519.8352899650221
518.0590926561996
542.902091207709
2196.092912911357
3367.3302468353186
4801.185504942621
6805.577309093959
10308.3268258095
14706.37874180554
20213.62136311837
27349.609353079082
36409.409309497154
47676.71188232398
56538.71625325774
72000.28734534446
90158.40506947464
111003.71736287791
134372.72055701274
159924.44643166318
187128.5749865052
215268.67392381886
243463.0466545632
270703.8626678947
295913.039867752
318011.0431430066
335992.71232300677
349002.79005675437
356403.27093074686
357825.19201402174
353199.01756423863
342760.1463819712
327028.9511264215
306767.7177398558
282919.4510357446
256535.37768771956
228698.86992444823
200453.35980301196
172740.71324802726
154960.73582148025
129813.42449074544
106916.28945686635
86574.62351745163
68921.53866667382
53942.5068255575
41506.13833047142
31397.19755983325
23348.458690119536
17068.87524415408
12266.502387136998
8665.52395786063
6017.492715585086
4107.436322163068
2755.801799167613
1817.3305414226174
1177.9185601634194
750.374936408334
469.7958966659439
289.06397810455786
174.79079155810027
103.86492650563353
60.650046047430614
34.80097273890851
19.621672752351493
10.870553592409214
7.26134784350347
3.9065087035919306
2.064890256342484
1.0723325763520164
0.5471097579590867
0.2742333913118484
0.13503799953697593
0.06532369274330768
0.031042323924648327
0.014490941602107147
0.006644899195740612
0.0029930952862137748
0.001324293959420137
0.0005755349733652904
0.00024568274691944735
0.00010301151051551312
4.242266249491221e-05
1.7159492365534123e-05
6.817088424723483e-06
2.6599615918752464e-06
1.0193610795447043e-06
3.8366447092867173e-07
1.4182111128268122e-07
5.14862366423238e-08
1.8356836929686575e-08
6.427716649258699e-09
3.1613123570259775e-09
1.0740828035853636e-09
3.583852292703203e-10
1.1743593612262654e-10
3.7790905171201344e-11
1.1942793752908818e-11
3.70641548325548e-12
1.1296116142639653e-12
3.380870891571327e-13
9.936880780824797e-14
2.868081182281449e-14
8.129252583569568e-15
2.2626932996652535e-15
6.184646189139867e-16
1.6600319184868703e-16
4.375511703643183e-17
1.1325323504703469e-17
2.8785936033441485e-18
7.184834612478986e-19
1.7609972005701434e-19
4.2384288321442814e-20
1.0017385996395453e-20
2.32491041679453e-21
77.32928576332826
115.40574062404619
149.19442603947343
215.9955188907444
307.0592057658992
428.6321484440874
2728.298770619569
4367.07460647953
6348.020565378775
9077.474917725049
13667.563078575378
19433.427640904203
26657.32831639929
35993.06855501176
47783.35487045225
62397.55786276706
80142.65934677194
101237.37193904424
125770.36083076417
154268.49962593822
185634.5085887682
219633.29915433636
255622.0272099292
292677.0819379431
330189.5549781112
366175.56487537286
399700.20449097815
429536.0444525824
446824.3108054841
468156.4232784638
483344.39629845996
491967.79483895225
493935.23312464973
489479.96871364
479126.66577889386
463633.7921453661
443919.0703453554
420977.23228417785
395799.77073894395
369305.42238745023
342287.9785185405
315385.11111656483
289068.73705900833
263654.5388784657
239326.04454176026
216167.4104805762
194198.83077880729
173409.20677622812
153782.1086487149
135312.8170096019
118092.04619591587
102038.56540732885
87251.9212205097
73784.28322850684
65560.89591252076
54380.05873518458
44590.44350539106
39381.01091094809
33851.00057517179
30202.367985341098
28530.171444762178
30440.873731710177
33808.854988967294
39833.31807452665
48748.25323378635
60786.328505389414
76151.5854429235
94984.9025404996
117324.78733300227
143067.2910774311
171929.81475700747
203424.0893408644
236843.4879959964
271268.95052229066
305596.1630357069
338584.3614794648
368924.4705457026
395321.6101568229
416584.7119824286
431714.48109031277
438019.91870762175
441464.05873485474
437570.2864396296
426536.5493522069
408907.8927454099
385531.59408636874
357489.6080419835
326015.798878984
292406.72203455825
257934.82213398107
223771.91089282365
190928.90979019905
160215.43438449898
132220.2470002629
107311.27331670684
85652.04579323645
67230.26784283253
51893.729115491886
39388.97716864971
29398.818467334353
21575.695518886714
15569.076766568229
11046.037656847162
7705.086259502647
5283.928441669128
4070.307686329751
2712.9650578415994
1777.531479404264
1144.7920067939579
724.6897446860811
450.8935775626304
275.72285882315026
165.70246689425704
97.86417179247337
56.79872020541125
32.39332165590278
18.153363998736435
9.99600890190987
5.408139051683854
2.874783995560717
1.5013565985083097
0.7703171162066875
0.3882833258244614
0.19226868235351158
0.09352694414091886
0.044691171352834985
0.020977444005650926
0.009672058076600881
0.0043803716205702515
0.001948585952375595
0.0008514047907542895
0.00048537880210423027
0.0002058224447631701
8.572194920112726e-05
3.5064842496092986e-05
1.4087239759205557e-05
5.558378331634247e-06
2.15393653476661e-06
8.197380446727595e-07
3.063866284167821e-07
1.1246373877151272e-07
4.054142370057838e-08
1.4352425747674283e-08
4.989853477827876e-09
1.703660448856315e-09
5.712258902654238e-10
1.8808725680086612e-10
6.081836916553777e-11
1.9312190337361596e-11
6.02209077606486e-12
1.8440804794409156e-12
1.9242625861765943
2.879645633013557
4.231545316059408
6.1058226131057545
9.229396085006783
12.896402367836501
15.958860940076152
21.642719851065948
28.829717313997254
37.72205210327943
48.48247212055482
61.20927293142574
75.91045000808359
92.47982873432547
110.67847292316299
130.12475692551834
150.29606963271706
170.54416305814
190.12472016792466
208.23995347423713
224.0912009876583
236.93685281766588
246.1498111747408
251.26828966282042
257.17162104816674
256.0985846156938
251.8894386414442
245.28265249652426
237.25214780558233
228.95153155932064
221.64165602331505
217.95445824333768
215.11789637063507
216.49569271629426
222.98312990663356
235.17167827876233
253.28137293961439
277.1137986249608
306.03135679845576
338.9674990199331
374.4708218471271
410.7832640353908
445.949261026337
477.9489557867115
504.8449911432286
524.9296650976095
536.8579253160696
539.7522343614206
533.267871820035
517.6115107268564
493.5113319943003
462.1427015099348
425.01862817660714
383.85804153166595
340.44682156744136
296.5062803692005
253.58160913941754
226.17714056930828
187.65291334799466
152.88050070406084
122.30310206981474
96.07499320902865
74.10884359963424
56.13270875971369
41.74917689777394
30.490571223365365
21.865971330062994
15.397756695121934
10.647104692871151
7.229211653522098
4.819873786648468
3.155481798529752
2.028527804265278
1.2805056862631043
0.7937199781775686
0.48310147226607114
0.2887318248072738
0.16944790092254672
0.09764791449068749
0.055255433644923954
0.030702394690797313
0.016751540365992638
0.008974752579833892
0.005860534394051583
0.0030458862890814366
0.0015544451098178894
0.0007789728728621366
0.000383313852943255
0.0001852131993611788
8.787687216456654e-05
4.094138074258751e-05
1.8729906851153517e-05
8.413834937190694e-06
3.7113985679022685e-06
1.6075572251852072e-06
6.837235287802538e-07
2.8554847618084867e-07
1.1710202526864449e-07
4.7155700786130014e-08
1.8646152775834454e-08
7.239849044706304e-09
2.760291966853115e-09
1.0333936054780855e-09
3.798934065600022e-10
1.3713331669247267e-10
4.860818909653819e-11
1.6918472166818094e-11
5.782266160728729e-12
1.3655021544233485
1.7845477982644355
2.6259487290737717
3.794281407248267
6.658745738446515
9.42459341411044
13.11195950164367
17.93199414766535
24.108309342392566
31.86420243973764
44.292804567251096
57.195467641666575
72.72770384736803
91.08320209426051
112.37494750979386
136.61154803205415
163.6763333913347
193.31130091266607
225.10779853130305
258.50546269078507
292.80040966146333
327.1630696457224
360.6654106829212
392.3166690892803
421.10611224816654
446.0508191428291
460.0931018002947
476.6804715951585
487.3178379348328
491.54122336036
489.12075998015337
480.081019394986
464.70652388872304
443.53098854394875
417.31017754751906
386.97979141438435
353.6013444910229
318.3003181483069
282.20176746988756
246.36885621879082
211.7494274586016
179.1347276575989
149.13293810476776
122.1584535263372
98.43614090166727
78.0183518980032
60.81143096870324
46.60795241576234
35.120934419786565
26.016735417852704
18.944101979941387
13.557748234123446
10.743353984331032
7.468906820660896
5.102367720578754
3.4249507895060285
2.258800526644807
1.4635852505868177
0.9316498510543623
0.5825886511290157
0.35787214328251815
0.21594046769516337
0.1279869572266299
0.07450914936498056
0.04260432347137465
0.023926933283922966
0.01319774906462225
0.007149625057066784
0.003803900964451861
0.00198760646698812
0.0010199533098557004
0.0005140116064975791
0.00025439169070730317
0.00012364182588975705
5.9014126322806654e-05
2.7661176429927567e-05
1.2732268540270193e-05
5.755169752148939e-06
1.029489180180891
1.5389379148550177
2.258948641475914
3.2559449980663535
4.608218480129027
6.404339087876984
8.739786394306655
21.01729664330048
29.325050826635074
40.34177094348879
54.717937616636505
75.46883096156995
99.91384352346498
130.44990446666884
167.94979840437173
598.5663818474004
842.128550859365
1172.5203436050315
1614.1895551911916
2281.072358062768
3275.6650057057236
4391.601904604584
5809.34405359622
7578.688606218513
9791.677098990842
11491.980596741838
14432.733244123276
17856.10469439577
21758.34667224747
26109.699661782877
30852.71451922603
35893.991510942484
41113.6911342578
46363.56572527297
51498.136318758116
56299.99847626841
60602.61722369503
64234.0376988499
67044.20116550784
68915.55077671954
69771.48145561048
69581.78298938327
69212.68387774246
67582.65840324467
65204.43315018264
62363.82308026215
59295.84272686395
56594.76888168356
54168.08145136507
52286.84755170898
51313.45099456344
51285.29399195758
52318.4958394152
54768.47286067725
58713.99932053694
64155.42818404546
71007.68000599461
79097.46202628448
88168.45164692898
97879.82812016463
107833.83005666167
117588.04616419018
126682.28475080455
134666.72893481908
141130.97607840179
145731.42016488384
148214.42422734504
148433.04521980215
146355.6870872667
142065.89030799823
135753.40256187448
127697.58436454297
118244.96161582935
107783.24789308975
96714.36882890285
85428.92264802805
74284.14320019439
67086.41526539283
56827.80186337167
47388.407358514516
38902.02705108369
31438.866080667543
25012.93432135864
19591.986952585943
15108.707436567098
11471.966608748735
8577.22510181822
6315.429497128611
4580.041748092224
3272.1014448665733
2303.427875689021
1598.2123181902357
1093.3302273560698
737.7259362034985
491.2021736608593
322.8980462525292
209.67632190858308
134.57559855293832
85.42356683796889
53.658941082973904
33.37357583207498
20.56240071544518
12.555287418722846
8.99245625711824
5.411617540404276
3.2286486346370626
1.9093878527388828
1.1189607037308698
0.6495180774060894
0.3732364102977436
0.21218728211347265
0.11926223778392259
0.06622666062711884
0.03630868701707745
0.019640369783387276
0.010475680495339342
0.005506335396523956
0.002850818540680197
0.0014531363863399074
0.0007289546385085029
0.0003597509822842703
0.00017461501393512766
8.33352337099182e-05
3.90975063598744e-05
1.8028642755579278e-05
8.16964692970621e-06
3.637585652591825e-06
1.5912755215898923e-06
9.079908644142801e-07
5.407373218937798
8.119391915369258
11.971426899665792
17.33219527171755
24.640327041117057
41.26194734053234
57.45299912175419
78.64765538145582
105.85214204944455
403.4383583784297
574.282769524491
817.8065453376071
1133.2593395508277
1547.8671834757388
2497.978672613275
3416.8508141866423
4565.538748843561
6015.587533018775
7814.393147623076
10110.95209062004
13381.84935953963
16822.87987142108
20872.563613820592
25560.860111002625
30898.75378627949
34964.22202850775
41487.44538997474
48566.538382587336
56170.365146798846
64196.6338051189
72516.22255364864
80975.54791071915
89400.21087248245
97599.82829000727
105373.925711779
112518.74054185601
118834.75021741679
124134.69074915221
128251.76370038453
131047.65003868908
132419.87124248347
132307.98161625504
130698.06254174988
127625.03691226151
123172.4385810056
117469.944726809
110686.0146696233
103022.16530844853
94701.67519834306
85958.85373984881
77027.65943614433
71079.63587442263
62319.53509178741
53914.94591860434
46017.272965779164
38741.99357692799
32167.52990750436
26336.4492033249
21259.62625925776
16917.370162661267
13269.722340364453
10259.545183319966
7819.037513582191
5875.093373362124
4353.879100316422
3184.464052355623
2301.452095404236
1646.6548489569197
1169.9174766583963
829.2513641942246
590.4467155547665
426.3358809774524
315.86055685576895
243.06875148132653
196.13603573538418
166.47452025246614
153.19197522653982
139.64802881829178
130.89319869099032
124.6669286669196
119.47896745837359
114.38754204460099
108.84247535798056
102.57460118054696
95.51635515939323
87.74233572928577
79.42234671472262
70.78256621157168
65.8307877422756
59.22322689331312
53.845322222188614
50.158564491655966
48.63370250756855
49.74476817553525
53.960899295540315
61.73297764889044
73.47253061778868
227.99210138284195
339.58301337055775
475.9447738731152
661.5162203310175
909.4726868958836
1116.8145848703468
1503.0080366402203
2104.7685299240607
2772.9646023362934
3601.392438519292
4609.299903280948
5811.864889864842
7217.893129028291
8827.470352498995
10629.818075502484
12601.63721971129
14706.224710895383
16893.60765605144
19101.856524130446
21259.61925074937
23289.77613093368
25113.970245340475
26657.642051244686
27855.110325481044
28654.2101720806
29020.02917608497
28947.130623208763
28426.25928508731
27489.882794383997
26182.10296839103
24561.74646401592
23341.794624986378
21357.563444625404
19256.071107538257
17111.60639209153
15283.811512881013
13437.7623916344
11763.743129973487
10347.046832248529
9236.53029332023
8472.889733543872
8219.29055724562
8361.617124784187
8924.876281536559
9965.910574688065
11496.079620841248
13515.742688037759
16011.225489004151
18951.645725153074
22286.11508850585
25941.886087629737
29823.979945973133
33816.711443887776
37788.194565155
41593.018790435664
45083.79561514141
47165.32842242569
49820.959428699825
51828.93166147789
53081.564006777306
53533.848391369844
53169.26650055971
52009.22730336012
50111.0182295255
47563.18604384603
44478.84970551353
40987.624692036596
37648.563369292606
34028.780615705415
30463.378892056353
27138.508581103084
24187.079187069627
21725.70319966205
20032.49261054411
18993.51301049064
18676.347068082767
19181.858870246353
20538.570958512653
22751.10220820527
25797.246889337704
29624.909960624107
34149.488539213824
37495.8981495877
42901.86986752641
48615.38168060276
54436.31637140545
60145.11263860241
65513.23407936969
70314.75024423286
74340.45836463053
77410.35478602238
79385.30149085811
80175.94671412041
79748.13495332915
78124.29142081519
75380.69795807476
71641.00509248047
67066.69117116535
61845.441112833716
56178.5502665582
50268.459656952895
44307.412134975086
38468.012422533655
32896.21263696553
27706.964764431752
22982.51536231553
18773.091391905906
15099.556926775369
12946.972362787174
10146.59221291889
7827.9763466297745
5944.496188318394
4443.027637710252
3268.1999790625923
2365.801025546219
1685.2778770535015
1181.3653895672248
814.9426723561188
553.259732347609
369.6934713492448
243.18893267761814
157.523755494957
100.50730187503775
63.19634058307806
39.18077302467434
23.968496563523455
14.479544380981643
8.646391047196895
5.109231015331706
2.9911294193704294
1.7370618952255412
1.0019148972361471
0.5746099128443951
0.32798067204390763
0.22516197345418465
0.1276657796331416
0.07210810967780251
0.040557097677200435
0.022699239799594054
0.012629389056713073
0.006976872147894969
0.0038219451824319036
0.0020734100828009557
0.0011125452322071799
0.0005897652332152206
0.0003085466636247522
0.0001591666530506264
8.089834985073928e-05
4.0485916654046406e-05
1.9939459513183553e-05
9.660018041925015e-06
0.670149884480967
1.003534141903578
1.47563519404092
2.1306471566557663
3.0208519447114606
4.205645157091599
5.749380677952458
7.7178217702877845
9.297084447248277
12.106794953624071
15.480922494911942
19.437917007166963
23.965574731029857
29.014240812664585
34.4921139260057
40.26369710419496
46.15223385030198
51.94658960009551
57.41251770071896
62.30765147205283
66.39898021979754
69.481098266501
71.39325411562288
72.03323485899212
71.36641763108221
69.42887266090807
66.71132073390177
62.789917307168515
58.14580214774176
53.03581020313423
47.72965138964817
42.49178357374673
37.56517002757825
33.15806573546692
30.591616727673436
27.390217593417088
25.033264746807294
23.54796075372968
22.912017524309444
23.058220931214894
26.266273545831215
28.834475303314427
32.2941232655766
36.639754778584
41.895197261602796
48.12099918004156
55.41716776076344
63.91961532829796
73.78905608188474
85.19179457076149
183.95525314626587
254.23277544735828
338.57640104668246
451.49604261886054
604.7562787248404
801.1483475858118
1053.1261245683231
1429.1156937590379
1851.4190869596835
2370.0223246399855
2774.3616068642027
3474.6042197533707
4291.126403841048
5223.490760791194
6265.033747239323
7603.117098202156
8912.423550007385
10307.125903211834
11764.307839155841
13258.054818646124
14761.187385670735
16310.476630781393
17813.42886765487
19253.969882462927
20638.996019058624
21963.14957181128
23225.503488679296
24427.872930184098
25572.57224057098
26659.942401297267
27686.029946739094
28640.79527338728
29507.164632338998
30261.124995090115
30872.912760370968
31185.385905919105
31485.68362625316
31555.072133894744
31365.82837635574
30898.17341064397
30142.721936161768
29102.032283696157
27791.114518375613
26236.876578306186
24476.60631585606
22555.681565755964
20524.762195575153
18436.744727220528
16343.75392558312
14294.412725107919
12331.579895734989
10490.68221689356
8798.702252138746
7273.820491822945
5925.656628683663
4756.012598755404
3759.9919234497934
2927.3566309044395
2243.984065032217
1693.299372514736
1257.5824652566346
1022.1805612339443
739.0018741709464
525.6088589712107
367.7222044858197
253.0262191202729
171.22084790728763
113.93567612322961
74.55078777014108
47.96497380088912
30.344537630096095
18.877464008732517
11.549341895217465
6.950092460268293
4.114756825180562
2.397487861798723
1.3753446435312475
0.7772282134462695
0.5304773765425446
0.38345356860542573
0.34231973794619674
0.3759655128268155
0.47000258013941404
0.620253593187314
0.8285419404773938
1.099853272398917
1.4402629639627806
1.7083723816143752
2.1751995825612713
2.720581842253036
3.3417478091148665
4.0308498441073075
4.776123035573622
5.555568382902127
6.34572120506605
7.974442942131446
9.11371458808031
10.339789951323853
11.67385130780094
13.149813693083793
14.815004826321516
16.72897849944522
18.96006242913799
21.579481659011858
24.653224434936817
28.232194784009
32.341573517181835
36.97062430974955
42.064368852901126
47.5185591978409
53.1791625869066
63.972712655491186
71.9458728996327
77.57153660503151
86.52138180177037
96.20096868761111
106.82163486619177
118.6866890186148
132.18218947403105
147.75108008104942
165.85006148026034
186.89108898671105
389.3329165411959
529.4962724897564
696.5162258432832
918.7854828302142
1210.4137758753475
1587.1670446327757
2065.8817224319037
2763.8301558073463
3545.9339829910073
4496.226151166392
5629.224676152012
6953.633309319987
8470.171139941796
10169.595113762016
12031.181361616642
14021.927696836556
15399.027209778616
17499.257666060064
19585.11496027428
21587.976288762584
23436.535831417747
25061.149262512314
26398.305371844646
27394.802235857147
28011.231763149703
28224.45373988415
28028.855814765044
27437.023129931833
26476.08143716737
25188.66131754321
23627.87825168484
21854.2499188693
19931.99913325871
17925.47690019494
15895.942717993412
13898.879237855
11981.954459702625
10183.683092007592
8558.699324551588
7090.833257772772
5802.837368445438
4700.568430534098
4067.6727449088507
3265.8726303655562
2631.555909368114
2151.6449494282615
1829.7358795699656
1623.6755006384656
1531.449718047307
1539.83644434574
1636.2995194470493
1808.7994337930768
2045.4670018549618
2334.235005913292
2662.5202797347615
3017.0344024459496
3383.777143728016
3748.236353465586
4095.7853504372115
4412.238612429002
4684.502936517347
4901.24741417843
5053.51315025192
5135.192385264081
5143.324524867959
5078.180179678635
4943.12968549088
4745.394805879891
4581.855322078231
4297.057245614779
3974.70199594672
3626.3805289027873
3263.6813166147504
2897.6282981096138
2538.21215777055
2194.032289150466
1872.0570232219382
1577.5012353364646
1313.8134568449937
1082.7591078684954
884.5824128756482
718.2269697371725
581.5938449102729
471.81645362739437
385.53324593085426
319.1421169304052
269.0241344415871
231.72820647443413
204.11228117466834
183.44024560659335
167.9324741045288
155.05223121894696
143.8157678063919
136.78912578264112
126.53101472257165
116.37237040500396
106.27276440198932
96.37139682728619
86.91666043663277
78.2033550323077
70.52021600400501
64.10924727526555
62.33536805108335
60.48104279231727
60.792037834962294
63.36933788379325
68.27196066847311
75.52968153169965
85.15409059480156
97.28634765362732
111.70279570592402
128.47087868656047
147.5298914330298
268.19369013955276
355.5445143916839
459.72164212878806
597.0484958546307
776.6237922138657
1008.9760572565378
1198.9336704547293
1545.5539154072417
2025.4716678674058
2597.683495205061
3275.9521503950878
4083.5419642346997
5026.439926950858
6104.867222545185
7311.898202475106
8632.440994337856
10042.743661444068
11510.58617943436
12996.235745907528
14455.961316166753
15838.1112910949
17094.4625144453
18178.157853231674
19047.90260818219
19670.620976496528
20023.507169518423
20095.29688049599
19886.676535502644
19409.843194706806
18687.312683104952
17802.07297090445
16720.979258011263
15925.729119291436
14660.393471140782
13350.381329801614
12042.122452547332
10779.13238913275
9600.469523902793
8563.485805036697
7668.6826654225
6937.438924023444
6389.574024785722
6030.677972552939
5858.56482608305
5863.50936158591
6028.742269670597
6331.219689258762
6742.672138814481
7230.9183829569865
7761.40347627891
8298.891094025428
8809.213588300363
9260.964614987111
9627.013314308439
9885.728403859153
10021.824779905446
10026.781008969117
9956.083909131576
9741.665507952968
9405.022259034567
8959.367863042437
8421.660836178879
7811.380216823729
7149.30460617284
6456.369443297117
5752.658518583163
5056.5670363518575
4384.157161892764
3748.7137019309826
3160.4970806807205
2626.6822592339713
2151.4648935077507
1736.3094377418151
1380.3082319627633
1080.6164561616977
832.9259382247266
631.9417403869343
471.829368406895
346.606970010157
250.46517128580956
178.0061226175187
124.4017390703524
85.47806918607895
65.93041896156127
44.0260316671351
28.894856663189344
18.63686877863292
11.812063433042846
7.356013849560711
4.540282240991607
2.7645547801073436
1.6844711776948829
1.052113539739987
0.7057618002734635
0.5428766086145755
0.5004912280126925
0.5413443930014431
0.6442795195346976
0.7977003541236052
0.9951514371013651
1.232348030158681
2.9486962521724016
4.1576667733978105
5.589649488328355
7.46425713697646
9.892785457231387
13.001606534846575
16.927860652565183
21.81210745971201
26.2602040964042
33.56386290256769
42.12719526258315
52.19946823459557
63.814218900165
76.93064942901144
91.41996419958186
107.05701545758251
123.51915512438109
140.39355421407626
157.19333249254262
173.3817606667995
188.40272205377278
201.71473162323454
212.82526636396017
221.32206346963068
226.89841212841267
229.3702340618133
228.68377808289637
224.9138639063529
218.25361759877913
208.99739948550825
197.51905310709427
184.2476928322657
169.64305488772646
154.17206045456325
143.60163023473012
127.67853563028282
112.0197076529165
97.4122355031836
83.46182788441786
70.69855859029522
59.298894017518585
49.38150086879027
41.01205003662825
34.20948315121365
28.952915166758967
25.18835094184322
22.834505960121458
21.787243612281774
21.92245115191259
37.49643334294626
48.746210366033075
62.89868979081034
82.12763574505705
107.61145209376318
140.71879533627884
183.01075225522797
239.38860942669277
312.9034084264409
400.55691847143714
467.6884442545199
584.4429996925337
720.9591266857974
877.694317370806
1053.991543064694
1248.0786035311157
1456.9832790489563
1676.868028696884
1902.0052649856532
2126.4101700298957
2473.9856591265097
2759.017374721932
3041.8951974710217
3337.292749349429
3651.595130793669
3994.3022082432612
4377.18356867816
4815.228610915244
5377.142053264328
6018.352090699148
6757.052442955566
7620.730781257592
8617.079607774735
9746.502985594747
11000.587002859967
12361.159932862114
13313.887503895783
14784.904869138943
16267.80142007825
17713.944080233734
19099.583299609207
20334.36073197972
21384.494522208046
22212.77460035924
22789.235648383998
23095.360671499264
23124.943353608778
22883.973412818395
22400.976928736367
21690.06028140323
20786.202233660704
19731.802954249753
18568.529757625118
17337.875685300034
16079.014168631647
14827.042180271405
13611.671349555229
12456.391147085324
11378.099387583034
10387.171086069808
9487.915306441011
8679.350446054046
8188.233636830433
7517.523784692994
6917.079023423631
6375.8690543416205
5882.711485820621
5427.138216801149
5000.045470279824
4594.112915617004
4204.00049891795
3826.3495292728803
3459.6259348213866
3103.8485332703453
2760.2448667497965
2430.8733589821873
2118.2449435473395
1824.971120449872
1553.7559720134234
1306.1177958943224
1083.609790822763
886.8816253850016
715.8479415896151
569.7274967867974
447.13354185776393
346.19988178435545
264.7258159373028
220.04507171916936
165.66823158320292
124.33080774964606
93.85793891460173
72.01303120959612
57.024047266200185
47.305547077554344
41.522772785731966
38.574879745192014
37.57051384245042
37.80052889501392
38.71130503791424
39.880714599833894
40.997524614520124
41.844081597272165
42.28156358914046
42.236896393307426
41.69054404581891
40.66468948015922
39.21170002655896
37.40311526293754
35.31962239845987
33.04255667541474
31.279914332191836
29.151723273369058
27.159593716891532
25.949336669851267
24.374978782215187
23.15866273995238
22.38449787070437
22.134337355409922
23.015165112682425
30.425213112384625
35.64541015843419
43.08414576830138
53.21307065469003
66.55246561176412
83.65577651150437
105.08493399209534
131.37508820745362
162.9881896072702
200.25617924253004
243.31638303797186
292.0438670727871
345.98769564972685
612.2219500745857
805.3056239067666
1031.7917228261256
1323.0834041845085
1696.472106856785
2172.16188919244
2772.781056562891
3254.464943683047
4116.778163084198
5260.601026287284
6601.330734620393
8161.314977659238
9974.767232784661
12040.150439596726
14344.659499949808
16853.159854796395
19520.195106968822
22283.229579064355
25066.71950220619
27785.92251778941
30351.445988886724
32675.1464909539
34675.51335733861
36282.879648362905
37443.59491407631
38122.832321035654
38305.83657900641
37997.62440294503
37349.34073577764
36222.790230363324
34735.35860531725
32966.01228584966
30989.98566056498
29596.659494215764
27451.536432231125
25309.271911881413
23243.3262708972
21375.921416061974
19701.057052046977
18270.084509452165
17131.73315087647
16305.210629042953
15793.40761229891
15582.737432688633
15643.979500379764
15934.167005606172
16399.439309032336
16978.658379612756
17607.4878721941
18222.570845850994
18795.103600982915
19233.959896969176
19514.89020083649
19614.751303150257
19520.750696005405
19232.29116093027
18759.61056203344
18121.833527063314
17617.466491094907
16776.286164528134
15846.013624518697
14860.486903591194
13855.092097055598
12859.479115745882
11899.431414669321
10995.91547317926
10164.45661827773
9414.851194038958
8751.803671223706
8173.284759812599
7674.206726165456
7244.891580293786
6873.619380902378
6547.252863505925
6252.452987630738
5976.701066515853
5709.087351070785
5440.844478604333
5165.618959183602
4879.645110926828
4581.094017721429
4270.444156048435
3949.70704622838
3622.1181303234252
3401.902846409933
3072.165090503
2747.26933448981
2431.797416990635
2130.0142628290037
1845.66052154054
1581.7937354124285
1340.6808119611915
1123.7442084550312
931.5622035368102
763.920178958751
619.905745379729
498.0368130283525
396.4092070218581
312.8496832569403
245.06129325002422
190.75065091887197
147.7301824011358
113.99221588415489
87.7551905884012
67.48491342875126
51.895473332498206
39.9351476775641
30.762563073814093
23.717741782670426
18.291725686479502
15.378368280927367
11.838399257150147
9.086393148528963
6.942603026724624
5.2721477310473635
3.9729171535255596
2.9665701703187493
2.19203727035037
1.6009556761701318
1.154526703656885
0.8213708099090626
0.5760485824615427
0.39800429539636234
0.2707654123870847
0.18129294595318104
0.11942308929824429
0.07737125348241664
0.049288058439735
0.030865989449277775
0.018998377556729906
0.011491723235827004
0.006830170843772679
0.0039885060950165755
0.0022881438297402586
0.0012894934068890256
0.0008710932339044407
0.00047648429521590153
0.00025599665077268485
0.00013508447136818236
7.000812086118986e-05
3.5632960081972345e-05
1.7811741320068306e-05
8.743874696811686e-06
4.215391492538835e-06
1.995734713547206e-06
9.278846493463843e-07
4.236503652205867e-07
1.8995046799221808e-07
8.363530417109872e-08
3.6162059032576337e-08
1.5354264485448572e-08
6.402000008797458e-09
2.621270263285131e-09
1.0539410413409144e-09
4.1612931230060085e-10
1.6134184544375862e-10
6.142877029465802e-11
2.2966889997949e-11
8.432137759028736e-12
3.040030713964085e-12
1.0762737018983867e-12
5.332113401157005e-13
1.83140506999489e-13
6.176939789471812e-14
2.0458137879579363e-14
6.653688959124451e-15
2.1250172244819658e-15
6.664474398485812e-16
2.0524509271455762e-16
6.207018519240478e-17
1.8433026323021956e-17
5.375434329093055e-18
1.5393372370645145e-18
4.328698008180815e-19
1.195319909207311e-19
3.241265507291093e-20
8.630770723932155e-21
2.2567977647458844e-21
5.795055973061533e-22
1.4614993552976657e-22
3.621836290697969e-23
8.836793297732949e-24
2.139219375347023e-24
5.293495060369169e-25
1.4794693161322216e-25
5.76910240005272e-26
3.514868285642522e-26
2.976858481745713e-26
2.5516969120369708e-26
2.2571578792415966e-26
1.9973469630633458e-26
1.7535788839125303e-26
1.5238161224975205e-26
1.3092801021613246e-26
1.1115271080856064e-26
9.317999689842355e-27
7.708707931276361e-27
6.290002807180369e-27
5.0594137634093954e-27
