a = [4.83189665] b = [4.83189665] c = [16.03381154] ,Gaussian ,LMH = [0.17556374] ,DW = [1.04905722]
0.0
0.0
0.0
0.0
0.0
0.0
0.0
0.0
0.0
0.0
0.0
0.0
0.0
0.0
0.0
0.0
0.0
0.0
0.0
0.0
0.0
0.0
0.0
0.0
0.0
0.0
0.0
0.0
0.0
0.0
0.0
0.0
0.0
0.0
0.0
0.0
0.0
0.0
0.0
4.140364568078109e-29
2.611425759194306e-27
1.0018526569498324e-26
2.2443140740612333e-26
4.6235177008623905e-26
8.759291618792478e-26
1.526059665499185e-25
2.4449987594986713e-25
3.6023750924265253e-25
4.880911726164644e-25
6.081536170106018e-25
6.968263102595897e-25
7.342319402502944e-25
7.11439646571747e-25
6.339243952023858e-25
5.194335634078232e-25
3.9139403024837686e-25
2.71199262357482e-25
1.7280303461791778e-25
1.0125143289359821e-25
5.455521848160454e-26
2.703055987867203e-26
1.231560269560853e-26
5.159842018022356e-27
1.9879040405980437e-27
7.04256440280482e-28
3.365514642464846e-28
1.0367560728455539e-28
2.936789676356469e-29
7.649590732108323e-30
1.8321901873507943e-30
4.035225013212433e-31
8.171986180811588e-32
1.5217661609842274e-32
2.6057118337552655e-33
4.102614460008069e-34
5.939481675445871e-35
7.906559367565824e-36
9.677769550051504e-37
1.0892042902964614e-37
1.1271644713192609e-38
1.0725230998468514e-39
9.383502040180223e-41
7.548483171112258e-42
5.583266602707999e-43
3.7970688054530895e-44
2.3743103175609776e-45
1.3650636118597863e-46
7.21592790404405e-48
3.507138036219034e-49
1.5672288349615607e-50
6.4391472988356965e-52
7.317382614091669e-53
2.613606536334918e-54
8.582908496031645e-56
2.591410192675021e-57
7.193543001473217e-59
1.8359132108713047e-60
4.307861356009879e-62
9.293284444854947e-64
1.8431996882478265e-65
3.361003209537433e-67
5.633570962841377e-69
7.48809023710615e-71
0.0
0.0
0.0
0.0
0.0
0.0
0.0
0.0
0.0
0.0
0.0
0.0
0.0
0.0
0.0
0.0
0.0
0.0
0.0
0.0
0.0
0.0
0.0
0.0
0.0
0.0
0.0
0.0
0.0
0.0
0.0
0.0
0.0
0.0
0.0
0.0
0.0
0.0
0.0
0.0
0.0
0.0
0.0
0.0
0.0
0.0
0.0
0.0
0.0
0.0
0.0
0.0
0.0
0.0
0.0
0.0
0.0
0.0
0.0
0.0
0.0
0.0
0.0
0.0
0.0
0.0
0.0
0.0
0.0
0.0
0.0
0.0
0.0
0.0
0.0
0.0
0.0
0.0
0.0
0.0
0.0
0.0
0.0
0.0
0.0
0.0
0.0
5.23359077675351e-29
1.278841751396792e-28
2.8723933330382035e-28
5.930360189870129e-28
9.175817505379503e-28
1.6462610115618688e-27
2.7149552562914353e-27
4.115633736795202e-27
5.7348335698916404e-27
7.34539199368626e-27
8.648069955018303e-27
9.35908666801101e-27
9.310174097568944e-27
8.513187403075185e-27
7.155444927665637e-27
5.528294258732844e-27
3.926049019499438e-27
2.5628922174521034e-27
1.5378537113290818e-27
8.48222456463563e-28
4.30045656287673e-28
2.0041463077206275e-28
8.585277527995267e-29
3.380565171455945e-29
1.2235855657611645e-29
4.070890639895569e-30
1.2449576680999088e-30
3.499691732715176e-31
9.043052598888506e-32
3.500882125960504e-32
7.861031155169971e-33
1.6225257758739353e-33
3.078319904162204e-34
5.368413431982336e-35
8.605739912067992e-36
2.6617170646829997e-28
1.1663182402113251e-26
3.5503880024393695e-26
8.126756000809828e-26
1.7120626654647288e-25
3.3195280189021394e-25
5.9235660865023265e-25
9.728342121102578e-25
1.4704283433672876e-24
2.0455074339380568e-24
2.6188757882397036e-24
3.0859674423714485e-24
3.3468601628817235e-24
3.340886666715451e-24
3.0695361313255874e-24
2.595852080899134e-24
2.0206584078014076e-24
1.4478421245261116e-24
9.54935850615737e-25
5.797766959793392e-25
3.9701586949733553e-25
2.099753038592265e-25
1.0223087185802267e-25
4.5819986585671556e-26
1.890563045779542e-26
7.181142480196387e-27
2.511096738279344e-27
8.083522100224515e-28
2.395538914094647e-28
6.535332832492271e-29
1.6413034148746325e-29
3.794546505886303e-30
8.07555345476899e-31
1.5820352554095742e-31
2.852857330889322e-32
4.735340679020858e-33
7.234619577026307e-34
1.0173218482062464e-34
1.3166282861028446e-35
1.5682425260976375e-36
1.7190595031929491e-37
1.7341157181933335e-38
1.6097415181135344e-39
1.3750112633680458e-40
1.0807105119491297e-41
7.81531397169339e-43
1.295197942452715e-43
8.151813751902586e-45
4.720152051029461e-46
2.5143340646778764e-47
1.2320751836338862e-48
5.553683307969962e-50
2.3027012857759206e-51
8.781933493053612e-53
3.080510952443985e-54
9.938482191264436e-56
2.948949240640442e-57
8.04730230251451e-59
2.0195546532230042e-60
4.660905540690109e-62
9.891955123001914e-64
1.930543028814911e-65
3.4645762965689985e-67
5.424587665632286e-69
0.0
0.0
0.0
0.0
0.0
0.0
0.0
0.0
0.0
0.0
0.0
0.0
0.0
0.0
0.0
0.0
0.0
0.0
0.0
0.0
0.0
0.0
0.0
0.0
0.0
0.0
0.0
0.0
0.0
0.0
0.0
0.0
0.0
0.0
0.0
0.0
0.0
0.0
0.0
0.0
0.0
0.0
0.0
0.0
0.0
0.0
0.0
0.0
0.0
0.0
0.0
0.0
0.0
0.0
0.0
0.0
0.0
0.0
0.0
0.0
0.0
0.0
0.0
0.0
0.0
0.0
0.0
0.0
0.0
0.0
0.056917968027526314
0.1411566068970392
0.3217829964264901
0.674271853309118
1.2987244856813427
2.2993711849049667
3.7420638957941796
5.597877253042078
7.6974274098545665
9.729217022436275
11.303689989651588
12.071817013519253
11.850457237334659
10.69319851651571
8.869317660559151
7.471667171346988
5.385386307909587
3.5680116531090134
2.172929943478548
1.2163967284661588
0.625914223122943
0.29604958441200585
0.12871351465209127
0.05143916392870205
0.018896166682820698
0.006380630264895039
0.0019804482842424175
0.0005650325810260383
0.00014818134553759682
3.572100222113013e-05
7.915234663548668e-06
1.6121817952930888e-06
3.0183826019621e-07
5.194510437897807e-08
8.217221918354807e-09
1.1948557194926265e-09
1.597040669840297e-10
1.962124421803903e-11
2.2158847516341587e-12
2.30026490167904e-13
4.848460889655291e-14
4.3737237035885706e-15
3.6266767680027974e-16
2.7642442473016805e-17
1.936662917290487e-18
1.2472161262645808e-19
7.383111998075462e-21
4.017420151706287e-22
2.0093940370700842e-23
9.23832045614712e-25
3.9041904501573474e-26
1.5166278441003675e-27
5.415481960606414e-29
0.6845101776844332
1.5700005364027234
28.232827219300905
73.38412262609533
156.39992931529352
307.69618775684523
558.6860707521956
936.0575937816448
1447.0154711373798
2063.680350743062
2715.104864201778
3295.284762310529
3689.4114241022303
3803.638106931674
3722.7574172062855
3361.2320110472856
2799.664907646985
2151.2496779378125
1524.938456919434
997.2059888452776
601.5567622575421
334.7408711898525
171.81269720625147
81.33601657242289
35.51006322206229
14.295989520240566
5.306630279530678
1.8159673370959544
0.5728233437491028
0.1665301491871244
0.044612717446889216
0.011011624396751667
0.0025038266812761837
0.0005243863120612349
0.00010114121459561302
1.7962727706925e-05
2.937134152275679e-06
4.421051469265507e-07
6.12524768777222e-08
1.566132327106396e-08
1.8893360739205136e-09
2.0972891417081568e-10
2.1420707352716802e-11
2.0127832854495208e-12
1.7398521694370388e-13
1.383398142893425e-14
1.0117465602956323e-15
6.80548126519255e-17
4.210016805222419e-18
2.39510367294039e-19
1.253025902484871e-20
6.027992792777416e-22
2.6665260740317333e-23
1.0845872851664997e-24
4.056162711854457e-26
1.3947179521857098e-27
4.409270925235703e-29
1.2815833891486661e-30
3.4246640297654087e-32
8.413415250129767e-34
1.9002160182729685e-35
3.945515068928159e-37
7.531282732249549e-39
1.321580946273268e-40
8.466353971000018e-42
0.0
0.0
0.0
0.0
0.0
0.0
0.0
0.0
0.0
0.0
0.0
0.0
0.0
0.0
0.0
0.0
0.0
0.0
0.0
0.0
0.0
0.0
0.0
0.0
3.4338563117176715e-29
6.05271509998482e-29
1.3204160206227034e-28
2.647776943039855e-28
4.8804746941868165e-28
8.268996207821722e-28
1.2878152942781097e-27
1.8435903344877215e-27
2.425969434906049e-27
2.9343795365778154e-27
3.262550961664725e-27
3.334328474370297e-27
3.1323444721094552e-27
2.7048345802029423e-27
2.1469501559712664e-27
1.5664382231892125e-27
1.0505449520455705e-27
6.47628670728405e-28
3.6698435632474534e-28
1.9115210935119148e-28
9.15209872227961e-29
4.027841346924684e-29
7.692947447017606
17.646341100191734
37.207169454202244
72.11218466465911
128.46970645493565
180.16387147038654
278.9180038065118
396.9131149550442
519.1877159625244
624.257007140725
689.9418702364479
700.9251376016015
654.5469865721628
561.8496028959362
443.31189752665455
321.5205632203154
214.34737988120162
131.35229423208264
73.98900797112158
38.30952828494374
18.232929918907647
7.976569971077215
3.2076424624017394
1.1856753389740335
0.4028614191629005
0.12582172291920574
0.03612148826199728
0.00953203660972826
0.002312149044888104
0.0005155324518455913
0.00018089298202178408
3.504924478009271e-05
6.242314838932395e-06
1.0219337256751585e-06
1.537835396876829e-07
2.1271936717462135e-08
2.7046699130586465e-09
3.161051458808884e-10
3.395931488067107e-11
3.3534847232702776e-12
3.043994075839466e-13
2.5398106020802367e-14
1.9479101424385447e-15
1.3732403767028006e-16
8.89885781942934e-18
5.300685408727731e-19
2.902283655208188e-20
1.4606929348288821e-21
6.75853940217332e-23
2.898989802498204e-24
1.6475873454994035e-25
1.0426777948581617e-25
1.774948677138054e-25
2.903942459004014e-25
4.397734983406937e-25
6.158907809874359e-25
7.381035081764604e-25
9.071122127670024e-25
1.0307321133851204e-24
1.0828748267624269e-24
1.0518963552646907e-24
9.448105210453817e-25
7.166931934066132
16.533697464253603
35.060390710550664
68.33977974068655
122.44483101474421
201.65890093388904
305.2842463393391
453.8334890521405
611.8977637609571
787.5813380153824
2367.282054379918
4693.54677832432
9225.901301413549
17304.19105996275
30723.557255772208
50995.02282888161
78653.88591275174
112421.10239835324
148719.8389265134
181991.18844110012
199369.57802995318
214183.49633387072
212804.2589767634
195554.15398990942
166215.96134416547
130681.75836180217
95037.58284412972
63928.54863289065
39771.39968451905
22880.045655511836
12169.230805471796
5982.449306863329
2717.543930656826
1140.287480618961
441.8164429228671
158.0169892834992
52.14873762343634
15.874794314229867
4.456030196838848
1.1529823108565118
0.2749155640081726
0.06038869627321415
0.012217416518521665
0.002275980921342619
0.00039032970586143194
6.161497393427685e-05
1.718495366555137e-05
2.3617351317807385e-06
2.986272721958829e-07
3.47369022842627e-08
3.7168106638428034e-09
3.6578653940187503e-10
3.3107644849708547e-11
2.7557642187659517e-12
2.1093223275519302e-13
1.4845963929872956e-14
9.607688466854816e-16
5.716861316300126e-17
3.127592250686877e-18
1.573127175688042e-19
7.274581625891179e-21
3.092669040982176e-22
1.2087379722334093e-23
4.343075250238848e-25
1.4345746616709915e-26
4.356167245098292e-28
1.2160101859887242e-29
3.120451700874084e-31
7.361090141770199e-33
1.5962779528555775e-34
3.182103363302267e-36
2.232573076850894e-37
3.864278457711125e-39
2.3834261633891203e-41
3.05589186996038e-58
16.989249111161815
42.05566605221782
95.6940432642483
773.6016058522794
1962.0537050604546
4544.918941383885
9527.00656611085
18241.59371454218
32397.357958318495
53327.25545011599
81307.16765832233
114784.19111381863
150008.8309208674
181468.20012443894
203209.83936979302
210663.58021104624
202203.28856377333
179719.02956896575
147927.00007774937
112762.88886185328
79604.60638993022
52037.582578142494
37553.08748920823
21585.911163557823
11481.791628650446
5649.371391287308
2570.147796136862
1080.6533475502356
419.7407245453708
150.5350530227097
49.825994334232426
15.214045994989752
4.283749999992005
1.1118032111988212
0.26589152721145104
0.058575645272149576
0.011883477498878647
0.0022196053140519736
0.00038160901768461125
6.037944122375402e-05
8.79052721631352e-06
1.1774260330537671e-06
1.4507458729606428e-07
1.644151189763087e-08
1.7137409518142753e-09
1.6427356681860714e-10
1.4480392562019414e-11
1.1737036565903004e-12
2.098095759546941e-13
1.4785437231714424e-14
9.57986407788335e-16
5.70672938728849e-17
3.1254062887956327e-18
1.5736466990323705e-19
7.284192305663831e-21
3.0997294792968545e-22
1.2127235989517695e-23
4.368345023517131e-25
1.487893499246671e-26
7.0219727829424805e-28
1.51075937670086e-28
6.741918668362229e-29
2.982144114104954e-29
1.2175963678937642e-29
4.570724499253666e-30
1.577182522384341e-30
5.002524204792892e-31
1.458500271520463e-31
3.908713952373844e-32
9.62878128740565e-33
2.1803128446855083e-33
4.538124046346728e-34
8.682483579046823e-35
2.75102559110962e-35
4.573819291409451e-36
6.989939739777854e-37
9.819241009720955e-38
1.267921791589717e-38
1.5049326713640567e-39
1.6419190187708527e-40
1.6466316338933618e-41
1.51792821568373e-42
1.2862224080432524e-43
1.001822928921583e-44
7.172588595623903e-46
4.720314482543748e-47
2.85545949676426e-48
1.5877829466577927e-49
8.115519400287617e-51
3.812866202134115e-52
1.6466332064938577e-53
6.536604839671353e-55
2.385160735050515e-56
8.00005789089691e-58
2.4664860660700272e-59
6.989953091142526e-61
1.8208740825405086e-62
4.36009172537714e-64
9.596688439997625e-66
7.192460683090623e-67
1.3756882565381986e-68
2.4186477444765657e-70
3.9087263956608874e-72
0.0
7.67403901683078e-28
1.7927855041210708e-27
3.849840343452141e-27
2.5535210805583738e-26
6.180141880984583e-26
1.3649063530278222e-25
2.758089061894299e-25
5.122871896516857e-25
8.848049829396948e-25
1.4192849843345234e-24
2.112498110059969e-24
2.9160074338111014e-24
3.731898920235429e-24
4.42792207792867e-24
4.871332919814972e-24
4.9700836394877675e-24
4.703843670713181e-24
4.1305830754534454e-24
3.365930639984938e-24
2.5453897065487555e-24
1.7861681793505045e-24
1.3529361454222146e-24
8.376558290975487e-25
4.808250368088386e-25
2.557439146393194e-25
1.2602091698905018e-25
5.755139186640744e-26
2.450445386683488e-26
1.0048495910126955e-26
7.375811496360996e-27
226.56645004805432
535.8345685001148
1164.8658523137528
2327.7222546108455
4275.594025431644
7218.913244182723
11203.590892217131
15982.794642198975
20958.40629198939
25262.355898448415
27989.781070763867
28505.92985286856
26685.846335887272
22963.43263050152
18163.631954863446
13206.223316747557
8826.014543536314
6438.1470889146285
3739.0705544497314
1996.0732934062576
979.4885557967234
441.80670898415576
183.1788402714521
69.81172383262376
24.45634076969747
7.875255460938845
2.3310301036355865
0.634221809041606
0.15861509666750861
0.03646346422954096
0.007705155208050685
0.0014966316121446724
0.00026721356146332254
4.38542951166556e-05
6.615700447340656e-06
9.17380677520542e-07
1.1693200667690336e-07
1.3700211608319663e-08
1.4754727934816432e-09
1.4606467436973364e-10
1.3291354519543979e-11
1.1117402965709747e-12
2.0290761171990507e-13
1.4748546044023266e-14
9.853945044144433e-16
6.051751989351297e-17
3.4163484936337587e-18
1.7727735684737994e-19
8.45579466718437e-21
3.7073675746535644e-22
1.4941249714864956e-23
5.535008084006506e-25
1.8847756096281915e-26
5.899444297162327e-28
1.697354729787194e-29
4.488943955041405e-31
1.0912539024099056e-32
2.4384704361917094e-34
5.0086333125784634e-36
9.456513328727492e-38
1.641167464306112e-39
2.61809147447428e-41
5.993016866412071e-70
0.0
0.0
0.0
0.0
0.0
0.0
0.0
0.0
0.0
0.0
0.0
0.0
0.0
0.0
0.0
0.0
0.0
10.352133135777805
24.389687048987224
52.81930289773743
105.14512962630822
192.39585646729753
323.60284173888266
500.30978531212355
711.0100275740461
928.8006542261139
1115.2682990793114
1230.966576945872
1248.887223996153
1164.6897213641964
998.4063187209218
859.7607755196686
640.4592014706941
438.54621768806595
276.0255781185704
865.1389514048641
1826.9728685133057
3995.7919519013444
8269.236539708952
41578.38096861097
97608.50985088956
203448.78612392655
418611.2320974431
775996.2459848089
1343736.4784295813
2168605.521554313
3256414.9972153297
4545022.63767456
5893088.107295619
7097692.441786202
7942346.5160639025
8260576.690667717
7989269.377982925
7188375.416791602
6018934.616141618
4690588.457503691
3816712.9432279076
2637933.620422415
1695451.119397119
1012593.442395622
561469.9971308069
288755.6360594674
137594.406098198
60687.09861486602
24751.299128491326
9326.520534038775
3244.255372311524
1041.0700245810758
308.0007019263096
93.47886183658598
43.84007761547593
54.91443968779102
102.18291604080196
188.1296738227214
320.988154381795
503.85570486510693
727.0646601315262
964.3931848013079
1175.8332303345153
1317.7937141945695
1357.5605116074123
1285.52646191332
1182.9539118159953
973.4337788924432
736.3004375495873
511.9337509964352
327.1768188299628
192.20352406001274
103.78873657022525
51.516833676142106
23.504886486782134
9.857736655223736
3.8001988665629685
1.346621346044968
0.4386263551864019
0.13132699589220537
0.03614292986476072
0.009143295552649665
0.0021261417714652027
0.00045445589351661105
8.928969058006136e-05
1.6125788311442943e-05
2.677014040628301e-06
4.0849843958284463e-07
5.729809894883997e-08
7.387544033001408e-09
8.755279404585522e-10
9.537839194603572e-11
2.0760711879243604e-11
1.9653458723124917e-12
1.7101956557132864e-13
1.3679261917431184e-14
1.0057489539240645e-15
6.797145589076061e-17
4.222538452906676e-18
2.4111859948412316e-19
1.2656040907050155e-20
6.106257094115735e-22
2.7080854237623297e-23
1.1039761518434872e-24
4.1368243617901225e-26
1.424900474479788e-27
4.5114073014714737e-29
1.3129542803184487e-30
41.77460213546665
100.32993505453612
221.4923842718229
449.4662882265604
1950.2058232829552
4440.719129019086
9096.412897091697
18280.611078065336
33575.04752024428
48584.48225873634
79954.44742988901
122731.13615458233
175420.01196532816
233241.67642260756
288410.65404713544
331730.823699333
355111.5976859581
354042.666859689
328978.8760392153
285070.0267156807
230432.4701317214
173754.33255568828
122168.66172072862
80038.43124315147
48810.248622047315
27673.922376623246
14568.218962667224
7111.14760112644
3214.5065468093167
1344.0557360785897
519.2666376892266
185.1974829213704
60.92723947072892
18.47714622423014
5.162614360138713
2.107776920244325
0.5132568701465081
0.11503229634881516
0.02372305962345439
0.0045009100605392215
0.0007854874189265287
0.00012607593822826834
1.8609534714030097e-05
2.525890623201118e-06
3.1524045559628316e-07
3.6173969217684467e-08
3.816455489042344e-09
3.7018658976180585e-10
3.301163922560286e-11
2.706394901900695e-12
2.0397945752523257e-13
1.413343777541966e-14
9.002670010042086e-16
5.271738893637951e-17
2.8378737732276768e-18
1.4043876440820595e-19
6.38901950532444e-21
2.671983422338315e-22
48.07660613286492
114.77505357411063
251.86699727485424
405.8753655814604
773.9861993525999
3398.178323544088
7032.085075427152
13812.793019161038
26679.29583631741
47150.02094428575
78154.83832337573
121086.81006124048
174935.99711294327
235353.04450095593
294718.0560587401
343568.1735546394
373083.87843400775
377711.89987682196
356833.6698890155
314809.34896529675
259476.9497047772
199817.19005879224
143703.0932986842
96433.71656109592
60311.59498891484
35104.29729418922
18986.172030659152
9527.106603554887
4428.888143165754
2545.598829048037
1038.8591413194686
391.5159191672784
136.13856721436392
43.644677846579754
12.89252258204004
3.5074336791213487
0.8784491040334362
0.2024811468566919
0.04294245422736194
0.00837798280365061
0.0015034067439504062
0.00024811118502237586
3.7653789377947434e-05
5.254508295137779e-06
6.74205092823186e-07
7.953705001735135e-08
8.62679811305795e-09
8.602427336189172e-10
7.886325819269156e-11
6.6466660207297985e-12
5.149951221140171e-13
3.6683299078335573e-14
2.402130020083671e-15
1.4460558344864875e-16
2.119711376253274e-17
1.109077997643982e-18
5.3346244834209666e-20
2.3588543823906318e-21
9.588556989093321e-23
3.583106554759967e-24
34.63252922410806
83.63154859041389
185.63767739833526
378.7670328931019
710.3759926004531
1224.6569124145958
2054.8745375678477
3096.1058652427087
4368.552644832219
5821.0227436940195
7399.252080959354
14176.429968505627
22708.637242245564
38060.52636739693
66688.88048761827
111838.21256416907
179384.64433167185
271444.64991775516
384689.4616457873
508810.31791463034
589603.6362821108
693551.9839214669
760755.4821299016
778921.0717210097
745276.2791057684
667034.8159680829
558805.635013102
438231.54331499676
321570.0927172421
220566.16055405117
141210.48383782874
84238.80169514223
46738.61655271401
24075.123013386987
11493.543787153025
5077.7993440879045
2073.325529231989
781.5473964112311
271.7373151070286
87.08321372429793
25.707482026172503
6.987567384290406
1.7481478213698798
0.40243393129661476
0.08522776963096296
0.016602171848380295
0.00532546567475787
0.0009022325308598893
0.0001405575374456142
2.0134310016211992e-05
2.651825921036091e-06
3.211164998434959e-07
3.575008917571025e-08
3.659140087735779e-09
3.4431909428289e-10
2.9786387915278853e-11
2.368890931104824e-12
1.7319670394448267e-13
1.164123705338817e-14
7.193194569636404e-16
4.0860747856721133e-17
2.1337898790296763e-18
1.0243705782329427e-19
4.520870993487867e-21
1.8342014322701974e-22
6.841838922092164e-24
2.360082254628585e-25
1.017799050806959e-26
5.165423735057957e-27
1.8987495925564748e-26
3.732760143529204e-26
5.72088017076167e-26
1.0654440508319759e-25
1.8677846454034075e-25
3.068655579263165e-25
4.727178082060452e-25
6.803772141954493e-25
9.133054960591918e-25
1.1423240466513933e-24
5.2920066548645375
12.867860549842758
28.76089311656754
59.08924606777497
111.58982272256434
193.70943962602502
309.0914843523821
453.34972206488845
611.2089791037369
757.4538125072032
862.8447168542929
903.4813475827451
869.5925209482207
769.3473444360807
625.6611383392129
467.6984818556042
321.3681244208536
202.97833902542132
142.5891717649602
78.26186740271342
39.48425286818031
18.310816105705506
7.805514517234374
3.058478477958628
1.1015884658979764
0.3647064041860223
0.1109883659059566
0.031047138803552636
0.007983177168373937
0.0018868614433361975
0.0004099343497903863
8.186507610231891e-05
1.5027719743280156e-05
2.5356982021285035e-06
14.69726850694526
36.15583172471221
81.75798004384266
169.938589174871
324.6862685999992
570.2245276268251
920.5299526050429
1365.966387727262
1863.1686134220124
2336.008208648265
2591.9587708296494
2824.2368887341945
2828.7812414976797
2604.826213260455
2205.676908628382
1718.4586032079353
1233.6125177107763
818.7066653566677
506.35773200772485
297.16342206162227
382.8020396506891
602.8405239701627
1154.4576909040693
2220.2290929305946
4024.4535451397596
12085.582110576725
24623.481499234353
46770.489017853106
85443.25778618702
153468.5783983862
256001.28770286072
402111.7384107057
591754.9931625928
813393.7081702775
1042900.2929899363
1247309.127382225
1352730.5411807986
1444393.5692911607
1444121.781550748
1354366.9688922295
1193117.9613282154
987969.1816319483
768841.0220516749
561694.4030995471
384549.2830417166
246149.3500451413
146944.86312243264
81610.26311293343
42070.7121005263
20090.683518142887
8872.85296151797
3619.048225140083
1361.81305481811
472.3508467940493
150.92179165231806
44.39787164842148
12.02072261919272
2.994559509457282
0.6862397981518371
0.14464036882235853
0.0280363574352908
0.00896281984415299
0.0015106343717271838
0.00023410441198505572
3.3356291353025795e-05
4.369691683770712e-06
5.262826659126584e-07
5.827408478265048e-08
5.93218593421576e-09
5.551791106968405e-10
4.776697681960786e-11
3.778301811899727e-12
2.747503998406788e-13
1.8367573111316427e-14
1.1288500286625482e-15
6.378098780163602e-17
3.3129616870884216e-18
1.5820184599178587e-19
6.945070678137105e-21
2.802960374153482e-22
1.0403882595656324e-23
3.5928344208763753e-25
1.5559729621615797e-26
4.288049871712752e-27
3.269792899558127e-27
2.464469482754546e-27
1.7115736058864287e-27
1.2809686396141644e-27
7.7314823935617515e-28
4.289406784649632e-28
2.1874682860429187e-28
1.025407185576403e-28
4.418359062648887e-29
1.749990595243085e-29
6.37118889496011e-30
5.562954089153328e-30
9.062292746667247e-30
1.9119118684322865e-29
3.9246607293422326e-29
7.460693803387718e-29
1.304891562261991e-28
3.775585549279022e-28
7.119207464473121e-28
1.3061538776279008e-27
2.3174753905288982e-27
4.076337212769313e-27
6.666192595641133e-27
1.0290383746682476e-26
28.927749161492514
69.55494277588741
153.72744552197162
312.3092747515225
583.2146320169339
843.975200623535
2319.1065206466264
4542.390347954656
8382.577478863164
14988.582523345822
26366.253400500264
43430.33755009308
67522.76983498721
98480.09713349512
134250.46120573807
170809.53943801377
202871.14320472753
225239.23369405657
234267.65670189876
228810.0441697834
210323.64581313313
182224.93040998944
148880.1195832792
114626.87762135878
83018.83129348706
56424.6467372643
35901.407321577644
21357.072607391307
11906.448681444186
6297.948146564735
4067.3688312576314
2186.1756160031086
1348.0829250790155
1013.8931930781757
874.321787640152
776.8938287675677
664.532603371317
531.3097122155756
392.7504771213065
414.5422135196341
505.68174888538846
811.0412537581642
1438.9406751840613
2502.5635708234167
6336.523539701039
12224.442887622137
22444.31270635054
40183.87296197583
70607.91731139531
118196.7117266648
186717.19844822714
277355.37446538784
385560.5673027263
500467.11148991337
606416.9729383258
686757.5593330456
719398.3016045947
731687.5180995407
700192.2451935986
631955.9795382236
538773.8633317729
434155.4933591079
330581.18569578097
237814.071796609
161880.64055112127
104864.63676564624
65593.03637345915
40764.5271944721
26296.605313267166
18411.388985203706
14228.331493617738
11875.077294798177
10297.795695463474
8980.029748354427
7706.957957841078
6418.471453158006
5133.311980879722
3909.1828375770165
2845.868066566846
1977.5014407941617
1361.799910690908
1018.8619621489079
941.621247470736
1039.6912674022522
1361.9356320559805
1847.3462853398653
2404.1200182935745
2916.149670114971
3267.799006362966
3371.091236105282
3201.2542531014005
2801.050333162602
2264.2992249790977
1701.2003633969946
1202.9383143620057
820.2477407488581
561.1831081568167
403.52438423290084
312.52813570381375
255.83829929651586
211.54661935761908
169.47768222014113
128.12116788598632
90.13494773094307
58.6167356207304
35.12878399983256
19.37354583835744
12.436866938490116
5.964430359565055
2.629630132723307
1.065751979561683
0.3970444822839647
0.13596820409796287
0.04280040716316572
0.012384244487394561
0.20480812277921953
0.48439976180307376
1.0669413862730905
2.1630671911806885
4.0315211107643085
6.9069128920376714
10.877014172835851
15.745103909053741
20.950357219182496
25.624027552729654
28.808020087485865
29.770730275002226
28.279753725080095
24.692884010269882
19.818832535185255
14.62158245911888
9.915639889361312
6.180977636536266
4.304146494593588
2.33152584796991
1.160923180304591
0.5313452340860225
0.22354252615580214
0.08644772676536676
0.03072961073607911
0.01004085275927701
0.003015742083569709
0.0008325836011304758
0.00021128641146619527
4.9286200527599044e-05
1.0567911571792841e-05
2.0828742924198873e-06
3.773523050581962e-07
6.284069982538626e-08
9.61933560370801e-09
1.3535029263019548e-09
1.7505857120574763e-10
2.0812182150369276e-11
2.2743741739723894e-12
2.284632078483442e-13
2.1095056062355807e-14
1.7904209692772924e-15
1.3968175584874012e-16
1.0016921581699275e-17
1.6499454551564156e-18
1.0282079069973389e-19
5.889824436571372e-21
3.1012288687565395e-22
1.500981518580305e-23
6.677700395017024e-25
2.730791693652643e-26
1.0265031223489728e-27
3.5468435679860224e-29
1.1265068907211022e-30
3.2887868628930115e-32
8.825669573325764e-34
2.177056284061397e-35
4.936301864313599e-37
1.0288304833193079e-38
1.971042567067956e-40
3.4710291753045184e-42
5.618632742472786e-44
8.184371699998057e-52
3.1416320953771954e-53
1.1087058459721654e-54
3.597231237733421e-56
1.0730286812574096e-57
2.9426945448765386e-59
7.419417559302529e-61
16.934773745559966
31.383495425161144
73.80615239695176
159.54892294963437
317.0335663920932
579.064143870023
972.2056929057584
2162.034306317879
3892.2587232911483
6788.027855246732
11718.961270735132
19802.116570651913
32928.27959867382
51431.332542759126
75701.03392172397
104349.7697162826
134339.87420275027
161510.61982862817
181671.47156278012
191802.95682685493
190814.85240523017
179575.3244241855
160348.41067243108
136039.1316685797
109588.17940961539
83609.88096889094
67605.97306417803
46691.24432932641
30194.71347337423
18208.147665078675
10202.589943597677
5297.14446603352
2542.8532366171958
1126.8064083215431
460.3786578086047
173.28124465357303
60.04777286010007
19.149895052773598
5.618626031008115
1.5163418961828756
0.3763604163251166
0.08590260970078302
0.018029086016624417
0.0034792429934485734
0.0006173406215201382
0.0001007126263440187
1.5106194768356099e-05
149.49016682064288
345.69933844750034
734.842953498519
1435.8219165158039
2578.7941750466066
3636.0764294879054
5675.000048524256
13341.244498922806
22911.675426604113
39224.05420967329
66372.99751276223
110655.04142631835
176188.87677346676
264598.6074795582
372890.89471176476
491162.4016911111
603988.5627906219
694482.2493629608
749070.4090956185
761234.3647083502
732395.4194027939
670052.594285634
587865.6973242522
495524.5009630521
406048.5681330348
331922.42906301346
284560.87436710665
275715.89917646965
307594.0379454691
379462.9676511677
481240.55417818343
557305.8012841378
668108.125593487
756786.000903652
807677.8492820953
813995.7914445385
777897.8215596611
707979.7843038456
615942.7546610368
513419.33412544755
410939.2613693594
316924.2703472285
237180.13740157068
174444.01939172053
128407.01877566356
96441.78259074569
74809.77824122757
59839.0298832275
48668.29915701627
39473.84291621561
31340.9090967427
23990.557247526023
17496.29029043814
12046.303822537979
7775.087495044837
4679.196344463689
3201.7416867106617
1701.1920378315376
836.7922233159827
382.49779625479425
166.54145413547988
76.93083459222035
49.78079510386914
52.5688850457363
94.60687866425431
159.02418267853176
266.5518877527058
448.88322695601295
748.4111242458189
1231.124055096192
1916.6654493923008
2816.2218995667154
3876.268437648398
4981.800567908163
5978.024905052921
6712.979671066391
7087.713109296056
7067.6378534845435
6696.480166480405
6061.27265811872
5264.687094814178
4404.479000748116
3837.549894168293
3047.2145472462935
2370.4103752474593
1828.5971694820205
1415.6951505531965
1105.5397611469725
865.1478582871489
667.4592298338086
497.80709369649657
352.7920500563446
234.59433150575333
145.16310788193755
83.16026221088767
43.972200708106946
21.422813483496018
9.60660101977692
3.962833931722461
1.5032847625467094
0.5243173390808107
0.16811959809848748
0.04955497340905321
7.649496483789291
18.629471329375704
41.76315326064347
86.07141649013735
163.05761887716486
238.23297251974665
392.1944945163634
593.4869708224078
825.5263593078696
1055.5268575271803
1240.561142752962
1340.2525498271577
1331.0205357763837
1215.159278670519
1019.9397749701612
787.2199459872222
558.9553653606563
365.4133059881805
220.32504402788928
122.94657519161062
63.92812093391663
31.370813202268646
14.84912006099284
6.9962914415226445
3.3895300689547287
1.7143370639964544
0.8929475358090057
0.463889512850763
0.23282613306473687
0.11039169592119596
0.04879784236304599
0.02713610615297241
0.01052553711400967
0.003760957682841353
0.001236589274606864
0.00037392808574803366
0.00010396101882484377
2.6571521648926387e-05
6.243072118415796e-06
1.3483510085055857e-06
2.6768483934822425e-07
4.8849219546371545e-08
8.194132714053216e-09
1.2634530894486888e-09
1.7907116175146975e-10
2.3329337485111745e-11
2.79376131638477e-12
3.0752915238295726e-13
3.111668763783979e-14
2.894079765920174e-15
2.474216485619291e-16
1.944352290859518e-17
1.404501720156921e-18
9.325661685791638e-20
5.691767479912641e-21
3.1931978682477255e-22
4.465717273352684e-23
2.178136397627709e-24
9.86444140233811e-26
5.188796951056852e-27
1.5754341959237053e-27
1.9833281307456628e-27
2.9572415194249024e-27
4.417495114697554e-27
6.2947717654015465e-27
1.307163579833363e-26
2.1260311703772958e-26
3.518651919522726e-26
5.855097248502739e-26
9.577624618968055e-26
1.5291231294638846e-25
0.3428073054169648
0.8418914428602616
1.9005188455737447
3.9436496331271544
7.522020721536581
13.188056084286243
21.253825155809242
31.48498421896159
42.87260914357015
53.6619447221522
61.7394787807258
64.68936888109269
64.67645818983011
59.43874105619879
50.211481292937044
38.98939743790464
27.82915831361052
18.258440375464332
11.011268232424646
6.104091918648545
3.110389991719687
1.456862904120212
0.6272383194795242
0.24823129806659064
0.09030058260852807
0.030194971540188
0.009280871404283454
0.0026221222993448785
0.0006809687634372804
0.00016255917863287108
3.567022590373268e-05
7.194660106065888e-06
1.3339045736396418e-06
2.2732609932189795e-07
3.561097762869346e-08
5.127770167300264e-09
4.0005017309740944
7.301835736823023
16.78482566805684
35.46595586629849
68.88371511641536
122.97915732590698
201.81643116244177
304.43290329044356
422.12076362755215
538.0119214903898
630.3142725972878
678.7853205642682
671.9203591336895
611.3828010606427
511.3505089511977
393.1282254513681
277.8176399819662
180.46603130349195
107.75592911970666
59.142127394521744
29.83752302638469
13.83689515367016
5.898269218175888
2.311109862760644
0.8323896062719486
0.2755768710232025
0.12585170298665188
0.03620695284911544
0.009574914718168416
0.0023274904665551138
0.0005200570226871554
0.0001068129914159446
2.0165418950031856e-05
3.499455526033117e-06
5.582179096120211e-07
2.56315967646326
6.038744156496438
13.077588536188177
26.03267320210243
47.63431480258983
80.1181913553485
123.86608440531656
176.02880463400376
229.94561322370095
276.10646516223153
304.74604737725485
309.17875579840955
288.33095281095973
247.16270943143329
194.75323745974234
141.0575974839874
93.91140490512807
68.32901531587558
39.531544350308366
21.02289193845409
13.215335367149843
11.576923934276804
17.056243643744505
31.036126158974728
56.00406884616301
94.33642113139112
146.49993797254854
209.24283513097623
274.7390095556627
356.57189385812353
426.74354923443036
502.67131711616355
605.5729106100042
767.7406007641032
1021.8685410496029
1383.8919377664415
1835.8145693853394
3150.9344492563837
4858.419767530443
7636.71531396124
12358.222326289786
20066.880004762177
32013.08891643937
42569.230236794305
61919.18576808304
84224.80322337072
106781.46180807074
126252.78861888695
139698.85466773744
145510.1580870819
143756.39005614736
135802.61842826326
123501.30396595865
108489.42906480405
91947.6092679576
74782.8508075372
57912.46928347215
42348.77919037436
29026.702803696196
18539.245794203314
11037.596424266274
6143.4043800724485
3310.4961189537457
1946.6109948346825
1573.4683355199318
1863.6268056998917
2599.8428183353376
3604.9392949040403
6179.508475890663
8239.103702213351
12677.71789311629
20200.992482487418
32818.13950594652
52769.316865905814
82669.63177748874
121542.41994264603
167233.22624076184
214439.36208336637
256262.66882015366
286297.98324040684
300730.2888403603
299290.00777734816
284653.8055289356
260748.2335631708
231112.95627403277
198194.36363761598
163679.54491365782
129197.96449104833
96683.74152410415
68129.02886636715
45008.30246957708
27842.163079879727
16171.799776964675
8891.393869458976
5829.776860072974
3038.0655466466733
1586.8416686728124
851.9759909348556
474.8346479643217
271.4398417753432
155.11744840445806
86.30406124666455
45.818088393110365
22.9040751296646
10.692370249772
4.6377012653191105
1.8629181970964213
0.691552738049633
0.23690389868406597
0.0748167797013879
0.04982518112622049
0.07207383411001529
0.14519401634422133
0.28709032294484843
0.5258829275391889
0.8862521896866836
1.3730292185137256
1.9553176686397045
2.5595611018949196
3.0798091289365614
3.324820943913243
3.476508807859649
3.341399973919462
2.952049626126469
2.3973359686883677
1.7895515245997622
1.2279185803608572
0.7744707019508765
0.4490042725139546
0.23927978634681107
0.11721187389517095
0.052777311629950245
0.021844040738136613
0.008310530534198883
0.002906260768760905
0.0009342228118173874
0.00027604279375470936
7.497429986353543e-05
1.8717958576526014e-05
4.29550870085419e-06
1.5091011369295617
3.727980913328422
8.465240357256992
17.669122549513745
33.90008067653097
59.78559267831758
83.27845606063674
127.62778614020891
179.79096570839215
288.48654379210245
423.5847757862217
635.9304192226499
999.9005424965841
1616.5204168552823
2596.1214345858716
4054.5601566299506
5945.641623305175
8149.441978138513
10398.699641543879
12356.070698883217
13720.219091501578
14327.03855436917
14191.381049837208
13467.466625035435
12356.609697886193
11021.587066163658
9554.728675846512
8003.339099632342
6417.096516967918
4875.672552343134
3479.3404057208054
2673.9819363636043
1694.3266501163703
994.0850541927192
538.6834854055968
269.1617339886767
123.88187119911643
52.48441477200126
20.459816194952968
10.36703137005531
9.560995992722539
16.203614632746614
66.74442116176088
138.26587238315042
267.1180112278209
479.9673377082147
801.245527249867
1241.4367127432445
1783.3105890624183
2372.5016110769952
3515.812924113801
4884.439502059057
7032.033620004482
10766.204988424142
17173.803638146255
27425.24870426795
42607.58793792426
55404.57243069934
77560.96643866814
101124.12569346902
122665.0576314649
138790.0400945645
147297.44205350848
147858.09740793245
141838.27350533652
131403.16721578783
118480.46259631158
104192.60837331264
88974.56963531888
73105.8753326852
57171.133497692776
42129.58970846073
29022.05725678682
18582.541932229324
11015.978465739545
6030.785753649187
3044.040422341574
1415.1686856665087
605.5789252700459
238.43342689950677
86.35595895214834
44.83935524761129
45.66261262503814
64.96409851885849
122.8304516410605
223.32633658499904
375.57240459090025
581.0608263554378
826.4342964313444
1080.467358077194
1709.1571174872681
2472.3984983580963
3722.5817493030286
5908.066579188151
9561.280994475936
15165.9724150862
23132.329619809523
32897.88342702955
43568.52769882039
53638.96975173539
61512.49359951293
66045.13483549422
66929.62056829598
64703.1828125123
60359.914313821355
54870.369580205566
48827.61779732867
42438.13553173264
38010.603369652155
31212.01165672279
24505.13701411257
18334.70443226868
13115.31586909678
9588.105641037284
7473.276280220144
7041.8675579254095
8578.628217462045
12462.604147746017
19055.96455894768
28675.84905419052
40517.45301643008
53400.71275311403
65450.29844974007
74729.78818557494
79899.13832797421
80659.70546921462
77728.57457145174
72361.16308140552
65721.85409603518
58476.83798263838
50810.68101932416
42706.878579240016
34326.9707278631
26118.727428026952
21046.46694224499
14463.667212835371
9420.373306359745
5964.377819536074
3865.6616483834437
2744.9469778683465
2848.7667896836515
3424.0164675947126
4901.187408891574
7712.284142602371
12429.073851285624
19520.016695899496
29314.20173829179
40911.94766177678
53084.03703160166
63999.94021628032
71907.9027896509
75751.72647854121
75511.69534556831
72069.3115362755
66679.60618156618
60376.6735318141
53656.06105314798
46562.182915727826
39034.27248888734
31215.69104970026
26051.556923742843
18812.087162414413
12660.596793759058
7920.140573133733
4615.9011091581115
2535.4927987915403
1353.9094585534945
748.4882259076296
465.25053526077266
336.35922519954556
267.6730778597141
215.89935938877468
184.43476611961262
163.75152210437517
178.2008071178249
252.880431494955
417.6470189231361
701.2747163916948
1119.8215005428676
1661.0311685964746
2271.8693206913767
2858.9400854187415
4266.661789252778
5942.9366529939025
8749.301072525033
13781.797889698852
19016.70534915078
30627.40038949012
47388.92395782828
69631.71722528253
94720.86906272532
119634.62668253646
140413.0591232751
153773.9692663706
158294.48164783642
154796.8776715552
145697.12787682118
133704.91582978933
120654.98340379489
107107.68113983983
92799.12760940527
77477.25098860275
61508.497588634535
45920.46255364822
31979.356712125118
20661.530113885176
12341.815391286525
6801.275414360549
3453.4849051507276
1614.958915486369
696.0431377517344
380.35212976244765
145.83924307273818
55.54886414150207
25.107547206684266
17.031022872347048
18.93749622867807
24.01398482989039
33.391649639981665
50.74315033980066
81.6017260333383
133.28412549647567
209.38437199552766
313.1913155176634
435.9839252586054
566.2123827226885
687.5443343170215
785.0423069260919
849.9167714118685
881.1834486023733
883.2970150154058
861.5320848086799
818.7368056306161
754.3348037457597
668.3898465327431
564.5927175097313
451.717726423173
377.3176940124098
275.75130847877506
193.74400372007935
134.63663870543292
96.42254985170301
73.68759430439391
60.13777647349786
50.60949904334689
42.021495564377354
33.307167893096135
24.723772030407577
17.019495844309038
10.813890121733566
6.3278731649861655
3.406649271280543
1.6864928197544162
0.7675977032719178
0.32116698358835544
0.12352526710674515
0.04367158505585429
0.014192404277402622
0.7695711089202539
1.8791964877385894
4.236397711413592
8.7830137753597
16.738796124870248
24.55379455781013
40.66482926886763
61.905525716672095
86.6263358583239
111.42445866582624
131.7410677724667
193.52673448393887
267.30517621674335
397.2578137124218
634.0538535486999
1032.5493354243288
1635.9826326835673
2462.436494678316
3452.531032333591
4486.37377313166
5406.669016960667
6060.329509691023
6357.0370780077765
6301.592228595716
5983.12245680736
5526.1052189108905
5031.547156060358
4550.486094621081
4066.044078197061
3556.5778363328986
3199.913200612263
2661.760803285648
2173.8263988583626
1803.749459234564
1596.557137951995
1552.7748254066958
1625.7582155666703
1738.7223635677658
2319.453360875737
3059.020142802137
4417.415857840677
6964.866790475257
11362.899881199884
18189.03691730656
27621.105778617093
39484.944998364386
52102.597052350415
63724.371586291585
72400.41166289111
76827.25455626522
76834.36693397447
73369.49639669835
67969.59461361039
62015.99445938793
56197.51154365715
50451.00971227381
46440.36339749013
39870.43427737731
32628.632694663764
25130.90956320433
18055.294473366062
12030.76205847012
7408.767175634393
4207.794787485807
2201.5415711879878
1060.5614077591968
470.78400821274704
193.65596375383856
75.93786591230622
31.982872572714367
19.410836254604995
19.278540376695517
23.561284186528034
28.64145373922178
32.54777852448729
34.11410206011808
32.88901337227968
29.149851127300504
23.74890224793672
17.785378597410517
12.243151078765552
7.746998163988815
5.448779274854156
2.996099587801837
1.5143397900718738
0.7035589325034303
0.3004607085464581
0.11794647098233069
0.04255908413220871
0.014115935132589252
0.004303651469124483
0.0012060757623641885
0.00031068633012543167
7.35664431199301e-05
1.6012068176584297e-05
0.20118128080862485
0.46346501476735974
0.9814366184400581
1.910372620156541
3.418094046260714
12.180907215493813
24.465320829844885
47.53584172656107
88.564177926644
156.6279081282362
260.52343445217633
404.66704542811465
583.7010000237824
713.8642326166266
903.6162435446347
1054.8414989495852
1393.7287190518928
1785.9439499761022
2498.61596183976
3876.98590435565
6342.425274657445
10298.062385323668
15943.505199445339
23184.43407385956
31240.42172435286
38933.213016041664
44987.42207982761
48413.00742395497
48912.57294291373
46974.4793272719
43604.58715259646
39836.378124991825
36292.60706835999
33031.22274852989
29714.79442754091
25964.89799482795
21657.290411961414
17012.634395651618
13946.171540577656
9742.558963622394
6319.951355669134
3816.550370457501
2165.2477768339163
1177.5010967744856
636.1108687576544
357.7253665412146
216.4614077071573
139.7435058862197
92.25404298882083
59.54695669795072
36.456474909157436
20.824121198573113
11.008693705750423
5.366060804818111
2.4076157686663677
0.9935693243462953
0.3769985522267633
0.13150586121369487
0.04216816331312321
0.012429254982459392
0.0033675991649443067
0.0008387024429797795
0.04890657365161902
0.11475774027294164
0.19378135923090264
0.3965254749973976
0.7458742259441727
1.2896516852932742
2.0496963160765302
2.9944473911673564
14.685892602535796
29.98908434933434
59.61087802606062
112.89686377758326
200.67846337544938
331.7101604329626
507.16739965561754
715.1708242367191
928.6467138579279
1109.4540604745312
1218.9707948798016
1636.4497822730098
2144.900803798852
3132.120347719228
5034.163223652145
8323.216214953256
13375.583941664641
20252.106591556538
28668.078350118667
37432.05017004145
42823.551060535785
49183.42866669363
52573.18050853339
52731.38385242271
50275.62152132278
46388.695552299934
42260.99592093957
38592.189741576774
35410.59940621786
32266.446665700096
28636.583133465632
24284.356289718853
19390.60903730824
14437.274256720395
9963.826179743392
6352.026412545691
3733.302810188694
2020.6673031712785
1006.5963620175191
461.3509720360757
194.51143370006955
75.43182127353684
26.905296904349004
8.826398595217237
2.6630942637188295
1.1435723784882699
0.3001176264072161
0.07243927443864104
0.016080959804784335
0.0032832640062110687
0.0006165328814391378
0.0001064789522429964
1.6913312218420187e-05
2.4708761770915594e-06
3.3199421017411066e-07
4.10267180337333e-08
4.662931558641073e-09
4.874233078261673e-10
4.686053623662538e-11
4.143433616948264e-12
3.3694878126737407e-13
2.5200880906511862e-14
1.7334590830575909e-15
1.0966170421145559e-16
6.380242283530484e-18
3.4139502763361624e-19
1.6800106097907113e-20
7.603287829632117e-22
3.165211185330887e-23
1.2196731814716654e-24
5.315555115872676e-26
1.7418156907533528e-26
2.01985955697485e-26
3.313932330724827e-26
13.534667922016837
31.338613466991205
66.71819532700623
130.60179256960814
235.07300260727547
389.057710827076
592.0962413400771
828.6047261952918
1066.3250987596186
1261.9140098830187
1373.3431401701066
1703.1722287092668
2093.212013458922
2889.499950211806
4506.240487097121
7416.976609614838
12040.112002327882
18530.151902942624
26647.833314335367
35446.8732519795
43558.717146127216
49562.09286665089
52449.518855061746
52521.12939921155
50378.134210610275
46554.940461037266
42461.57675251294
39111.77611562963
36809.070583542125
35204.89639100179
33639.28502481214
31562.412752185446
28722.95947318672
25236.142369893736
21438.078085966805
17707.527836047408
14359.512186774697
11602.192205052848
9527.470697198403
8108.229092194937
7205.250895331483
6601.386438317891
6066.230869608447
5428.836463583237
4624.4277782155195
3694.0896932308283
2743.1139797668793
1884.2347256716778
1402.7943294459917
841.7306335531753
465.02741232147577
236.4247613844071
110.58650060696758
47.58244766559012
18.83202304933797
6.8554863409210665
2.2954318307241346
0.7069250294977385
0.2002466581137783
0.052172456596966746
0.23880366671563233
0.520931391541106
1.0911887648883731
2.11013135987916
3.7524141280410688
6.133941053670735
9.216800357508452
12.730075633498481
16.16187938811734
18.86091677238895
20.232231904749213
21.310154910504945
21.202731485133167
21.645937362420582
23.056191699460893
28.140980785366214
38.0116990256285
53.11034742280833
72.59624160122917
93.55372815382204
112.25262145189151
124.82249628127296
128.68631311426623
123.50920588021026
111.24491859571405
100.14237380817245
90.44165542823406
89.52371745977756
102.75635045873685
135.14853056755132
190.39179916276476
268.81908563777057
364.90410888529436
465.914374245656
553.4217037434934
608.1203092451349
616.3560589481834
767.807634738162
970.2354837725488
1420.0395777820374
1962.061372074915
3310.0095621366786
5484.788530617883
8584.73635155686
12483.965202838403
16834.796861557857
20937.649976223107
24052.054083420826
25637.804018473777
25541.402259199
24080.70188583697
21906.83077044135
19718.779994295724
17975.54045337503
16749.399979701553
15779.781711194246
14675.549031531838
13144.587300897778
11127.030017972837
8798.160211344939
6456.758487430308
4387.870450248284
2766.8550559491555
1634.1666446680083
926.8236087919524
532.3352603537438
385.4247760044165
267.6175618429993
212.6416212341954
215.9401889252042
242.84218919293562
327.114968727282
517.5956972622847
875.967422565539
1462.4090896127502
2309.0706794920293
3388.3997416483767
4607.522232421826
5777.40175371956
6688.193714837877
7176.915930984239
7185.647584806751
6791.3492789348
6173.831837974401
5538.0830746077445
5029.669683059006
4685.196974968449
4438.999945135283
4176.1244754180225
3799.143658280151
3274.1942972585402
2858.0049434810508
2192.0232619284816
1556.236682727933
1020.2785090650215
618.7970225704489
350.5313159926053
192.01239800901917
111.61988218554824
80.9026285097944
78.1715102232454
88.52517866516393
102.1548660686616
112.83838472987723
117.13388379108657
142.18629126825132
174.8837570590847
244.10236295793996
382.96452255896946
628.4606520438399
1012.5244991963782
1545.2777327372135
2197.1249605135704
2900.947808426734
3536.8423601288655
3985.7150215354773
4169.552602543109
4137.097110905432
3897.9210051904806
3547.7564307548582
3196.328877918251
2950.266888152987
2853.2132363691635
2888.1516355006383
3000.9631980442355
3129.6064769440186
3223.753422937814
3258.2378739919377
3203.5014315608496
3053.6089329409524
2813.044816319959
2506.521288735597
2187.8732117716468
1902.2801347260915
1698.6583242305642
1595.4958197690469
1579.618054480429
1614.5279913722736
1656.348869779129
1668.565528692559
1629.5577642070518
1532.5840433570786
1381.9879908673831
1257.3878503344085
1193.8804553926418
1206.339377400297
1482.7594189476376
2253.540776776879
3804.7230886847356
6428.985788425869
10312.419918668687
15383.374497667788
21187.052753009197
27027.881188637923
31729.717277453383
34463.47265275872
34816.56532221951
33040.7680349069
29962.539231049184
26640.96544026236
23936.333892838167
22198.578783745295
21213.855593650955
20407.297000644263
19174.264940615816
17167.054764655113
14413.26394673653
11244.130548195912
9124.681253595829
6238.309497064298
3931.5344476069695
2284.398301915438
1226.7003246179806
613.511361112806
291.95367067564604
139.20952611956164
72.99843729262163
45.755842214669414
33.53843767849705
36.824958075332404
46.090327939912
70.46404990116706
120.25291659498798
206.48158166745293
337.51278326355725
513.6444271367425
722.0373053781145
938.2079307809818
1123.5661037606721
1242.6538361275423
1275.555598194565
1225.3262803397954
1119.9314763761354
997.1104300974042
924.7523410649984
848.7699461333206
816.6608818814041
816.6727607549238
826.9352396768487
826.3477936906137
802.1173142070404
751.4665806345922
678.6997224718372
590.8949945359665
495.03453543586073
397.3053942764616
423.32068471059426
509.70986759673485
767.3271557779454
1305.8941341268685
2238.089521684674
3645.8561535583726
5523.649261510444
7725.790830746693
9984.629250392285
11891.405697806718
13077.661180002548
13345.388504968922
12742.13894279946
11556.678359531541
10647.959306707515
9402.798009587159
8524.19882518795
8056.204684823259
7839.440549985323
7615.439062728279
7157.028160265505
6362.774350748927
5279.935019763277
4060.129834926861
2882.4854351635245
1885.8293199941118
1135.919200873147
629.6632819856338
321.1384103277533
150.6800726887427
65.03992762251106
25.82602921992329
9.433803529136588
3.1700662549919856
0.9799498720481572
0.27867325185991804
0.07290282101432205
0.01754495902850029
0.0038843668986152167
0.0007911309239997039
0.00026145713789869885
4.633704595479601e-05
7.554656515837426e-06
1.133073277435225e-06
1.5633491411919134e-07
1.9842937095775833e-08
2.31688618475179e-09
2.488562166868678e-10
2.4588563157462774e-11
2.2348791232067396e-12
1.8685559504309492e-13
1.4370898313307868e-14
1.016673892037621e-15
6.615965723914842e-17
3.960155374707828e-18
2.1803788963752404e-19
1.1041966914869331e-20
7.456000071843898
17.44335295499593
37.51147070833585
74.14950793656485
134.72944263322637
225.02294859609344
345.4627035826276
487.512305107027
585.3030398023812
717.764472330255
809.0832206079126
838.3289991339848
798.4465384940409
699.0162208396247
880.1553230007161
1183.562147276428
1913.630645570511
3363.3264314459843
5828.08255545397
9518.668399425806
14415.149461722922
20132.602902771534
25951.277548770206
30817.68417898217
33776.31936063896
34311.453750869085
32554.081317952845
29269.7566455409
25567.35029175464
22470.14105056918
20546.484021930042
19758.694490189937
19575.22023028217
19270.33106796219
18693.182111148195
17043.689479997032
14528.930321234315
11497.676024102335
8446.446708965355
5805.229275493425
3826.72706103578
2568.4433576691495
1941.8659538670966
1781.5459059883387
1900.900539593107
2126.157306614811
2315.8458703562105
2374.435788287413
2261.260828732821
1989.9242074972979
2186.5433969378537
2637.4998023648595
3986.7333759155035
6929.770080950733
12255.733897985094
20670.929061259445
32449.47736048695
47031.422037461125
62777.87870039871
77364.75433478213
84984.20038438337
91511.48368429054
91388.42495343856
85357.24617972519
75773.87699354447
65715.1977417643
57817.959808008534
53365.78233173872
51997.724150904265
52100.602930916604
51645.3824825287
49062.47729498011
43794.78467260733
36344.87630617124
27896.20814844314
19757.629066874684
12905.65231962366
7782.717337282239
4348.174132308834
2269.8432803267433
1128.1409154350897
553.8689278185877
284.22707392840704
164.86804980667867
139.4695683149949
145.82619667350363
212.0895329899818
365.28852609507817
649.3445283046494
1106.5618905941178
1759.8043462715696
2588.497446453033
3512.441848732167
4390.652703602624
5079.284046810031
5418.292245355507
5361.423630870585
4959.866305431317
4622.885914674032
4374.771168997954
4607.9208422802285
5635.093924743769
7689.798555036603
10871.683145619849
15063.869271195432
19861.243570383165
24609.925935283878
28509.266904753647
30766.322190176717
31012.386461770664
29460.884567835157
27771.33280609937
24986.551820090786
22751.692024169748
21676.38814610057
21795.749618705224
22628.360088647572
23335.98029523226
23185.949122204263
21788.725218750442
19229.90417528554
15979.077223884216
12657.229391409452
9786.21651343065
7630.254415189183
6175.16058620346
5219.336844185019
4508.666022277195
3847.7238747067527
3149.835797526717
2453.3762191017477
1806.2831954445649
1313.305172751622
1040.7615407364642
1043.0717641126564
1349.2124713330375
1959.9789227788303
2517.4180963906692
3509.770794085563
4553.335313494609
5453.134220849332
6014.770813555884
6106.275105938781
5705.126771724646
4905.677312384436
3882.496887499608
2828.4117381451506
1896.8697908489496
1171.227954280276
