a = [4.85805016] b = [4.85805016] c = [16.89373723] ,Gaussian ,LMH = [0.45177823] ,DW = [0.66763512]
0.0
0.0
0.0
0.0
0.0
0.0
0.0
0.0
0.0
0.0
0.0
0.0
0.0
0.0
0.0
0.0
0.0
0.0
0.0
0.0
0.0
0.0
0.0
0.0
0.0
0.0
0.0
0.0
0.0
0.0
0.0
0.0
0.0
0.0
0.0
0.0
0.0
0.0
0.0
0.0
0.0
0.0
0.0
0.0
0.0
0.0
0.0
0.0
0.0
0.0
0.0
0.0
0.0
0.0
0.0
0.0
0.0
0.0
0.0
0.0
0.0
0.0
0.0
0.0
0.0
0.0
0.0
0.0
0.0
0.0
0.0
0.0
0.0
0.0
0.0
0.0
0.0
0.0
0.0
0.0
0.0
0.0
0.0
0.0
0.0
0.0
0.0
0.0
0.0
0.0
0.0
0.0
0.0
0.0
0.0
0.0
0.0
0.0
0.0
0.0
0.0
0.0
0.0
0.0
0.0
0.0
0.0
0.0
0.0
0.0
0.0
0.0
0.0
0.0
0.0
0.0
0.0
0.0
0.0
0.0
0.0
0.0
0.0
0.0
0.0
0.0
0.0
0.0
0.0
0.0
0.0
0.0
0.0
0.0
0.0
0.0
0.0
0.0
0.0
0.0
0.0
0.0
0.0
0.0
0.0
0.0
0.0
0.0
0.0
0.0
0.0
0.0
0.0
0.0
0.0
0.0
0.0
3.304478269309556e-29
4.6192867127188696e-29
6.375603808013375e-29
8.688446012422193e-29
1.16906127744646e-28
1.5531264928705196e-28
2.037280195067565e-28
2.638572805653337e-28
3.374129789436048e-28
4.260189028331234e-28
5.310927076862932e-28
6.10841024691028e-28
7.455217266550993e-28
8.98393902036951e-28
1.068926071031233e-27
1.2557492489937845e-27
1.456574048345134e-27
1.6681557316571946e-27
1.8863183928908618e-27
2.106045696458464e-27
2.321640462440465e-27
2.526949259975306e-27
2.7156416585825473e-27
2.8815276165313698e-27
3.0188914227730034e-27
3.1228173536926296e-27
3.1894812838224896e-27
3.216384164395178e-27
3.2025075020017226e-27
3.1483773519838173e-27
3.056031221071923e-27
2.9288907823210885e-27
2.8953282472748705e-27
2.7640246150366212e-27
1.197889273147489e-26
2.005104022698293e-26
2.669062466437199e-26
3.23072250758885e-26
4.290899932763421e-26
5.665048243407453e-26
7.418158806253075e-26
9.619807470599511e-26
1.2341632964510648e-25
1.565388245903403e-25
1.9621037188413686e-25
2.429662717865987e-25
2.971745537968091e-25
3.5897567810398556e-25
4.282241432423592e-25
5.044372869329323e-25
5.867570093684843e-25
6.739300519083859e-25
7.6431173420751755e-25
8.558966620096003e-25
9.463779233259838e-25
1.033233839719044e-24
1.1138386614986815e-24
1.185590980820506e-24
1.2460514009740967e-24
1.2930794431003121e-24
1.3249590318250117e-24
1.3405023176386895e-24
1.3414731623348812e-24
1.3288014532072866e-24
1.2996486194663726e-24
1.255103504378659e-24
1.1967980373915164e-24
1.1268080247435898e-24
1.0475306471596239e-24
9.615487277434183e-25
8.714924354302188e-25
7.799086240546316e-25
6.891465928211169e-25
6.012669147278153e-25
5.179774073843368e-25
4.405976318999132e-25
3.700507971312423e-25
3.068798602934112e-25
2.5128311293006492e-25
2.0316369599655893e-25
1.6218728574584786e-25
1.2784254845087459e-25
9.94997430240018e-26
7.646389873769819e-26
5.802015292636501e-26
4.346996246895902e-26
3.21578969215052e-26
2.3489512425039314e-26
1.891774450730488e-26
1.3529104840190588e-26
9.553374220877864e-27
6.660894433697312e-27
4.585601969357233e-27
3.117081907613456e-27
2.0921274545295107e-27
1.3864880736168518e-27
9.072609588518445e-28
5.861872957306637e-28
3.7396304258535937e-28
2.3556408643280922e-28
1.465134838650238e-28
8.99775657677392e-29
5.4560585256149e-29
3.2667202456702296e-29
1.9312256368351215e-29
1.1273071154861577e-29
6.497400546936732e-30
3.697644890442531e-30
2.077776993090397e-30
1.1528182484553554e-30
6.315546438022898e-31
3.416246561823531e-31
1.824633607745709e-31
9.622553224834096e-32
6.236936288784506e-32
3.2203243350250154e-32
1.6417843598736602e-32
8.264580401751612e-33
4.1078416945180556e-33
2.0160197506583235e-33
9.769313793991045e-34
4.67435323200433e-34
2.208346341480663e-34
1.030151337480267e-34
4.744856240541974e-35
2.1579096948749213e-35
9.690175632721946e-36
4.296533486845775e-36
1.8810178534507417e-36
8.131221510134019e-37
3.4706180249488037e-37
1.4626687656461675e-37
6.086579408401049e-38
2.5008562223978824e-38
1.0145939626252198e-38
4.064282907236217e-39
1.6075470207393347e-39
6.278147644815441e-40
2.420959024716602e-40
1.2735886923340604e-40
4.808377290640628e-41
1.7924866082361468e-41
6.597833131018707e-42
2.397920307421653e-42
8.605104703983684e-43
3.049057058110154e-43
1.066750626233095e-43
3.685090912390514e-44
1.256959931247556e-44
4.2333343387548453e-45
1.4077696381115835e-45
4.622410263430883e-46
1.4986258934059306e-46
4.79739859028011e-47
1.516373479339549e-47
4.732540516914667e-48
1.4583785292992416e-48
4.437454569254209e-49
1.333169256805631e-49
3.9547983851027466e-50
0.05221663884990987
0.07323014485400205
0.1014017048012255
0.1386356756276315
0.1871453898918309
0.2269753874881652
0.2999670382206501
0.39141970671267234
0.504296811951584
0.6415110499369426
0.805742818768368
0.9992246264453629
1.2235006309165417
1.479175311967213
1.7656697840878905
2.0810077789694783
2.4216551893295346
2.782436686407809
3.156549901650865
3.535691881627627
3.910304219112864
4.269933044588854
4.603688888488962
4.900780506576149
5.1510874203005
5.345729414231746
5.477588553067758
5.54174101304127
5.535762219282218
5.459878927493195
5.316954950872868
5.186963267898189
4.945199078693733
4.6550973769813755
4.3266139272315645
3.9704698362656607
3.5975765311072894
3.218492972231441
2.842951640000486
2.4794808735314424
2.1351403905394926
1.8153755968662717
1.5239858457118511
1.2631931357331014
1.0337915164663425
0.835353995412155
0.6664729502635705
0.525011582293249
0.4083472400748229
0.5478772051553323
0.5680655353759118
8.997604750391805
14.034720206052398
25.671085512134496
35.33447926087755
48.065339129650425
64.59038530891324
78.11497844012003
102.81543069460297
133.63653528660416
171.52149061227843
217.38503709508942
272.05328288706505
336.19334002029757
410.2360008297689
494.29619701563763
588.0973455458079
690.9066906728083
801.4891947075014
918.0872391194317
1038.432264091926
1159.7924843999879
1279.0580703888982
1392.8618895428551
1497.730384226194
1590.255803224778
1667.2782210271241
1726.063949018162
1764.4663568442531
1781.0559321245212
1775.2085957833754
1747.1446664295781
1716.5792738895516
1654.2051624038074
1574.0643356255164
1478.9829657777414
1372.1811133489034
1257.0925773079878
1137.183718254596
1015.7843969837409
895.942138005822
780.3077061980543
671.0568651544755
569.8495799657136
477.8247136600298
395.6256457077749
323.4504062488521
261.1189473070479
208.1500285677651
163.8407579711178
127.34291519490816
97.73159169747949
74.06320114057084
55.421373639774544
40.950514907527904
29.877805518133403
21.525103321383362
15.312601593370502
12.117133655151749
8.440125040050058
5.80503661387619
3.942467380989234
2.6438589257510703
1.7507149038532823
1.144720652701456
0.7390783829182711
0.4711816030115637
0.29661488664467606
0.184375963153914
0.11316766215816411
0.0685878220089127
0.04104669978242707
0.024255821002008723
0.014153379392366577
0.008154750616569654
0.004639460858164696
0.00260633698321601
0.0014457718412871972
0.0007919085306106257
0.00042830807492812633
0.000228740675609558
0.00012062472741880553
6.281089875548908e-05
3.2295297839989774e-05
2.0582099476508144e-05
1.0361829682804942e-05
5.150964849459472e-06
2.5284011492896684e-06
1.2254864713512935e-06
5.865109211054501e-07
2.771715259875921e-07
1.2933793864042584e-07
5.959474308246062e-08
2.711405939067468e-08
1.2181074105472383e-08
5.403572128708216e-09
2.3669033128326947e-09
1.0237269772275914e-09
4.372116348682309e-10
1.8437543990749005e-10
7.677469253516991e-11
3.1567240470763166e-11
1.2816177812875024e-11
5.137876452032672e-12
2.033816976221781e-12
7.949558460678222e-13
3.068152359819647e-13
1.1692663658083024e-13
4.399997761073153e-14
2.2773206729439532e-14
8.39074012234678e-15
3.052659647829093e-15
1.0966255763405007e-15
3.889914519270777e-16
1.3624584886568236e-16
4.712028017534287e-17
1.6091392964972338e-17
5.4260080716399195e-18
1.8066252377586738e-18
5.939588755204448e-19
1.9281693250135014e-19
6.180651831054405e-20
1.956246396357436e-20
6.113823946237425e-21
1.8866992313649325e-21
5.749027563159104e-22
1.7297961392274172e-22
5.139627773205273e-23
1.5083866792683112e-23
4.376854270395433e-24
1.2604748428524114e-24
3.6555666585504865e-25
1.1243092460949849e-25
2.3527990205402367
3.318879413508263
4.145015076951116
5.724313308929599
7.80539814217038
10.508509198719619
13.968878505042298
18.33396317571467
23.75885749643802
30.39968853233257
38.40494067146611
47.904845786416665
58.99920744223157
71.74428175758102
86.13958795326523
102.11573582590528
119.52449999294215
138.13240819470852
157.61901690875035
177.58080844790484
197.54126316368036
216.9671616016957
235.29059709370395
251.93558795405556
266.34763839221733
278.0241775272119
286.54356658981527
291.59034725993655
292.92628469759853
291.8310266856546
287.06415465302734
278.80518901005894
267.360424486431
253.14407974974367
236.65343431505758
218.4400317192946
199.07926737053185
179.14068067226563
159.16104780608012
139.62196389609016
120.93307016160932
103.42149181945547
87.32747454156056
72.8057008514651
59.931377000094265
48.709930396204754
39.08905263849724
30.971851217695388
24.23000852715992
18.716056730941816
14.27412587399751
10.748777541939429
7.99177062707857
6.512721606786688
4.740641225785693
3.407109151153764
2.417738845694204
4.361317271635093
4.917267990396681
5.993117098212175
7.648021704514224
9.966776856426884
13.05725043258495
17.046560097038462
22.075726148408684
28.292580338312682
35.842816833996885
44.859236441094424
55.44945037440296
80.75023994711854
99.95327800486373
122.59927917555781
714.6575299842948
973.0017700827772
1627.6900798256022
2196.8235716834406
2935.7913909447834
3883.161604997521
5081.855877237348
6043.363474172718
7764.697378556901
9863.573325765448
12385.719647232094
15371.358221050205
18851.49183952647
22843.89234071623
27349.051720932857
32346.424258977564
37791.33237636276
43612.92237343657
49713.53026381648
55969.74835213062
62235.3707084286
68346.24687995731
74126.9004620844
79398.58981138587
83988.32253627668
87738.20423102393
90514.42358654406
92215.16363558864
92776.78810755187
92177.77957160273
90440.09037294584
87627.78900133616
83843.11916567133
80845.00123157432
75750.25503984145
70090.16094816425
64042.95235229323
57786.49852742655
51489.85637414016
45306.117027615735
39366.92812654587
33778.895769261806
28621.89346422753
23949.14718482458
19788.840099580473
16146.89621586442
13010.561687141108
10352.403154876421
8134.377294596033
6311.685140148012
4836.198202202738
3659.3207863600173
2734.225770586192
2017.4632359650798
1469.9891136077272
1057.6931671571533
751.5229072723148
527.3045714846385
365.3570375466956
284.08795026705934
207.95175596169705
150.40045904487673
114.79185686648518
700.0504012789326
935.1241233883854
1579.7364638645613
2144.9177445896876
2888.2286414933906
3848.2230548327443
5068.002986819908
6593.995108290399
8474.170565124743
10755.662343079044
13481.785622234001
16688.53129938319
20400.677110154138
24627.73797335063
29360.048599007987
34565.3269470948
40186.09647267863
46138.339190816965
52311.70426813205
58571.506290442034
64762.617188672666
68768.38369167868
74463.59840068196
79624.99493674576
84082.36777869894
87682.01009848973
90295.4886930177
91827.2439355542
92220.38823293541
91460.21251094628
89575.09940009766
86634.76409741191
82745.9749369666
78046.1199327753
72695.15964901293
66866.62274611872
60738.34808968799
54483.654712978656
48263.53497583981
42220.33079657928
36473.186419522266
31115.39432983055
26213.58327179654
21808.55521669865
17917.47294552641
14537.037288349855
11647.272969722091
9977.648971018434
7828.736880282594
6066.02373481082
4641.574483951037
3507.318608687127
2617.1803169927757
1928.592364526141
1403.445137071178
1008.5523619197995
715.7300899629016
501.58865062788084
347.13107974760777
237.23918697801753
160.11286454765386
106.71184490297311
70.23366673701155
45.64824317996484
29.298709209647917
18.570272166325232
11.623396826726946
7.184433246936141
4.385268998551149
2.6432841259692053
1.573384745249814
0.9248452709672762
0.5368412123341261
0.3709638558295595
0.2108685121664244
0.11836771597223444
0.06561387909060748
0.035916877714301076
0.019415176544945068
0.010363906733828518
0.005463167279050973
0.0028438311467113
0.0014618434415776848
0.0007420533045641227
0.00037196831633199643
0.00018412502273510556
9.000260943440033e-05
4.344424026623272e-05
2.0708255640053775e-05
9.747391555505021e-06
4.530709966667758e-06
2.0795838240202442e-06
9.425801218402107e-07
4.218821508206983e-07
1.8646374441400648e-07
8.138181411261293e-08
3.507433004648743e-08
1.4927249310261636e-08
8.38687048276715e-09
3.4951795025888005e-09
1.438353451051312e-09
5.845042344328908e-10
2.345497258528725e-10
9.294087150435529e-11
3.6366575758064716e-11
1.40514536087395e-11
5.3612071277045424e-12
2.019880713085283e-12
7.514671099635256e-13
2.7606710892202587e-13
1.001472687350069e-13
3.587423288554935e-14
1.268950055138754e-14
4.432248994116672e-15
1.52869488545028e-15
140.94742425742652
196.87685550260875
271.5229653629732
369.73695065063504
497.1111743039704
659.9158800585843
864.9639678766239
1119.3910664908435
1430.3424906917594
1672.4085878187648
2092.1423536671577
2584.1305911554678
3151.4619391562246
3794.757769852897
4511.598406760369
5296.039232805558
6138.274925785726
7024.5071959061215
7937.061962207091
8854.785863031557
9753.73020747787
10608.104702027975
11391.456073228237
12078.00111478936
12644.022914114732
13069.22594915684
13337.942531747716
13440.090734582172
13371.802170070161
13135.665124674566
12740.561744614044
12201.11355109977
11536.783542417674
10770.711742071218
9928.381232036028
9337.515861190912
8426.67090573122
7508.533063452604
6605.847521715975
5738.2091771862415
4921.512469181132
4167.687881471782
3484.7061983051017
2876.812332717022
2344.937539314002
1887.232512474474
1499.6638533571495
1176.6216114538222
911.4946030274898
697.1813571240248
526.5162901548546
392.60176081947225
289.04606201008664
210.1146112272175
156.7655689798886
115.25152167515982
86.41554827816817
67.61715339949502
56.84004800492119
52.606241195171684
53.88688742760981
57.462283533619
66.59055749117313
80.03057642574298
97.68249947220477
119.52659332909427
145.55970323556815
175.73784286235642
209.92573478049883
247.85464299553166
289.09024965100735
333.0125190937769
378.80937686870936
425.48556551259503
471.887230859612
516.7417025100193
558.7106691470811
596.4536594930187
628.6975880703592
654.3072738352472
672.351424900994
682.1586917858134
683.3590492298919
675.906926654994
660.0840570056688
636.4817871610071
616.8421201617011
582.3061850650183
542.754170822634
499.49290059733426
453.8683031199055
407.197189109865
360.7065862320774
315.4843036062069
272.4431067910498
821.9110151878804
1024.6704642578711
1313.69557978859
1711.4563129275073
26916.64553897605
37583.16991977235
51860.24352229239
85801.30409790143
116278.47115125663
155655.73337291487
205810.81425693285
268778.69678504067
346686.4191253459
441660.97117064096
555709.8823504521
690576.6438475924
847576.1565542332
964919.4760420294
1160006.8057122172
1377306.0093711738
1615102.6295549746
1870548.7312732313
2139620.1570118186
2417144.9128895155
2696911.614994965
2971860.8923417204
3234355.4468172886
3476522.2743238825
3690617.1353568397
3869457.6284792554
4006805.4721360826
4097731.0697560706
4138907.1192357126
4128810.728601807
4067816.9218450864
3958175.5323300357
3803873.4711994366
3610394.12891264
3384394.1530967653
3133324.150037233
2865023.3711744086
2587318.917381316
2307657.5437982576
2123501.0425124085
1855133.745902889
1600665.0866727727
1364049.0480551226
1148064.0172679098
954359.3183586572
783558.6573858031
635404.5170280813
508926.9150981514
402620.9045090571
314619.37118606374
242850.64265459904
185173.71182928068
139487.11670522616
103810.39313273413
76339.33533246654
55477.96307113921
39851.103134569305
28338.01180329633
19929.03085683313
13883.86994683405
9598.008524192435
7990.093564788705
6483.625369679104
6264.228738599579
6517.660834209087
7286.641228788818
8749.167985250382
10919.317519232894
13843.644289833492
17591.031697776398
22242.95027845762
27883.737671872124
34590.68334039145
42423.90302496916
51416.20408752405
61563.35166437392
72815.32385266549
85069.26876625481
98164.92627553528
111883.2368131019
125948.72121763752
140035.982374434
153780.36672794452
166792.4589141004
178675.70305951114
189046.0930787624
197552.59572488576
203896.80315156784
207850.2842340237
209268.22808563066
208775.0802834998
205897.97158292955
200557.04627017502
192946.2088163203
183335.71081976604
172056.22873263588
159480.01380672803
146000.60919106996
132012.66539197677
117893.27465600276
103986.0087920718
90588.51814609523
77944.1741552663
66237.85799703053
55595.65304424881
46087.920222437126
37735.04253861573
30515.025229784096
24372.126880807
19225.76100232838
14979.027408476399
11526.38613608289
8760.151975092014
6586.771425033016
4890.6239376839485
3591.2748233991247
2906.7462393838427
2101.9998113039333
1512.0924843294586
1088.4996096929704
792.1665093277073
592.3100598202444
465.14382958765714
392.62395049499315
361.2814076360806
361.18003234365887
385.01901324683337
427.38410942930307
484.14224628085384
551.9687419773198
627.9938849628063
709.5548635313406
822.3282441480796
918.6367087590118
1016.5456668693537
1114.4611261225914
1211.0500012182085
2685.2635566590484
3325.803088711819
4147.89712161508
5946.000526607054
6990.087874918363
8913.744784391174
11349.084810570832
14396.598782538775
18161.917703179144
22751.280503412105
28265.651317607695
34793.59437748114
42403.16179791162
51133.20844371981
60984.70259812927
71912.73160999492
83819.98683718333
96552.53200314798
109898.59793623321
123590.99655976126
137313.51014374668
150711.3020941731
163405.03839281457
175008.0393079809
185145.44023571658
193474.07046578694
199701.59640039908
203603.44794134895
205036.16512693602
203946.06087256348
201833.39012964044
196671.0011415499
189288.29418443565
179946.17767910738
168964.88167766825
156705.72815839062
143551.4656345863
129886.64992621951
116079.45042231961
102466.03701692655
89338.39006654694
76936.01464829837
65441.673275689645
54980.91647556847
45624.91851607308
37395.93544758412
30274.60194990754
24208.26864787595
19119.63998986497
14915.085943340728
11492.147423864071
8745.91466698039
6574.111579500816
4880.853728777336
3579.154357285701
2592.3279023707355
2076.392927770302
1473.1873684979873
1032.3528859716591
714.5272770870571
488.45946779019744
329.80399026243634
219.93758074426597
144.86303987632203
94.23858345728439
60.54959527397971
38.424069856964884
24.08259814291561
14.90765584335883
9.114221185693264
5.50341240370698
3.2820478301430334
1.933108082417279
1.1245111076715861
0.6460493828456835
0.3665725847890278
0.20542082647771417
0.11368864582910729
0.062140642198544684
0.033544265162905505
26.944652008793692
37.64211598684997
46.716794722968594
63.915986665827226
86.34602511290167
115.17490923030093
151.68789203926644
197.25113687558712
253.25786497262794
321.0560945853829
401.85866964431017
496.6382592171415
606.0122401878436
730.1246413632247
868.5343522685358
1071.5296317150346
1255.4616025780026
1455.378347435655
1669.8912384001628
1897.280290597752
4082.9751318629687
5438.83934984527
6881.186673041825
9528.060251781306
12546.121940146986
16056.386066082194
20479.062096508933
24022.29921895066
30369.14651368498
38126.23177529716
47483.250746094825
58614.828403516854
71666.621080305
86739.88460638447
103875.40112746927
123037.9273554871
144102.53419519454
166844.31344929937
190932.89822456965
215933.05732883036
241312.27428225166
266455.7226109812
290688.43634862796
313303.8033253603
333596.84869546455
350900.2037564204
364620.243769109
374270.68790551444
379501.02138956415
380117.43155727914
376094.5209113683
367576.8159637671
354869.95159100794
344287.6873611101
325653.953210908
304269.36263353314
280818.96807017556
256012.09134993583
230547.23154050903
205080.49906124244
180199.45945071612
156403.65742672808
134092.4233787131
113559.91460368672
94996.77655330634
78497.37215389375
64071.2462227617
51657.37233946656
41139.75778657332
32363.130798926693
25147.667376089015
19301.993718568247
14633.988804499008
10959.179844107412
8106.74992825992
5923.349870962372
4275.021295066018
3047.5986363713228
2145.9720400030988
1686.9154888047985
1163.679509925357
792.8938205028735
533.6249805287697
354.90793243258946
233.16479869714317
151.40270519607725
97.24258071596448
65.4745710867262
44.20536997676066
31.824707683173244
25.58947418408556
23.738144871319232
25.191689292727844
29.337451606650422
35.87407845243587
44.70002170836257
55.832221169606946
69.34512757628495
85.32321744928585
103.82259525517296
124.8392184667681
148.28276374714176
173.95621714269836
201.54194777469212
220.78046659499879
250.50330854186274
280.68086787294595
310.5662456782752
339.33943729617886
366.1424584987479
390.1205502412949
410.46677790426116
426.4668157367929
437.540464151795
443.2765382487001
443.45820175336434
438.07656889788524
427.3313839224256
423.23422788852224
407.85313448177817
390.41482690702423
372.16714371008237
354.4857257785696
338.82621059893415
326.67309515325445
319.48658030027957
318.64828674283245
325.4064197962252
340.8208657443836
365.7088945919139
387.8355118458492
552.4421828049558
653.4662686792892
780.7854757224997
937.8919180287529
1128.5415969733217
5295.599651719455
7799.525012604407
10516.87764981029
14067.955017837841
21382.337120660133
28311.217253800023
37112.01036364176
48143.93025851198
61786.37351903324
78423.91869148923
98426.47526413263
122124.82224923882
149782.2865783793
181563.8790330017
217504.77594982358
257480.54009825326
301181.83786911424
348096.5578252704
397502.10614960716
448470.2103056308
482773.1541806045
533790.0674747513
583078.2014108638
629224.9092802183
670815.3072544455
706503.3454380512
735083.6998853291
755559.166381304
767198.3152007012
769578.7650502943
762612.5114752337
746551.1977768322
721970.8943796629
689737.67585079
650956.8679278592
606910.1130245097
558985.2447730293
508604.2984887755
457154.80549797305
405928.8758243872
356073.5666039303
308554.79726559797
264135.7554166391
223369.48207212822
186604.2510670001
153999.54995175285
134577.75195753106
108826.83424705037
86935.27482239743
68604.40644486413
53481.35706898862
41185.617819457475
31331.3919722775
23545.220531665916
17478.84315290747
12817.614215565507
9285.042442074968
6644.1624138510115
4696.4918206158845
3279.2995880096246
2261.8297196604835
1541.0154386257523
1037.0966384051821
689.4351219443552
452.7163945981387
293.63938334887183
188.12832932493802
119.05356310280922
74.41754449421168
45.94617926187945
28.01953673595421
20.01186925744171
11.955107614554102
7.054186740147256
4.111159487042453
2.3664748131661955
1.3454139298544303
0.7554795603622255
0.4189851154386927
0.22949851603725333
0.12415463634150906
0.06633521980287002
0.03500418797346404
0.018242607917481807
0.009389477962274784
0.004772875992108348
0.002396070896593072
0.0011879459260391023
1.0587798864476958
1.4824026102503673
2.0497615300008367
2.7986604368196484
21.792522943665322
30.35217082956334
88.11579239203286
121.45806706883758
165.35935486406856
201.73310292692713
941.1871822813135
1399.3952399993084
1912.4611778487229
2586.3754850270648
3847.9454197289724
5107.985404430737
6701.823747326014
8690.550080419976
11139.184119358175
14109.198075213273
17661.652375656635
21848.981961662143
26711.198412953985
32270.80862447834
38527.712030173534
45454.47376800202
52992.42295635826
61049.04104942789
69497.07593116054
78175.73791874394
86894.20463063067
95437.489609737
103574.5280440005
111068.12083079017
117686.1782168369
121504.5046144307
126198.826669138
129512.4090456172
131328.37902274108
131640.68192415882
130345.47072679053
127532.76995375888
123304.85198109799
117811.93633402823
111243.68537575792
106261.64125198517
99199.58744488402
92093.33948753349
85267.32679184328
80380.2836243394
75625.38012132986
72246.3385646475
70570.10010900162
70883.78931609628
73441.05505864824
78454.20395478985
86085.40413092492
96436.91966746571
109540.63297301526
125347.44138471587
137321.93336710005
157274.46826590577
179335.15512954298
203092.65020287782
228035.03937997887
253559.52105928466
278988.7291003898
303593.5685611751
326621.79198008
347330.9017176446
365023.4015152498
379082.01147493883
389002.2646484102
394419.9569623067
395131.23282237275
391103.6325612092
382477.1517811345
369555.19053715473
352786.11295678426
332736.9045113639
310061.02420382714
285462.9423175569
259661.99845213463
233358.10717221265
207201.50660827564
181768.23947459512
165457.80653247907
142255.61113116235
120838.30611765724
101412.57615882717
84087.14870421962
68883.70441439039
55750.73756455041
44578.96240973842
35216.990035846764
27486.215200580667
21194.11752606808
16145.602394204418
12151.34078540042
9034.937232618371
6636.757282159418
4816.342697443118
3453.138765669418
2446.006393784967
1711.8794218404619
1183.8887933584117
809.2213230592783
546.9209542263819
365.7817213338089
242.42902336520635
159.64207414211685
104.9365827158187
79.54943095933432
53.18515749570191
36.659483212140564
26.60103602964882
20.725940387057673
17.505334828375407
15.926241236081255
15.323029800611701
15.261011613821475
15.457644645660132
15.730264177520205
15.962079758790773
16.080434466634813
16.04306199250563
15.829385914532363
15.434868802884946
14.867114113240532
14.142916288346866
13.28579583658024
12.323785888983208
11.287384328087743
10.207672921336348
9.114648469991222
8.035823598746786
6.995146726595963
6.33245097246976
5.396722748935606
4.541120976327152
3.772859113552517
3.0949424599134363
2.5067383392171934
2.004655906456429
1.5828693529364606
1.2340270919905418
0.9499017896173402
0.721949970671684
0.5417636780683031
0.40140894927372384
0.2936558116228703
0.21211165532994034
0.15127419470467257
0.10652205827198616
0.074060839854235
0.05084076762327462
0.03445957754792229
0.0230612148601979
0.015238029098108835
0.009941451504389713
0.006403909434236953
0.004073005042609197
0.0025577559137299763
0.0018624533786880488
0.0011450387884643452
0.0006950713225158942
0.0004165939185185821
0.0002465306179246307
80.81650054327304
113.41152727753723
157.1408177049816
214.9786405055567
308.04052483285415
412.03961945930894
3008.191960275469
4571.176832766414
6297.446935295944
8578.217005564842
12074.440302270825
18032.619743407035
23905.332392099772
31322.227346077307
40562.12315708326
52316.07397897361
66482.52818841086
83219.447952315
102960.59237069338
125905.20097684178
152295.46321743287
171700.6569150841
203553.58264680143
238519.27781564122
276255.1565743554
316260.4656887489
357876.8826216571
400298.9126934457
442594.65544602554
483736.69404473563
522641.97120792384
558218.6399976952
589417.1145249287
615281.9862138836
635001.1905120789
647948.8533738436
653718.627154312
652145.0135267451
643311.1019870419
627542.2327616148
605386.211446122
577581.7450637914
545017.631968355
508685.8410755541
469631.9115688169
428987.5924768449
387632.5176207386
360164.60841513274
319741.76000866987
280901.02618862095
244241.9881289904
210218.80860487474
182062.05452242488
155733.21965017734
132709.2893374993
113383.63651151679
98902.4091656745
87914.57085892439
80400.31270723343
76686.74957223704
76753.72467617899
80584.23377444585
88160.52171848367
99454.64325817842
114414.30271065312
132945.22712891106
154891.71342173207
180017.28852974207
207987.59748882914
238357.65295119173
270565.4150050011
303933.3093292259
326440.408009984
359959.6107777631
392376.6402037034
422749.47401225194
450143.3379572142
473674.5655072947
492555.02871513384
506133.80772776675
513932.83007340983
515673.5928101029
511292.75199728034
500945.26087498723
484994.7689201748
463992.0504128988
438643.2023564551
409770.1379861782
378266.4278214479
345051.7619221391
311028.21791365097
277041.1481053446
243846.90395985162
212088.87588529376
182282.52842502366
154809.34055692275
129918.89069532821
107737.80914425376
94468.41708176404
76797.76870574274
61691.01119012584
48967.326790969964
38406.06167609174
29764.639891126055
22793.420338238426
17268.84250862936
12929.707214725244
9575.536301850994
7022.44849381597
5109.573970515754
3715.575284087088
2705.4168628158704
1999.1441818455507
1525.5782035540483
1229.6071863486807
1069.374090304214
1013.6376981821718
1039.3944120849258
1129.8043723408102
1272.4344550600083
1457.8104981413467
1678.2596607973367
1927.0187036872799
2197.582807067979
2386.7889908420484
2678.643998368715
2973.510188350551
3263.4940452751675
3540.3938848441157
3795.9531352098147
4022.183332188011
4211.724184692219
4358.2070782169385
4456.589241940714
4503.428870935239
4497.076818624262
4437.767777099446
4327.602570545947
4170.439794222476
3971.6101101150193
3737.6975761128474
3478.941404154305
3198.751279891876
2907.154911456404
2611.9348563534368
2320.285820029625
2038.5620267282875
1772.097623872891
1525.1030031821826
1372.8122700438967
1164.5002040978793
981.3527229161356
823.6408300694819
690.8159484646898
581.6631362043291
494.45588208332293
427.10278009200124
377.27934120153697
342.5411556854258
320.4172453667013
308.8493427823782
304.93797136676244
306.7835165531831
312.41560088884546
320.0751861544437
328.23389655232063
341.86809392498634
349.96440901863207
356.3440547143907
360.72169072681
363.0942735559343
363.72141496404
363.09491396773257
361.89748815442437
360.951565356639
360.9050934460619
362.39462175194757
366.54310834835707
374.1436453691223
385.8283674438872
402.0123469172368
422.8487962518408
448.1988642693393
477.6186210300716
510.36490030661747
545.4205437550809
581.5383221573856
617.3014743921287
651.1975039221581
681.7007216817184
707.3581448922661
726.8728655652149
739.1789756611631
743.502620749933
739.4047387058691
726.8024534004672
705.9678093143846
677.5043831859797
642.3041032267279
601.4881579815342
556.3370264123814
524.5005260846352
475.16410865812503
425.11808599349865
375.6042515232606
327.7145937112837
282.3558975093156
240.22971691919855
201.8271358783575
167.43661869597938
137.16244364162634
110.95075334093954
88.62013758239759
69.89384451796083
54.43112528420901
41.85577179032424
31.780524162765285
23.82662911241734
17.63836598709409
12.892786236835754
9.305217271048651
6.6312635161510425
4.666109399706549
3.2419128100508283
2.223998712998967
1.506446110152704
1.0075293040406093
0.7651198579954274
0.5010028586092317
0.32391717968831907
0.20678078027025806
0.13033713596343519
0.08111617158840086
0.049845674457886686
0.03024320391216019
0.01811790474618081
0.010716860959797016
0.006259019379474066
0.003609306184631718
0.002055036612684869
0.0011552966474353086
0.000641276460491335
0.0003514589966206636
0.0001901872400068017
0.00010161672949729903
5.3607551768732704e-05
2.7923089591663234e-05
1.4360763419026124e-05
7.292358086439348e-06
3.6562400071569465e-06
1.8099956042414764e-06
8.84700615400015e-07
5.450963153786247e-07
2.608465553304147e-07
1.2324594926194893e-07
5.7495756770760306e-08
2.6483442548945653e-08
1.2044492373940907e-08
5.408513367324296e-09
2.3979635982725195e-09
1.542095305772936
2.1731819659982996
3.0238159473029174
7.307784971258525
10.07429997757279
13.717200448150566
18.44752798825657
26.600009586867486
35.0970852201113
45.75448178809279
58.9354837088994
75.00807472573523
94.32667043936378
117.20973760243258
143.91397341681733
174.60620518832093
209.33465803621434
248.00166946109192
275.84345261110167
320.389795155594
367.7439169574864
417.1285751737965
467.5828921277885
517.9858509796214
567.092538085714
613.5819568608565
656.114127925726
693.3931880804421
724.2324241972545
747.6167288639346
762.7579128500546
769.1386833109876
766.5418760611251
755.0626475532538
735.1026791043237
707.3468862836285
672.7245129937507
632.3576825424676
587.5013611258144
539.4791846709173
489.6196759632266
439.197051195004
389.3801424759304
341.19203765815837
310.39860468428225
266.71916302872137
226.51050082935146
190.1152779613021
157.70107768225714
129.28115057135489
104.73990258933057
83.8607284390155
66.35403324221117
51.88366337101802
40.090421579557
30.611816022119445
23.09763981510468
17.221362390401897
12.687614608805736
9.236258193764302
6.643649343956635
4.721747427164889
3.315698509098486
2.3004582177432997
1.5769267269115852
1.067965880525926
0.7145668325379946
0.4723445804372028
0.33269766216720664
0.2610298213420113
0.18987634299703499
0.15138114720369958
0.13702278365499945
0.14138499128499585
2.112774061930587
2.9338124230737637
4.037175649037675
5.494838841136792
22.598069358956558
31.113341911683133
42.32534205869487
56.88689822828211
78.23383892764626
103.29726448176727
134.2826127143005
172.4833745265068
755.859084526713
1106.1744259125062
1492.9151866275085
1991.4360100485471
2628.4422655739977
3648.1805210463526
4827.748573042383
6210.872112780063
7904.611731887261
9227.312669347886
11531.832542945362
14253.531505435514
17422.512506787403
21060.332626226627
25170.577618893276
29743.97905981879
34750.506852792445
40138.479117801195
45833.48431935273
51738.55366794663
57766.78699994902
63790.39992235697
69599.98505462884
75068.85705060455
80049.92256674003
84397.66456357071
87981.7008369092
90735.31026355951
93555.83327955239
94915.66054911942
95322.98679213521
94956.07846303408
93925.78114107589
92787.69946481248
91246.90680335695
90096.02652516551
88473.85865971053
87195.25793045676
86499.24519758696
86609.82736907991
87723.8712256299
89999.67221447511
93546.7816168395
98417.63100970861
104605.60327594569
112026.72734548259
120539.91855628557
129937.3960845198
139954.03435727963
150277.05550859176
160558.6823016575
170431.22274342584
179523.85234331712
187480.18648352782
193975.61576640166
198733.3304365987
201537.99867382945
202246.19153335498
200792.8582447484
197193.43309193425
191541.47437299055
186712.07436859957
178036.83644520162
167878.93971858377
156536.45736177822
144329.80490181712
131585.84814686028
118622.92142156864
105737.63366253697
93194.13302148326
81216.25639962476
69982.73507106677
59625.38609229615
50230.01228206807
41839.57596165263
34459.11124978107
28061.797535753536
22595.627833799645
17990.160525429936
14162.9292083414
11025.189690963656
8486.792928594397
6460.077093272429
4862.762877658047
3619.908424922861
2665.0317376300686
2159.628397738376
1561.0799174993967
1116.1878720768455
789.4997077451586
552.4721421115697
382.52398702340196
262.08849744877284
177.71917110929473
119.28295051488688
79.25840537750216
52.143961062273725
33.9724067219361
21.922299649676646
14.013870188915142
8.875979842993315
5.570992279513056
3.4655695497907804
2.136999500218466
1.3064000579116302
0.7918350291125765
0.47589784419204495
0.28361860486451795
0.16761228021789232
0.09822487841764621
0.05707714894649511
0.16899374566378725
0.19407959101212977
0.2525932525356971
0.3382536650298946
0.4553190756527979
0.6096997191444287
0.8085958908195203
1.0601621665805252
1.373136924991784
1.7563983101303828
2.2184265775083873
2.766670466133914
3.4068327277179513
4.142107113086864
4.972415054943551
5.893703502944905
15.850252450570293
20.481438411648014
26.356436067132623
49.71392143884552
65.41073361930941
85.5346904802888
111.0758848483659
143.14099546819958
445.8654348716502
638.7037630997157
857.3726380163044
1037.9069079739568
1929.9581960001537
2659.2900791291786
3631.8092030316425
4818.485666989068
6271.583758315639
8552.613371827925
11308.107929237849
14381.867304073043
18103.15039553236
22551.263121222626
27946.970540734037
34178.788376359844
41301.21265738335
49387.44998454606
58439.79003944953
68427.77310361368
79283.70010506462
90899.48923764957
103125.3110630146
115770.36021994727
128606.00546132046
141371.406641212
153781.5081853981
165537.12822620824
172861.39341282408
182860.5734160432
191430.39488671065
198325.415250762
203343.5396213129
206335.80238551294
207214.90405495715
205954.94770935748
202598.6520232477
197251.19787034116
190075.63484734285
181284.6519658402
171130.1761279758
159891.50179403994
147862.7218445516
135340.23333945597
122611.03613403495
109942.43594575985
97573.61937918208
85709.40194629449
74516.2772807304
64120.73154818873
54609.644119593955
46032.48313456427
38404.92798938698
31714.978532087178
27756.85564238016
22534.046954945403
18109.703576048698
14409.127811302908
11352.549724304956
8859.060959233446
6849.797623490469
5250.356249949028
3992.477486408503
3015.069709367135
2264.6691267321617
1695.4451615078972
1268.8618321971485
953.0997441938591
722.331585348373
556.0427222371496
437.82144348461276
355.1574507999957
298.40279204512245
260.2435878373873
235.18451945845666
226.6151879254886
219.58919676294568
217.3479087419793
222.45611996918362
228.3737667991119
233.57367541325786
243.6346079796311
256.6194728769188
272.97762807037094
294.8914814475439
642.4856095084124
849.1851186681846
1078.2370452992045
1375.9293049667276
1757.7551512481496
2240.9044365488444
3027.7979793414834
3843.785389300114
4843.10177263043
6050.362189821448
7488.788935692467
9178.672839176848
11135.628111900704
13368.723249218194
15878.60185131737
18655.734083918134
21678.957688148617
24914.47307481561
28315.447048916147
31822.352493040824
34184.46763670734
37705.19486231204
41122.5246182659
44346.54583129813
47286.71761097234
49856.05567470152
51975.39347170601
53577.42613546681
54610.24832555068
55040.12656555785
54853.30063247754
54056.681886544924
52677.40192025878
50761.253997296
48370.15362124092
45578.8151834967
42470.89266194427
39134.85981834178
35659.90800733798
32132.118957512
28631.129412290906
25227.449720402874
21980.53568110893
18937.648675777167
16143.849342719403
13605.068664415416
12064.31748235122
9983.009008511452
8172.983421448299
6622.687951433851
5315.152137163818
4229.705221403506
3343.537882091491
2633.043922545843
2493.936565757187
2292.850600189691
2224.7962770797208
2329.081014884171
2610.860533712873
3076.359975741084
3906.791076956616
4921.039386197215
6149.804489289976
7669.358337776549
10185.77627979752
12733.852413263474
15678.242595300499
19126.766144548423
23112.65678323961
27660.083125724606
33140.879738279225
38978.10258274886
43204.5533205534
50029.69071839735
57402.06369876372
65264.379818719135
73539.94794103928
82133.09503474076
90930.31531250796
99802.14133442548
108605.70241905525
117187.91560587878
125389.23750164943
133047.8896855947
140004.4537153847
146106.71239820638
151214.59127415292
155205.02927143432
157976.8101093385
159453.87005670983
159589.8321107127
158369.8140849253
155811.96352456277
151967.56597882952
146919.8006730993
140781.1376725201
133689.4584594984
125803.06992771942
120188.94031809617
111366.55166355857
102225.44488551359
92945.79527168733
83698.95527417099
74642.05641304182
65913.58414305311
57630.10625611395
49884.24906947811
42743.92791204035
36252.756975178294
30431.49489244195
25280.33109296302
20781.786566267074
16903.99157677106
13604.110545380707
10831.707712003925
8531.882218366327
6648.043336836573
5124.385367080785
3907.212923553161
2947.207174508383
2199.1688169128583
1623.5805248553315
1186.1477375229467
956.7202019967716
687.3990176177216
489.39742408248253
345.65826440212254
242.65784481528948
169.85149461743748
119.14906883576577
84.43941912937682
61.17426091244532
46.735706320571076
37.55316321413573
32.41950600962455
30.12480539698386
29.822186921744663
30.921973728520992
33.013959801697695
35.81154292734064
39.112371710977506
42.771104113585174
73.38215794178548
91.93381232477665
111.96680803596938
137.15327671715224
168.6924366529465
207.94970324420336
266.37119336480396
310.802288633509
384.66084693574606
474.1792180246418
581.3791969315915
708.1173631262424
855.9456878957956
1025.958538056514
1218.634592215101
1433.6845331506568
1669.917126834653
1925.1371227688765
2196.0880425506057
2478.451196290831
2766.9091548320243
3055.2775532520827
3336.7038239328413
3603.925722464938
3849.576888361904
4066.521784779029
4249.354692777173
4390.56442782503
4486.533703973004
4534.258879115331
4532.322489885952
4480.963007522943
4382.053610243537
4291.317967144383
4122.078618075985
3916.775600325649
3682.294412930369
3425.596384509263
3153.881780172329
2874.269573004853
2593.5059711743666
2317.7168529598334
2052.2148852453047
1801.3673346191665
1568.5258656798246
1356.0153426515471
1165.1751052069335
996.4435712513149
849.4754149914108
723.2799647889756
616.3697651721
526.9092916601415
452.8553981094569
392.0830019260954
342.49156739244887
302.08995033737466
275.5462998476637
250.88108625174178
237.42955889733253
221.04121070618822
208.58284113356495
199.59502358615717
193.84784261040022
191.30471630125345
192.07961329614554
196.38952082321092
393.0877709051014
509.0766483710222
640.9481081207191
815.5883294766963
1042.820061278384
1333.7584850441363
1700.645183176746
2248.0023744816967
2880.6737558627774
3619.3626157646036
4507.010733573498
5559.053569310051
6795.622578839138
8215.03418194414
9827.120039434067
11630.683258411571
13617.294707003459
15770.381787134327
17286.139251594584
19656.12377979525
22105.687679284303
24587.117741166352
27046.14127968887
29700.627830730635
32084.622936933305
34278.99212968054
36263.685720113855
37999.10358059327
39455.6881225806
40615.85534384089
41642.97819239807
42277.46467206308
42664.753824638006
42844.121663499966
42864.73606826497
42782.48223301509
42656.215730499964
42543.696910255254
42497.493989624025
42561.15389704288
42765.92801135951
43128.30463625549
43648.54355966162
44310.334483496394
44814.93268662112
45634.460437551985
46480.7229661989
47291.622642619215
48000.518957033535
48540.52844370564
48848.79804327215
48870.44779125245
48561.9129073781
47893.4709075939
46850.81048742023
45435.57851600203
43664.92191325391
41570.11518660238
39194.425821874924
36590.41408988843
33816.88870334467
30935.744780540528
28008.897290253037
25095.49464415773
22249.557485303365
19518.141610577764
16940.075968115558
14545.280949885404
12354.632151399312
10380.302827465335
9186.634932152348
7578.697093226317
6183.429537176012
4989.216455557785
3980.8373798121925
3140.7014947494804
2449.965488439294
1889.4934564577652
1440.6357809839028
1085.8203850968634
808.9633733478724
595.7162963193115
433.5740039295486
311.8704970436779
221.69081156812928
155.72538404276827
108.12054020095599
74.1747489216516
50.293232842168166
33.71222264684527
22.353866438441614
14.681076051060357
9.574797861438208
6.233080985649444
4.090135729688429
3.127837896195074
2.1723194028678443
1.7800996479509963
1.5639110760962143
1.546671763391375
1.6739029629414335
1.91258167749552
3.3008006603306153
4.133915023507764
5.184597851741735
6.4869488491654055
8.081725392271286
10.38133427623314
12.847052341286352
15.7982267703758
19.29501617019805
23.39395621591306
28.143820942586913
33.58092464763033
39.724077370406874
46.5695028372924
62.05920451535054
73.33513109800286
86.17232846062448
100.70933304347552
117.09133443341794
129.1122410457461
148.90798770929754
170.95976767135429
195.4185611685475
222.41995425467337
252.06980322619822
540.2827316766445
712.6138823094034
901.2335675352602
1140.689481648677
1442.4249756731142
1819.2698659148955
2285.184891834314
2960.111159489179
3732.973469336675
4627.4343339717625
5690.817592945824
6938.609139423508
8383.030583004627
10031.663071250816
11886.060402961934
13940.454927776622
16180.672264863837
18583.3739235035
21115.738425142168
23735.67061023444
25506.27654853049
28156.19327571341
30744.013057820124
33204.861566284126
35474.23191087124
37486.50544873022
39183.97916564828
40515.99107222169
41442.28575850799
41935.005623214034
41980.03583250272
41577.61666588873
40742.19230735598
39501.52162930952
37895.12875885348
36013.24590336926
33852.36022845086
31494.637270435574
29008.370756196808
26457.385290886465
23902.574686854507
21399.8750469827
19014.734995193397
16769.662541915397
14699.364450777075
13431.635497358286
11712.25378821085
10221.087423976143
8961.937585098172
7931.748487043574
7121.5000857999485
6517.1602058707695
6100.64784534981
5850.772615643521
5744.12795155722
5755.926446229389
5860.773454342597
6034.069191066253
6250.179253606006
6486.431746374588
6722.665549290465
6940.294471804985
7120.5970086345305
7252.008287657824
7324.728447863783
7332.486914518259
7271.763507818398
7142.648375575418
6968.531521756607
6724.687802348991
6429.152495782151
6209.263216028152
5896.446941922738
5541.898460527767
5179.860504326279
4827.576293227495
4507.458524087788
4219.709078454921
3975.906802035716
3804.5752699308923
3694.1609781342827
3652.114241325288
3687.518727018863
3802.7108510199337
3997.7171046296776
4270.168026321415
4615.258354367839
5026.394968719604
5493.022104091238
6003.889511025103
6545.412720756935
7102.4728916891545
7658.867462725876
8197.841947405774
8702.683216817451
9157.34703916688
9547.08685603865
9764.402082398201
10018.541975157981
10179.05403482727
10240.386580080016
10200.217244885227
10059.487086139829
9822.278932435675
9495.550209519768
9088.74001823569
8613.277836765183
8082.026312771012
7508.692938521779
6907.244990502278
6291.359245194858
5673.933127271899
5066.677696040363
4479.80586554511
3921.8887109294733
3399.506853868339
2922.530558227793
2486.3532414513493
2095.723949650317
1751.022565377425
1451.2863006358568
1194.609767125963
1046.2922661088385
855.3985140376313
699.6662855228398
578.3871378470118
483.7434448060297
414.3735329439622
539.752025964487
604.8177376316055
696.9369142171251
837.0525688853487
1031.3817274003443
1287.484387935322
1614.0780629034757
2020.7293958893738
2625.126749113413
3369.750815064447
4189.505785574215
5150.113661487515
6274.7310692217125
7574.414245381629
9056.8557125818
10725.326903001236
12577.68046926686
14655.95530782806
16884.02243109287
19244.29582570494
20885.72664075083
23425.13176554427
26022.731545065126
28634.92049151079
31214.060095940033
33709.978904494725
36071.65407510683
38248.98718557738
40194.58238916918
41865.43716137729
43224.46400590561
44241.77423050521
44895.67066716382
45173.31343197853
45071.04017912544
44594.33884424344
43757.48601202787
42582.877492206026
41100.08932263894
39344.717141218025
37357.04951185854
35180.636081453566
32860.81404282652
30443.25596500235
27972.598446456195
25491.204310878387
23850.414320671338
21435.815114361878
19104.929866469563
16884.344896419803
14795.305556421934
12853.691764644504
11070.186407785493
9450.606822753472
7996.365436538864
6705.02399167466
5570.906301353559
4585.736743857519
3739.275265524263
3019.924081418867
2415.2861643635847
1912.6606839756716
1499.4655485491335
1163.5819153423472
893.6198085501993
679.1076884761678
510.61184820387456
379.79380576160855
279.4153793626941
203.30189367743526
146.53678151165556
104.42784299620563
82.86075290272605
58.14358384407678
40.53680846837001
28.210125145657983
19.76462296198163
14.148571790488806
10.584279580755757
8.506128007631663
7.509242914514006
7.307833521694191
7.702011359790565
19.3360311776112
26.260420061967142
34.06755421581661
44.116902227249575
56.84389642511072
72.74830341852818
92.38073482539751
116.32352230854568
151.14098109740056
187.84518792993347
231.31886831536914
282.1562739918455
340.82042897803666
407.5890394390072
456.6342458323538
536.8543602960893
624.6173283806006
719.1049139538117
819.1317020931448
923.1486053730904
1029.2687137605665
1135.3162580808153
1238.8975727702907
1337.4909990461497
1428.5508759967408
1509.6193301109436
1578.4386646819883
1633.056881481938
1671.919274775503
1693.9400782442274
1698.5497013345841
1685.7149898478017
1655.93198280122
1610.192608152784
1549.9284826411626
1476.9363191794941
1393.2903186845722
1301.2473100038876
1203.1503316038836
1101.3358909213935
1032.5092179229368
929.4103743769692
828.1877381790034
730.5266294012438
637.8267943418265
551.1858353860165
471.39743611074
398.96270381411307
334.1124556101821
276.8379540853396
226.92745372615522
184.0059415295889
147.57562791521838
117.21504958978979
92.03931533717392
71.52055979054624
55.029158454396395
41.96699474821311
31.782356396314984
23.979491417251637
18.123419352191124
13.840754686233048
10.817377252373038
8.793790267379261
7.558956265237081
7.644487806960871
13.35908930581006
16.84706369644658
21.101823925508594
26.82096416034783
34.23944194308991
48.11731340472776
61.6423302457851
78.47130547380159
101.32456441644058
128.0818182370565
159.52741956986102
198.48469181448354
267.1138392041328
331.5827332188226
405.01220972273944
490.753787637123
589.8991973899402
703.6637731752885
1001.7516498096073
1236.468508504058
1506.9386386156154
1824.1808065746666
2196.8371236862404
2636.153902890873
3211.6734146720787
3624.1534354287132
4318.7315246763255
5227.821646080289
6194.947014365157
7304.725465939604
8566.42145633099
9986.324438644608
11566.766780488273
13341.908566900413
15244.62593071355
17287.132073125264
19449.072674256335
21703.334796793864
24016.31020375525
26348.54360021242
28655.7628539207
30890.258793711986
33002.55352596086
34943.27123486206
36665.10673164905
38124.77655295398
39284.83626342804
40115.25587026717
40594.66199001467
40711.17885431687
40462.828038318716
40098.048150882
39263.720186145525
38105.88204268648
36655.24609044353
34948.85954752931
33028.53652604376
30939.188429578146
28727.13969739874
26438.5091079108
24117.726174652926
21806.23874099857
19541.452830057573
17355.930168478855
15276.853485419915
13325.755458796237
11518.494663719852
9865.451550998561
8371.909676569294
7038.582292561444
5862.242017428909
4836.4114913527765
3952.075415272884
3198.3787670832467
2563.2817980098207
2034.1490996827313
1598.2570585338399
1353.3179148936958
1045.5948082121008
799.6294238651827
605.2463483034094
453.3671356862929
336.0461776844745
246.4540523886876
178.82102949969288
128.3527135192747
91.12852904808422
63.992108432219176
44.44082925256012
30.519933551703165
20.724969747119314
13.914818858325313
9.23634765310672
6.060788279883229
4.513234740200627
3.3361059988988306
2.7258352275349806
2.5423658800433167
2.69944118164653
3.149660066930359
3.8731488511471333
4.868878485689792
6.505870846280513
7.616219917408564
10.901652915297282
13.788308629008654
18.2291702765483
32.712243362667664
42.20709234333048
54.096022084626846
68.91044803442
87.91780813630997
110.50830223594308
137.9081034248885
170.8224883952842
209.956883260781
261.8093358150969
318.40103729644125
383.2826613326377
457.4595659782639
541.2003241126412
1056.2950992835292
1381.6912888088643
1741.5282798995972
2189.1297063831835
2778.4317887380776
3478.079255688628
4328.376550216931
4993.34388363659
6157.01402245268
7716.295364672298
9484.667443995082
11503.125455284215
13841.549669259606
16529.878324149788
19559.44318670365
22928.51608557688
26625.074158128264
30622.320560464646
34869.87176971979
39309.600031935224
43866.74686848641
48454.009035893636
52974.274156646636
57324.15164125535
61398.10557863145
65092.93664618373
68312.32268122234
70971.1169983817
72999.12115266142
74344.09242958447
74973.81051409178
75005.11289911413
74259.74259871083
73381.73636776464
71541.63170336749
69132.36675296503
66232.76984173557
62932.76673279306
59329.088388915865
55522.3782373168
51663.26619638773
47787.804643363845
43992.04142552899
40372.34462438862
37000.1262827662
33933.400457256284
31215.68014907404
28875.143356417666
26924.51691058246
25361.86086693689
24170.320432994053
23321.341299556625
22776.59860064666
22486.889699035193
22399.686635256014
22458.71300703667
22607.283575735088
22790.770713462603
22959.53235216544
23040.965039473307
23088.71767164181
23019.916555442825
22811.835752436535
22450.50541355794
21946.29718162613
21277.910055750384
20462.891430560892
19564.459625304928
18533.50317099519
17417.93226782561
16248.457985506639
15052.679739458488
13858.08001118906
12730.82379374901
11638.097528695736
10620.209930825175
9721.191827543667
8933.659978394178
8272.460248661853
7751.953121336161
7377.10160270141
7148.662724296228
7080.598709304803
7137.794212922404
7247.232135349897
7509.565077668733
7873.544039688201
8321.73662295385
8834.050522699496
9389.120575236839
9964.967765599711
10539.67214338251
11092.036211836808
11602.214430505463
12052.284947435688
12426.741648433948
12712.888017551364
12901.118932409458
12985.082030991522
12961.716260704445
12831.17120244392
12596.616319961817
12263.954051359138
11841.454364259322
11339.330879017152
10769.279875515216
10144.00348762295
9476.737283408223
8780.800413313738
8069.183800902297
7592.174371083599
6881.281614502942
6185.188168416147
5513.05550483408
4872.568301064153
4269.872288332816
3709.571314875069
3194.7769247924753
2727.2024326765663
2307.2926346538366
1934.3799105497694
1606.8575000366284
1322.3611322183112
1077.9509028800037
870.286272126518
695.7882379760882
550.7840638331662
431.6313298558268
334.8194674868483
257.04825130058117
195.28389738400224
146.79439874233069
109.16647787907796
80.30703619428228
58.432230760226524
42.047331643859565
33.55569880973672
23.69911425334595
16.54896269072439
11.424679549713353
7.796794232462018
5.259609577239949
3.506914963354655
2.311012943745026
1.5050751282216626
0.9686522653110563
0.6160397088973828
0.3871324512192567
