a = [4.85000539] b = [4.85000539] c = [16.28790075] ,Gaussian ,LMH = [0.30330752] ,DW = [0.60303898]
0.0
0.0
0.0
0.0
0.0
0.0
0.0
0.0
0.0
0.0
0.0
0.0
0.0
0.0
0.0
0.0
0.0
0.0
0.0
0.0
0.0
0.0
0.0
0.0
0.0
0.0
0.0
0.0
0.0
0.0
0.0
0.0
0.0
0.0
0.0
0.0
0.0
0.0
0.0
0.0
0.0
0.0
0.0
0.0
0.0
0.0
0.0
0.0
0.0
0.0
0.0
0.0
0.0
0.0
0.0
0.0
0.0
0.0
0.0
0.0
0.0
0.0
0.0
0.0
0.0
0.0
0.0
0.0
0.0
0.0
0.0
0.0
0.0
0.0
0.0
0.0
0.0
0.0
0.0
0.0
0.0
0.0
0.0
0.0
0.0
0.0
0.0
0.0
0.0
0.0
0.0
0.0
0.0
0.0
0.0
0.0
0.0
0.0
0.0
0.0
0.0
0.0
0.0
0.0
0.0
0.0
0.0
0.0
0.0
0.0
0.0
0.0
0.0
0.0
0.0
0.0
0.0
0.0
0.0
0.0
0.0
0.0
0.0
0.0
0.0
0.0
0.0
0.0
0.0
0.0
0.0
0.0
0.0
0.0
0.0
0.0
0.0
0.0
0.0
0.0
0.0
0.0
0.0
0.0
0.0
0.0
0.0
0.0
0.0
0.0
0.0
0.0
0.0
0.0
0.0
0.0
0.0
0.0
0.0
0.0
0.0
0.0
0.0
0.0
0.0
0.0
0.0
0.0
0.0
0.0
0.0
0.0
0.0
0.0
0.0
0.0
0.0
0.0
6.458951100491922e-29
1.0558618019001638e-28
1.6780035653414499e-28
2.592503781493603e-28
3.8939165182287205e-28
5.685839456865972e-28
8.071295880200404e-28
1.1138652671972867e-27
1.4943859450381586e-27
1.9490976834612045e-27
2.47141202219712e-27
3.0464736299350532e-27
3.6508199086614256e-27
4.253281388338096e-27
4.8172428394364705e-27
5.304124173048376e-27
5.567750077255374e-27
5.848745711748914e-27
5.972916804136392e-27
5.92994834064208e-27
5.723426012635772e-27
5.370342134618456e-27
4.898786980794461e-27
4.344260644234365e-27
3.74527672292177e-27
3.1390097713190067e-27
2.55765605966748e-27
2.0259668542204215e-27
1.5601388364857198e-27
1.167978581018741e-27
8.500553946427623e-28
6.014510615744766e-28
4.137081555093199e-28
4.599793240617485e-28
4.8714325662923045e-28
1.0498452760397066e-26
2.2942768766080824e-26
3.685494779442488e-26
5.763578636072255e-26
8.768116529579199e-26
1.2972256113724948e-25
1.6583366278574035e-25
2.341642090188699e-25
3.2151083723127684e-25
4.292344003236848e-25
5.572060261390213e-25
7.033294717657222e-25
8.632233873116018e-25
1.0301695585671799e-24
1.1954052866924438e-24
1.3487840372231435e-24
1.4797566631509671e-24
1.5785512990519586e-24
1.6373724593170585e-24
1.6514161673719924e-24
1.619517861456009e-24
1.5443118582379247e-24
1.431872085342641e-24
1.2909020529118756e-24
1.1316239098015283e-24
9.645629922369257e-25
7.994266707607539e-25
6.442376897511965e-25
5.048158451986029e-25
3.846263861380674e-25
2.8494714223508783e-25
2.052619993759046e-25
1.62394299863885e-25
1.1163827440986899e-25
7.462324329987579e-26
4.8501330620933594e-26
3.06514878487369e-26
1.8835089055232778e-26
1.1253868409933315e-26
6.538134344496575e-27
3.693375843857412e-27
2.0286663131987092e-27
1.083465182319249e-27
5.626473754032628e-28
2.841020612369483e-28
1.3948546735536166e-28
6.65885803047721e-29
3.090910846001252e-29
1.3950469653471888e-29
6.122185582691176e-30
2.6123967368590334e-30
1.083892997330546e-30
4.372682696750847e-31
1.7152341644648971e-31
6.542027791907695e-32
2.4261321831259856e-32
8.74841189284466e-33
3.0672999117828316e-33
1.5015382495812222e-33
5.023998633867559e-34
1.6344575964673926e-34
5.170211998137524e-35
1.590204925300666e-35
4.7556225302252796e-36
1.3828359828416868e-36
3.909691094418743e-37
1.0747863602405445e-37
2.8728252836387586e-38
7.466259430507584e-39
1.886701297539805e-39
4.635630748836059e-40
1.1074382803632582e-40
2.5723770284937075e-41
5.809697012606285e-42
1.2757790928807038e-42
2.723955269541739e-43
5.654917924332489e-44
1.1414419391057014e-44
2.24017458056356e-45
4.274740467483945e-46
7.931161804327991e-47
1.4307453849222403e-47
2.5094913003476518e-48
7.741442830267596e-49
1.2957066956427107e-49
2.108567134231664e-50
3.3362869507511326e-51
5.1325582571031535e-52
7.677117642027568e-53
1.1164919849598696e-53
1.5787211114385293e-54
2.1704355895805624e-55
2.9012112402482085e-56
3.770526949873737e-57
4.764466533785741e-58
5.85349607522885e-59
6.992049401292288e-60
8.120467611169365e-61
9.169470813103364e-62
1.0066847319908032e-62
1.0745532971653719e-63
1.115185226143591e-64
1.125252329992121e-65
1.1039159432780961e-66
1.0529422911361095e-67
9.763117308404068e-69
8.802860991784956e-70
6.456388936567724e-71
0.0
0.0
0.0
0.0
0.0
0.0
0.0
0.0
0.0
0.0
0.0
0.0
0.0
0.0
0.0
0.0
0.0
0.0
0.0
0.0
0.0
0.0
0.0
0.07315080801941305
0.12028936772053146
0.19229857906100006
0.29885850995436886
0.3947431624090565
0.5852912507735893
0.8436652608926805
1.1822491762579102
1.6106033275334328
2.133088540493656
2.7464385839992658
3.4377288557186105
4.183252372057655
4.9487695569656855
5.691426277941643
6.36334862084684
6.916574162187725
7.308648533329645
7.507992596900433
7.498101456325549
7.279801005624818
6.8711340610689
6.30489785101547
5.624299069691747
4.877524684650127
4.112171933144023
3.370418048463534
2.685573220081312
2.0803238209066746
1.566626992736628
1.2765701014583506
0.9171644146431241
0.6406051741540543
0.4349851260058654
0.28714356641582955
0.1842741820358795
0.11496631539435792
0.06972964463361231
0.04111544638764465
0.023568572890047823
0.013134159356411481
0.007115607676554457
0.003747679363585497
0.0019189054586154187
0.0009551805002214098
0.00046222990113097077
0.00021745597385418772
9.94547129784127e-05
4.4220139924115175e-05
1.91141757616379e-05
8.032149005381235e-06
0.33133325993086904
0.5487886684670867
13.66909025184099
26.77833180793594
38.964902759218695
62.03110740817821
96.04468943471592
144.6316307378122
211.82524348674653
301.72772772521427
417.99832267223434
563.1894987339319
737.9964519698664
940.530470309386
1165.7612371939579
1405.2832797394237
1647.536929335218
1878.55112455269
2083.181505007841
2246.7106967916043
2356.583979931897
2403.9987651633564
2385.06914958883
2301.3518323073463
2159.634651158737
1971.0276000099684
1749.5252095087103
1510.29821644017
1268.0025667256407
1035.3623468702401
890.6214096125844
694.2614786236351
526.3412191520459
388.0840846714862
278.29034146959907
194.08141217454596
131.63848082468272
86.83492312803514
55.708068389659786
34.75788069795993
21.091104051266193
12.446734574117153
7.143660444476233
3.9874434144189803
2.164589919875379
1.1427810567871395
0.5867533651989005
0.29298951116322797
0.14228239847180746
0.06719725241049607
0.03086395833431243
0.013786371024608703
0.005988870420977967
0.002530083189828759
0.0010394841247697167
0.00041532901757228063
0.0002218437833649599
8.461286111955402e-05
3.1384245483154396e-05
1.132064466188153e-05
3.971117069449136e-06
1.3546719836380117e-06
4.4940029522583566e-07
1.4497999530297074e-07
4.548373022685597e-08
1.3876343560319289e-08
4.1168274920981316e-09
1.1877269393614666e-09
3.3322263413121305e-10
9.091047899135083e-11
2.4118626411436976e-11
6.222257243855964e-12
1.5609813323138197e-12
3.808021563139883e-13
9.033387021265345e-14
2.0837660350494322e-14
4.674035522841636e-15
1.0194768908378611e-15
2.1622340660122086e-16
4.459288823118949e-17
8.942598406333562e-18
3.016498558662815e-18
5.773264675784158e-19
1.0744071422534462e-19
1.9442097364358858e-20
3.4209120818278416e-21
5.852791821453533e-22
9.736534999320892e-23
1.5749393194240306e-23
2.4770749909298018e-24
3.7881602250631843e-25
5.632864961812584e-26
8.144044729692177e-27
1.1448769277265897e-27
1.5648883920751673e-28
2.0797539421548293e-29
2.822794703328175e-29
4.2216864130452773e-29
6.680005257985372e-29
1.0346177378728446e-28
1.5586638117019775e-28
2.2828808079982032e-28
3.2505442643684855e-28
4.499556955411532e-28
6.055139445313971e-28
7.921715915158282e-28
1.0075232975388002e-27
1.1643090535099036e-27
1.412771653232125e-27
1.6665424822507737e-27
1.911179700658536e-27
2.1307248831523764e-27
2.3093722880854867e-27
2.4333312920375806e-27
2.4925808304706042e-27
2.4822069024026713e-27
2.5755105994665873e-27
3.7276846284723213
6.172099403046889
9.934988746489934
15.546855634548887
23.651488095171413
34.97962056511317
50.29356676449981
70.29921851470294
95.5276901332856
126.19692555654123
162.0723731366864
202.35313006626197
245.61313049840072
289.82373772606877
332.4735068158748
370.78388792569507
392.5418955717551
417.6550043579453
432.00630206169694
434.4133806006523
424.67532104359543
403.6003855611171
372.8952400964035
334.93676833292545
292.46879126233375
248.27726546618257
204.8967619744276
164.38945499727888
128.2193393044037
97.22407779012534
71.66957823007621
51.361368125157014
35.78318857772209
24.23607062432802
15.958280711146726
10.215290220346537
6.357056007130004
3.8459362787626596
2.261980463709395
1.2933507927942272
0.7189265727924266
0.4784677010171817
0.2537398582873592
0.1308173895429857
0.06556664817942436
0.03194781828576558
0.015133526689613012
0.0069691499191793654
0.0031200401719136905
0.0013579421945722305
0.0005745702019164479
0.00023634457260029748
9.45124207373596e-05
3.6742851596438124e-05
1.3886651901917634e-05
5.102264378439664e-06
1.8225065000599468e-06
6.328720736541316e-07
2.1365029520097384e-07
7.01183650031468e-08
3.425433778230064
5.696548626883595
9.209769532084119
14.47526205773799
22.117947659463056
32.85518642420936
47.44645443820047
59.67507010761327
82.21681160260844
128.92681140567325
174.55085625723552
231.7089120349238
1140.6515588877035
1768.698107934634
3179.6270533873458
4837.112727909708
7210.371499950045
10513.290258145824
14974.019363235482
20811.4437399865
28202.378468384777
37241.84118187965
47901.27520431636
59991.87582769986
73141.4802400401
86793.13465012556
100231.04982122687
112635.29832644691
123160.99232235618
131032.02195831557
135635.17715426657
136598.8875718819
133842.57572388469
130035.85647236119
121708.1069336203
110824.81394472155
98177.831412099
84614.96131538425
70947.47325452777
57873.76101070684
45928.31588686517
35459.48397079373
26633.996492241953
19462.164310682016
13835.519312104076
9568.58661366752
6437.931592609169
4213.94788721741
2683.3291458019844
1662.257139082583
1001.7495599664128
587.2915699755932
334.94902924354255
185.8362654363474
100.30098416133251
52.66218178574472
26.897204780641843
13.363665655722299
6.458765296333485
3.91711261664109
1.8079569699386455
0.8117123551238662
0.35448914674174714
0.15058614213122792
0.062221832165583475
0.025007521959388445
0.00977603784097757
0.003717180548597456
0.0013747292605805251
0.0004945014625103227
0.0001730051373781131
5.8868852357288516e-05
1.9482354480013855e-05
6.270768905089129e-06
1.962988965767743e-06
5.976224523255633e-07
24.3621835401319
39.777180404053205
63.13824413187981
1047.3608585831166
1699.7792932368568
3179.9585871217823
4932.653662911949
7445.631018931068
9650.153437428831
13918.921209000408
19535.18159165671
26678.641349722828
35451.86659633918
45839.43376345104
57671.39966256192
70599.22280837859
84092.10695818189
97459.61693250317
109902.37477172112
120587.29254345129
128738.26009915225
133728.86732350962
135161.86356200732
132921.37866950626
127188.38204617113
118416.52094126202
107272.81714761103
94553.98023090108
81092.8872963018
67670.35224144965
54944.7909721615
43407.66913281989
33367.019086567634
24956.1847727198
20252.51712249904
14471.69290198736
10061.545415553483
6806.323341070018
4479.815315874934
2868.8247290079225
1787.477667821577
1083.592221917842
639.1096001965622
366.7450025317729
204.7516019153218
111.21392138913671
58.76976138493638
30.213811644858346
15.111498837374267
7.352810479601188
3.4804560766986663
1.602687513735178
0.7179335493849649
0.31284915835837085
0.13261529488653045
0.054683029858673154
0.02193331326217462
0.008557383225448738
0.0032475446342429166
0.0011987787420539233
0.0006074460842158432
0.0002141037784335479
7.339905921370057e-05
2.4473652188591528e-05
7.936734684148826e-06
2.503297717313045e-06
7.678981220186094e-07
2.2909109411573026e-07
6.646905303234973e-08
1.8755593146208963e-08
5.146780516932721e-09
1.373496963647146e-09
3.564518081853025e-10
8.995991482200821e-11
2.207834716856278e-11
5.269237667152877e-12
1.2228897571826077e-12
2.759814455286729e-13
6.056482588054813e-14
1.292421596902604e-14
2.681800100193013e-15
5.411062578383692e-16
1.0616181618527502e-16
2.025254455797368e-17
3.75675038628071e-18
1.2030022348416515e-18
2.1295764866649726e-19
3.665487170476046e-20
6.134489323760508e-21
9.982288658145261e-22
1.5793694160872518e-22
2.429608206873651e-23
3.6339994549191564e-24
5.284779325339094e-25
7.472392362034135e-26
1.0272610788745461e-26
1.3730552588204207e-27
1.784345650530456e-28
2.2545071956374667e-29
2.7695162396857396e-30
3.8405064304178885e-28
6.416939458080287e-28
1.0431148546299155e-27
1.6485402216377572e-27
2.2756739248868154e-26
3.708839103745343e-26
6.842655086975513e-26
1.066904759710164e-25
1.619315916808664e-25
2.392361032735508e-25
3.4403067053413628e-25
4.317751798497342e-25
5.935547886376967e-25
7.94164645484697e-25
1.0341867454931973e-24
1.3107489959327204e-24
1.6168397359564183e-24
1.9410518988709325e-24
2.2679157555684046e-24
2.578959813259318e-24
2.8541223516568533e-24
3.0740996701190376e-24
3.224197523385838e-24
3.290460019544406e-24
3.269646235238162e-24
3.163362067454532e-24
2.9806771583618585e-24
2.736737971253735e-24
2.4504042804833588e-24
194.4246808262744
318.75081381301555
508.03300590572667
787.178589677232
1185.7560159978316
1736.4333520263908
2472.0748685674516
3421.4156602612047
4183.032831164659
5523.360082175246
7090.162015790054
8848.093030351209
10734.55189334352
12660.733813655705
14516.922385132346
16181.95355512212
17535.900170594847
18474.210898688852
18921.01580550636
18839.254734734124
18235.75324921759
17160.281756023174
15698.777714057253
13962.011282235362
12071.767091191281
10146.924511562138
8291.607387105749
6586.940625888204
5087.090763731018
3819.407025395083
2787.809652501013
1978.203705072994
1364.6447949440387
915.1851273134896
690.2786838978425
441.653480716434
274.71322746654863
166.11857753220266
97.65569037289602
55.81071986265604
31.008332510372938
16.748654326654133
8.79472258295313
4.48957353121999
2.2280695925577123
1.0749620516406564
0.5041946499540536
0.22990268939153208
0.10191323533369749
0.04391954626814359
0.018400338785568838
0.007494359332560833
0.002967453512785582
0.0011422838970804221
0.0004274692739405687
0.00015551649912442353
5.5003301398386726e-05
1.891218738596944e-05
6.321723341285282e-06
2.9974636347735673e-06
9.559067114815576e-07
2.963587930017706e-07
8.932249437809918e-08
2.6172462500990848e-08
7.455367370882487e-09
2.064591949885221e-09
5.558276270174153e-10
1.4547445791368752e-10
3.7014687267562227e-11
9.155923174739957e-12
2.2017647482635007e-12
5.147310973862129e-13
1.169851182159521e-13
7.899927331661396
13.045560074790531
20.943201940602957
32.68617866424483
49.593634704501376
73.15237756774583
104.89907817178056
146.23644341839423
198.18933442439834
261.1233211963779
334.46583427706065
416.48424762504453
474.5541191656217
563.7680123032526
651.1121996960076
731.0582007162741
797.9740940948085
846.7717295782446
873.5436812446178
876.0797089105016
854.1680748586842
809.624734471276
746.0448187414291
668.3235858487859
1339.4584019501976
1751.678983930724
2439.7549663276213
3519.898496665655
36150.37876465826
58934.04427000052
93718.86273956223
165223.98623560386
251910.8699304159
374090.5143968542
540996.1630732561
761828.7244638779
1044570.6903855721
1394489.1926376424
1665760.977520353
2126761.523545442
2643553.4832086065
3198992.509957272
3768676.881436172
4322268.0314800115
4825915.11502433
5245564.15008608
5550723.903167506
5718117.488483138
5734614.189965435
5598929.220764447
5321786.399342522
4924515.669732332
4436340.384423185
3890833.126041586
3322135.032212201
2761522.8919276516
2234792.1297570923
1760675.1732289796
1350434.5124476391
1008365.0294643296
733011.5811700281
518746.311506906
357405.3701687562
274692.0365032058
181025.20861647755
116193.41075949439
72682.1382855284
44361.96509690566
26486.625634261498
15548.04587261799
9061.734458179064
5336.9168746702935
3265.620983027028
2147.689542934816
1556.2192225044225
1240.3167030802313
1058.4463660889764
934.7866415698982
831.7401834532506
733.1534941774015
634.3107730182243
536.0669121817372
441.46445468278137
353.8448735647806
275.8769197154584
209.1597837589015
154.1843322505138
110.5023879334274
76.99416662389639
59.57197038457123
39.600927265810625
25.592431945100408
16.079017367611574
9.82084086702346
5.831480256669132
3.366276500429119
1.889128671504886
1.0306567251743006
0.5466473870286169
0.2818650556351445
0.14129146241625523
0.06885434060009106
0.03262026210294303
0.01502395548185211
0.006727006520751046
31.084085508063723
51.97643446635595
84.49644115681524
133.54168336440821
205.18114817061272
2107.1963719389355
3396.652073804743
5805.045762953668
9186.244253007659
13815.664644362048
17873.15799143619
25729.41317286981
36075.46983574644
49262.97242824851
65513.82912188798
84845.80910067479
107003.47569305524
131408.63956784274
157159.9891295414
183012.38297000565
207523.6369978902
229142.1856881426
246375.54013671936
257960.3033583164
263015.88113193796
261155.92668976216
252537.90956023417
237841.94447982372
218182.77734378725
194970.67144279744
169745.2007391148
144008.9572380951
119085.62997620321
96019.89609380132
75527.11519193402
63497.02967698354
47998.102640112076
35472.42906540725
25664.218584335536
18208.01974703183
12693.737766874348
8716.983113063738
5912.606927076651
3972.521670096278
2650.9229832462743
1760.8333382573344
1165.7413661651995
769.38122796916
505.73907004496056
330.45595973203064
214.0728616722549
137.08499391655704
86.52044901705632
53.674584044814274
32.652381255188395
19.440384831769823
11.309731075029035
6.421219203163454
3.5545424040609293
1.9170483370058164
1.0067589279901408
0.6455684052430823
0.3240378669935621
40.68053872167494
67.08117659875715
107.7492271215462
168.35094284941658
1354.967318123494
2424.1458519528915
3883.321439408821
6554.339722993618
10292.832793699814
15396.392140154469
22440.278931327466
31865.38842757377
44081.27093802972
59401.966692582886
77970.9225973547
99684.59381870636
124128.07600699537
150537.9429484703
177806.2767450194
204535.11870833553
229142.56429003726
250011.7973038101
265664.6356985405
274934.0790401372
277193.80878995615
274509.18117879494
264766.7576638391
248718.29221747702
227558.7726593915
202779.49127623814
175995.22165792302
148773.1234662365
122487.99547717725
98221.11510933346
76710.24327096414
58348.79145968699
43224.615840911996
31184.579803404537
21910.12352344513
14991.003640835448
9988.045892486542
6480.009124303186
4093.509742771647
2517.7912712686807
1507.7341406531307
878.9972925629711
498.86600702061327
275.60639180326893
148.2104251167433
77.57598412818648
49.631558609597754
24.830350855556375
12.089290731815053
5.727798043941541
2.640705118290636
1.1846075993809921
0.5170461310463863
0.21956483873177224
0.09070983799661335
0.03645728503127646
0.014253900100589752
0.00542106444124944
0.0020054868523477925
0.0007216444442011179
0.0002525687574380608
8.59754484090344e-05
33.52463011465099
55.45384367947481
89.17441533218415
139.408627817274
211.87502272081005
313.04775391875995
449.6578101212357
627.905675768523
924.7439759240409
1130.7738971709518
1499.1159552996562
1942.5066033476996
2462.6458446929882
5426.244344772791
8114.124541564976
11599.019298456413
16542.684326549912
25549.564868132482
36349.1989326826
51034.6734938199
70486.73059639227
95521.63868543935
126759.86450491514
164473.41750558818
208432.0116156097
257775.43333615703
310942.65299539885
365685.1815131941
419182.0407698369
468257.3388651135
509681.6167560411
540519.1465570477
558469.9730444221
562151.5938395201
551272.5668593574
536299.0403626065
503519.3469038163
460557.804687968
410404.51835232344
356287.4483287737
301334.11865515565
248286.20722862572
199300.43955336814
155850.3214831694
118724.60746325548
88103.78007994327
63687.41960232292
44843.562502194676
30754.84667621782
20543.362092572377
13364.401663400853
8466.84145765215
5223.477164816018
3137.875202737589
1835.3538720563638
1045.1582490348853
579.4180229628442
312.69375570918663
164.26059906999063
83.98557049779829
41.79301271472171
25.851277939732533
12.294116293005523
5.689392125162352
2.561895889702827
1.122429375740251
0.4784477404493541
0.19841069462049557
0.0800440493726123
0.031412747049951284
0.011991577687004184
0.004452685977768248
0.0016081481392272979
0.0005649009027721727
0.00019299486306265963
6.412576052485114e-05
2.0721423967901304e-05
6.511707022885496e-06
1.989972419889963e-06
5.913788478562996e-07
1.7089973253311447e-07
5.4863889919584246
9.08457123991311
14.623892798349013
22.885598455670685
34.81787575870552
45.34035238191002
65.81013066528223
92.86270577070208
127.38861999880339
169.88719695368363
220.2578457554819
277.61494522174587
340.16922150602767
405.2172346797244
469.2686260030785
528.3185371477027
578.2436833690595
615.2713095728175
636.4483276654803
640.030033492226
625.7174640977133
594.6986024456393
549.4855522365636
493.5786394492736
431.0197332198649
365.91369969008855
301.99580074834284
242.30582645858215
189.0024914000376
143.32168960783494
105.65669665394232
84.880850500497
59.91954537517012
41.187887126683364
49.80537077743249
54.56388580613276
69.81359734055562
97.49443433741628
140.21494731713673
201.05682021615988
283.2157294884957
389.48203201086466
521.5953677274991
679.5456204401735
860.9305337465436
1060.50586679619
1270.065035386707
1478.7531437723665
1673.854391051917
1842.0014571656936
1970.6596037898719
2220.3160597335877
2354.0830051766698
2488.9467813604133
2651.2207989971516
2876.4217748453825
8282.491056441286
11418.712942793018
17059.843263768427
25534.095946881396
41023.047162279996
60467.57595068686
87348.46419941577
123368.86926978752
170131.43553121737
228901.64525784962
300327.1966634195
384147.37552757486
478940.7929570953
581967.6981713583
689160.1819009276
795297.6721280447
894377.0038070758
980150.4372421345
1046768.7396082535
1089438.5882255146
1104991.800526765
1092272.5313226706
1052276.960681081
988022.4394847179
904170.2347351708
806467.4509683296
701100.5947743795
629581.926062783
524411.5678398883
425736.4508954451
336858.385346444
259762.82513969706
195213.89555885305
142963.62033507248
102022.200332455
70939.48742930268
48058.75437012232
31718.48490623036
20392.483095346302
12770.45142460342
7788.977508807197
4626.490329447282
2675.953713367583
1507.0239359826428
826.2961269037506
441.0476511903721
229.15578762615618
115.88687314344337
57.03740905092967
27.319520824371725
12.733312456180595
5.774757596573715
3.357245292732636
1.4545146127400685
0.6130601644304586
0.2513700345836331
0.10025969686165442
0.03889738746827169
0.014678304004831054
0.005387340592366596
0.0019230882104136436
0.0006676281244591721
0.0002254064579862712
7.400843614669627e-05
2.3630186728432415e-05
7.336907653265963e-06
2.2151787694309847e-06
6.503468743042679e-07
1.8565788737316446e-07
5.1535450838666706e-08
1.3909644183662663e-08
3.6503691720986477e-09
9.314563663590222e-10
2.310935693488592e-10
5.574526211083314e-11
1.3074298523849164e-11
2.9813649732595314e-12
6.609894851567152e-13
2.3837374724006056e-13
5.042760780322097e-14
1.0371767600022039e-14
2.0740016057788004e-15
4.0321341339916257e-16
7.6212869170357e-17
1.4005131580370507e-17
2.5021300459302614e-18
32.86411874814652
53.76277090750058
85.50313043331154
132.1974583512006
198.7032241854437
1091.2766897297042
1889.1491799325572
2969.666513441227
4557.028582904835
7342.7545064213355
10828.608084736506
15585.689346575231
21887.848444396892
29984.90076702555
40062.55965792283
52196.38165854758
66305.75752216073
82116.08138881541
93368.55808913341
110827.99838553325
128230.73531663875
144624.67409298365
159002.69493179346
170407.5585317949
178037.2620803122
181338.42590882478
180072.59465137834
174344.45694660474
164587.42266258967
151509.34838297742
136007.85711376317
119069.25621405855
101666.68201917395
84671.69213648161
68789.68549461228
54525.40443707857
42172.62701889784
31936.098701092233
23628.39455773171
17153.70949577726
12290.83625254979
8831.942715994393
6484.260150294684
8914.92962824658
10248.37481810464
13440.065048184282
18834.75182521644
28849.679965440497
41479.911951035894
58651.8915776627
81199.65183620674
109827.7061095359
144983.58280002326
186705.70942588392
234482.65089988726
287151.058862949
342860.19289407524
399125.13157631026
452978.6616612599
501214.94016807183
540699.625171754
568705.4735903816
583223.470241432
583200.114583831
568662.0705773195
540708.0198871725
501370.2642832903
453371.79558008607
399831.49557923945
362609.2990530484
306702.0877325355
253000.80632900156
203548.19336394026
159729.09140869693
122276.78357344237
91348.32589139389
66644.46952110568
47548.624494440315
33262.68897440318
22923.76547471475
15692.960446581013
10814.048492974633
7644.753137943118
5666.341056478923
4478.257926293291
3784.105726339237
3373.966305454033
3106.4752867083184
2892.5641722707783
2681.6553780196173
2450.3850614649846
2193.5907618746974
1917.2205298406052
1632.8717940997335
1353.750982896019
1176.6258910751833
931.6234099518205
717.3143918039508
537.0273398741114
390.9073698734523
276.6476517952657
190.34761614194196
127.32992017262809
82.80818484141315
52.35692224001437
32.18339518304177
19.232940863260204
11.174162682379205
6.489784181256531
3.7625605752097946
2.330443668034238
1.7157714531789268
1.640070893737191
1.9559648691304867
2.59735374339606
3.5435853877983496
4.793460659745698
6.345908800030787
8.185471140210813
10.271961642187753
11.766488387499368
14.091491358374551
16.406818556450883
18.571115502771825
20.435917179318743
21.862085685318792
22.736832679359832
22.98841999911019
22.595867554596992
21.59183951101419
20.058155208470673
18.1147794554472
15.904346658018815
13.57498424511588
11.264283022798994
9.086748169591194
7.126136699382334
5.433010253132666
4.026870086763812
2.9015858962422167
2.0325627540047377
1.3841820501215736
0.9163959934330307
0.5898123596473677
0.3690500554991592
0.22449020654810112
0.1586578034446738
0.09207493613329171
0.05194719882438767
0.02849204096053054
0.015192376157434321
0.007875326503362423
0.003968735448830927
0.0019443589835155658
0.0009260649992974267
0.00042879252738594264
0.00019301615715848792
8.446578838132569e-05
3.593426231938718e-05
1.4862003055658102e-05
5.975670981161759e-06
2.3358057705721747e-06
8.876208503824729e-07
3.279132626176475e-07
1.1776905436103503e-07
4.1119148442326925e-08
1.3957182423932602e-08
4.6056625673454886e-09
1.47749900266379e-09
4.6078994650233585e-10
1.3970743283079094e-10
4.117909031158767e-11
1.7954398512349215e-11
5.048890604066913e-12
1.380262788723458e-12
3.6683293225757343e-13
9.477975321103867e-14
2.380693840851605e-14
5.813427247549414e-15
22.54132007863672
37.41674929978066
60.38005174906952
94.72434837125513
144.4676107772814
214.20029920369458
308.75242297698986
1559.2454315658567
2436.60339823452
3725.092297488986
5568.115260751092
8637.945562714613
12435.477569448565
17491.913577054736
24030.114384486405
32230.23617338294
42192.1135856641
53895.866775600385
67167.05891378946
76719.12715073346
91730.72423796568
106977.67164766806
121682.86024414832
134998.14599666145
146084.1907954797
154197.9529833625
158775.088094429
159494.51626574696
156314.94423273692
149477.71346621282
139475.99980919226
126995.89672211256
112839.14131442734
97947.22494988484
82961.71161438228
68635.34090925794
55508.59340016761
43954.1509750438
34178.673828432155
26240.852875438697
25061.30418317738
23690.172349580036
25379.120267072518
30512.556243069055
37471.5190121847
51059.72763034236
69786.73456668867
94852.53555991562
126944.77633723589
166483.7317382217
213453.8664894015
267247.4051581223
326550.7622259209
389304.48947507597
452760.4400657833
513653.34464845055
568534.7202530163
613822.9124075283
646558.7950358593
664499.8118835604
666431.3910282807
652304.010611029
623544.7246410439
585637.8140212042
537243.0745321923
483526.0595082697
429067.5905559176
378999.54684400355
335903.48899211583
302838.7179825384
287840.0600984336
277235.47820161365
281749.02183437435
301441.90676959854
335373.9649333138
381607.7880181263
437266.495534819
498663.2041490106
561514.7776267311
621239.4495165268
673320.2004674806
713697.9389021681
739145.6894473416
747571.2180964348
738202.6044263451
711628.1442543864
669685.0236979533
615215.3501446188
551728.1903401238
483018.34281846165
412794.8656757912
344365.4033979567
280408.51031335327
222848.9301160412
172833.7825547674
130793.80447480702
107136.74253752657
77800.14244835998
55102.60062344348
38056.877372551426
25625.995101367473
16821.130810227995
10761.259339070648
6709.168294921032
4076.495640957253
2414.8124661785155
1396.3705365088506
790.9001966915797
476.11412570733216
310.70811767575276
246.46517329996436
252.791853961883
312.8805245512341
444.1076008572016
614.2129677788446
842.1227186517938
1133.4611907798633
1492.3189964784333
1919.2776438061237
2409.740223122184
2952.7401256815165
3335.400092858041
3923.1051083498155
4502.083761687021
5040.801307835407
5506.8701055382935
5874.521999413432
6113.621640226188
6210.987689790575
6161.168126491233
5969.533186650555
5651.592536495933
5231.149838953068
4737.592731977455
4202.728512701809
3657.610793085316
3129.7625577986546
2641.102798401269
2206.751521552655
1834.7473453391092
1526.585643752958
1278.3895095351033
1082.469629490716
929.0145374711897
807.6758185883268
708.8653814278001
624.6525829985742
573.6589476871059
501.9418905173256
434.04057241564607
369.26502506714996
308.0221872494559
251.3080016332667
210.81471933195363
172.94954975234685
145.57255477805535
130.0758850873357
127.71441901876061
139.62852585051309
166.81231450013075
209.9928942679582
269.41378754701054
344.5473254886326
433.7904885739129
534.2194666078628
641.4839430726728
749.9086320774903
852.8366869233159
943.2020935296838
1014.2657858939743
1060.405709631946
1077.8268330435485
1065.0614418481614
1040.2001007288025
980.6553875718486
898.790448951855
800.8338876434087
693.6943090266094
584.1647931620673
478.23803001885346
380.6223396663611
294.5003700145135
221.52298507536042
161.99182728049792
115.16188206848125
79.59132339277419
53.47662663261567
34.93040095333013
22.18116801800301
13.693249162502996
8.218070323754324
4.794843370916303
2.7196950559509276
1.499709698217752
0.8039617303578576
0.4189910322516538
0.2122830124582104
0.10456032070458991
0.05006793847410036
0.030167854706332486
0.0137817944982865
0.006120800442669198
0.0026427237559587835
0.4052926045944333
0.675203660829234
1.0952685309661363
1.7278792330231711
2.6502541800482113
3.951958059913211
5.729019143699039
8.074014635097587
11.062152846840593
14.734334721392537
19.079286762494203
24.0178683644197
29.393242934982393
34.97045369417515
40.44787852767808
45.481098741164054
49.71722342465865
52.835217992132606
54.58594828360965
54.825037047263514
53.53252479916089
51.86800495714481
48.317694226546514
43.75760838083299
38.52491345936141
32.97391280017503
27.43721440549261
22.19475051357471
17.454251792769085
13.344211740370907
9.918028021594388
7.166357277221707
5.033989434555829
3.437691196795913
2.2822443623112907
1.472984383483233
0.9242189323715495
0.5637574544153181
0.33431083548632684
0.19273000247358596
0.10801620619032132
0.058853084737421596
0.031173837046695
0.01605284489423308
0.00803626920537853
0.003911088673021801
0.0018504679473577664
0.001106097620395147
0.0004992812154545306
0.00021909764739829618
9.346971540034646e-05
3.876545136468217e-05
1.5630018366688065e-05
6.126534032081383e-06
5.408481694305496
8.896634161242467
14.227117936634274
22.118153867087575
33.42885816594628
49.11735029614002
70.15991215856792
97.4280166730802
131.52836016841476
172.62181078689662
220.24834264843722
273.1934915935526
329.4342636274701
386.19611800614103
440.1368790002861
487.650118113085
525.2543122226914
550.0113326923998
559.9050286983821
557.7832600002505
541.721497924325
511.47850103184174
469.4825074503764
418.940325451464
365.41172642301063
309.8043536630674
256.6472757458355
208.72946192477784
168.12071293570293
136.15036293362385
113.46903672231888
100.15532105487847
95.82979906839549
99.74871819917439
110.86483452091912
127.85909048673449
149.1594404231885
172.9692678022547
197.32617397110621
220.20319005407325
239.6511867977659
257.4833996978832
267.610877029028
271.73395676715944
271.2773303112511
266.46518824075616
258.02856112991185
247.8810429716277
238.15958489450563
230.9352268024967
227.92227048741108
230.22780125567195
238.17839052986182
251.2504980721218
268.11696973851804
286.8057614307804
304.9505441049225
320.0984217052806
330.03009925286693
333.044725466024
328.16665272153415
315.24428420865445
294.9299023732609
268.55017061015036
237.8954119685296
204.9678158721066
194.51031258004355
177.38386502179887
170.76546173030724
178.55960405236223
193.75915766018855
234.59571698442946
300.5927343027361
395.24702058759186
1189.6818482595552
1897.1490800058532
2839.0985211142615
4184.548180094537
6061.329111112386
8870.22012971917
12544.930708699885
17246.086621131395
23209.06170241615
30551.806278852266
39314.917321093824
49431.88914611395
60705.82572455348
72798.38333314024
85235.69085454581
97433.67376115995
108741.9284492714
118501.72335017812
126110.6743452233
131084.9168661593
133109.6377877377
132070.77669751612
129751.95518993145
123939.94705203123
115746.14786276591
105703.91435123733
94420.70833339717
82521.37108701568
70596.05828289308
59161.27898971756
49822.19492922797
41461.85143758658
34836.46643575515
30319.22121989714
28130.6930774848
28467.55019691568
32440.71819451197
38928.27672391203
48676.5550705568
61808.76960051625
78324.77992354873
98041.57234457927
120540.32938394294
145138.4425585599
170870.72923461226
196549.45506167665
220828.2339307906
242315.23874419837
254435.54001941902
268463.6051933708
276743.2199734463
278767.01810489723
274454.7098133502
264151.2647824593
248579.16278803642
228753.87724635706
205876.1776961107
181216.49390917335
156005.6483166688
131343.39051924006
108132.20775078709
87039.64664398077
68488.4952637167
52671.057663535226
39581.63544963096
29060.291799921237
20840.968838952864
14597.902962617583
9985.781485394524
6670.89144155663
4352.301881232186
2773.6209372170274
1726.9051224341333
1243.1893800568218
745.1742905740847
436.87814812687407
250.67636993673003
140.87339886990205
77.59890417913961
41.93414317900544
25.015276941008082
16.119931648710377
13.125762350132886
14.083359799446725
18.126013408284457
25.006100140156335
34.79514686358232
47.676158113327965
141.05513546091854
222.8628136774763
330.5901141307768
482.80608235160645
693.3488383933297
977.8152358634089
1406.9414812233686
1921.4666050158473
2570.4629917421485
3365.3022137919893
4308.774423212702
5016.523123444694
6181.29509211716
7439.811494086916
8745.190871502102
10038.53295553668
11253.186182931047
12320.551899486636
13176.683491196212
13768.74665424539
14060.397742835294
14035.314402844919
13698.432149184417
13074.824425729548
12206.525404488299
11150.240519616644
9963.99217249709
8711.953934041136
7453.580483131984
6240.303212831069
5113.737932057257
4103.721489449307
3228.2622252526917
2494.399030059859
1899.8183027311388
1434.9222624170084
1085.053254277074
907.0885829055726
709.2564252729562
577.9257601401275
495.75513580760725
447.405117224839
420.01757728481755
403.41584802891657
390.0895014679796
375.0174419793457
355.3716561816473
330.13662677622676
299.6774911400535
265.29161736075974
228.77979223069053
192.07130608595563
176.6948539991053
157.68408744174178
149.82075725268922
156.5699768856375
181.66628409448813
229.08431824206195
302.86025656162315
406.7167924336938
543.4828986513842
1503.335969689497
2054.8395299620006
3035.7759788937606
4426.362866348336
6358.765341480478
8985.68744060853
12802.462690174987
17675.198495631816
23758.578313550883
31278.225160509075
40293.89121234832
50757.91460123094
62489.46970976261
75160.97874119463
88301.83692719365
101322.21894713101
113556.30384047933
124320.49944830747
132979.06735046182
139017.95036892447
142063.10225782555
141958.88882575405
138752.76837305896
132689.5077369502
124179.76897779565
113754.73269277293
102013.57278597722
93759.12924472263
81491.80586188435
69396.49816908147
58077.61114017353
47954.221764026355
39314.1006534184
32344.23751636652
27290.10039841462
24031.63641114142
22522.75309740697
22712.955752854275
24473.073300518598
27593.325691619044
31841.571760390896
36930.085048673915
42528.71674024965
48276.394133911665
53799.339093382165
58734.79917285489
62759.42160501198
66075.09909170891
67944.83473872721
68515.41244743843
67914.9472887646
66336.4520967628
64060.48623438992
62502.789000378965
60035.347383321074
57846.80986082726
56337.56931789018
55788.04003377293
56375.13955587301
58149.16022068616
61023.265212611004
64777.97839060976
69081.23093205162
73522.25135244172
77655.29268359684
81047.43113771408
83323.91281345412
84204.9943942108
83529.82030251135
81265.20631001258
77499.69578227797
72425.36945174696
66311.24377630597
59472.56146317187
52239.97597322835
44931.825556469346
37831.67892145606
31182.55544863404
27080.058049798015
21517.806734005775
16724.3673007665
12716.518396534246
9466.094321349216
6911.567619410212
4970.015243750055
3548.133863021423
2551.3274858593622
2346.980504963973
2305.6570391932696
2584.4690754860203
3235.3104857543303
4294.686863181039
5821.128734157878
8128.106941379924
10948.928884799034
14506.348454244
18849.28158323285
23980.58836029616
29840.728825763654
36296.563851959436
43138.30473988202
50086.67647578273
56810.75342841536
62954.96154453149
66556.00916916887
70981.19591555592
74008.76720181435
75466.5486175386
75285.11476487569
73500.87542999838
70247.92571437916
65740.79562867862
60251.22826029803
54082.38310358996
47543.52801912027
40927.59149785444
34493.14671186976
28451.666318605567
22960.29435477718
18119.91907974744
13977.9564499635
10534.940804625583
7753.776406650966
5570.368037553905
3904.3597268801454
2691.676468001803
1816.4024576972545
1216.2362759204052
826.9776548782419
597.3092096101263
513.2705371371748
469.18686858327135
505.2656118185264
607.0414885009782
764.6902296542434
1864.02076521776
2824.0803627066757
4079.797537131148
5834.493289343093
8240.924031698678
11472.990787272754
16067.802422830871
21879.12477194139
29067.614422869963
37848.38592228017
48247.010061750974
60160.83876635866
73335.82155368892
87362.21392487492
101677.99922198929
115616.9889944612
128455.3100700823
139479.65586266437
148056.65439172625
153694.80652585774
156090.06158961751
155830.458384786
152718.4756199763
146572.7718847077
137804.36347485703
126943.31536984809
114588.28312059722
101358.72046412749
87844.99460779276
74580.0547234449
62008.73240170415
50472.61094508153
40203.7035515639
31327.137870392588
23871.514136810965
17785.098855002856
12955.614988506833
9231.21794226992
6440.390072005184
4408.942783696081
2972.9905956515972
1987.505885696919
1330.7234358158846
905.5029998209803
636.6201589556114
469.47035181292165
394.96642748021435
318.13937959235443
266.8226378927276
229.27747413859151
198.91366805489173
172.4717845840621
148.68562116671626
127.34065728670711
108.6467472019395
92.85328721852221
80.04614837771933
70.07522016203478
62.56927972239427
57.001852004166345
52.77852610947246
49.32319755324711
46.147830413189894
42.8972061047849
39.36626774277983
35.49263231759043
31.330297348060505
27.01235845610422
22.710730536898254
18.599690342597363
14.827970193722136
28.521831850280957
33.248742175368946
45.06650916378039
65.36610735546934
95.05535218665487
137.45825952071328
195.3864117903412
271.4301662447444
367.5187716660084
484.4049850900669
1154.6542703298924
1729.165203291805
2469.0643934221803
3529.5818988649376
4949.263223159802
6843.187406303231
9500.207976482838
12856.834510659559
17003.270607877126
22064.628373209314
28038.36506997032
34860.93805808243
42387.53978466378
50381.558910236265
58526.615662012424
66447.23497816116
73739.70848774936
78055.86022042946
83445.55357408908
87274.64933275188
89341.8943058652
89558.43769392018
87950.49611640797
84650.09398270403
79876.58639430156
73912.55544450654
67077.67574574753
59703.49742663711
52111.15282004569
44593.09569735976
37399.33542821857
30729.222937668415
24723.619583673368
19468.79409458046
14997.623240210081
11297.180277598885
8318.436264072796
5986.113588636155
4210.578118796935
2896.898974273489
1952.8815977353736
1294.6831200018582
978.4977227470948
642.6551539512927
428.83062294370745
298.2218879969323
222.20703812017223
180.39552493448497
158.7411654487928
147.8982719587274
141.89453556829375
137.11891512460605
131.58023669781969
124.37644637979146
115.31662884769361
104.64932530586509
92.86459031117089
80.54938547189498
68.45686062521538
56.859516002967425
46.26856040866578
36.968412540303746
29.1214278502333
22.782865577160898
17.92205017414507
14.444787490958687
12.213441887760444
11.062663652996605
10.806308036182061
11.046646148361337
11.862256716433352
13.054685449755649
14.427802605267386
15.794500896931735
16.98544887960377
17.85909090048086
18.311292840403574
18.282679106476422
17.76189688495422
16.78373380838796
15.422020267910877
13.778297497216265
11.96805268707153
17.016201924889675
19.852405374671164
25.408354612349925
34.83012144002197
49.49827792215499
70.99136449969997
100.99167999777585
141.1208772287386
192.70408772117432
256.4780954290295
332.278940469788
666.1022972896462
980.6083147640957
1388.3696021784467
1950.598331420235
2717.915159365396
3747.973889750941
5102.9199041665
6974.664317510999
9291.654304316247
12092.19418392849
15424.459134610184
19260.970486020335
23524.924321751336
28087.416528928607
32771.52953347667
37363.73184339871
41631.62007460027
45345.66864770328
48301.715285579485
50340.67791151114
51362.55449623236
51332.9544877709
50281.9132595013
48296.13780421465
45506.77310303896
42075.08803900286
39517.664907630795
35411.0023968746
31135.779523818353
26854.840917595477
22710.83616973963
18821.298900934573
15275.526837188912
12133.260829826075
9425.227449097327
7155.536337164138
5305.730099316021
3840.0494941820148
2711.293273282166
1866.5876038190859
1252.453852112661
818.7474937452159
528.8991872002722
335.8989268354615
215.7483489415986
147.34153484832626
115.91634812945978
111.83983547491962
129.33855279163757
165.28559737597803
218.10092099333735
262.1928949940591
340.8338619101201
693.5148610127881
1008.7504277951577
1417.4249136124897
1981.6474165669695
2753.0867158487745
3793.4194362403387
5171.091261307624
6955.144997379546
9442.292166879713
12349.046235043139
15843.397502043186
19910.65371494997
24483.659143992118
29437.76370348527
34593.05368710643
39724.75194048882
44581.146914663266
48906.80747857889
52467.61141513537
55073.62194899853
56596.25649220919
56977.40935771653
56229.87674792144
54430.11553441363
52707.009655675894
49455.10953634273
45563.32087220296
41220.27156677577
36614.82127476706
31925.00807359377
27311.227611605857
22910.83065836605
18834.17047752654
15162.062531644324
11944.852932540907
9203.338855781163
6931.623715811541
5101.696713768905
3669.221862409695
2579.8180167883
1775.071077293418
1197.6414904053245
795.0631538610909
522.0996331099391
341.7615213069079
225.2507110468197
151.16965803877665
104.32804426231564
74.42146143738506
54.77553065133915
45.26508445878535
34.42506691255863
26.30117161038677
19.98507005869529
14.987587246242047
11.03343983598089
7.944830343820424
5.582774056861901
3.822745754388563
2.548400741313261
1.6530440148986756
1.0429812302373678
0.6399597649857713
0.3818186408459488
0.2214908339717933
0.1249187808746073
0.06849523345404251
0.03651285880537493
1.5667212775157557
2.5419103225150077
4.032608250421687
17.42060624080572
27.68968516496849
42.86019519942352
64.59982226007803
83.67207440769914
120.62361002372072
169.29945246215692
231.3262929495094
307.6911107768069
398.3816733943888
502.05579374561785
915.1259309497149
1273.6224068548267
1726.4640265314338
2339.6991421046714
3166.549551247674
4270.061696143655
5719.274324424861
7583.704697228057
10147.302748726355
13130.562352532754
16686.579956340254
20787.225332609007
25350.618786005427
30238.386361263998
35260.607243058425
40188.83469366245
44775.94259266786
48780.01712839008
52035.40930994499
53668.99947945269
55272.63759495443
55809.85907006715
55309.04685375797
53854.20308123307
51576.76228082273
48639.64429628086
45244.72816245525
41551.043417303656
37731.971349795116
33949.45254736827
30335.752072751497
26997.257613569007
24000.745793999435
21386.456633623748
19161.038376262695
17303.294143409534
15770.301890060835
14505.059896628005
13444.579911013407
12527.280115436073
11698.749905080043
10915.383879359964
10145.867001640578
9370.889438324346
8581.68305419346
8047.225629469651
7236.941319564198
6424.856865076745
5623.349301983829
4846.3541037825535
4107.936945567301
3421.0224348285687
2796.3095702761484
2241.447663377644
1760.5546586222526
1354.1276967043252
1019.3371636997181
750.6328933951328
540.5454271996286
380.5481200234002
261.8581648474129
176.08828173530864
115.70375173356591
74.28010501188542
46.58720259283266
28.542500811045528
17.321273809022163
11.480969003940876
8.149230153809357
7.07578971916134
7.3554503501414334
9.082008065783906
12.323311741111123
17.137615965560904
23.642529618882243
31.945035548838042
42.07624409126033
53.93369353300662
67.23725648158913
81.50646700397182
96.06657062377408
110.08751397605756
122.65480086967167
132.864721438181
139.9305005370462
143.2821097376937
142.64214145401323
141.90017098156795
136.3285713370088
129.26587950404735
122.1424879363958
116.61165198799617
114.4219981992807
118.38714991518476
128.52028257065973
146.7294593348758
163.9442588021277
197.14660476292784
239.09249430882136
414.3956874187907
571.3968055902807
773.8146558482814
1050.4817475632185
1425.9308871410665
1929.7238418226789
2594.9350009712616
3515.248426289985
4708.594032559583
6167.609399458183
7915.302875660959
9967.904594844156
12301.763902990133
14866.144802423898
17601.16968092143
20390.371923857492
23119.86851845994
25675.210189339225
27942.713251701105
29823.566885425655
31242.259275788645
32147.79600210847
32518.941388007
32470.661850231685
31972.155323354094
30998.84468420078
29605.40475887153
27857.491612770445
25828.10484418668
23594.358670664034
21234.45681295534
18824.43196455859
16463.107696328418
14179.278517627521
12039.514574829951
10089.950264091398
8362.470215205845
6877.038715158422
5642.547778459769
4658.378704420824
3930.787534238493
3421.205113198193
3117.6322890047895
2993.4139199239166
3017.6697370182937
3156.3517689896967
3373.6168633876514
3633.5432587961545
3902.0882034732845
4070.7863609427422
4289.312680621038
4448.954775952511
4536.647105315358
4546.399797538437
4478.528432425086
4338.37419668496
4134.793879639867
3878.702395633432
3581.8814251364197
3256.2350629617495
2913.043255400995
2563.0798640110434
2216.275062244062
1881.6216338686634
1573.6068546928188
1289.704316604822
1039.2722458193912
826.5045878787923
652.8356120081271
518.9188334821774
423.7000166626459
364.92849815746115
339.40811608221907
343.1910726215725
359.7538331492221
401.9046282673718
459.8711008198953
812.6995329282039
1102.103933541447
1469.1338090061772
1987.2696232386766
2675.2703127520967
3590.2328891778443
4785.7540465906095
6309.980843503603
8348.926498116527
10710.426068741937
13478.27137222637
16619.87811114765
20039.158841384567
23620.35194475423
27210.203830074166
30636.57023007273
33725.146726266335
36317.37406176805
38286.46441942795
39548.81218515786
40069.04291241339
39858.36238724681
38967.30361028132
38033.54675701395
36193.325004017956
33916.64992013387
31307.014392790814
28464.384284155705
25482.825563432496
22449.908387784693
19446.621770485563
16546.788577548017
13815.527241937225
11306.920313230534
9061.501211162484
7104.334112855619
5444.331688241082
4075.123118180337
2977.3894433185997
2122.2553977133916
1475.1486948475192
999.5287234655822
660.0131487239264
424.6302381041353
266.1312529230209
162.46196009295898
96.59126206444948
55.92760708455422
31.535429670479118
21.20853780685196
11.441170893347772
6.217726367150491
3.419626615385014
2.0894960553368644
1.6199221974425873
1.6910990821887897
2.1524441815663855
2.9480121299208006
4.069484367746115
5.525540320382993
7.320688338266182
9.439952092538071
11.838162705057478
14.434049936174338
25.649903505589975
34.894798436137776
46.49020901473206
62.19735790761078
83.43015522263575
111.84754336812134
149.23335084124872
197.32753307243618
260.54920216439643
336.6659040751818
394.54549765850396
492.130558723796
600.6965888694028
719.0430474467817
839.5127421824576
958.1475620237582
1069.4133937389017
1168.1196851396232
1249.9991024490812
1312.146932406274
1353.2356913647106
1373.4689349840128
1374.297159652275
1357.972007301616
1327.0480175072928
1283.9451584875967
1314.9631559394752
1318.9267362462285
1341.5460550375763
1403.0248231193157
1520.421750371713
1713.367271887201
2002.894138488613
2409.301368109235
2978.1723007998853
3692.108930993155
4249.463676035937
5208.497637974978
6295.8915938891205
7476.2245824509555
8700.561420071926
9910.15393653874
11041.974615483325
12035.275076616563
12838.069112121364
13412.389778693945
13737.399476087774
13809.89621506891
13642.338540088826
13259.045479156352
12691.56708818039
11974.277112782684
11141.013539122561
10223.174189032168
9249.205685807388
8245.050624427653
7234.939468893193
6241.956194790813
5288.021685566944
4393.230074476668
3574.7353480967226
2845.54061079038
2413.156030805036
1854.029472657346
1391.0380767298286
1022.7812272699372
740.7372845323224
534.3556927433857
392.3705408135899
303.86384920505446
258.9584678559112
249.1129356508199
267.070010288366
306.5648782310627
361.92447312821486
427.6876425105848
699.1267151295841
927.7545215546393
1215.532877653251
1605.254806834372
2133.9596110405655
2846.6190832061943
3793.410040857655
5024.644813350279
6583.3197703795595
8599.74703794442
10975.611081689878
13689.757420956093
15673.419800881371
18842.332728940066
22132.810372469223
25395.74140530612
28468.13061339399
31190.157434764238
33422.66246988954
35061.90759221295
36048.91196351948
36371.81718090796
36061.2940936091
35180.545071864624
33812.54529899468
32047.507747583913
29973.086887490466
27668.746084415074
25204.373942988437
22642.065010946888
20039.306906937207
17451.774111617517
14934.438430325386
12540.525577901508
10318.940303785097
8309.677767496727
6542.252924483923
5505.639677475342
4167.365381752182
3078.0592587691685
2219.291285278926
1584.0893902670825
1113.6208145440846
789.9080144253859
585.3960889101514
476.60306039805045
444.74687093887235
475.4936026476849
558.0595537417153
683.9359500447963
871.6988461550924
1078.5523445975791
1318.974575264353
1578.711321796094
2381.6430971944515
3080.951399168811
3954.344197140436
5121.902760000604
6690.507555612479
8794.018522069666
11556.997469437913
15111.6113207082
19568.180205391665
23273.89035166895
29544.97725162205
36743.27116101173
44770.21897824546
53377.57943329392
62225.28738855863
70906.89032638994
78987.90152953804
86051.6077398431
91744.71939314815
95814.36346365711
98130.21909838138
98687.40462169633
97591.15216416516
95027.62805208772
91228.25941353205
86435.6678278409
80877.92764377785
74754.84509496471
68237.47869248613
61476.42253066188
54601.096094845976
47748.625634379234
41056.00880477432
34661.174729236314
28695.35336210633
25013.71160283463
20002.16812900981
15656.446911579369
12000.43047050402
9020.078492784687
6668.583776499066
4874.7850679051335
3590.8600641023218
2836.6191789098575
2345.146054126923
2178.509894972143
2263.742641656527
2611.271689500056
3232.019437972128
4152.170617939313
5405.401172884092
7038.456674526467
9120.16122199356
11583.309237229814
14401.12803835901
17519.86791998705
20831.531921562182
24194.9233464656
27447.31480143473
30420.814518345203
32170.78131496791
34350.491962391636
35913.81069286313
36813.16496430344
37051.353738482314
36671.21242914222
35748.359396117696
34373.5911597825
32639.65550616958
30630.965893961304
28418.45073945625
26059.54310915453
23601.966536526976
21089.17390848484
18565.214742138174
16077.371289367453
13675.858360107855
11410.886949716541
9364.982686917803
7529.970969859024
5949.027380853783
4639.800852655223
3604.3796964478092
2833.9690794971452
2311.741802525169
2015.73267732634
1932.6297986194054
1958.0987177744712
2159.914651638059
2490.1840776101385
2920.4148489938875
3424.0378216857657
3967.62334818588
4516.4627519602045
5036.41040727477
5496.3405899373565
5870.729774153012
6141.789116811973
6300.643429199592
6347.266234096938
6289.177931117966
6139.21160396049
5912.863340918489
5626.084870221027
5292.544469892175
4923.95340067228
4529.403879127256
4116.285058296279
3691.3429890168436
3261.636703895013
2835.0781143709905
2420.415300382843
2155.066166866858
1780.1234011695867
1439.5551098171902
1138.9961547741696
881.5519527350506
667.6543712556913
495.29821284105213
360.56661461369
258.3105399449777
182.84475009304342
128.55059866798592
90.31982788698261
