a = [9.03651459] b = [5.2842213] c = [10.13119189] ,Gaussian ,LMH = [0.12716769] ,DW = [1.55281192]
0.0
0.0
0.0
0.0
0.0
0.0
0.0
0.0
0.0
0.0
0.0
0.0
0.0
0.0
0.0
0.0
0.0
0.0
0.0
0.0
0.0
0.0
0.0
0.0
0.0
0.0
0.0
0.0
0.0
0.0
0.0
0.0
0.0
0.0
0.0
0.0
0.0
0.0
0.0
0.0
0.0
0.0
0.0
0.0
0.0
0.0
0.0
0.0
0.0
0.0
0.0
0.0
0.0
0.0
0.0
0.0
0.0
0.0
0.0
0.0
0.0
0.0
0.0
0.0
0.0
0.0
0.0
0.0
0.0
0.0
0.0
0.0
0.0
0.0
0.0
0.0
0.0
0.0
0.0
0.0
0.0
0.0
0.0
0.0
0.0
0.0
0.0
0.0
0.0
0.0
0.0
0.0
0.0
0.0
0.0
0.0
0.0
0.0
0.0
0.0
0.0
0.0
0.0
0.0
0.0
0.0
0.0
0.0
0.0
0.0
0.0
0.0
0.0
0.0
0.0
0.0
0.0
0.0
0.0
0.0
0.0
0.0
0.0
0.0
7.333755279692647e-29
2.381489498435063e-28
6.5861495936541975e-28
1.5512263522724324e-27
3.1115688867820512e-27
5.3155025359085595e-27
7.733389817817288e-27
9.58199937024152e-27
1.011120782274053e-26
9.086792247591008e-27
6.954706775497007e-27
4.533229562463189e-27
2.516501906080128e-27
1.1897274398022957e-27
4.790251945624016e-28
1.6425927316897151e-28
4.796915859437682e-29
1.1930398984619998e-29
4.315582963092806e-30
8.212967588854704e-31
1.3311328804454864e-31
1.8373985800808552e-32
2.1599614735365814e-33
2.162466042707195e-34
1.843797624762732e-35
1.3388683308751096e-36
8.279862982822518e-38
2.2638348061781476e-28
1.0679701959062011e-26
4.316993245900105e-26
1.2975890332652684e-25
3.333223605715956e-25
7.317192272120181e-25
1.3725590927793548e-24
2.2000384828721423e-24
3.0133700694807235e-24
3.5271502086039516e-24
3.528505335194126e-24
3.017359360649325e-24
2.2062316550282234e-24
1.3799243868913859e-24
7.388523378823064e-25
3.3907047095472615e-25
1.3364139281555965e-25
6.612333784888732e-26
2.0396293344925437e-26
5.47920772189849e-27
1.295380138709889e-27
2.7317462256511547e-28
5.212642900250844e-29
9.096731132421097e-30
1.4552869091573483e-30
2.1188908250477267e-31
2.7700601798938163e-32
3.203744395542431e-33
3.23698478486936e-34
2.8308789485936545e-35
2.1296418551098617e-36
1.3727307620766888e-37
7.563178024803138e-39
3.556530366081881e-40
1.4261675791121859e-41
4.874265232603792e-43
1.1791114004038138e-28
5.7045891261713855e-27
2.839259438958164e-26
8.438799761700529e-26
2.1481171537504524e-25
4.682238993924918e-25
8.737604920298845e-25
1.214806829679365e-24
1.7492872518993453e-24
2.155608793860218e-24
2.2727927136218297e-24
2.049994210134409e-24
1.5814858908860065e-24
1.0433018102531059e-24
5.8842924721079195e-25
2.8367587448087504e-25
1.1686817601206918e-25
4.1135480962828384e-26
1.2367566021622579e-26
3.1754223536402945e-27
6.961022979356723e-28
1.3025878665975157e-28
2.080250254511989e-29
2.834755590918775e-30
3.2955590431298877e-31
3.2680091924652796e-32
2.7638265282689798e-33
1.9931942751196825e-34
1.2255839171356054e-35
6.424499800234127e-37
2.8707243637091165e-38
1.0933448187632273e-39
1.1324885411512483e-40
3.3042451941883985e-42
8.215438694828303e-44
1.7405269353634047e-45
3.1419318455126824e-47
4.832324631405317e-49
6.331966320845307e-51
7.068484765547031e-53
6.722075811808245e-55
5.445725748328114e-57
3.7581227272137397e-59
2.2092149896555004e-61
1.1062341529394615e-63
4.681629361072789e-66
0.0
0.0
0.0
0.0
0.0
0.0
0.0
0.0
0.0
0.0011222913489702805
0.00372545896323316
0.010532091311851855
0.019260183812856668
0.04166419846464933
0.07675846799220548
0.12043430982145137
0.16092918848712034
0.18313867913360515
0.17749494826342593
0.14650504478761256
0.10298638768291044
0.0616549193620534
0.03143520566422844
0.013649776526251824
0.005047722128184441
0.0015897396304047182
0.00042640002882512215
9.740227777098431e-05
1.894879790315328e-05
3.139459448967351e-06
4.429847288757944e-07
5.323328844170331e-08
5.448017557969689e-09
4.748477287655976e-10
3.524770903180292e-11
2.2282714073078032e-12
1.1996814495285413e-13
5.5007823632655605e-15
6.44544241367513e-16
2.2614085173880105e-17
6.757187619689139e-19
0.5710269603689828
1.8848962523202413
5.298817373537561
12.686187192101364
25.866873684855967
44.9176919491045
66.42806249604881
83.66549828720073
89.7513682745944
82.15726743952975
64.44950032312123
44.249089657287904
28.936065736948873
22.645339361002346
25.79394298250879
35.805468202616204
47.959989018338355
56.71513865902004
57.908761120638026
50.80253816859129
38.254312627758615
24.719491572218715
16.970207682857968
8.496512981088205
3.649513171814208
1.3445474226340852
0.4247565170766635
0.1150204947586161
0.02668751236751912
0.005303335670779347
0.0009021925839611853
0.00013132761843993935
1.635005343041843e-05
1.7401821858224732e-06
1.582700715625757e-07
1.2295887375737282e-08
8.156807785459218e-10
4.6188793354782675e-11
2.23192878640892e-12
9.201036877614523e-14
3.235226340370317e-15
9.700523097847948e-17
2.479879972954316e-18
4.5821191325113615
85.98085277994572
313.74951889057724
951.7499212292987
2429.3649125963943
4173.541284046669
8285.786767690748
14136.595309749362
20721.014216118932
26090.39251259926
28219.765714879737
26221.479624294312
20932.743491726767
14357.603313395857
8460.94222043804
4283.438945487697
1862.5842427880318
695.4352095287123
222.8648775623497
61.272150216957606
14.444008027353673
2.917869283067738
0.5048252357721205
0.07475815476105928
0.009470480594250529
0.001025766889584601
9.494519613231043e-05
7.506692322556062e-06
5.067563000502467e-07
2.919900575711065e-08
1.4355481737850707e-09
1.7637455294809456e-10
6.652149572588205e-12
2.1393626081418865e-13
5.865738952500038e-15
1.3709083899840956e-16
2.7307582198760453e-18
4.635513275638133e-20
6.705180700975098e-22
8.263919647083257e-24
8.677508950297184e-26
7.762696658205183e-28
5.915860177812128e-30
3.840550527684945e-32
2.1238545064900056e-34
9.967909978074123e-37
1.4524546590084652e-39
0.0
0.0
0.0
0.0
1.0903957197742531e-29
3.6448134943682506e-29
1.0375932688699654e-28
2.5155887522960496e-28
5.194129890652336e-28
9.133697640393226e-28
1.2170967551706664e-27
1.6376711610933574e-27
1.8766745356461013e-27
1.8315209221942048e-27
1.522283255299689e-27
1.0775556776817255e-27
6.495979294915486e-28
3.3351103452921813e-28
1.458264979414895e-28
5.430294060404541e-29
1.7221497503693024e-29
4.651351296778991e-30
1.0699119356605476e-30
2.09593392291685e-31
3.4967759326240225e-32
4.968424389648104e-33
6.012155833438697e-34
6.195871981269455e-35
453.014508552959
1494.7175688329955
4200.169629736909
10051.599697681204
20486.331783788213
35559.35563039917
52565.91472873409
62391.732591428576
70574.06962100902
67986.69667464582
55778.05704565262
38972.968558368615
23191.255215921934
11752.917470832608
5072.566870626666
1864.5349931912065
583.6788534664548
155.61019360860953
35.33155810497719
6.8320053875981674
1.1251081572569914
0.1577978239042426
0.01884813611106221
0.0019173282535737762
0.000166105953243153
1.2255600250167867e-05
7.700955944992041e-07
4.12112088759873e-08
1.878221175362865e-09
7.290188771810407e-11
2.4098581444967853e-12
6.784296914208533e-14
1.6265929194028374e-15
1.2370411753655056e-16
2.2694779857794438e-18
3.5459335732286773e-20
4.721586164228122e-22
5.8523807818579635e-24
7.355911212072088e-25
7.989107303019779e-25
8.039189107810049e-25
6.9814082754754825e-25
0.09649569405433564
0.34201853547928474
1.0324095542452136
2.6540863603505382
5.81083773815195
10.834855152705414
17.20553313432649
23.268791170891326
26.800331922576426
26.28858356002913
21.961139157154822
15.624394794905246
9.466996302319608
1964.0852318647994
6610.71298547155
71091.44694427241
248062.28924897374
541962.6806415973
1419006.6579434643
3222523.966111287
6332946.980809143
10753810.15817891
15765926.251168065
19951179.349939413
21795120.530587226
20560053.021719825
16753629.68345352
11795635.194400245
7176610.940189275
3773819.365461474
1716624.863426057
677720.7832906415
234710.67141389998
73416.64347971213
22131.923786261777
7067.813682835614
2504.4250159734065
926.1337410550948
324.5990240497238
101.34502044867634
27.4113481490626
6.353722319761355
2.1958890116388896
0.3905945655455187
0.05919445693882945
0.007641187678335634
0.0008400876133879857
7.866061846765172e-05
6.272690144418495e-06
4.2600243128246607e-07
2.4639471197012536e-08
1.2137004030642682e-09
5.0915771072298615e-11
1.8190885336419723e-12
5.534979511945702e-14
1.4342962554910095e-15
3.1653546476919466e-17
5.949309326831421e-19
9.522947465496919e-21
1.298186340614736e-22
0.9325736232653056
3.0590632507513904
28.272430952736244
96.53608310766545
288.46779344815565
714.7252983400455
1539.7203549805704
2875.9821533262816
4025.9944469598613
5908.6588117586025
7498.7336339849035
8231.097775556469
7818.041097313915
6428.582565948517
4577.572542723689
2822.534237107805
1506.3707988510005
695.2511141195132
1579.870758132997
4121.034436321037
39127.02017534109
118982.9034601167
340172.45108432096
805515.1852799264
1658902.605262735
2963220.688745435
4583405.82674113
6135614.17182363
7124666.222925296
7187526.936398728
6357979.801814668
5048856.82344322
3821078.3315511486
3077286.277703357
2899645.761979735
2967546.968636671
3132426.486512016
3088457.4023687793
2711871.8559152097
2083553.5353028427
1392317.5692624922
807356.4965128992
405663.25303748
176369.00700500133
66242.7414317186
21456.35744215076
5982.782027104881
1433.6326997302338
294.76824756049245
51.931725810613244
7.830365371394008
1.009487596044143
0.11118322584505187
0.010454756098871854
0.0008388782487512162
5.7413696846768407e-05
3.350603657740575e-06
1.6669081017104106e-07
7.067986777612272e-09
7.863699625904218e-10
2.553857956036005e-11
7.066699260313242e-13
1.6659161258721857e-14
3.3456505797406037e-16
5.723730371542767e-18
8.341298997140237e-20
1.0354601885232451e-21
1.0955059163831313e-23
1.1612803818549935e-25
4.128807478507184e-26
8.45166236278218e-26
0.005403360077660849
0.017421820694703424
0.1277895409574138
0.427991362253584
1.2562109418192542
3.133067725063289
6.839261344763102
13.006617714270973
21.48580251088264
30.785637795365663
38.25074070195456
41.23257242872349
38.59307347143622
31.389428329886226
25.303268111240016
16.295241158544528
9.116762380310897
4.425649734575934
1.8608573850956809
0.6763274175446131
0.2120161667692328
0.057205065786711765
0.4326544932250858
1.3327333478384669
9.192694164390623
30.322212210036376
87.79792810871895
217.27221045658803
471.52324587560037
892.7119410880904
1469.558890388048
2100.0996951276447
2604.6998405262007
2805.427112792376
2626.556315353864
2139.5024578713314
1517.028554783269
936.2731902487088
502.77780577438654
235.05554938967944
131.4222964848152
49.86966466312696
17.822154142381606
6.917519335620144
3.380787210458667
1.9583050441565757
1.128197663869801
0.5829924237283978
0.2604937775868752
0.09955255631081217
0.03244054274270956
0.00900595466352557
0.0021294758193156093
0.00042883253012269984
7.354727571385682e-05
1.0742540985466896e-05
1.336313523452951e-06
1.4156974237626382e-07
1.2773008557208844e-08
9.814691049559859e-10
6.422745716090384e-11
3.5795257140719454e-12
1.6989903349445375e-13
6.867789781013718e-15
2.364306309671963e-16
6.9318818599145446e-18
10.962755252063626
39.276638230917904
119.84214172607956
311.41926703574325
689.194904297116
1298.970536474122
2085.0535159050787
2850.3341438446114
3318.447928663112
3290.2954928375707
2778.404418332639
2019.2062299000602
1298.9282274724062
866.2491534214564
872.1983454577811
1401.9678895863299
2459.743290154549
3878.568434779808
5259.323307923495
6084.681426094206
5999.06891796474
5041.9050435857125
3616.8578582448495
2221.946198109404
1178.4905363538812
717.820275032405
313.8957503334777
130.889927049023
55.69269018995515
24.79371594845501
11.042165060291962
4.593315635240084
1.6997435958282017
0.5457434238934536
0.15036983047671776
0.03539326737304816
0.007103460098324485
0.0012147583171046824
0.00017695131096265188
2.1953884923199508e-05
2.319758321726962e-06
2.087564745665045e-07
1.5999259692907034e-08
1.044290435646398e-09
39.90732619624461
127.7767862102336
349.863595153459
814.1964359662294
1617.6887577817001
2743.753828831082
3981.729097727051
4687.667783161943
5291.052354822462
5190.341336079131
4493.52552468894
3521.1393010153
2588.262049768524
1852.761788409292
1317.363582204324
920.7559043801036
613.5334280108866
377.4554898168073
209.29222833718552
102.92109490471245
44.48953978570334
36.143773572306365
67.70913841115257
171.30382511200114
394.5785229358028
779.6739979596667
1313.1509412784415
1883.8425589349365
2301.810955049609
2395.43248952815
2123.16952131868
1602.764029217429
1030.4730419448956
702.1257827596518
346.6838410998248
148.78520744950197
62.85821039664837
153.15053107553817
422.82805241144035
1117.2519294597612
5725.871181257397
15952.614401672114
41811.92482195243
96602.08145533268
198125.24707188265
357182.72648575593
562793.6348202593
773254.5166021852
926592.5220371729
970143.6716908215
889482.512812764
716018.1539009769
511885.3919363355
335659.2012933334
231049.56686499773
231387.45630282164
351168.51584497193
599853.2393795437
827622.1989940853
1214573.923544608
1561259.9948632258
1753945.3134414968
1724884.6052340297
1488571.2673146438
1129827.6214333836
755710.3715125709
446804.1993477381
235252.78759621433
112366.66980856538
50602.42449767499
22793.85923262414
10787.210404896348
5326.931634043362
2596.181774359576
1180.719017843652
485.44989853528364
178.96027177940587
59.77015579026936
18.540402551637854
5.501047952706415
1.584986912875589
0.4379133425573063
0.11235714348721028
0.025901565104732262
0.009064957275348135
116.6645695434354
400.00948285477585
1168.0673879627195
2916.295141691721
15479.346161301035
40400.31651665704
98968.11635035268
213442.38355298628
406844.911144984
681851.4390932461
1000727.4755898184
1286846.0143226131
1454152.6822900285
1450520.867170976
1283607.8985537663
1012389.6312792331
714476.7613649252
452779.26444568654
258594.0538601948
133618.31650920058
62670.47702138148
26709.68986402992
10316.300548349202
3654.2170772328163
1341.5925369334984
945.5083685562365
1332.4044884980326
5654.824048348334
14843.815081467925
36883.118180121266
81629.83847707565
161070.36937846694
280102.32146094466
426545.85148673
567619.1044517099
660705.0161618083
674486.95892904
605724.1560402826
479592.9703984482
334943.5164897095
206026.91613717453
111468.04574867556
53272.535896852736
23646.663200014733
12665.967084985921
12557.706768224583
18906.37738470628
28820.712306623755
39338.099332710335
47129.58901416496
49541.18167593285
47694.55205803089
40570.48407450737
30471.93126848469
20198.097660424624
11783.305151502815
6024.23125649427
2685.5931563453328
1039.2250052044524
348.6233884959218
103.11771644300518
30.177785003451376
12.94615408649654
11.667522219199505
14.473501680165393
22.09719484216476
39.24437223301611
70.87071332802128
117.05394936041124
168.68680519068462
208.63531014397947
220.29311408444642
198.24346846393902
152.78793446364983
101.89700861547838
62.62324514831118
47.61323300204079
72.72245185704267
155.02528908162682
364.37981072997263
798.8936712619052
1566.6463128615055
2715.851134106952
4129.0118414198105
5496.369021775163
6413.1514556678785
6591.369260854956
6008.0597651586595
4901.1812056244
3625.4385859561908
2480.77502081371
1614.314020547622
1026.4010698104325
643.0837200627477
389.1439398950367
219.20586638628205
111.02152113024543
49.35257731159681
18.984137259095892
6.2705233797649145
1.7713506806383557
0.427071162145859
0.15141565382092115
0.027976808665741284
0.0044040225368925075
0.0005905410025476362
6.744680951851286e-05
6.560905111406048e-06
5.435589626841366e-07
3.8353454491587124e-08
2.304804303624821e-09
1.1795964687343357e-10
5.1416377144046506e-12
1.9086979416092278e-13
6.034481859739764e-15
1.62483497873188e-16
3.726014594660988e-18
7.276885280928231e-20
3.6344687572008727
11.773953129392615
32.48361304910843
76.32503593351714
311.5683857432249
768.9306958642807
1796.714346062789
3830.5549664939726
7295.091682873739
12279.522458259631
16164.637907933282
21873.565302270094
26104.122058246474
27689.12305202855
26692.72725482948
24608.156904054948
23583.462457907106
25648.04749491583
31420.862355220484
39462.175010404026
46721.508902939815
50068.13852433159
47919.25561582679
40859.329988554295
31029.992115428307
20949.891046909474
12521.850761263056
6590.391701203279
3043.980272524117
1242.1926007684956
466.5680950118096
182.81885138788257
90.02322130910402
55.8102746556784
36.03569021679991
25.66968129753582
13.777265057900864
6.347616779598584
2.744624050032236
1.6759000158011033
23.81280451482656
77.47405829590295
226.3579955803144
556.7907817209642
1174.849217265337
2142.0285095390173
3403.27877987413
4717.161311051954
5829.451181219293
6628.334260932527
7414.504232678918
8575.647660055905
10657.383638200909
14319.347681284336
20051.650214945257
28311.06925728056
38739.658800639234
49568.557180803225
57845.91841816191
60773.32753584258
57238.23719696522
51740.82168861222
40596.878319598196
28565.71640778712
18082.01434537874
10463.917689216796
5819.016722249456
3422.310245599012
2298.981174426697
1698.4492824471329
1246.2164470849552
886.3164678107512
698.6694171558992
1043.0346582789732
2173.0512341955973
4893.121241245003
10886.237705421468
22210.078115375087
40696.7452366127
66015.50257945746
94200.28418587813
118330.52682087135
131534.8824548806
130305.37908283113
115743.26080395785
92416.46033632946
66200.42058276327
49768.50877143872
29388.616293324238
15367.502230041931
7145.812673184105
3017.593328818028
1216.692336669446
505.9523621184753
228.84545576307076
109.33674940461736
55.39690147532188
35.556692537044285
44.997222310903695
86.28338581204363
162.53379195779712
266.8121605044925
374.2884478706837
447.38883976261553
455.466620389045
394.9056613464758
291.602692437763
183.3793658795863
98.2132499076808
44.79714775689127
17.401685194836496
5.7569560704500224
2.5187394512369643
1.7176333422083905
3.5144725543126425
9.017955177379903
20.398303367332858
65.99028126352064
153.2492244620597
341.90598732706576
731.3519471491593
1412.4819761936487
2435.625188573073
3701.402462110541
4997.505168248129
5989.876586939691
6555.606130859205
6853.2280059132545
7203.2615800634985
7908.735983137371
8961.220198113882
9981.842936358753
10430.067552264794
9947.669526627156
8565.635184955703
6645.742520345507
4653.209479674993
2955.340994444438
2146.546296672127
1399.951059307173
1310.544954115296
2003.9787325857794
3611.927512055205
6208.192179469316
9523.467784829205
12845.408088139578
15238.928146702838
16010.238464882132
15023.50016329743
12722.625916297806
9854.927488052168
7177.86738315118
5367.533779032478
4625.401542442846
5054.207091698039
6646.414063944902
11966.217677348379
22969.36474423596
46856.49592438046
98078.44214359217
194784.4146753777
350962.98004931427
561577.6508446812
795328.5763673562
936564.0191491842
1092280.272819037
1171968.6270329396
1215271.999689118
1280525.7519286515
1415747.6776624538
1611232.957236219
1798079.0027009759
1887097.9165540787
1821491.7003942097
1603585.76495715
1283371.5098534743
929656.2118852193
605164.8802347685
351290.9137396741
184626.26511075028
94718.82285526628
64272.04768625242
78915.42746898733
128450.16223401793
204849.74001567156
292567.832215095
368300.9383791835
409646.90098422987
405791.4425945671
361082.1675841072
315618.7751716385
236971.6052498996
159980.9106822746
96510.74183877512
51973.28457856493
26350.555601392647
16158.540024497881
17196.099069634813
39665.70989636733
83014.41313970715
173831.6830242574
355549.68928962346
665859.3083134223
1117823.9490240724
1655883.9111861426
2156367.675295156
2479170.6234412002
2540219.7890021633
2345858.1902572336
1970969.8117266758
1514352.842531783
1065774.3774145702
689320.3113027714
414799.1714543325
238530.5034933952
163814.72341800365
94502.05138339076
55815.14267117629
33201.209430070085
20268.822309347383
13783.320954876885
13423.850033669363
20084.09097547537
34389.837927870285
55847.335689291736
80842.29641841406
103001.0809066578
115878.6750185408
116167.78547213484
104832.47758528624
85740.47507447272
63567.945042616346
42435.13103573206
25226.53531128244
13197.950012927864
6015.2801481385095
2370.14838243325
803.0751706175812
233.1732454870911
57.88634397500717
12.270023416985033
3.993694549492965
5.403617564402421
14.854892458767749
39.06245268835596
87.96677858591289
287.5095304475043
641.7666546023373
1344.5880495784738
2603.034493062247
5878.334624162064
12139.425005129118
25039.597111690167
51462.30673770249
102572.03263297961
184739.16411053835
295633.5826083846
415656.6048139854
513429.5396855412
561171.1864352493
548729.3916656403
485281.6071528309
390553.7447928692
285574.1396455063
188097.91996066927
110285.42308405592
57087.77554887424
34455.51243404323
15315.33776421444
7723.758275668728
5926.012606785312
6264.618228760186
6758.830493306049
6758.731261965583
6533.715759351561
6857.065926273105
10364.369615633812
18656.04459621211
36994.955115225515
75161.94588516392
148972.54185059582
267403.2843111092
426747.6677366147
599510.1172345424
742808.6053898076
819867.0902640569
817981.7463018406
748507.3349119581
634056.2310461747
498106.2786672834
362052.02810116735
243555.38292294892
179746.7819027171
108471.62048482275
62387.33596452053
34276.894222172996
17764.599916104667
8513.37711478644
3720.835715969297
1490.743658606281
566.9559854285795
261.8446134604307
226.2497020746129
404.1283903555845
856.0583785875702
1639.5070275426503
2715.0321088282794
3874.914004945445
4767.5736541982815
5407.269831787578
5805.335503656049
6776.00362815797
9888.934946137653
16073.825443494896
26418.274195664755
41188.85361082366
59803.184870763835
80710.91049648309
94621.57493961787
112543.53248329957
123072.09410646527
123237.91969274664
113298.02047953715
96198.74376706095
76239.51064163394
57299.19249066392
42228.0086216609
37217.70110977831
43458.027758533986
70547.06779189162
133826.40149444755
250490.69285428012
427136.8030728178
645453.8131035615
857147.0164869613
1005953.3049904876
1058656.8053472538
1019197.7031709094
916248.2218253573
781144.4876271399
636357.1561563403
497304.2705247692
375501.9769811813
277349.2978042997
225077.7087543333
162758.75404170345
114364.79652044707
75929.06315180927
46308.061969583156
25410.686864254974
12395.416133772895
5348.362025222596
2041.372311954073
692.4415751539477
214.6008553841508
73.63278144035624
65.79019139444982
121.65490930158819
254.8153767957554
512.4629534564103
963.7793373442054
1637.774307729401
2486.3513729754513
3362.9418471383556
4096.589165413976
4576.630617194383
4821.347068065968
4897.132878437303
4829.212865179341
4590.770162957612
4325.848675239076
3785.036068980205
3123.761810705516
2408.9477461888237
1715.0361481259852
1119.595444823108
691.8355958889313
451.0712255805993
387.7871376979358
481.8389327130664
728.6323495778038
1124.344472845623
2301.091159079816
4282.041556908648
8390.216998451126
16590.932749238156
30822.36129080811
51364.37165051472
75339.88536783723
96871.74227585076
109922.90932208055
111627.20403188883
103176.35879605783
88049.80897313484
69832.65969232132
57482.61983675827
40612.65425249151
27593.39861786376
19317.611155850256
15062.231488089943
13128.839518696961
12027.121287344176
10953.834215506402
10029.29199703828
9906.73273798139
11465.127483054795
15344.754629646008
28165.35654759517
50620.58421264314
97490.69367508158
192223.68522349626
366054.8730325029
627398.8514714193
950186.7303575557
1262744.9203782144
1480177.562490073
1550691.7349401491
1477023.306702469
1298822.3485218429
1061028.0632180576
802006.9485894394
634643.9008668597
415371.44918824383
253315.7604095829
152872.02389485447
101166.84035931484
78805.62908620553
69126.09641367814
63895.8677245792
61386.440524063124
62743.66901029918
68731.33801059287
77952.39140322317
86780.08266850277
91193.32802228068
89087.49867179732
81026.18702147513
69302.37252063815
55871.993671399905
42848.80109865735
32508.10875494701
26896.43864242589
26751.56442814326
30635.122949628345
35839.025764144586
39981.836005618236
42306.57661698207
43089.932758712814
46923.62898505377
55495.740183043876
77518.09958250323
128964.81032917582
232277.68594998692
398913.60633567476
616591.6550800856
839058.4560142951
1004547.7592082915
1070247.2443668046
1033604.7215834472
922504.7184309243
769383.6841777652
597674.8157697169
426131.37229066953
274469.2851795448
158476.9045379336
83282.92661325049
42732.809476361625
25564.36940009333
21495.84906080373
23376.58814788561
26708.002510716182
28927.237592137582
29889.0750294833
30236.73934341576
31552.257212546723
37053.699557708904
50706.59327278857
74382.69801616576
106041.93711490142
138219.89834566342
161238.84721833694
168750.59271821688
160838.33103330366
142077.23300390298
117413.96291487158
90275.96666887804
63446.501569632135
39906.602071516936
22066.228125328726
10593.655244375881
4381.411870890207
1553.9757429440756
471.4181154317896
147.6557084176286
112.86620988541316
246.00102023487526
576.6189574051108
1172.4688974153669
1722.8727945672765
2685.510831201481
3570.244467610321
4047.979937667565
3927.74117898164
3286.4085388803637
2436.848733180231
1811.023182170788
1789.008326211301
2667.6669400586497
5070.411617256063
9639.942914895164
17347.427202554398
31585.505376040328
52933.137570684885
89303.88501292207
152358.11591535233
254827.1081031407
395558.31857625756
553676.2234266249
689302.5610517022
764312.8682158777
764471.4508721612
703175.9964559424
605274.5343016492
490098.136279369
409540.58635258867
290766.5231908374
185578.6792508928
104965.15020868873
52917.51813088168
25051.262663118057
13543.0563745961
11606.846353858384
15470.345049157131
23096.150367037066
32614.510246310518
41358.39545427695
46688.73959665051
47476.23930510769
44487.626607048805
39465.87628774438
33815.871183957635
28242.8075168206
23111.389906934262
18753.095439641
15343.004512979478
12768.884377300019
10753.581951459142
9038.283942206765
7456.936892431551
6433.196614922694
4932.40683894809
3527.0278528328904
2318.964866812508
1390.7165088743213
758.3252449236862
375.47469137438753
168.79510446457738
96.43419343826321
115.19450279924892
254.1159765018189
576.5820664076937
1146.441645477523
1956.344716055304
2865.4300518896266
3617.160222288165
3964.750934252132
3826.0591965338813
3324.5105841861878
2684.666928393264
2090.6322296745543
1654.0180068704324
1376.884049128681
1300.226447575973
1506.2404780431837
2093.9032443855804
2716.306092943335
3950.774802880382
5371.176848343316
6739.27298726009
7848.1505498206325
8586.958404749623
8864.02086024113
8592.364284899571
7774.753089575676
6569.5479719574105
5231.477232897817
3966.162477885328
2881.797254386786
2025.3460092796747
1427.1232285447352
1088.0804084187807
950.1589635805383
905.9331297645044
849.2394422969238
725.4136744131036
544.3087690661719
353.25399026512656
197.86677430829369
97.19668059261541
47.77755120115233
37.29735176304917
46.86183560266339
81.53570223567664
134.1019912461254
191.88126950918357
313.91998183798887
531.2502798328571
1080.034647019707
2367.15438991256
4903.405802924735
8981.887509721031
14201.609204610502
25059.713506328568
41360.128740413085
75354.86064929227
145590.5151101528
273246.24818814197
461099.12370291323
682089.7162404953
879344.4187704086
995769.8135014848
1009086.5735445892
940077.9903299499
826775.1864479859
694682.6192087055
552005.278314212
405481.28823976073
313079.84132266825
196080.65446622172
114686.75767897605
67369.73157101749
43615.190770322784
32205.41872309281
25919.9873194992
21438.095247139656
17448.322165102967
13450.724848289128
9476.965296722146
5937.1812738560975
3252.3718536971887
1556.409169757974
681.3094003145892
339.39152228639256
281.7631016279425
347.15299741503566
440.93066209386575
508.4672910134472
526.2442185065671
497.05955276795515
437.40472907057074
362.69558494941367
281.93671443047816
228.11137959878346
153.2831196092601
93.90655871210234
61.29439463093804
57.06287537648743
86.9339826564297
263.95064134074454
633.4625799946664
1452.5179735816532
3092.229926927641
5915.9345542078345
9970.330657155218
14607.199736061171
24592.673677175742
39701.4239677045
72316.5644423203
139725.57252387135
259620.0508088875
431024.6115350913
625213.2832011285
789699.2688127019
876967.440081142
874264.3985817358
806074.3082525013
707481.5786602097
597692.2119492982
519565.77600350796
395439.61404103006
271878.306839641
165856.34685810105
89805.54131105234
45894.87892298558
28099.24905390723
28531.39707295996
40370.04762643934
57360.53273944974
73079.89525080129
82180.06396193878
82764.46849237985
76812.13126128154
67762.56669673091
57701.9732090301
46868.25547838152
35234.60617100865
23777.96105155543
14099.895984383917
7265.4343144938575
3249.4575515051847
1285.4395518248039
490.0381321085469
250.19255505090183
244.1817897296112
315.8681744895316
544.2590225461316
974.540949459318
1667.6135142892288
2591.327932772111
3570.5824467287207
4337.506045704885
4674.78474607747
4556.765476814833
4140.499843277965
3613.744406705931
3073.094176978303
2510.0879422007392
1948.7106738485452
1487.8267651929666
1252.2473641184677
1291.0409970845865
1521.1077618071133
2268.9176339213377
3479.3465281364893
6220.760027457583
12064.806026564664
22626.847215257763
38025.40717538337
55683.98349149068
66375.68450664668
77323.37599897929
80116.1248535908
76358.17898985423
69907.52260693964
63673.443574264216
57997.660545598796
51618.14643737486
48905.00020640884
51313.17782587661
71510.29582968216
125584.39159514975
228294.16003790995
379096.75558638904
550713.0283655829
696751.6063595496
776076.1095137623
779969.4602960197
733149.7038210034
667204.796103805
594577.6168198145
508956.1824799567
405670.8813882944
295168.0496855906
196576.06733845168
123018.91487599819
88634.97413483821
54093.06059057736
32776.75487752385
19074.832711497747
10297.517742119637
5097.053930045594
2402.426105635082
1239.0075515682195
924.9975417834476
1100.265165722266
1609.6552053220325
2495.420331294397
3687.8910050441245
5347.989678839692
9180.413924355144
15948.42285208897
28606.811423937343
49442.042879156485
79092.88263187376
114276.61809627413
147644.09465444626
170510.58707837109
177369.17183771168
169173.29821199778
151934.52036779182
131741.57260644544
117992.3782014433
96682.38110047427
74331.3191326319
52338.6021319407
34317.86029258363
23559.07697347709
21336.671652426918
26695.885231528653
36288.74009312608
46080.22984479481
52891.59592176631
56032.32009227922
57719.15582245836
60163.261456871354
64577.82726350024
70478.60943873353
76947.73923149492
83572.48249250949
89766.63834505541
93904.48259466623
94063.64716574551
89644.63308867345
82125.80033383443
73680.58759563303
65319.6756872428
56665.69531091546
50408.633377652404
40407.503022232486
30625.657093126538
22320.241594037838
16110.711436266454
11757.310589019638
8602.971785214046
6119.295424895905
4111.9529863504295
2583.837587785872
1530.3619025704631
866.6919326528453
471.65357746006885
245.3601983031908
142.14934439998615
128.0415610526285
218.6724471805548
442.1227806965583
829.1546755910028
1364.315557875568
1948.5417063421708
2409.373550306955
2579.41413981406
2465.8441805244784
2189.2943222162803
2082.475573853594
2389.1921509590006
3648.2291523678095
6157.8571575993155
9742.604762971941
13629.688248918124
16725.281098073003
18193.640630177208
18000.634889528756
16769.269446549068
15237.32152265705
13736.003815931335
12235.733687128488
10720.454216583968
9326.308275646908
8825.110397194238
9942.35684999398
14082.91256433069
23110.580525491543
38757.09202503277
61536.694218378994
88829.66905383357
115041.03536974572
133107.76601038728
139982.5467551066
139254.28457805116
138477.4310768909
142041.00761121575
151613.6724005308
160707.78673161214
160707.1171454005
147969.24379445036
126498.64308934359
104149.15638303898
86289.6660659022
73031.03524317773
61232.58935753918
48988.564068470216
37766.41274597817
30604.537920832827
30514.800837293446
38846.39136834598
55499.867796089085
79176.55150099214
106679.03742507516
132344.2033976361
149252.893575088
152651.57721032048
143317.58178908864
126947.7521878452
109580.0750939758
93479.35787157377
82853.1720211636
65772.64225921751
47648.11547010188
30831.45519355132
18166.51704980124
11195.809629996666
9954.422534066736
13536.042802628564
20276.057174486832
27770.065592319294
33373.28345520329
35376.66852102375
33935.69183198965
30704.90409155207
27316.53502186093
24679.686187469862
22508.29856103838
21321.81356889363
22530.364435206728
27666.474156121592
36910.342749426076
47812.852224937735
56505.7266030633
59854.144987209685
57529.57499769378
53932.539002034784
47670.162154790945
41849.630451168436
36278.57841441476
29924.697616127796
22533.372052071445
15052.716824823074
8797.75933915086
4549.019376791778
2222.496944134291
1338.3516784769631
1398.0348756851004
2055.271257415756
3048.6992853899237
4249.8601736625815
5380.169289434823
6641.796860185959
8590.815545882151
11877.021011821524
16684.747295819117
22089.01942740605
26469.579937190952
28726.34017531665
28713.70430477179
27973.58646865249
28321.576140236844
29668.16919615235
33172.03662966636
37057.360257193395
39384.394793950094
38763.86023430353
35236.80967502675
30226.59761264668
25466.34942392127
21770.500950900958
18734.066324948777
15521.607136516104
11821.381518586873
8062.758723177167
4915.356885596491
2805.865025138461
1712.7621667457968
1552.849666285074
2439.5416470828045
4708.703597677704
8605.845352152219
13856.45641898805
19196.03213231975
22980.204861903705
24225.950103077306
23234.13807533982
21764.393566924493
21578.561793875382
23636.007039215317
28849.748420040898
36492.01001750851
44397.21401259216
50023.03497693655
51666.016799957266
49798.33490650012
46837.175773231866
45092.44746567246
44716.15785544644
43888.4828225445
40805.53184349924
35480.083068541106
29590.235467278795
24825.176143251392
21626.71159492055
19355.653668895382
17426.573310389263
15636.726076418068
14427.64240766158
14410.292929247167
16096.905225113867
19612.08390341313
24200.028721455103
28200.00313990544
29649.682512714262
29329.358314090357
26571.77840325897
23024.11265026669
20127.62319088979
18122.995848183156
16266.103241155646
13812.747967098752
10749.674678873977
8009.342543426297
6494.905358845937
7614.347680134463
12795.054477964155
23045.7982994456
37911.14538005835
54410.50528472264
67565.44550565445
73232.09158604816
70768.39172249068
63447.57746638662
55706.48127130755
49760.624425731614
44672.076913314246
38411.59742936632
30181.30297081127
24230.520475087025
16290.905506406254
11161.72916824527
9382.826307777432
10154.907495993819
11852.956402479165
13015.619577523808
12937.324065678331
11851.79689120329
10483.67928167926
9354.235985694448
8481.443078951748
7529.638884092807
6397.998329367052
5422.502977016511
5165.325394262064
6033.569064946609
7859.090972620795
10024.33071577108
11921.832756689932
13362.137463410312
14614.713259751983
15906.093809514812
16916.321518214616
18275.29129414557
20406.73031762854
24317.858381755566
39681.8563932414
75506.75869842428
139885.54801340078
231189.22044240808
330739.7741328776
407781.9234342121
437074.3764570518
416373.3666155553
368046.27041061
320723.2756255757
287699.72468153463
261610.7299682075
227544.71468240308
179293.05813440614
123880.16220089069
73883.09453574574
37818.97311459737
16653.62111684497
6542.89495302424
2840.555754255523
2293.115412854429
3165.535652111205
4527.862989256627
5695.189258275929
6143.452911790639
7369.205347885204
9952.997423628723
17698.026295134463
36201.66825275987
70691.34119926041
121553.6311373234
180921.7008335261
230861.63010333385
254952.0898101596
248207.8432046626
221264.26083362894
191811.42838415765
170950.66726864708
156867.70764048028
140375.0267539657
115307.9048659407
83673.9503035123
52788.50141881456
29106.657371367135
14751.358406192556
8119.051514252473
6191.818768782707
6299.301163477311
6778.096032201721
6938.556570099748
6855.589876975934
6658.683093009052
6553.1302060399075
6490.267499334911
6233.58639775617
5615.305853319887
4717.274086875565
3791.544236183656
3069.227878625509
2632.8409454089256
2422.1546617486683
2305.2460897230967
2155.0176029151885
1979.554059684056
1823.1548878190686
1943.6955246238776
2674.784558545933
4301.067258194098
6849.773263213585
9885.351409876
12538.582970050478
13878.736376204142
14616.67553026029
15777.80243012969
21371.0009709248
37315.05856191666
56794.28905429113
101714.28955962256
162004.97124133128
223662.35165897282
266653.26501961314
276882.9046840795
256485.3353443451
222714.2841146884
194398.9376710924
178883.04847937758
169633.02733202238
155515.36734744368
131334.98342513663
102326.98379382369
76082.77872752133
61503.26281019743
64246.5580908926
86725.91237755268
126278.9718846639
172555.98581782097
209796.14063796992
224988.74826526124
216118.3434826764
193094.3569559765
169543.3027159161
152815.15651990945
144616.8395545902
131723.03079953926
113375.22597781805
89447.94925688698
64375.02639729638
43049.05259169245
27729.558976526496
17916.79219991108
11904.049151314912
8213.028324050692
6030.980915637941
4921.950944427486
4457.032752095788
4149.1147488781735
3643.2088989562935
2910.330165781018
2157.4895422455224
1742.6156485517815
1983.6807000297001
3052.171304728705
4859.992023212758
7000.614903340898
8770.930333598571
9549.958233750742
9835.31038482391
9896.686728683897
11218.58000998964
15787.790519134624
25196.523785859517
39285.76071702608
55636.69953442894
69554.2467535034
76978.2653382495
76959.30279132148
72320.11462665412
67132.3318206051
63460.727444870485
60302.85059169898
55356.25068829003
47551.64954463203
37906.36945766975
28390.28908666765
20377.68293190049
14136.093015787126
9344.478476926353
5715.133874500408
3139.169525136745
1515.4188179982868
657.5763515764628
303.17992712924524
274.89740694062914
396.107799110409
779.5600858688225
1393.5230147609257
2142.3742166590678
2821.1127761031453
3200.2631968640057
3527.3054669160683
4149.879690792345
6439.23238434411
12660.734433890648
25592.900330497418
47060.136328757224
75442.70695266491
104835.45299944984
126017.60119449727
133352.36036340074
128477.75216901107
119269.84098499235
113286.90702227474
111853.0905282665
110079.20299909332
102230.43443206184
86969.1346074976
67960.85200197679
50299.558573828224
36913.56632232053
30347.608900207622
23041.642043993976
17941.733338726583
15127.900582124907
15183.706960190631
18010.20405507661
22283.96463419478
25702.481137487266
26529.163336525162
24583.30065899064
21265.318625641718
18499.28592615715
17254.8946159211
17439.387881157287
18463.21823526036
20045.060089611452
22263.247973677157
24899.068216529395
26925.97861819424
27066.894201386454
24902.257112403062
21364.603146813457
18074.830451125745
16094.829432768489
15235.650845586191
14448.126999658283
13474.491791410903
11152.466357409587
8208.054500644073
5433.3436605755605
3424.8927323217217
2375.009255754744
2146.769118210058
2456.798552326848
2977.424809758892
3421.7224108250207
3599.0448372368724
3517.0631315487603
3290.829851344401
3756.1279057318848
5406.438528986643
9741.061062338142
18307.943213327424
31863.819805012965
49072.38081315754
65890.18393661959
76809.43840103714
78359.01583986639
71485.801148243
61099.490663553304
52601.05551156443
49288.40757216088
47287.10868268836
45857.60210058581
42712.07885387656
38352.2384146944
35511.63095915016
36611.5248945248
41506.95680828982
47124.72050502293
49756.2228960107
47650.92373769051
42164.89925992438
36430.51021121712
32831.79840736563
31393.75810330459
30229.750947838093
27827.894591405387
23899.066392138433
20703.444165431014
21828.43090714181
30592.81360512513
48013.52598338314
70949.24763812951
92526.8952593552
104198.58594973896
102097.65378822698
94334.0408241928
78973.37943548277
66581.53466150958
61068.53661161113
60353.041549391775
59242.129051815726
54043.924033124036
44874.50531796203
34494.79813010366
25546.25937509427
18972.967589390068
14356.753325596577
11064.903275633726
8850.301947884653
7664.354508059984
7255.236589627341
7112.3020191373635
6738.200235197544
5940.960491288291
4864.29220206429
3793.1226436476213
2931.142683724527
2320.262436329371
1920.0557989771546
1791.6222799303275
1976.1075682115231
2423.057091308629
3930.203018245674
6903.43181227981
11579.497225256311
17400.718438410648
22897.815056111507
26104.075199399613
25930.82190864329
22928.309214051318
19001.933162449342
16092.715300255259
14916.80254383962
14733.246731548228
14180.006260131591
12380.526762004152
9463.508758393747
6250.180569827514
3567.4747236918706
1791.2496389828632
839.2334308094956
419.47717823033315
258.21278931825884
195.61855353286472
168.66304624172437
175.121550000643
207.2671851536733
312.8093527836514
496.2377321613215
742.8414090894523
1000.4306963214
1186.4953899579193
1230.4641121260527
1126.120134879167
940.4712514634546
780.6681960540892
728.7424750039487
801.548857289083
954.3091513202776
1112.3143393980338
1205.7346106138552
1191.6979188976268
1068.7674684423641
884.5841365171228
716.6544660239642
634.5909936196521
661.6914881392072
760.4726536331734
854.4581149230528
872.1242096176254
786.8429159356613
624.1985783916878
585.0386969804529
628.2594135107928
1063.0015679137864
2227.372998226717
4456.315173815391
7816.107351774065
11777.376445872098
15246.053741756374
16937.558634460744
16345.997613463
14100.061965635161
11589.250306262013
10016.100114604853
9651.744429625807
9830.710551365417
9630.780496447738
8542.389524286818
6892.562409692965
5487.973045199553
5209.7852168977615
6532.043665710944
9293.897200873249
12714.55650893892
15590.523323514191
16902.378230183986
16280.83462618248
15043.332971820751
12751.379923188897
10883.083308938958
9948.887165341494
9690.18401838378
9411.937615073759
8537.522892537927
6966.658589393036
5040.393065218528
3238.1775642733
1880.1906498947
1030.428483265123
577.0758137114836
371.1754049496777
363.10439265093606
512.7978972585139
906.1060331728136
1673.018791314397
2913.1949048192214
4558.113843353557
6341.473963502017
7757.303194428116
8536.162030315934
8930.772218596114
9710.501306816608
11718.324476163523
13904.70331035134
18135.914529924383
22490.359625789577
25732.55046866504
27012.80930960859
26237.953898746237
24053.566703898217
21460.10498614776
19736.771395496642
20133.81368428259
23723.166125939082
30850.827300033998
40581.80582608281
50347.720577550135
56612.23810966676
56958.24578523071
51832.145611645916
44434.32090956032
38642.87286241591
36595.417760964985
37540.15119421999
38721.935249082584
37467.59912555675
32977.14219603868
26515.078532258358
22196.543194823287
17049.805107595916
14095.108712878453
12863.230136092807
12250.288048331535
11259.66361219455
9567.429982669462
7509.240650920499
5711.570722769109
4616.492302050245
4237.6798538921885
4223.709254721012
4144.6462305267405
3756.6200232269953
3095.4376193836633
2369.1845956596203
1770.7107706786933
1540.9364312406424
1639.8453772140685
2315.275824816336
3903.025060051977
6799.08316798173
10884.713726141305
15565.518941284785
20007.773474511218
23597.308766118964
25579.302300638068
28281.13983424503
30785.91884301963
32467.241638908832
32316.05137338064
29906.963188883354
25921.32196259082
21815.44332901829
18810.31359068905
17307.20999089271
16878.78324997105
16893.988552043043
17081.419329223292
17469.289130530815
17888.61510845137
17706.09244208691
16285.002141463494
13669.071249067849
10717.504362419588
8538.663966051014
7720.582841373432
7981.9705834338465
8458.188293854748
8322.784842557745
7282.268561290531
5641.92449666632
4498.846335717586
3071.5557454819464
2200.493921157684
1857.78976992712
1965.1819530637354
2611.425589140904
3991.547234496697
6481.542046973615
10379.338441109821
15995.789451012566
22918.483069123857
30753.884472427828
39041.22308222304
47340.243032031765
54852.358174217596
60464.567751705334
62855.97493126989
60990.951826873985
55896.264004200515
49642.43841367155
45743.91114434258
47049.38424711213
54506.90850535982
66365.59160875632
78338.80366688258
83811.30718791443
85156.67138412742
77755.0832315133
65002.984530862814
52669.52189466928
45539.82967875425
44746.850607046865
47529.21111966161
49299.664953710635
46689.77583619741
39417.409431712884
29851.351204193565
21035.53176081593
14799.91735763204
11224.923332396904
9299.572471031504
7939.378169724456
6586.715909269556
5208.724229574162
3970.0367996874334
2976.3233343231122
2289.0565363247515
1933.3506870682238
2109.102434385365
3155.696205490935
5445.336976674142
7749.583443150374
12120.907262574423
16663.43704246886
19908.714416016825
20665.388902066887
18913.1777311396
15992.262116571177
14083.192660804505
15061.929376878785
19720.31266801621
27413.978628115918
36191.80481149737
43322.802819232566
46656.81521515128
45161.58460902084
40382.1675255273
35626.78691071626
34427.076131670365
38466.88530440931
46435.881710083006
54569.06455696454
58816.840399751396
57373.322576309816
51526.57484192818
44324.170388447295
38400.05910554099
35677.073909101164
33223.140431143926
31902.79475764897
30930.382029622782
29966.644448648818
29055.523047093506
27890.416870153007
26316.08967154773
24582.313841824227
23621.072904734414
24392.527367967206
26831.824427672538
29490.042762018198
30320.03494001484
28195.755117782217
23736.322065044762
18813.494656302868
15266.727077375315
13816.944041612644
13837.211792677745
13998.77647475437
13228.292547221423
11371.439670656284
9298.517000037296
8313.39997222639
8790.736854479564
11571.922560525207
16237.44701600827
21570.291862232294
26330.14838812395
30144.2218086886
33722.43562810475
37903.420968904196
42351.45859327125
45417.781676706836
45127.86525470595
41041.014926828684
34666.60475914908
28477.64928505588
24589.038412497284
23687.026024858398
24944.812219721363
26726.697150370856
27520.005171211542
26496.513663678146
23603.104355093896
19290.627972643844
14472.166445640483
10249.981130750451
7524.989899102122
6593.899427644624
6775.810841579892
7580.672990635082
8129.714977980258
7762.4179325425475
6442.652221534218
4633.888876230676
2909.950612397201
1673.7889476996202
998.0191982166949
881.7110519687736
1326.48236955294
2460.298552291203
4269.297575343354
6623.908369835273
9169.6781737598
11482.62314748864
13158.15079662235
13982.29512737107
13879.768807191973
12952.723740659258
11524.143761077612
10059.437997375131
8944.589915695302
8302.235206356536
7976.799985188772
7660.780116226748
7307.278552641788
6443.085601313927
5222.755400403873
3872.9355403670365
2703.952630592663
1897.1934173541033
1531.6333375868717
1627.7408725910232
2199.8052130458505
3208.322069592461
4517.0585398873245
5747.168992857088
6634.699552109868
7166.851282156869
7711.193056158956
8666.111037738594
10123.376070389908
11749.239083314093
12985.28880587187
13512.21540518414
13514.697648707663
13447.62397249035
13669.224350122593
14113.787442357681
14345.838846432498
13840.644967407476
12975.011108185468
11071.312861751603
8973.771895685706
7306.146613277555
6418.547840346279
6208.251835101363
6400.372001073703
6737.759611757331
7105.1246266976805
7462.614422752454
7733.441085856856
7748.502388133168
7389.09568428093
7004.479383123786
6960.957820185777
8186.425725178994
11697.229574237312
18116.453737684624
27126.47929661392
36931.11521984344
44527.851949521464
47344.05317462405
44561.432754568166
38081.129907603965
31128.048039121026
27714.967198960097
25624.071743255743
27025.656647875014
30323.61343908302
33211.96665636309
33752.32778216484
31190.4612443776
26087.87525714215
19861.090317823746
14045.988262240442
9709.451928175258
7217.761824084941
6297.375680010302
6259.624658826976
6310.494769879378
5880.926219386064
4839.106386143558
3448.7334665826056
2112.225531410759
1108.4480511192794
498.1871962113144
192.9079702118676
66.97850165289574
27.060379756618186
23.887232915627138
37.57239355273665
52.11166860234441
77.67476031870643
100.92639187692714
113.67872182688131
110.77902764234669
93.98555474192014
74.67396364190222
63.25689027550774
73.846434601359
119.58889345163485
209.7337948492952
342.4203458922551
494.06349329057116
619.9655817543603
680.9119139118924
657.9030605144455
586.7009297261116
536.3430821887571
572.2184099378322
714.9814899516521
922.9487108363684
1104.9905395151593
1175.7868345627485
1117.9362301342308
992.3919958296055
902.5731628676508
904.4561146746547
1278.682786793914
2077.8165653308683
3760.6807830163307
6949.765740174345
12144.977100744472
19150.827858957407
26513.920390099833
31946.755958960763
33625.54928565914
31471.237355187382
27425.975845023902
24162.089189563238
23428.62769834584
25029.05379220344
27622.40576491769
29672.053522876133
30483.521275807816
30279.946843090493
29628.291761735563
28694.566970594413
27051.78732531397
24121.3053336585
19917.945007629845
15284.32802328172
12560.113892188088
9760.0372177869
8758.634878343864
9043.085674526026
9573.859671876826
9403.977210081386
8179.882342483819
6209.339553804382
4114.294879382578
2412.505433581393
1323.8393092914391
797.529984342537
712.4967364926642
947.05482342127
1438.2649145022795
2129.174333511462
2914.9689328091918
3635.0177231419348
4088.2503568957563
4169.694352654876
4040.6514975905684
3971.032678116729
4420.5587084214785
5781.664611526546
8200.363503442059
11412.781261155891
13641.265440068333
16352.775607320898
17424.972240661984
16496.090112645445
14080.498731258576
11455.865906921741
9871.750796358156
9880.752538502344
11109.935846259563
12553.679005921807
13145.39826103352
12317.934322203764
10253.573067114346
7705.75501180667
5518.301209940578
4178.738317794343
3664.031795089578
3589.9857044554105
3510.3405422407977
3161.372692736607
2542.864106375662
1825.734874016568
1200.216433861089
766.0597563680536
523.3610347303908
418.15381350410144
398.11115991048655
428.1843972635513
520.0624791426233
691.8523945440836
963.5507887632248
1345.938435619527
1815.2236231002319
2311.9234490347444
2733.6708519634017
2980.1514257499816
3007.942070174761
2849.028954404505
2609.621939160089
2394.9355845246337
2279.1141049912435
2254.351129018044
2339.242363017021
2662.1619519289143
3384.8029701440996
4760.423862575615
7041.0198593218465
10279.069678926491
14136.828020155945
17871.073603204204
20481.644176371323
21187.42970281185
20495.89151223991
18141.45376388229
15143.067307016516
12600.897163631345
11169.446568069
10878.858441661652
11271.874573777994
11667.317372522512
11459.009961511863
10375.717584165071
8573.187652464545
6485.097935447242
4548.7184434314895
3011.335427482581
1923.2768356714676
1246.2477010460236
929.2147135249983
920.3107088174808
1134.3640779577524
1432.0482124302648
1648.7436442273295
1661.3027882404513
1454.0887016141178
1118.1913782548488
786.9801652474142
620.9148428467828
667.7806236957073
1103.4436249318305
2356.158154800438
5108.928180687482
10135.638205462456
17690.183296907846
26731.144304017384
34753.23294674994
38772.61480944739
37284.24321339522
31262.494719327333
23786.635125176203
18249.402296173226
16602.857774779768
18705.888151520277
22700.298156945122
26020.014706285405
26626.29368995576
23970.1095745746
19114.94667900068
13926.145661258272
9932.79820968608
7634.4711532315405
6623.3011004134205
6102.089597706489
5751.214322117688
5142.90895545128
4663.969985514597
4632.0971787249
5112.2202791470145
5811.422063698291
6256.169544287705
6107.365321966933
5356.227137558337
4291.319254707475
3345.6602740565827
2879.845881060073
3086.7730469791736
3925.752082412284
5104.692561401193
6155.672569936619
6614.915523523474
6271.529871530317
5266.3376312411765
4004.090452909038
2921.5364445765576
2287.5496214101795
2135.654226689277
2315.087287235193
2589.7203205237743
2732.030450499464
2681.817164989885
2376.817069947013
1889.3488987187384
1380.2294208105154
979.7734285176988
729.0672855146144
590.3502153060166
512.4605445777652
462.00164972783347
451.8043803393105
514.1968960492055
672.3405906084357
915.6330416458394
1186.0990028530946
1389.8856538373532
1439.388707611547
1307.4501468347753
1043.0683391963703
747.0775750744898
560.1838322839002
551.4735835909534
814.9249770857002
1442.0865229850426
2484.875100973302
3900.1470300516917
4941.424149131234
6376.8822485974315
7306.782074106667
7501.8895359078515
7012.3874196162205
6115.382970572022
5148.173605956657
4384.929244092788
4000.46812522986
4033.054119717135
4385.073034337158
4856.976907920057
5256.391179847476
5542.210105731972
5800.651356159288
6101.606440223914
6415.45121401242
6615.693575946223
6557.001562057737
6162.023889503339
5484.841607734882
4675.767280231801
3975.529224981946
3638.475308559594
3820.378136521742
4494.633683016275
5104.477972555488
5971.115586087541
6411.480443741188
6166.083538985439
5266.201599156955
4009.433370951381
2789.321080671172
1912.4724605576575
1504.415252331696
1512.1030826514484
1754.9647324655646
2000.1372924042128
2055.3809786502325
1848.2362727380505
1445.0819453359954
986.0316116406469
603.7240150798202
366.03032142790937
273.8917677853563
288.85755070718426
357.84107668361787
429.2838977707225
465.68720772518236
455.66394206253153
412.57433326359046
363.14465812244345
338.4975772647488
322.65785871947537
329.1695408934687
345.5830520817225
356.24842393717
349.6643724559348
322.9095326341286
281.0101087796447
232.0747493186412
182.3995269037487
135.28564251592766
92.92327141422815
