a = [8.48916143] b = [4.96414931] c = [9.51753273] ,Gaussian ,LMH = [0.49075559] ,DW = [1.54186194]
0.0
0.0
0.0
0.0
0.0
0.0
0.0
0.0
0.0
0.0
0.0
0.0
0.0
0.0
0.0
0.0
0.0
0.0
0.0
0.0
0.0
0.0
0.0
0.0
0.0
0.0
0.0
0.0
0.0
0.0
0.0
0.0
0.0
0.0
0.0
0.0
0.0
0.0
0.0
0.0
0.0
0.0
0.0
0.0
0.0
0.0
0.0
0.0
0.0
0.0
0.0
0.0
0.0
0.0
0.0
0.0
0.0
0.0
0.0
0.0
0.0
0.0
0.0
0.0
0.0
0.0
0.0
0.0
0.0
0.0
0.0
0.0
0.0
0.0
0.0
0.0
0.0
0.0
0.0
0.0
0.0
0.0
0.0
0.0
0.0
0.0
0.0
0.0
0.0
0.0
0.0
0.0
0.0
0.0
0.0
0.0
0.0
0.0
0.0
0.0
0.0
0.0
0.0
0.0
0.0
0.0
0.0
0.0
0.0
0.0
0.0
0.0
0.0
0.0
0.0
0.0
0.0
0.0
0.0
1.892767684472672e-29
2.597499351204601e-29
3.526394003646138e-29
4.736128448469816e-29
6.292646885277845e-29
8.27104726563847e-29
1.075486330652551e-28
1.383459782402192e-28
1.7605381225306879e-28
2.21636651499843e-28
2.7602916909924767e-28
3.4008355159739437e-28
4.145085835098991e-28
4.9980279490665965e-28
5.961850534980522e-28
7.035269505903962e-28
8.212921000232647e-28
9.484879181646528e-28
1.0836354709187649e-27
1.2247624789731542e-27
1.3694235280690787e-27
1.5147499565283493e-27
1.6575298705248214e-27
1.7496054112317537e-27
1.8804247000495584e-27
1.9993509460648244e-27
2.10300046776546e-27
2.188300489328661e-27
2.2526400284141422e-27
2.2940025064487066e-27
2.449200752903541e-27
8.11259368229382e-27
1.2978053606803992e-26
1.6666922330686195e-26
2.1434891990974918e-26
2.754709981301126e-26
3.5261361944885704e-26
4.489836158051618e-26
5.678897203433824e-26
7.127491213042406e-26
8.869522956105291e-26
1.093693365215123e-25
1.3357690094581587e-25
1.6153523511844142e-25
1.9337518630988741e-25
2.2911688871703084e-25
2.686470429037484e-25
3.116996053749464e-25
3.57841855629841e-25
3.9002768909328727e-25
4.398877043186839e-25
4.908465476086178e-25
5.4187424012232245e-25
5.918257374751596e-25
6.394804123088762e-25
6.835895978389403e-25
7.229297635464919e-25
7.563582494566592e-25
7.828680598419372e-25
8.01638069031672e-25
8.120751533103094e-25
8.138452338735875e-25
8.068909632561197e-25
7.914347474509472e-25
7.679668797891181e-25
7.372196678802581e-25
7.001294563910983e-25
6.579129778084893e-25
6.1156529894379015e-25
5.665199182920058e-25
5.196842374112123e-25
4.71415636499984e-25
4.246899640667215e-25
3.80647183057814e-25
3.4029464941069804e-25
3.1587368061965e-25
2.835033788098727e-25
2.567657902192989e-25
2.36102348820723e-25
2.2180373132430413e-25
2.1401664403370518e-25
2.127506132318285e-25
2.1788367991412514e-25
2.291664647178392e-25
2.4622467478870247e-25
2.685606964549531e-25
2.955553863849404e-25
3.26471481798492e-25
3.6046015742270297e-25
3.9657214525711472e-25
4.337745089139022e-25
4.709736573083557e-25
5.070445441319338e-25
5.4086529764178645e-25
5.713558372083613e-25
5.9751843741636e-25
6.184777684074799e-25
6.335177277863092e-25
6.421124172710498e-25
6.439489117817891e-25
6.4136620611394255e-25
6.318577636154738e-25
6.158592830234903e-25
5.938624511626383e-25
5.665366047186846e-25
5.346934107032941e-25
4.992458236525922e-25
4.611640721858496e-25
4.214315171218154e-25
3.8100307167352586e-25
3.4076850995320305e-25
3.0152246173806733e-25
2.639422608602021e-25
2.2857414847338916e-25
1.9582769481716374e-25
1.6597774837308098e-25
1.3917278942856828e-25
1.154482788452974e-25
9.474345768850719e-26
7.69200591402598e-26
6.178151841258282e-26
4.909147889794461e-26
3.8590659850214063e-26
3.0011439538041927e-26
2.3089789191919602e-26
1.7574444631585659e-26
1.4563332096326914e-26
0.0004946932982494112
0.0006720442410167912
0.0009031854906088807
0.0012008072239752946
0.0015793809053475244
0.0020550279154478847
0.00264524449775301
0.003368458220702815
0.004243397947354359
0.00528826987416241
0.0065197465002216366
0.007951792907219384
0.009594374435294829
0.011452110172131354
0.01352295561887491
0.015797013142662162
0.018255577986880225
0.020870528521892383
0.02360416045512449
0.026409545099301157
0.029231461829509725
0.032007916076840844
0.034672209356823754
0.03715548070221316
0.03938959395042755
0.040708558410097864
0.04238769119505807
0.043662746618310114
0.044493809700120214
0.04485443450612739
0.04473304171628465
0.04413353608138095
0.04307509783590077
0.217836148618624
0.2809032237921445
0.3640285695410568
0.4723318454783376
0.6117313922537443
0.7889189621526856
1.0112795663017429
1.2867445368801154
1.6254635376252726
2.0326209721502493
2.601280369722049
3.2440208859346416
3.960477219108275
4.788290838921854
5.7326968049971745
6.796377766321311
7.978926384219844
8.831531252088277
10.201471054201498
11.67092863869764
13.225163957842026
14.845395343633461
16.50910701129041
18.19055679566389
19.861467249763905
21.491869678711506
23.05105922547022
24.508610947462454
25.835402757302752
27.004591511268092
27.992493260462698
28.779327078138074
29.349792885519623
29.693466013092266
29.805003491798647
29.684168041256992
29.33568448187013
28.768949325391073
27.99761752093098
27.039091084936352
25.91393326277593
24.64522975188255
23.257916153179444
22.280006141066615
20.75326169936277
19.178210203861727
18.5693719199228
17.334665506304816
57.92431201661602
92.49927347064913
119.03631276625113
153.9457493965464
199.13104241187463
256.7379420406232
329.1285152982374
418.8336815592627
528.4810915582971
660.6963318300056
817.9771167418945
1002.5423117919148
1216.160216151005
1459.9633470050965
1734.2597700745844
2038.3535104950647
2370.388426028518
2727.230805114891
3104.40558745892
3496.099307926132
3895.239580005084
4161.473818078409
4554.434396832926
4931.306842643844
5282.372958370153
5598.027058610286
5869.20724879611
6087.825007216321
6247.164811615623
6342.226312373723
6369.984733247818
6329.550572593343
6222.216832137819
6051.390266280486
5822.411744204761
5542.27893292372
5219.29138075964
4862.643089534062
4481.99040216497
4087.023342686092
3687.0665273970208
3290.731750857929
2905.638851386545
2538.215100668097
2193.576796380299
1875.4905777069475
1586.406737823004
1410.4491546948661
1171.8888919149865
963.281094114746
783.3524823548363
630.2298826259142
501.62402783541137
394.9983065372095
307.7157250650021
237.1601364914024
180.8303102771817
136.4075119602055
101.79884744599651
75.1596824198704
54.899008592517575
39.67176699174768
28.361947686620844
20.059865156744184
14.036453887052476
9.716821355553103
6.6546993378301496
4.50889423187476
3.0223797360108406
2.004312169533708
1.314979652820252
0.8535127590906062
0.6360339295415092
0.40550861202739796
0.25577443810797995
0.1596068156715834
0.09853327996980388
0.06017992402616373
138.39223731622835
189.30873433483447
256.20228771268575
343.0270870190195
454.35779843867715
595.3712068688627
771.7848320841821
989.7430900952182
1255.6431188790732
1575.8951722747586
1956.6165770500147
2403.263578306614
2920.2117318117103
3510.302420077057
4174.379978278095
4910.850081481689
5715.294652274164
6580.180792275905
7494.700429834947
8444.773040061009
9089.547374694715
10059.38384543323
11013.307225209528
11928.377639393635
12780.924133714028
13547.538232751622
14206.129363729968
14736.976681964949
15123.70783710817
15354.137059288836
15420.902755430237
15321.858081878694
15060.185585870415
14644.227375795048
14087.043462680564
13405.730892076775
12620.553175846888
11753.94181225531
10829.438348144326
9870.646107430548
8900.255641485921
7939.1979796897585
7005.966148048469
6116.129725588691
5282.051042967622
4512.850349001469
4039.05838802832
3389.402192458802
2813.753470187404
2310.843930767317
1877.4981673217214
1509.096905395256
1200.025541662498
944.0847960265337
734.8472654647833
565.950513210875
431.32349087179017
325.3481908636615
242.96226036986775
955.1536781081064
1189.5982093877406
29084.49323363323
39779.41038516512
70367.12593755234
94600.61802747236
125845.72360766392
165642.11005267955
215711.78477894867
277932.24242369016
354291.92944164685
446849.41431520064
518520.48747555714
642392.5953256795
787386.0885616218
954832.6723316537
1145562.941410091
1359761.3143214078
1596828.8556927186
1855265.0992865125
2132580.58285276
2425251.4387594
2728725.916159714
3037490.10814901
3345196.5110316463
3644854.5735143055
3929077.444673533
4190374.1402446083
4421471.810175831
4615649.199085476
4767060.177884828
4871025.7051420435
4924273.903562834
4925111.072144878
4873511.164251818
4771117.136486709
4621154.070708759
4428260.478076263
4278645.582128981
4027570.428386544
3750874.9991654963
3456008.3209699458
3150430.0590620674
2841305.4672694663
2535240.667241713
2238070.7607175084
1954708.3963058612
1689055.3954244647
1443975.354637994
1221321.1655953021
1022008.6953460795
846124.0030069291
693065.2731928449
561654.4589177279
450327.0874729691
357229.1190392808
280371.64526492485
217720.0945077439
167284.09519939177
127182.34615471172
95687.666598774
71254.28336801718
52530.081462937946
38356.85224271823
30948.64794522877
22282.9852703344
15943.112492204913
11368.297861809366
8115.956051959602
6128.740495402132
4672.490610300712
13145.695158490158
16102.554479193146
25786.395163918583
33674.22210491818
44023.40525476542
57305.227240559245
74172.24131652086
95048.34600271439
120660.48152557426
156528.0104310927
197342.8491452505
244102.2347950748
298945.25282662077
362463.0965118233
435090.6717571979
517055.8935630147
608330.5756799795
708586.3468761272
780099.7482062748
893671.918395648
1013653.0673038464
1138414.6654333277
1265990.0672607191
1394117.7005151634
1520303.4258374537
1641899.962943825
1756199.9063554034
1860537.670459764
1952394.8298064417
2029502.8497279158
2089937.190541733
2132197.2266204096
2155267.3135294938
2158655.5832908982
2142408.5369044505
2107101.1011440605
2053803.3844131057
1984026.7748085603
1899653.16596785
1802851.8984740812
1695989.4294785468
1581536.7910101032
1461979.6016358237
1339734.816007838
1257876.479077126
1136110.485861524
1017251.0125644215
902938.0650117664
794518.3742773944
693037.389680153
599243.8051441477
513604.7995819325
436329.8832272996
367401.10958704405
306607.42164256924
253581.0169856331
207833.861280447
168792.78087904074
135831.541224902
108299.78064861488
85547.03622624275
66942.70202896035
51891.10839047205
39842.36603642147
30299.22547380225
22820.491362447417
17021.577092546835
12572.80650877202
9196.052209942396
6660.252099275757
5341.955197065759
3805.7276620973134
2684.676977742728
1875.4001381915991
1297.506527849628
889.3305147997722
604.1918885385708
407.2126446593084
272.7742444079766
181.96557885622983
121.39384917740068
85.85445522039433
61.48594545124446
49.23227287330439
42.21539403393986
40.157893434374536
41.831154004214895
46.518167936272214
53.850718981039236
63.69269795004064
76.05544037597296
91.04028177056242
108.76967720091055
129.3757812454325
152.9502330179086
179.5199251981159
198.87077774448449
230.24204094625736
264.19504693791146
300.3495315658642
338.19234713490494
377.08145594112665
416.25813591465584
454.8674637088757
491.986562870391
526.6594834032605
557.9369793985277
584.9189399274043
606.7968660929864
622.8936225190412
632.6977544510304
635.8899587620874
632.3598102447277
622.2115315998949
605.7583949017046
583.5061795929076
556.1269084708904
524.42476456373
489.29659727483096
451.68971444437096
412.5597105752807
386.0856942766002
346.43984705226035
307.5747912914914
270.17977685717085
240.6963295053125
209.9886262145217
182.7442078666235
159.3145254132487
139.96605500020985
124.89528663561676
114.24407988843649
108.1135536205198
106.57491643473192
109.67600025829924
117.44270403530595
129.8750577900852
158.74318338369469
184.6884989481576
216.38803644709546
253.94462696753587
297.4122854505041
346.77945205826103
402.0477436974922
462.8750482250482
529.0381878368491
600.1330302664579
650.0172688057132
728.117810306438
809.5057701644732
893.3595925928547
978.7559918665124
1064.6792713186637
1150.03216196116
1233.6481178725585
1314.3053067029844
1390.7428108106824
1461.679740998272
1525.8380015137368
1581.9692917278144
1628.8865745657763
1665.4997056613415
1690.8542552540189
1704.1718501735368
1704.889716460862
1692.6966179926135
1667.5621538033747
1629.7564598172257
1579.8577835396122
1518.7461422594415
1447.5822719222788
1367.772224211539
1291.9254745549522
1233.4862528373285
1143.572349072973
1053.726422401294
964.4973461921634
879.8136386033992
799.7106000578001
727.4083967065543
663.556407540707
609.9258982284838
567.6011780947844
537.3765253083707
519.7435835803414
514.8840358907272
522.6666192136852
542.6479944382296
574.0775509165676
615.9067972806308
666.8044590391332
725.1786719601496
789.2076583709038
856.9111803077317
930.7682987395931
1000.923241742978
1068.636736532126
1131.862420901994
1170.579410202281
1222.247677896218
1264.955659229995
1297.5896155923838
1319.423045274069
1330.143559414237
1329.8586283703385
1319.0790706450666
1298.6807727500527
1269.8467659865514
1234.3324338209586
1193.1478211094438
1148.168579156939
1132.0939805001374
1095.7003923405032
1063.5159864413974
1037.501879860186
2486.111726321069
3008.8166408482343
4406.437148104802
5574.866190882107
7084.219690038267
9005.509609489083
11417.246201308479
14404.021651034609
18054.278160519447
20900.5020362352
25924.081820684765
31793.76209313669
38631.666727296426
48885.20009150205
58673.450263777355
70637.09947973296
83800.38822093004
98171.75030414682
114028.37307909287
131338.09353480052
150057.6687275088
170056.14072636914
191232.19614432327
213414.9165166411
236431.8467291357
260081.7124535952
284144.9688533845
308386.8434787737
332559.53496660496
356404.02992915595
379650.86020757415
402020.55936706107
423224.0226585737
442963.3261333647
460933.5811673349
471778.636333769
486115.7470849786
497869.2584201104
506753.8691586726
512511.16992414225
514922.073676155
513819.7994729233
509102.37907664647
500743.55857502075
488800.9903317777
473420.7582055588
454837.5391455914
433370.0505641077
409464.6308003255
383489.7025498732
355984.2283432748
328993.4432729645
300827.32287410664
272723.66868069017
246466.94786819525
221009.1474980918
197254.2670510758
175855.6235259444
157008.85587176998
141065.8810215869
128245.02363014426
121510.71490449086
114203.47237823148
110289.42990610996
109759.51658558803
112546.65166444717
118526.13308346855
127515.23900087502
139272.39519906082
153496.47958413415
169827.14765362482
187846.02431704727
207081.86713974265
227043.51333912637
247132.89550072275
266794.1906476923
286206.6262499693
303689.1698931952
319075.8912616737
332517.5353872668
342793.44783113204
350014.2049626571
354024.7441504806
354789.00901934266
352391.9797769792
347035.34412498557
341968.11123037693
332407.8866757128
320899.5608243386
307938.5677428937
294050.52972406556
279758.9921567689
265630.7864272673
251996.1578584925
239305.61313127485
227821.2641656787
217737.67049131836
209158.21824058288
202081.6255823071
196417.19550781237
191997.12193669984
188592.45439824305
185931.52509131926
183719.55401604372
181658.1496660741
179463.50959361932
176882.28680002573
173704.32640743788
169771.62915697828
164983.5008435952
159297.62635040339
152727.55312148723
147885.92401892616
140004.97274261335
131498.40451879622
122520.18519273242
113237.53159213671
103822.57490694708
94441.76229007648
85248.35340106643
76376.4571998779
67937.03462545284
60015.834866168116
52673.09607387458
45944.738315498565
39844.711588793885
34368.37258300429
29495.193833331105
25193.645933813536
21423.99548500084
18151.168148508717
15312.891501230866
12872.682484281873
10782.13658603365
8999.346583842005
7486.939967069435
6210.349797871366
5139.709076489367
4525.933908329272
3737.938091785108
3090.087734032276
2563.4549780633247
2141.508081648428
1809.7697850937573
1555.5108937073776
1367.4829647919369
1235.689391591679
1151.1918544985726
1105.9484576691866
1092.680246586624
1104.763627825784
1136.1470268843702
1181.2906170370861
1235.1279827476974
1293.0481369668835
1350.895494361909
1404.9843855529562
1452.1236858280215
1489.6463253287868
1515.4380103711687
1527.959524128831
1526.257527284701
1509.959813071677
1491.0559651311496
1451.1026059119254
1398.1674613796285
1333.6707470765675
1259.354172125386
1177.1869515882472
1089.2679509038212
997.7293422322065
904.6468736263832
811.9611552526335
721.413349481336
635.4853552071603
553.7758468744903
477.95069166359366
408.6741378145266
383.4810709215489
341.86839687665037
311.4871899370818
314.15917536465764
316.3456281804881
336.60947993539713
373.2615049185737
429.5103705970028
507.08105383097643
680.6347885359103
833.1931138051599
954.227463314346
1204.0538478973667
1471.584835205717
1787.4336925996274
2155.3470318543705
2578.549668494582
3059.5096806990614
3599.6959125282124
4199.338660525429
4857.205488359854
5570.569198577367
6334.454611593093
7142.360749515588
7985.712234259966
8854.013919315856
9734.967295873616
10614.671850195733
11477.911780417093
12308.524366266494
13089.8418134027
13805.193748979047
14438.452971500365
14974.602861235633
15400.30139101652
15704.414317958986
15878.561739615503
15919.591629473118
15866.65119449804
15684.644427278952
15364.588017910814
14922.725701316816
14364.415694745827
13705.438646835677
12963.327226672509
12165.5478935543
11311.122983669557
10428.601402183738
9537.052209750073
8654.666205705895
7887.17476400144
7103.672054540264
6383.382598897601
5786.932132259418
5245.4638977331515
4802.957698564429
4466.246624404475
4240.198005794694
4127.801636380158
4130.282859447303
4250.142811156318
4480.432453398324
4694.752666953751
5103.659409151249
5611.533757069466
6209.999264823365
6888.746514880086
7635.4624844966365
8435.81440775882
9273.566998559449
10134.970145390107
10993.30111350792
11831.217111338283
12627.668415638527
13364.156002006705
14222.646215292669
14848.39777990224
15441.438109238828
15937.04933997241
16307.24477902327
16587.660934933225
16788.00954504864
16923.770505524993
17013.834607963534
17082.326470429718
17156.194236967887
17263.146204355668
17431.578217789505
17591.218500212664
17919.332752331935
18371.112906521277
18960.352947089228
19693.50121360229
20568.71928798407
21575.362823505875
22693.940750487247
23896.58156232906
25148.003843722294
26407.725856971283
27629.10349543984
28765.33113233617
29769.37009100919
30596.86155344958
31208.376315199755
31571.417915354974
31662.053435704966
31466.071165233574
30979.597197502506
30209.141179157956
29171.08160974415
27890.63983103368
26400.425803701622
24738.66511303998
22947.23333177496
21702.38044795334
19791.40570752089
17865.313293262458
15962.576534252701
14117.674095837569
12359.57564869939
10711.326450996878
9198.215841542904
7817.554620585716
6580.992272990393
5493.925519778924
4545.263302834593
3731.798777443711
3044.5107095248272
2485.109785928304
2028.7546321567138
1661.775498631999
1383.3736735399148
1176.922497726194
1033.1540082771573
945.6127433744763
907.2670379378333
912.1435668777967
955.2087199997306
1032.2058216556468
1140.3884465913575
1227.2894992304143
1378.2013034616402
1551.0933083739878
1742.8512866929238
1985.5563689272744
2217.5389235691655
2461.352384664689
2731.337950896443
2994.8277452307802
3261.3952348348266
3527.770221699387
3790.837928353271
4047.7532569434397
4296.046092122868
4540.615217363563
4768.624940852702
4984.2918495134
5187.659250506053
5410.599027017846
5601.357047396738
5784.704694725346
5962.3224843691905
6135.880270347983
7497.701600336491
8298.413214471873
8822.753381095827
9822.484151734843
11814.277837006628
13567.961529879729
15743.468656525169
18421.861925236542
24166.808145577223
29023.801453190303
34937.82237678991
43277.20922668386
52231.695929405534
62863.04060445135
75353.62182226995
89871.44071553204
106560.51429353117
125530.02565582012
146843.19592854715
170521.26065475369
196478.56617227482
224589.39204461811
254634.5256312131
286306.6403807067
319748.63675911026
353610.8553264949
387740.9620795437
421735.25416464295
443890.1742782233
475808.5596732422
505670.6939595989
532826.834335887
556667.5227914214
576648.0666436624
592311.2455847183
603306.8969594802
609407.155641055
610516.345746971
606674.827289954
598064.1868881065
585069.9958746728
567943.2781422578
547258.3494248958
523584.5035570594
497536.4027972446
473653.35784913384
446136.3218248949
418509.16458526335
393259.4012440553
368041.40823859023
344626.0955251039
323564.1333797806
305357.25941239373
290378.32000235963
282286.10768705583
273234.27224367694
268093.0685438033
266947.253452183
269886.2139139852
276901.7648233896
287904.2535219039
302715.0711743793
321063.61652116885
342565.86443343817
366742.9426846587
393009.1082510881
420681.5262807561
449156.50675964076
477334.5142191528
504465.4790087877
529729.2079641068
552204.1014346603
571098.8925435346
585735.9147071964
595546.1442254157
600114.0191442525
599196.8009865584
592735.317870985
580855.2669203983
570067.3997815861
549907.8323433928
525477.8711338446
497446.1294519607
466561.5836233501
433617.39589502686
399414.73353822506
364728.777287809
330278.81040806987
296703.8506287895
264544.77857032657
234233.37921768238
206088.9437265129
180317.67312602352
157023.87521027122
136219.3032416747
117838.24264848186
101776.64012998651
87825.03507746253
75799.94741878919
65486.7927054217
56668.89838529036
49974.617440021946
43842.09174163285
38723.833658871816
34777.886821600405
32577.939809010903
29781.42649633406
27711.049038049725
26341.940549042523
25668.65274857052
25700.65191443248
26457.38868876325
27963.119523105986
30241.632784048605
33311.02238484504
37178.65607807944
41848.83300360898
47273.76403849445
53412.733875382335
60189.39342558912
67502.10343984065
75222.44464904683
83197.22763235895
91277.06019881029
99229.08403612397
106869.99615745731
113995.45945977155
120406.21342519394
125913.658687468
131577.84468081882
135260.22260589706
137070.23856878473
138792.50247181926
140050.90340584386
139785.63390740356
138541.24558354713
136515.04801407954
133956.31782993398
131075.9016708293
128099.99215232713
125322.22427905154
123005.98156615539
121397.58436386488
120713.716140369
121130.21670080074
122771.21510534133
125702.91022637635
129927.62714237956
135381.87323137105
141937.2753354274
149404.64631737606
157541.0710505344
166059.7457836137
174642.15095192366
182951.99487396347
190658.64627254827
197421.91882690773
201260.95745005863
205819.3427824436
208739.6755013661
209857.92481557638
209073.94786610085
206360.23955282941
201747.9384143136
195408.1620957801
187391.2896052755
177955.66978309714
167480.5152940173
156050.7246837518
144009.6297960037
131656.91159044395
119345.8342859375
107216.47491263122
95552.51536803533
84544.7669562616
74353.0711643702
65095.993183054095
56886.096600179335
49714.74981247262
43614.492959390715
38568.26570438599
34532.19631923349
32372.35293825976
31040.12201928388
29972.278742220937
29636.571549945864
30122.144746611764
32094.222464234615
34286.74927770754
37216.993270117244
41107.74398455563
45652.64866809222
50901.62384368432
57021.778265183224
63975.274149003846
71776.60728641851
80487.47285534203
90152.0506872856
100779.2813596906
112367.0894883091
124880.9542368187
138250.8332258731
152365.97865845356
167071.55474816693
182167.55707494108
197410.4206079044
212517.53959707703
227174.71976610465
236530.99429597703
249687.51189723835
261486.37933916796
271599.69156115205
279730.1464908313
285624.51786826627
289087.0826898413
289992.427207846
288277.3082563645
283966.6617366558
277157.9015162131
268024.63014375244
256792.2898815568
243748.0536392209
229216.91960803122
213551.3730661799
197106.63071230266
180240.99198838987
163293.87574198726
146576.75255998864
130364.50780376676
114889.18194745472
100336.43244071404
86844.84673098128
74505.84175675317
63368.54634393914
56617.79280788183
47489.5640553175
39523.6288717442
32649.506005861535
26788.88907465972
21849.840387957607
17734.483735091122
14343.52342563781
11718.672588008667
9562.99396019985
7859.256950914569
6550.550276165787
5657.967201114973
4990.9593612513345
4567.730228624049
4355.689940269284
4330.1624620394205
4473.587732225124
4774.259357142143
5242.354938508668
5845.212232986576
6593.338343535466
7484.878221989266
8526.302597850488
9697.035929367441
10549.219347340104
11926.39671385179
13408.14341384901
14974.092588378207
16646.45837106002
18317.93325840341
19990.136091931512
21630.14049410066
23196.907527834755
24655.328013122016
27664.13351895393
29694.603013677774
31551.215450529904
33548.96417679404
36369.729590138064
39206.959932868594
42189.54451083144
45734.383720614744
49902.93855473623
54892.12974696817
60867.07742617916
67991.58871361901
76511.93911172084
86409.52475854213
97859.13156121096
110918.33300726717
120571.68265041133
136328.08649978158
153591.60806027695
172197.41961887738
192006.2060064445
212562.2328697094
233537.4632261122
254512.90210993003
275059.43410810025
294626.15014264325
312711.78290118073
328840.5254674652
342563.61593582924
353489.6179831833
361303.935883775
365783.8305193058
366855.1502469767
364436.7555656991
358645.8948924177
349685.11267198203
337868.9918406333
323517.66637378396
307107.7548980676
289038.07003497623
269809.44226978073
249892.13357070345
236453.72511635427
216373.6568188555
196701.31011099985
179431.6737313444
162086.40092850447
146109.9231051921
131676.6375485692
119760.46908310086
109068.98735878443
100234.01302668305
93303.74939440461
88285.13383521797
85183.9673988532
83955.17538598945
84577.56063307973
87008.34114997822
91191.4633123643
97053.87635921457
104535.80261706264
113463.85422302902
123702.1524591633
135068.4083591446
147360.56156599836
160277.10763463253
173539.92606406155
182414.58488305728
195521.16758572886
208065.29473485347
219889.07546945164
230352.88878455665
239233.84211728163
246278.4202164407
251290.4960490789
254179.04323924234
254687.69972942298
252887.94467284426
248844.2836940681
242693.77853107345
234638.92447080428
224937.2826255161
213888.54643365613
201819.88412845024
189070.49071783054
175976.29942583406
162855.7460558165
149997.35946829038
137649.7816476252
126014.61931869619
115242.31467824866
105431.0136997083
96628.22240944416
91328.8135472689
84191.42952141498
77979.15949634758
72602.22247433402
67951.43068599924
63906.85033420965
60345.65373158048
57149.87077260714
54209.121142627126
51429.21522074624
48733.09329820925
46063.613563463514
43377.116522253775
40680.43699428599
37962.438647277246
35186.874724461835
32421.110314943493
29665.97347095956
27117.52814536913
25410.67161805163
23444.73581034295
21668.066957593048
20284.449707598244
19640.154188268585
19378.148513030155
19585.88773057297
20077.418796245638
21391.91203202012
23453.43557037291
26318.5749784547
30036.615363993238
34651.69268087828
40181.120086867835
46635.429603758166
54000.983950877024
62238.26527727568
71281.3259964796
81081.01648419828
91426.36503786633
102180.11882525266
113155.28070727573
124133.05453480274
134914.11870113056
145183.2658143514
154715.73826227954
163271.71556098264
170612.81553477218
176547.00511495874
180902.0650629996
183561.66330726247
184462.43061827664
183584.26027808688
182028.2329188339
178299.2918273875
173011.24197867524
166331.11496089233
158458.26378126192
149618.29941182837
140050.29567894028
129996.75518144087
119693.61227968882
109361.36691741637
99197.78785023432
89372.47884978523
80023.44578162143
71255.65063732374
63141.43125957375
55722.37235050215
49017.960309205235
43010.380349459534
37675.608970888265
32971.780870476214
28848.355081297235
25248.088062146693
22112.081499255106
19383.666301294343
17009.10867898778
15598.472737607652
13707.05894463623
12051.134396515
10597.270617619031
9317.126126196184
8187.775016846017
7198.981020858653
6321.499975219967
5549.236126357784
4872.021397282366
4291.755048656186
3784.879344900877
3350.350793182141
2982.947490939281
2680.257534006489
2431.101160250147
2232.594897068419
2079.5757208269897
1967.0912044022525
1890.428935118568
1845.5005000030467
1827.5552107177305
1834.232670733657
1859.8801429400928
1902.0710306714238
1957.6727025833732
2000.7156569362162
2072.106922043359
2149.186554323919
2229.175857193007
2309.320117617885
2386.8873981765464
2459.187546499113
2523.611004915076
2577.684896175456
2619.491123535848
2646.475638756682
2657.270927532868
2650.691204324234
2626.022138471658
2583.174786945809
2522.347373686406
2444.6774567745106
2351.2313008669985
2284.323639566764
2180.727421953336
2071.842462049127
1961.8555204479035
1854.7314367736985
1754.387463785173
1664.8238744569476
3197.152587818213
3531.0428768805627
4188.411175411191
5077.753894528584
6250.36369202833
8619.950562841357
10842.84435863098
13624.164788528406
17054.37216592949
21225.571550182267
26228.8163374665
32184.0729500718
39116.41728931476
47102.76309006373
56185.308126448304
66374.38190481649
77667.61753845293
89966.63963298235
103180.97410070652
117159.09008723518
131703.85830633677
146574.88034281743
161493.35360417355
176149.68510414773
190213.39611899
203345.1165533375
211415.86503286226
222258.86055584476
231326.0158023844
238362.4192207875
243167.82117153317
245604.57713330767
245605.0755978293
243174.76935547375
238390.75022618647
231399.1835874036
222406.96545707132
211671.7881964816
199489.89254950505
186182.54421504826
172082.09155316046
157518.4400947433
142806.68235049956
128236.55857622366
114064.0427037909
100505.22365187066
87734.34155851138
75878.96149194946
65026.12256014477
55222.312343483485
46516.800622296534
38827.60056329145
34261.25410449288
28208.936234406126
23047.893339656344
18699.20546516769
15078.606930653377
13195.54389609618
11406.352507806767
10080.641674003758
9347.109148857917
9182.857790160188
10260.604551530352
11502.18762203938
13373.081519467727
15940.768683422626
19255.039666060744
23374.44642371541
28351.193913336803
34235.72923491175
41069.640320009035
48877.56193348586
57661.79464509412
67396.78065030607
78129.00330541935
89608.53744409654
101754.44400489113
114408.9750681367
123027.62493889984
136100.0498635919
149053.36268379432
161612.26400093758
173502.98452116267
184438.6886236065
194143.9765500479
202368.24554207906
208896.2613796757
213558.4671057004
216238.91945626203
216880.67194478292
215488.3201392246
212126.67030468152
206917.682650779
200033.34045347595
191686.89110424288
182122.2758294484
171601.4319824083
160394.31886356595
148773.80530661234
136978.81891770757
125243.2673544132
113766.53660830973
102714.70963787404
92222.60857923307
85583.47038020118
76211.17002570556
67577.52885940444
59697.07218929461
52561.61347094133
46145.17662481269
40408.84037110071
35308.020496785895
30786.20282879605
26792.065843723954
23273.395924175395
20180.70486869017
17468.29667136708
15094.726388680594
13023.100909211804
11348.446806125647
9831.258351164937
8541.473741209442
7458.8460393587175
6565.884844018884
5915.273906273788
5382.74710572338
5007.178834298181
4810.003429677207
4735.843319191363
4764.123726929772
4919.975199506962
5208.684835235913
5626.786162273986
6173.718846888122
6839.914403001088
8695.1274187618
10135.386828861188
11691.331816054852
13499.311505451717
15581.029432030005
18671.47452182363
21645.94722888604
25045.999978587315
28916.785457161757
33307.76402729013
38306.63218829562
43908.045029012166
50156.41772414981
57088.50557195054
64725.09682696372
73067.20492237425
82094.6234594174
91762.65983135461
101996.38280177061
112691.78450947336
120012.62194253385
131159.7491026109
142338.5696741031
153337.35236915495
163926.83746148407
173861.64828850227
182897.2960322576
190801.92658632185
197343.91597961978
202335.22538427036
205620.0330962034
207087.64924578954
206741.51389979039
204471.63040589762
200555.85475986515
194828.47209236122
187532.53319441548
178917.99884108076
169164.88646829998
158630.59786942686
147491.0300511797
136023.00320596338
124519.49334553992
113227.55235679608
102375.1187099144
92158.00458185817
85780.53335864215
76961.79897963585
69123.28213132091
62325.75667260572
56672.668692068975
52019.59926194108
48388.49575808633
45710.02129666058
43898.44080935592
42906.795076169
42529.3894003281
42716.39460005573
43291.90798848418
44154.50506778926
45273.4637603737
46416.443222427384
47549.69988179778
48573.853383566115
49455.45586141377
50119.890889173934
50605.78384541085
50820.48311215481
50787.65557874602
50535.858124158985
50081.19008912995
49684.77381181828
48980.26049214684
48186.45438081127
47330.923664130154
46458.766546989886
45603.876704314025
44794.153478157576
44048.329089440565
43377.12177463578
42782.883535927176
42259.427158605446
41793.16192002085
41364.37603556069
40948.80261037308
40519.356239794535
40047.927172012714
39507.126293315516
38871.89346692745
38120.849840529336
37237.430764197736
36214.40223013127
35040.619182676375
33720.6798911553
32260.64490930992
30673.63404116017
28976.752886458227
27794.75489294661
25962.9986055664
24083.096890618417
22181.010251503798
20302.82489213016
18443.31001478641
16635.599116128476
14906.543614828392
13268.587224589497
11738.316797436108
10341.893943195457
9063.729609098333
7920.901343049411
6912.754219763962
6042.8841474208275
5302.102741039195
4688.224161110002
4194.893847018506
3813.7714199735838
3543.4121645649593
3382.214999035189
3295.822644878897
3289.5937193294153
3550.577210955535
3743.834617610445
4013.4245828996836
4230.83076637757
4609.730725588712
5118.911800894816
5679.441798726837
6441.164320772312
7211.662051880147
8069.3040953090685
9039.452511337371
10132.878894087296
11416.68687813267
12834.802821263225
14397.031687607774
16130.248180323122
18044.45964287535
20133.67036303477
22397.337763452106
24825.601297182653
27402.842354439428
30151.395532857565
32969.82768332808
35844.348589414534
38736.99997782465
41818.14592929091
44696.439676271795
47458.29556455857
50056.749131124874
51678.70783321593
53983.00735275376
56004.72011575472
57719.01558161419
59128.27683562595
60225.736559150086
61011.05692181745
61497.14054830488
61705.0486553996
61663.44744768468
61406.817329036756
60973.2580517637
60402.0878699529
59780.78208417763
59069.91799415213
58327.14937733465
57575.991978963495
56833.15507126709
56125.02647539034
55424.76821734651
54726.25901259377
54017.88413018787
53279.44471739084
52487.89977672108
51619.59319392883
51000.248537369735
49962.8242061118
48884.23516155412
47614.23553221997
46216.387985105335
44693.5097132659
43068.90219879201
41375.82876491991
39610.293292665316
37801.92073154013
35990.8472716826
34208.63844118547
32486.0444205246
30850.73445411607
29326.846625832382
27933.582569641367
26684.495372617264
25587.26911497644
24643.653980400806
23850.77401155495
23197.71688186629
22678.66311091105
22264.2810414437
21939.59048669432
21681.96613859355
21468.182012634687
21339.505742489386
21152.32263694522
20987.683871126057
20760.380600298733
20485.32856046138
20150.003183562152
19754.041167797957
19293.075348362225
18755.94055357045
18147.18672725959
17519.319225802443
16825.244266513408
16096.2826525826
15354.272807279374
14616.864682392608
13902.977254345413
13256.57267626995
12651.645623864692
12122.178402527363
11680.613011644551
11336.220363362727
11094.734669087951
10959.228230463637
10926.141828970229
10990.828458679882
11144.450032481196
11290.52550376819
11564.736336473929
11890.883052538104
12251.607513069392
12628.613465705776
13044.79167135174
13416.035244509372
13752.624203565007
14041.4242419826
14269.878058868997
14441.05212652725
14531.73029603939
14539.202817589548
14465.566404050871
14372.581625827226
14177.537549177589
13918.114540842605
13612.284469830363
13273.876452944367
12916.250921487832
12583.468730371042
12283.0358387116
11988.311413422805
11742.041675229048
11557.515499941685
11474.36455444025
11425.839261749954
11471.472534148244
11599.420320126885
11819.36040971801
12129.942349105835
12533.247538250522
13014.725819572051
13559.371860480976
14158.86152803093
14797.439361014032
15461.302299325249
16175.987152891164
16848.251706088588
17495.34704572507
18101.346541525843
18650.74607424319
19130.40099978522
19554.094687974863
19871.758842079635
20096.447095610816
20226.119926743348
20257.761840599596
20195.207484473493
20043.613793027747
19810.18328457272
19613.44880715076
19264.103581260188
18861.587380812263
18413.450635703277
18035.421690195864
17578.160552438145
17112.372762909778
16655.789554805026
16218.91047312673
15817.015120017388
15486.88466353186
15174.263991562542
14907.195300445168
14694.26003559906
14539.24912318797
14445.281169225591
14414.844490081816
14450.055084924406
14551.504694347916
14736.30371091365
14978.058141047593
15282.751938249568
15647.741655470683
16067.5240554074
16532.784001797056
17039.944584607383
17390.32047515892
17921.365978480153
18448.36746909136
18953.62232311732
19418.717025562186
19825.281014511853
20155.78218983565
20394.335320826103
20544.478276936792
20568.20309007869
20470.986254732306
20250.251618181766
19907.53059170694
19465.43895186708
18913.40682619832
18261.90306403637
17532.393199787017
16741.739860003014
15908.60446069684
15049.947297250494
14183.794934278674
13326.734387835479
13066.37495247246
12563.069681759573
12120.678304138037
11905.4667249693
11721.646784997263
11728.4822022872
11952.841791186558
12818.905766498423
13701.763319241021
14924.666150461431
16521.36997508061
18523.786007206498
20960.42649422014
23854.19433696974
27220.564398853607
31064.969172003504
35380.617315981784
40146.27991785765
45324.51885019581
50860.499330945684
56689.91587217414
62708.32314452804
68815.47900335352
74891.0730389929
80804.3321035494
86418.24515355093
91594.5356126465
96199.0660016555
100107.42049664188
102273.55440910516
105125.7019321194
106872.17578238797
107639.09546033727
107453.11422140837
106337.49001498404
104346.14980813376
101700.87938638439
98336.0039120458
94389.32628390296
90049.23064674293
85471.42877845076
80814.28594745006
76232.40097517947
71870.3676520663
67856.60354530983
64299.633976482626
61284.22363506758
58875.28277895135
57089.638371010624
55932.61442392651
55378.60959714737
55376.131881023604
55855.50363381994
56724.31585456991
57871.197802348164
58737.40645494581
60100.802361568836
61438.93192039688
62642.337680073
63608.06772258843
64248.65854114508
64494.10602305072
64294.125969477354
63614.65286534218
62445.947756943075
60796.98827961911
58694.95427081371
56182.72714316942
53316.039529145535
50161.22703504913
46787.66325621316
43276.68444577203
39701.9512904965
36120.86226188168
32602.069789208173
29202.525511425873
25969.130354713725
22938.739686914385
20143.132360048818
17591.727001835516
15298.377398512832
13911.887670351944
12430.8468464323
11004.472341739805
9818.335374938797
8907.499184281247
8267.06162978292
7892.739132074113
7934.85403499317
8204.499228828417
8722.786889149638
9528.481460679273
10636.259302890623
12083.10525328519
13835.049557772061
15912.052576198457
18318.839181891955
21051.541688769925
24098.85136588301
27450.91601868214
31415.03860708997
35376.26356617702
39548.549634871815
43915.041085017336
48362.85976718826
52839.503440558525
55917.61797485139
60374.79794866834
64656.13396381168
68740.57481218212
72552.54899780646
76043.22824705679
79173.06584014095
81922.4808100372
84261.50887682204
86190.52577960562
87717.52630071093
88859.10397387842
89639.14035585402
90086.17232152526
90236.93094044534
90110.989787319
89738.793264397
89141.94992662658
88335.41259799385
87327.18359462876
86118.57396510131
84705.18777960795
83078.09806957202
81226.32281568853
79141.5389372487
76822.47301239088
75132.13793874053
72389.60563251103
69404.80058403192
66191.88927198075
62771.565392536126
59178.069121422675
55443.09969750055
51609.58303101074
47815.93197560714
43974.052315137116
40179.72962470468
36491.522373360465
32955.67343506284
29642.682746728824
26545.104666681837
23767.556317616178
21237.38583711032
19015.67824598093
17113.095141927097
15544.50460044193
14295.164538591565
13358.893396892441
12727.117542900827
12383.996026221497
12309.871973651909
12481.739949774606
12720.266592097363
13243.09688200342
13936.9933815695
14769.748197766108
15707.486649480632
16715.123905684348
17756.906435828278
18797.04586953604
19800.44723239027
20738.827963827054
21572.20904216145
22276.48118527224
22827.677716431645
23206.66537985687
23400.13099472625
23399.18069526885
23200.9287614872
22809.312845929755
22233.52781620097
21666.373664992072
20858.751074215783
19925.764744798304
18915.534711972687
17864.460642878246
16823.559280038677
16133.266832157431
15247.319366187276
14405.350558942851
13668.071924090016
13090.848830958756
12703.005217905311
12534.629681332475
12603.336316998306
12912.116183694834
13472.648311805708
14289.705886830126
15359.061658879002
16667.63668773604
18196.8044021181
19920.344847050557
21844.40535466356
23871.197088389774
25977.067901312872
28118.4734412399
30242.904768604152
32299.33455402898
34236.50075173957
36029.25252236193
37592.88716862654
38905.89749791842
39937.21390579875
40455.23688035466
40972.642001111715
41195.520010415734
41077.741851751016
40648.240577146644
39930.848864122025
38951.92825106621
37747.385939697946
36352.96897287637
34829.780256822334
33186.74613037095
31480.121003161094
29749.538718124048
28030.790051812
26354.552218704946
24747.225356826828
23229.32674283576
21815.47873629766
20517.188672489825
19334.706760353558
18268.967733177888
17316.47444829335
16465.919197833253
15708.658956267358
15032.116709992373
14424.415184986266
14050.22838871966
13525.404891364657
13033.881020040364
12564.300425449092
12106.713535576766
11680.63777380104
11322.861915299409
10916.198916225958
10505.761888057685
10103.675379892287
9712.368302338497
9339.758842990592
9008.581859338425
8740.3443936224
8509.837149777537
8329.965406747378
8223.710286292964
8201.986990919911
8274.511924636277
8449.273777872075
8781.7292874058
9222.1349422078
9763.438908102256
10419.863358224184
11187.85641715468
12058.700771742995
12690.348290246138
13727.926850481836
14820.254482280448
15967.759670093057
17129.829574163065
18294.911659108446
19440.501227083907
20544.383141123846
21585.466775402165
22544.687109134586
23405.09945616118
24289.015408926163
24982.50507363648
25549.606985398324
26003.09226919012
26347.09204527601
26588.370526972027
26736.774451481557
26863.87742528716
26910.370943526763
26896.68822162108
26857.631503147342
26810.39986892061
26772.047538942817
26774.769648397672
26791.92772463501
26860.07637785481
26984.46063986038
27173.814399184103
27431.533374690483
27756.915184371992
28151.4864697776
28598.175053394938
29086.348551656734
29598.067178242247
30115.313206995736
30614.744424955024
31072.4499870086
31465.3524166705
31766.23803653952
31953.28803581685
32006.366319840923
31909.126900303727
31647.50522408993
31214.304741228065
30607.371877857997
29828.88991299529
28889.371398507872
27797.915553678282
26614.274386204557
25296.08315747639
24365.220084941117
22913.74537861741
21418.863832658033
19907.487639353152
18403.64628696849
16946.594787031932
15538.68303705546
14200.124511233797
12951.594191529763
11806.079264743359
10773.270285042941
9859.566115793694
9068.17246658904
8399.306636001003
7850.520893436746
7416.278260131098
7089.249663694151
6860.038013119253
6717.577555551233
6649.495940762928
6642.522979149396
6682.75142853641
6755.979414300291
6848.269539184034
6947.567585695475
7039.233831782995
7090.85882591795
7146.764957661401
7169.308085423798
7151.758574080754
7089.39453734558
6979.550172399327
6822.271937131291
6617.982864750096
6369.760042239565
6083.805670226151
5763.64891027972
5416.693051251778
5050.304071073128
4671.939153689779
4288.9701132511855
3908.4039725142406
3536.695348650983
3180.4127283481316
2843.226050552043
2528.548634839203
2239.5421224734228
1977.9766045831996
1744.4997070197294
1539.0777146980372
1360.898386395505
1256.5994012126264
1120.4758037728254
1006.8654900855713
913.588140351966
837.9060500929049
803.5047007769276
768.7642019453932
745.1320286171103
733.829814981637
733.7911832876653
744.7307091729683
765.7389584214249
807.7165507812234
857.3928884016632
916.6316042576843
989.37924762608
1076.599336714206
1179.3969524646125
1298.645335623165
1435.0462217376125
1589.1160878775431
1771.3415756292502
1966.9158907863653
2187.58648159514
2417.941804146957
2661.570169252885
2830.6782208667823
3092.056316916529
3359.681268532273
3635.0113607139897
3908.8317149145428
4181.022177595777
4443.50175801093
4693.727412406974
4930.118379916677
5150.4102120207535
5352.867030720299
5536.6459909878295
5700.794332235791
5845.304811557286
5970.577952506853
6077.204363960248
6165.888812164367
6237.30494031115
6292.478459504118
6330.80847494268
6352.819748149477
6357.686278318322
6345.3021475214355
6325.894860873557
6280.302984270023
6213.65610339771
6157.764233182375
6056.203762527888
5933.145853716164
5788.762420464101
5646.690819493313
5474.923929511065
5296.615779354577
5102.471750029376
4919.040208904459
4726.119867036961
4537.840016607159
4368.845223748443
4217.247199285154
4088.6396460020533
3995.8411467994756
3941.876951274663
3926.633029101356
4017.106562598748
4122.850604764799
4278.548534176419
4491.572033839435
4772.5531973373245
5105.991458868472
5495.1169791504135
5938.5702656117855
6301.687561296397
6854.230848952957
7446.2728835623975
8085.132557610905
8767.32130799974
9479.35018183364
10219.810534754148
10982.635561170911
11767.578761078756
12564.72869181973
13358.805700300838
14147.87186060286
14921.462465778572
15672.04652585324
16390.088300070467
17066.05867796051
17690.51092573889
18257.54478337056
18749.540960667917
19161.781693481804
19484.53688082033
19711.206562982807
19835.846924175385
19854.44343935675
19765.41524725622
19567.01951717275
19375.26413358797
19001.137310267444
18528.19311381093
17963.821253582762
17317.032613583906
16623.179713383808
15856.563574629892
15042.6242893051
14197.119038511819
13333.496222315205
12495.698204616201
11650.265572532395
10826.013344190169
10047.932325264994
9312.6072015707
8630.588150494805
8013.494856402083
7468.297645931162
7014.828230865174
6639.345537791071
6346.004768693965
6140.141147772248
6021.757814557629
5989.189956002834
6066.051381866067
6206.759984990087
6340.52575249845
6598.445077690111
6917.629060699293
7288.597785177004
7700.534152559063
8141.895350209718
8614.72390803078
9083.180752382432
9545.349214136353
9989.972114175574
10405.071167794811
10781.021594806385
11110.142539544824
11383.594103274798
11596.6384778624
11745.553826829911
11830.256577756065
11847.319746926738
11799.380147948059
11689.688576203347
11520.99102382666
11316.68716195154
11054.344440366454
10749.446527433787
10444.532356024292
10096.558260252823
9851.543668836575
9475.425612044868
9151.348723677118
8808.663991357389
8475.494275882442
8166.708482763491
7893.109522419517
7687.8034504065245
7519.617621688616
7413.725476417168
7403.338044316246
7464.1734080951455
7687.779631790961
7976.405230372961
8354.658409855809
8846.980678162972
9449.626341829311
10164.068916873568
10988.163265595076
11916.413397561948
12998.231200497274
14151.6736489101
15370.966676856562
16656.39328801492
17991.89676433742
18902.177162942833
20283.438861278053
21667.767724937963
23044.496342212606
24384.066894727544
25668.5725216454
26883.36062904004
28009.916840320304
29034.38599817565
29940.473246949878
30715.2662993908
31347.894637765497
31828.85528163696
32150.94882440823
32308.0861713354
32297.334737734753
32117.46152694573
31772.087676531188
31261.209820738164
30622.73161685478
29820.05958492676
28880.303364857413
27819.94617734812
26654.85474011209
25402.934043200006
24083.76108286333
23175.721823142983
21797.164353692577
20408.38032061637
19019.296498543445
17700.767925079934
16404.9758177898
15179.964282751533
14032.879741507111
12981.978695068565
12039.270924026341
11216.512277603608
10515.95230451517
10006.56030644496
9596.786710767536
9315.076751946674
9168.53703030207
9147.29525850858
9266.607243482751
9492.320595356863
9826.39319972172
10259.486326184497
10815.260525399151
11428.131167701033
12111.133911573088
12863.77998328183
13656.98081744838
14225.175619523137
15081.531565235986
15951.84565400081
16826.646326114664
17693.763294616623
18540.878745151742
19390.408030274266
20182.16137654758
20922.10440087788
21598.823830064794
22204.800590359195
22733.599215751725
23178.62828194355
23534.008045045102
23804.832273447002
23988.466838217886
24069.83763596356
24061.50772867292
23964.230676862036
23783.876477129194
23526.39550141793
23198.648934180863
22808.119427867114
22362.595623237623
21885.691452495626
21562.45861788722
21025.85401079473
20463.494149011934
19884.20151918402
19294.430885668793
18749.63585588633
18177.378993294755
17614.20628156477
17071.09229409183
16542.14975956758
16034.111974630765
15553.813454599995
15105.769566976964
14694.444095281853
14358.319699107988
14045.649015722649
13785.701282036709
13598.664403851924
13469.497699759217
13398.868745592512
13392.585354796098
13450.534587844437
13570.134265850349
13746.814320409809
13974.004767179364
14243.211337429317
14450.7539222743
14774.01275911308
15107.344894226204
15440.675020803885
15760.530031296992
16054.086613955378
16308.231635078919
16511.699069406233
16654.456926733892
16728.28840482753
16726.943848522973
16646.34364758378
16484.595679910683
16241.963479791115
15931.100782432117
15540.433072569296
15081.160358708454
14565.25301214577
14005.992586882014
13396.734303247013
12757.25296426169
12094.370739655791
11419.369455062337
10747.099142759886
10080.263797806523
9429.438930224345
9008.339652622732
8406.094536584415
7838.084569278727
7310.565690284139
6829.432903610174
6398.072300109784
6019.005517570286
5693.1866282872925
5420.370889953683
5198.800768510529
5026.165526915678
4898.888737131432
4812.578447266295
4761.484059558307
4748.408302832491
4754.031759762057
4775.4527345106735
4807.384708061864
4843.744579706071
4877.569281546128
4916.213287172348
4934.964890437484
4941.4958170346745
4935.259650033364
4907.776173056893
4869.150015262379
4831.475850694215
4764.295116386088
4684.434867047164
4607.25946339179
4528.758148494218
4443.906490796657
4365.067717046811
4296.6997984247855
4245.669836950358
4212.080248398505
4199.190130798417
4213.638908453387
4251.84383126815
4316.06084640633
4403.919745873603
4516.047970933352
4648.271586854037
4806.9154041405545
4973.722412375796
5148.95674738007
5328.761503630849
5507.870652935057
5685.16472836417
5849.766637109845
5999.8563510573695
6089.839995707261
6210.2712709253565
6366.072069016632
6464.539502142842
6538.173704112592
6601.464327619014
6646.251986177345
6682.882530863763
6711.173906191079
6743.354191979191
6778.751230682896
6853.599312990306
6940.347094544355
7048.560288256338
7214.850844087323
7412.375042604286
7655.691358092127
7951.4421247482
8303.983653402931
8711.057618848467
9171.237058221735
9681.310015184079
10235.326248527399
10836.175768357885
11455.917754637978
12091.025811342844
12516.682610209771
13148.423126107
13759.441068880691
14335.396118741899
14862.244949089165
15326.732472726973
15716.840806457405
16022.189042035216
16234.364851844497
16347.17368779874
16356.797505201925
16261.88496077622
16063.439104654397
15764.821081633516
15371.697685625602
14891.082939535965
14332.048970828482
13704.775407107705
13020.35126487168
12290.422355821702
11526.861908976853
10741.42104747563
9945.519151974124
9149.793426338418
8364.12988395285
7598.255867747301
7101.593413832
6383.214366401535
5701.401156664771
5060.664054224351
4464.051716757738
3913.6200154827934
3410.2334050136155
2953.9029590850114
2545.089335767576
2180.6433703702382
1858.850629878795
1577.3103504549667
1333.4075793624488
1124.2039968154058
946.6645239163896
798.3597101531288
675.2677358242804
576.2200345753411
496.55204663823287
435.4353874367228
388.87698132970536
355.69730586579783
334.88920801475007
384.5595471426532
410.5418270533281
431.9299764700678
476.62673596004794
536.553207747486
612.990260653561
727.3994239139183
849.6198269287154
999.3622871360157
1197.0360718113036
1418.8651115687326
1670.370556331983
1960.8991743558054
2303.838351153181
2702.387433017434
3139.068319708717
3635.00498034448
4170.570965132578
4754.1826458351425
5383.0663355150955
6052.806693241366
6757.502626513858
7489.840056595213
8256.194384222716
9024.935194607806
9791.69629221252
10548.475875010306
11282.333425754563
11753.464629413347
12424.831455684443
13044.33892398483
13602.066278693166
14089.31609585199
14498.268580534217
14822.884770841374
15059.219802214673
15203.234939238197
15254.080704362863
15212.06141881426
15079.048491818423
14858.38928829849
14554.786513033558
14174.152276511419
13723.440941365701
13210.464937810613
12643.698003871687
12032.070705968272
11384.76353009788
10711.00317896232
10019.86784281119
9320.107036423771
8619.981063762407
7927.124294002968
7248.435270801944
6806.8854304563065
6164.89520557147
5551.343479490686
4969.949883350738
4423.553690411715
3914.1504639314144
3442.945303219817
3010.4188970866608
2616.4027576389244
2260.160324890711
1940.4710327865243
1655.7148488985708
