a = [8.53637589] b = [4.99175858] c = [9.57046672] ,Gaussian ,LMH = [0.44838956] ,DW = [1.8015658]
0.0
0.0
0.0
0.0
0.0
0.0
0.0
0.0
0.0
0.0
0.0
0.0
0.0
0.0
0.0
0.0
0.0
0.0
0.0
0.0
0.0
0.0
0.0
0.0
0.0
0.0
0.0
0.0
0.0
0.0
0.0
0.0
0.0
0.0
0.0
0.0
0.0
0.0
0.0
0.0
0.0
0.0
0.0
0.0
0.0
0.0
0.0
0.0
0.0
0.0
0.0
0.0
0.0
0.0
0.0
0.0
0.0
0.0
0.0
0.0
0.0
0.0
0.0
0.0
0.0
0.0
0.0
0.0
0.0
0.0
0.0
0.0
0.0
0.0
0.0
0.0
0.0
0.0
0.0
0.0
0.0
0.0
0.0
0.0
0.0
0.0
0.0
0.0
0.0
0.0
0.0
0.0
0.0
0.0
0.0
0.0
0.0
0.0
0.0
0.0
0.0
0.0
0.0
0.0
0.0
0.0
0.0
0.0
0.0
0.0
0.0
0.0
0.0
0.0
0.0
0.0
0.0
0.0
0.0
0.0
2.1882924433034454e-29
3.093411582874402e-29
4.3167868286130865e-29
5.946672854003062e-29
8.086824912239178e-29
1.0856068680852033e-28
1.4386583573782255e-28
1.8820593406143493e-28
2.430521688214671e-28
3.0985337993092986e-28
3.89945150596408e-28
4.844415204049316e-28
5.941139391991219e-28
7.192645803006237e-28
8.59603460957338e-28
1.0141406367237805e-27
1.1811056961277842e-27
1.357906575953568e-27
1.5411381375598287e-27
1.726647932233889e-27
1.9096622661758527e-27
2.0849703794691427e-27
2.1948882292968867e-27
2.3453445162174137e-27
2.4739529334726713e-27
2.576124025409885e-27
2.6480894537879275e-27
2.6871325162988922e-27
2.6917583293367036e-27
2.77747996131553e-27
2.761799340850287e-27
1.1676469038970496e-26
1.523466049163166e-26
2.0015647471105848e-26
2.635164452831516e-26
3.4634519393275003e-26
4.5281484643311655e-26
5.876683394712944e-26
7.558159778206202e-26
9.621789720312667e-26
1.211408922501304e-25
1.507546764897187e-25
1.8536335515295084e-25
2.251293636090126e-25
2.700318835267401e-25
3.19828888621683e-25
3.7402678442933475e-25
4.3186168852153065e-25
4.719374248338636e-25
5.333993008559185e-25
5.951724196990922e-25
6.556156988255266e-25
7.12964522262953e-25
7.654127742330934e-25
8.112053380371293e-25
8.487346201327985e-25
8.766337721614075e-25
8.938591003308384e-25
8.997547401350547e-25
8.940940068561987e-25
8.770937834265857e-25
8.494006684759584e-25
8.12050113952658e-25
7.664021486763571e-25
7.140592459548521e-25
6.567732399589796e-25
5.963487997560088e-25
5.3463938439139815e-25
4.756841552879033e-25
4.193515823725938e-25
3.6494019920098794e-25
3.152480449946272e-25
2.7116865655170806e-25
2.3336341454413847e-25
2.118753655565435e-25
1.8543293988431974e-25
1.6606656470598165e-25
1.5379759125457123e-25
1.4853575237386755e-25
1.5009692432273316e-25
1.582125785503889e-25
1.7253086417097889e-25
1.9261055579919683e-25
2.179102052308904e-25
2.4777564057913127e-25
2.8142938175437816e-25
3.1796553928096184e-25
3.563533261795503e-25
3.9545147439005514e-25
4.3403468527252365e-25
4.708318744427303e-25
5.045745409267445e-25
5.340522615838615e-25
5.58171243840719e-25
5.760112003681817e-25
5.868756340201899e-25
5.90330978904761e-25
5.862309077621106e-25
5.747233968130545e-25
5.631385305733132e-25
5.403711465142129e-25
5.118919681144742e-25
4.787100807594665e-25
4.419510702078982e-25
4.027937227988491e-25
3.6240799886539463e-25
3.2189869934307177e-25
2.8225840737936594e-25
2.443321733787748e-25
2.087951702055255e-25
1.761433227182545e-25
1.4669584122269063e-25
1.2060775732174625e-25
9.789002717487216e-26
7.843454292803292e-26
6.204145193445468e-26
4.8446470916365474e-26
3.7346327359666565e-26
2.8420987429165057e-26
2.1351868425671937e-26
1.5835727349422332e-26
1.1594325958541493e-26
8.38027566471806e-27
5.9796582305978046e-27
4.212109266776313e-27
3.3108555306022394e-27
0.0004931788573460019
0.0006914952167850057
0.0009571157423885231
0.001307766738339197
0.0017639515976746074
0.002348732674523957
0.0030872447718182146
0.004005890621134404
0.0051311848322376325
0.006488238109366773
0.008098907690224828
0.009979681183105977
0.01213940593867376
0.01457702002013359
0.017279477852570498
0.02022008739716391
0.023357480270770257
0.02663541708235943
0.02998358523620564
0.03331947657360245
0.036551342073547814
0.03958211844676618
0.04231411764033696
0.04465417736015393
0.046518900958892585
0.04746330605157963
0.048392298792113465
0.0487062921182426
0.048393210394922406
0.04746509427374438
0.04595733221566282
0.04392642120424558
0.04144645417825822
0.22381126347424304
0.2968165615589508
0.3962017035028409
0.5293397166393947
0.7048438090866302
0.932515725508977
1.22318792931806
1.5884355232146037
2.0401389782204515
2.5927039053093623
3.341170811882445
4.19941129024826
5.1674195828532055
6.283284870335398
7.549824344721733
8.964990795072953
10.52117530376984
11.63049924695049
13.388374307295633
15.237287536451275
17.147772707204272
19.085540311194773
21.01262197713592
22.88878063893149
24.67309445705884
26.325605802996243
27.80892145117921
29.089657266769773
30.13963912490532
30.936798869929113
31.46573588755671
31.71794678249476
31.69175336019154
31.391979144948806
30.829435044802945
30.020275272052523
28.985276725190946
27.749081537342462
26.33942691461371
24.786372234578227
23.121523476402416
21.377251052901133
19.585899239638188
18.381134632494238
16.580612116430405
14.813147619769795
14.24720143326256
13.078596783587376
60.69601827171449
103.10514630388955
138.2647841846808
185.2857951464529
247.02801112103344
326.7169868895436
427.8817575905017
554.2487545449745
709.5867017386377
897.5006740044546
1121.1781173016486
1383.0952938836008
1684.6988895755594
2026.0837688414651
2405.693284166321
2820.072256550897
3263.7038955588832
3728.9598444767385
4206.186853252786
4683.9443587294345
5149.395039763218
5446.1083616258675
5860.459717677626
6225.829286510501
6529.541074232179
6760.6415730475355
6910.554331627359
6973.60787554222
6947.391674664905
6832.908999148733
6634.513141417287
6359.632648408893
6018.309735039708
5622.591853786873
5185.827767049939
4721.925297143871
4244.627829797642
3766.8609824823225
3300.190633187658
2854.420224439869
2437.3406337053625
2054.6316449714855
1709.9016432697406
1404.8426620973223
1139.4719348952688
912.4287334569624
721.296183289107
612.2889084173056
473.77263726992584
361.9119106846823
272.9323914123995
203.20134084618041
149.35416005817297
108.37455410135729
77.63481947873105
54.9041247731008
38.332979403563215
26.421613242974967
17.97898674134391
12.077865550688472
8.01003174771208
5.244418259798042
3.389841625030856
2.1631192648611286
1.3627006262562211
0.8474992866402405
0.5203518260429147
0.3154086785675567
0.1887421795447204
0.11150209274754247
0.06503029887352549
0.037442695924597376
0.025729651182960302
0.014500496109064918
0.008067710631934998
0.004431351469621955
0.0024029263278065537
0.0012863614846226365
183.88001409642257
257.0483029459264
354.72037356468275
483.2237925124757
649.8320431577228
862.6696460455214
1130.5205805527319
1462.5239337440466
1867.7469739317514
2354.6352993792643
2930.3521120213177
3600.033278299317
4366.000399293685
5226.988873590465
6177.45981552227
7207.071508419181
8300.385863854233
9436.876724892374
10591.289287340433
11734.374046673038
12474.341547349895
13526.319542174026
14478.787816833435
15299.432197122502
15959.121153872691
16433.617672065087
16705.0559634738
16763.057692589966
16605.390507040265
16238.110622010958
15675.176763083147
14937.569773973622
14051.995294783157
13049.281302706497
11962.604364530676
10825.686216659467
9671.095655729228
8528.771353989201
7424.852204932404
6380.867163957576
5413.3005841709855
4533.515770232019
3747.992106637858
3058.8117736696504
2464.37705066848
1959.9720470631653
1670.4430409411093
1300.2813248025845
999.1912387960026
758.0139350287559
567.7323705024457
419.84067778990976
306.5944743410458
221.1552062290371
157.64646036502498
111.14219437973877
77.60657175907514
53.80319823376164
861.2551961127243
1183.798960216391
27493.149803889268
43342.24646404682
78086.78526838218
107816.89851444217
146976.57175989324
197813.24711784106
262848.6289171425
344824.1643062732
446612.1382118961
571114.5428727841
721005.5902673673
836231.9326473527
1033416.9108979787
1260852.3641366165
1518772.2683402929
1806178.7952100663
2120647.1118062357
2458190.8475691564
2813210.754593851
3178545.163598049
3545634.2089063083
3904800.82376021
4245640.928184581
4557504.101698173
4830035.6175054135
5053742.328564863
5220539.719248096
5324236.332086177
5360915.1445846185
5329179.150807578
5230239.681218907
5067839.675584539
4848018.683763376
4578740.1634002905
4269413.132702543
3930348.195828138
3572191.6360885194
3327992.0424513663
2960883.6274674786
2600770.125077726
2255404.6847650786
1931030.8531921539
1632287.1050678857
1362218.9117502952
1122382.1151216857
913016.3419153084
733264.9048103617
581417.892889064
455157.848678186
351788.9282569249
268453.2460604144
202255.9682312664
150458.85264843065
110512.26141090044
80153.53251527558
57413.63926727414
40625.65068435109
28411.07813980712
19654.66145129553
13472.576968869429
9178.06345708318
6247.433907018169
4288.4827719357
3376.2436968004686
2435.2851769445656
1863.0118453813704
1788.9819928764043
1736.3457590869211
1829.2158828009867
13345.390777281767
18218.22797151992
31237.148444157207
42413.304944183175
57006.586991848766
75790.75290904599
99759.8655416301
129621.18342178926
170709.57502113405
217144.99485827232
275372.3069542794
342364.60103227105
420593.8175244103
510545.2516253204
612354.4402007881
725730.8658895823
849894.8261996001
983534.6281746482
1124790.6037025212
1222031.9549947942
1370425.6620414716
1519028.6465656485
1664371.778566547
1802801.5566319015
1930637.180885321
2044338.6493883862
2140674.590126147
2216878.186490241
2270780.2990040137
2300910.658548569
2306560.6099058967
2287804.025338618
2245476.33782576
2181114.8086781544
2096865.8329156563
1995367.066675982
1879613.3061646288
1752815.3383708003
1618260.4989305737
1479182.5648749853
1338647.0748738528
1199456.4126723437
1064077.1991792659
934590.8670169384
812666.8441369934
736220.3959206487
629479.9959019959
532750.8478556824
446269.67703658616
369964.92590414995
303507.47408923344
246363.93541741988
197849.6450715279
157178.9032365776
123510.5597387168
95987.55834364063
73769.63798005298
56058.92196395021
42118.13503830866
31282.85336864888
22967.510801610893
16666.793345944978
11953.191717276191
8471.813316198688
5933.371596462706
4106.188152405463
2807.8859234067827
1897.292540633363
1266.9185622229656
836.2371253950616
545.8761410271095
408.4342112292524
262.3946525027989
167.49725165840397
106.74086915328868
68.45713508904662
44.75440263200578
30.479063206198568
22.00029153240548
17.153465708652533
18.910483566197673
19.33497298166041
23.458102027236038
27.325798394464588
32.65168098798341
39.611729117549494
48.469064681846255
59.54523053573692
73.19445105444828
89.77764902261427
109.64010777564407
133.06075358551334
160.2473761933031
191.28657401531748
226.116219885306
264.4982050313839
305.9983329986992
335.08966019773504
380.2625142322502
426.4006849071641
472.3648190553607
516.8890621340611
558.6353836520833
596.2580869864096
628.4743639743832
654.1358494469739
672.2956751934793
682.2656028674535
683.6584542830668
676.4122085941765
660.7936853124045
637.3815129169976
607.02989634534
570.8163398019323
529.977774144998
485.8403478627554
439.7483983244683
392.99782693505205
346.77832584212183
302.1277659235069
259.90071010110745
220.75162688969903
196.59336220362042
163.48152225898926
140.5002319455444
117.67852110749071
99.45918911717173
85.84782583127213
76.82630422036581
72.37939678983953
72.51391510548561
77.26874099784047
86.71482251736349
100.94495081565556
120.05390078535879
144.11029176616938
186.117049230911
225.266723949655
270.86562239641444
323.0027454867305
381.6500261140539
446.64262712195404
517.7707276847628
594.4001646485466
675.9883035949912
761.7784578299247
850.8871390097066
942.3204723927969
1004.033680876084
1096.8840029144612
1188.9863744508964
1279.0633558996303
1365.780724703479
1447.7531682295416
1523.5523680022325
1591.7209386660813
1650.7955347176487
1699.341584991837
1736.0006171510129
1759.549172373106
1768.9661648268896
1763.5035500255494
1742.753671295318
1706.70593726724
1655.785718967553
1590.8695728533166
1513.2729733848084
1424.7094173283772
1327.222689099545
1223.0968611856708
1124.0321752218688
1017.7236964874028
913.3525015447508
814.311558246214
751.5342198315374
664.4584403283333
588.9398246928334
524.2680877495321
473.36856978826376
436.03274495103113
413.3340060698297
405.53433085055013
412.5786134782376
434.09673153100715
469.4008942993596
517.479708348601
576.9922135829439
646.2664825271763
723.3080191866968
805.823014028608
891.2604887732507
976.8755924730284
1059.8518503939715
1143.0152630180264
1214.4356354906492
1275.820064304985
1325.1986361862485
1361.0886292732273
1382.577235150686
1388.7318629450513
1385.8838153944614
1369.2556240388185
1340.1707574055488
1300.432867403836
1252.2063039328716
1197.8752309103231
1140.1950257591152
1081.0552562116527
1022.8263297951615
967.3314567406113
955.5315587601252
925.0898577876177
905.5065400330327
2247.2448009247028
2805.6899718609466
4054.0508109298426
5500.738294637104
7205.2675251313485
9421.125975497478
12256.517373297209
15829.168649243782
20262.5504631097
25680.460019622577
32274.816057723536
40027.393895619396
45908.77426488736
57829.205213726986
70259.29378485738
84074.41161686459
100991.26452130458
118575.97624361215
137805.61497781766
158566.89890295142
180721.87560239565
204053.001161072
228347.24796764797
253378.8704586657
278873.34047824
304581.58938410145
330244.6181426603
355604.63826945116
380403.58433302096
404379.18680070725
427258.799599243
448752.8217252732
468549.1924433333
486310.7304056469
501676.8656080134
514270.854547954
523712.89073679823
529638.710174335
531472.5511184707
530844.2276890393
525984.4094546243
516790.8870872611
503283.8207429329
485617.40844669024
464082.9029752067
439102.18449814897
411212.07400177047
381040.52760648937
349329.8833422515
316711.8889561741
283935.32741499646
251677.07702218933
222922.35838157104
194365.75651707075
169259.23695284722
146464.05613113206
126723.30514889846
110515.56736925834
97847.77857587874
88881.42714294352
83655.65720787048
82162.10721956554
84349.79357305367
90126.03672329355
95904.65855481212
107331.4913329574
121862.42579153836
139203.94174623766
158987.8286128437
180765.07790357212
204004.3024782087
228095.23831489828
252360.72579715285
276102.3585307966
298522.81111696624
318897.4867273419
337317.4044259314
352020.5451998553
362857.4370173706
370118.8781853744
372735.04113463423
371102.70107934345
365410.1216965685
356017.9556331158
343439.0925885705
328309.0017238705
311348.6778804625
293322.85839088523
274998.5203970541
262974.36939161475
245716.1554685235
229890.8828746173
216017.89392329636
204270.1082061788
194880.34313740092
187788.55446952992
182873.05223250441
179867.68653249208
178410.5688166543
178073.3663434493
178392.68124741074
178901.39232478684
179157.9552168803
178771.89768981663
177424.09475146324
174880.84043690743
171001.21955482182
165737.8069027092
159131.0817828548
151298.72510121774
142420.7369874587
132722.05500492605
122454.12062156836
111876.87489537676
101242.82978985435
94236.73064305057
84004.74306529296
74257.3889444192
65128.33499352187
56709.92423689354
49055.280199923436
42182.61395173388
36080.9892957761
30716.812282999086
26040.390833221674
21992.236016577706
18507.627805968033
15521.817045173515
12972.550431361311
10809.391387375004
8970.489715943877
7413.596898519536
6105.1486986058935
5003.937374919337
4084.753932457004
3323.2115203838584
2698.3975774603628
2193.2830133884477
1790.3968049482278
1476.6949191442245
1239.9912990538476
1119.576967355669
987.7734659749502
906.6900848044163
868.3161462905173
865.4187510062228
891.410239491966
940.2273114111986
1006.2276689055124
1084.1110806524528
1168.8708889408292
1255.7795887176685
1340.4087270179232
1418.6795998415396
1486.9376477342817
1542.0405837665176
1581.448516697837
1603.3038866857532
1606.4899627592847
1590.6588375066392
1556.223019511204
1504.3084798353282
1436.6709074276496
1355.5805213172982
1263.6836831763967
1163.8514646864153
1094.3426125945102
987.7920274607588
880.9237664674347
776.2114868010663
675.7719059323779
581.3113347845738
494.10242944426074
415.89034308248864
345.683041792839
284.2276203849155
231.34739263425396
217.0073065494123
197.54070012533367
186.31179746315942
207.0267474800297
229.57132132350497
271.14626722491937
330.9648508896513
412.8694250009465
519.5231860538496
714.3543134305178
914.1440081582547
1149.626499996445
1471.0527079914618
1821.5420325124167
2232.9473442481267
2543.1329805428945
3064.6743220317353
3655.476793646159
4315.960919790575
5044.582075076054
5837.572321297358
6688.895419738934
7589.591467255219
8528.492753747905
9491.853156931547
10463.649214601917
11425.893326301684
12359.063986449875
13242.647444258728
14055.779065876884
14777.965778126789
15389.863561470636
15874.076553543264
16215.9377040503
16404.226059110224
16431.773679472135
16295.91682293096
15998.852447243784
15547.307764830315
14961.403814080437
14243.032343444664
13706.168869174651
12823.098284197957
11870.814255684252
10875.855001137192
9861.697544387072
8865.337260028937
7885.545919954098
6952.558383383474
6082.86153626355
5379.912251366251
4708.869398899221
4142.026197696634
3734.6881369479042
3411.140669610268
3208.865118689036
3128.920420616372
3171.1165059866807
3334.183963380656
3615.851766203221
4015.831876564712
4524.670789632862
5138.4751362722745
5849.320993656524
6647.02137752755
7518.7865285953385
8133.510124528989
9092.518244535395
10077.415211776464
11065.146151586943
12035.012661172505
12953.108336803594
13795.820595491514
14537.05515741913
15295.008447804948
15846.244839682067
16241.305774058992
16556.38399680239
16737.074128194243
16767.093176047434
16699.83350041269
16563.722911786597
16393.982654140287
16229.045196501447
16111.18113630271
16082.79439622421
16183.092593014551
16447.0162315672
16901.771269094053
17564.817414943303
18442.074506872064
19526.713181916064
20355.641271781133
21734.832924608832
23239.49674563519
24817.738799596984
26409.310016007086
27948.603524543672
29368.947674499315
30603.27654189534
31591.947271916968
32283.61509464169
32638.727555358062
32631.705800916738
32252.246113702247
31505.6548653872
30412.208703129894
29005.611076514502
27330.687913501835
25440.52197843132
23393.261654617832
21248.85258319407
19065.929605026373
16899.074390604626
14796.595865455682
12798.932397869316
10937.955043078486
9235.800618324463
8196.468086815841
6785.703402132518
5553.0067048729525
4502.680843874517
3609.1521951290733
2866.3189992836883
2263.257197294079
1776.1007332120535
1392.3029000189083
1096.6218281611327
894.6887781511463
742.9281220576477
645.0540226910796
600.7814810147357
590.9030490351349
616.1597831766197
672.9647682781588
758.6858928497395
871.3433205735694
1009.3136081299963
1171.8227649266569
1355.9372409650073
1560.1392363788905
1781.8422496331766
2017.820678940726
2297.622840051701
2473.900155618648
2743.3958639558755
3026.350671305421
3305.219367749802
3575.468617081574
3836.835877465639
4085.9633714237457
4320.193922674121
4537.7182145695115
4743.691023734023
4928.56085456558
5097.6760854512795
5252.883911906656
5396.928857220866
5571.633747404597
5715.88528264788
5860.90064339313
6009.208549367937
6162.49842360343
7992.6504238785465
8825.92554951244
9949.181645443625
12145.091671455122
14209.814581986955
16821.83060567829
18921.889869451188
24714.28674890021
30514.69744421771
37396.88483072842
45803.392211783015
57500.27674119741
70200.2151579757
85227.27244510298
102780.3719582538
123015.47697423662
146029.12827980448
171842.18490226008
200398.7160598344
231502.52884568827
264876.7819660979
300117.76548970025
336700.95966019784
374445.68691556656
411976.92551776743
448697.209728175
484002.2116801183
516824.1270765437
546324.4828300448
571784.4346926964
592518.9080987681
607968.4214121694
615124.8080142435
620951.4943386064
620809.4301898101
614785.0306237928
603151.7909852398
586355.749728731
564998.7806760204
539878.1660300539
511633.172819521
481164.5115492483
449301.8806964314
416837.925232172
388361.69577094476
358300.3428054647
330003.7470978648
305818.0257040496
283337.7485722684
264094.97801587154
248438.70075252827
236675.9835176336
229007.3784087493
225504.6526691901
226344.1046323377
231640.3018694384
241361.92779525853
255488.5246148225
267290.4063178441
288399.9875747672
313288.9006776537
341481.65574659244
372338.269917369
405075.9687818681
438767.78412703134
472369.9620165453
504926.1732914937
535011.0285952478
561610.3416000593
583730.2685127982
600387.1351684111
610853.3369182523
614651.5988684586
611544.681915076
601566.6932038977
585018.9680203032
562449.5021562896
534617.7306210992
502447.64737108274
466973.1320778719
429279.8162261632
390447.8549398192
351499.59684389073
325929.2838927348
288766.57144711463
253629.2693549009
221033.41165946
191327.23226211968
164698.99171381752
141193.05646107232
120732.69717904064
103142.8532319426
88180.69674386899
75559.24939026359
64971.45953517401
56135.17656196131
48718.87188794754
42476.45175695521
37178.35898548863
32632.457473975548
29597.60060621977
26494.79893180751
23906.04004651062
22209.693420727555
20752.034283386736
19847.286188233058
19540.43355032539
19887.48829516337
20949.969464003178
22086.281119119638
24475.201116298587
27728.075989801535
31878.499060541137
36939.05350143326
42905.624568947576
49717.35705348602
57300.87171122472
65538.93127789906
74274.75864410076
83316.73428955193
92441.05631819018
101399.15664928984
109955.8048542028
117797.52185586588
124686.73221919588
130387.00748256914
134699.49704575408
138369.36042415045
140012.76917613304
140019.46207500572
138557.3507852891
136431.80505524468
132779.4114095094
128406.99689011606
123511.70129882878
120184.21341050773
115335.91729572865
110964.15897134766
107422.03828874529
105028.92389472843
104046.87285136932
104673.80580734373
107032.37407797592
111160.96498056932
117010.38247904465
124442.62838389615
133234.7411652034
143086.68717246965
153633.32246093126
164460.05475655722
175121.58910859743
185162.8913973307
194141.27831499628
201655.56543808212
207340.7126111976
210920.81656129358
212202.47471805557
211083.48869900635
207563.093642964
201734.70475429329
193783.31125095702
187423.2930119949
176577.60338385854
164386.7414826605
151246.04606570347
137540.6903292555
123826.58485391462
110149.47976370793
96940.55739418702
84509.85393389128
73007.56110512986
62587.475288282825
53359.876020266915
45377.14043439122
38646.38234995674
33138.28529305103
28836.47954497272
25592.615692198746
23340.73043257102
21975.299924726543
21383.073126250547
22637.305679240668
23932.42747357272
25713.668557357843
28075.594383212596
31723.451006283365
34112.43736835229
38180.886945368016
43071.240095105364
48555.967313881156
54719.39528343225
61702.37587291423
69725.15354732933
78648.59086775263
88635.43162388158
99753.04146086016
112017.28152122107
125410.47274144815
139857.61364522722
155221.3374740911
171297.0360620788
187812.18140858
204430.4913889011
220761.2127073926
236373.34953287672
250814.19472409372
263631.0739135616
274394.84836649604
282723.6306351825
288303.9492967202
290910.11013590475
290416.8484670941
288353.74369318713
282715.94907018327
274170.8147301587
262980.88238567056
249487.10584103796
234097.80690778964
217251.21671271996
199412.98082656853
181043.95087110874
162584.22894048213
144426.54956249445
126917.77210157445
110341.62966380849
94916.47236105391
80795.16004220805
68068.18752653603
56769.59990660383
46885.14896686304
38359.91579220551
31109.341661815448
25027.178690110297
19994.041777118164
15888.908032737058
12579.81011788771
9949.514170554026
7885.935108442513
6774.406825822096
5435.350747409861
4561.142124699129
3877.470396169034
3394.390009284776
3086.369948259424
3010.024279272153
3004.376484643474
3119.067463228139
3350.2460809784743
3699.227196096189
4171.275169853545
4785.889061794222
5534.489436595789
6430.188611366007
7479.760344592806
8690.18740163048
10051.293245493367
11552.902593715171
13179.43966228012
14906.050052966735
16700.43505927031
18523.51121378886
20388.11103035697
22153.699631607506
23274.20970390084
24837.18468046729
26213.475657409414
27364.37060081617
30108.687442830673
31765.277104777266
33209.07556694086
34832.454487799776
37668.75652585152
40160.344871073816
43262.89744687945
47240.040347549904
52217.18211024639
58460.82650652603
66189.99609899911
75670.10746086456
86969.1633418375
100230.62692179078
115512.53201598425
132804.81264879115
151947.956309744
172714.17315633912
194781.8089100492
217719.61953432907
241145.53893943413
264241.8118460707
279195.34852533904
300469.42757982394
319836.57039153104
336567.1230361492
350151.5853362605
360128.1178045615
366162.0846362026
368060.20225282287
365782.0945107196
359441.40013095544
349357.8701744681
335823.0405990041
319374.0328414321
300580.9457845355
280088.615669173
258470.81983939285
236397.7126461862
214358.5803460372
192875.3283053056
172356.76380666086
153129.39316725658
135405.11528498447
120946.0582655285
107219.381828424
95402.06401724828
85484.14684387099
80649.89385491461
74118.86489332547
69434.79518107207
66565.78232634354
65481.00628471102
66166.29283079466
68594.09526495154
72751.92221210005
78623.96876682054
86176.00888563477
95347.02052386684
106069.08429842675
118151.44908194825
131407.52835597302
145581.70298529664
160375.91249027118
175394.16166276677
190226.8078861081
204435.09261723288
217565.28413957387
229173.7090844813
239054.19760484766
246546.6142564321
251480.0757131612
253685.860730152
253614.61995375488
251263.83845051337
246137.0292892366
238514.4756756413
228686.86012641672
217017.9181242836
203923.6079513801
189849.0296546592
175244.78489228367
160544.4187969042
146144.39335252013
132387.7395304245
119552.16225837544
107842.97131825543
97390.8233539659
88253.91932140882
80424.03201309018
73835.55270157538
68376.64680610046
63908.71122261613
60253.39352638032
57239.836520892204
54694.13329376855
52453.739547093406
50374.92935777249
48338.10547717202
46957.58904283244
44799.89425604894
42500.844176563805
40041.96658582879
37426.26486899065
34681.029575262284
31865.814818352133
29023.91587077269
26164.718450879318
23387.960435205285
20718.519730452448
18362.39536319022
16959.97489950155
15448.095612459507
14251.482016048069
13580.28915443895
13730.033789971503
14401.79317038098
15659.399030567522
17676.399189951622
20521.0129182282
24258.647348216644
28947.978249489468
34637.251464925714
41356.55106344512
49105.60365953802
54832.62396611666
64222.048124129935
74484.59032641046
85485.32634461294
97092.33788268224
108999.73059506154
120966.8398887191
132702.34656712733
143910.77514112153
154242.29988010135
163381.78424117356
171045.8745700405
176991.4307695631
181013.49488230492
182992.46062917972
182861.41808166905
180645.451348804
176444.58074620258
170418.47097955187
162788.8057851499
153827.38033599002
143834.94017279544
133124.94524614382
122010.53337806012
110787.9446402657
99724.53062810957
92552.22108397092
82241.13515408739
72599.43576070732
63732.800793998846
55701.77965151328
48526.3612637599
42192.22243608857
36657.83420213412
31862.05399404542
27736.87317262724
24193.75944256434
21156.67103528181
18549.354792572096
16303.253349157741
14356.401251631232
12656.932172727731
11163.091551231311
9841.332378674651
8665.383633300591
7615.609284606763
6677.66750139172
5840.444147995692
5095.816816110793
4444.2065054858895
3869.892541877832
3529.123599126097
3078.1982567473547
2700.6031026983733
2387.337464509218
2128.484713466913
1922.3076444037624
1763.3112438402359
1650.0183277578305
1570.8836428422815
1523.8694920699536
1504.5515269999094
1508.9454199227068
1533.8058535506734
1575.5448738044524
1632.6261169282775
1700.9320199448302
1778.8698690893634
1864.1901093325168
1954.6003154316784
2047.6867391453825
2140.8666301298426
2231.378280172559
2316.311862990482
2392.679819899875
2457.5212474654186
2508.030963271351
2532.4870476468986
2553.7482830619724
2555.432134498782
2535.814966762968
2494.831049025388
2432.859213246632
2351.0957158732976
2251.203881071129
2135.773546113557
2007.3747866555027
1904.7272063370278
1775.2914601286966
1647.2860895534814
1525.6510432055966
1414.9280027552325
1319.3288536814046
1243.1341871573711
2484.5291466392136
3186.6160248523247
3978.322216441874
5059.224061349065
6495.844314578688
9232.432054487888
11956.165400945763
15388.865861596674
19647.01760167456
23001.96144676297
28891.841551082474
35932.157464857184
44163.15850254896
53656.968969021436
64437.97384938965
76481.37318736194
89728.25818627873
104008.3485961323
119134.37991531135
134842.5733182981
150811.01053910766
166668.42336351908
182007.10666145105
196399.65106448735
209418.36769116038
220656.37407595746
229748.83211875887
236392.79592448505
240364.6774080041
241531.13732614808
239858.9714436364
235415.00622821692
228362.60201788857
218951.63373662
211523.24277494632
198921.76392007864
184927.0909296104
169957.80838998474
154431.39000425837
138745.53836834585
123262.39161597355
108296.37064474268
94106.09132343637
80890.25341750482
68787.67575851735
57879.89192791843
48198.306813780284
39727.968315554186
32420.69252636832
26227.232501365488
21013.641789179343
16692.69121867914
13158.903571658791
10305.257233340626
8031.995676140667
6247.021968718986
4867.949819973913
5238.599840969958
5041.5361877065725
5254.193458255042
5629.645404042057
6559.221648787966
8677.511522250647
10892.373225825124
13769.497606982995
17401.571562497702
21877.45908390297
27288.078296391424
33708.312874355164
41199.01590303031
49796.90820683527
59504.450163402464
70282.16399720691
82042.53935002294
94754.35378510087
108065.29631068993
121781.15685787876
135622.57446188494
149260.18414621655
162406.65231409215
174587.43393862812
185493.02877587915
194791.27748626628
202193.27838574196
207468.3564556872
210458.47762737738
211140.79790966792
210192.74099993386
206941.93229534657
201532.5828931829
194180.0519924444
185156.9657184412
174777.89576333386
163381.17252820663
151311.10177302305
138900.2799023476
126456.2622551594
114254.32582957418
102511.45483158127
91405.11848288453
81060.58168678747
71554.62165886298
62923.52874774093
55162.035060700524
48239.33544563483
42104.79426002754
36693.99195182992
31936.107596228157
27759.346110154413
24095.00647556886
20882.716435294707
18062.87832809264
16378.033088843189
14112.537284235674
12129.657223611515
10399.142945903792
8895.274779321768
7595.82584323256
6576.4345513386825
5680.555933488391
4937.696230449054
4345.340796139859
3891.938324222655
3611.085863229709
3443.0474141585787
3382.8378544052807
3464.2789128569157
3645.975727801388
3945.156053993315
4362.602417900622
4899.325322574669
5555.755548917452
6333.8954766585975
7225.606568517264
9258.597817050559
10931.20291520816
12736.403919875496
14085.883189762651
16347.554722920337
19329.98867281669
22706.97487230935
26337.52850313019
30480.767803328
35198.82736589482
40552.58759027555
46663.65090909253
53479.74943230448
61079.8776350291
69480.35914640983
78671.14759423591
88607.88611356873
99207.80546462104
110343.89930674803
121846.21012325012
133501.6012677546
145058.61639004335
156235.49548274712
166730.17113664947
176236.2360771981
184451.41608986215
191106.10005566294
195956.61055323773
198823.03419508372
199569.96470412667
198899.4138524152
196086.40786677218
191264.91040594762
184486.31711501075
176167.21366747335
166328.19545788158
155347.97546933574
143599.59618093885
131368.94542247517
119076.05071161535
106944.77109724894
95254.53412009263
84269.03626743682
74180.50176872022
65138.693542189154
57244.1709411142
50551.43093255293
45072.64520845895
40780.38927677733
37672.51325810285
35578.64698013321
34416.99118465628
34071.80589393069
34402.806164860514
35269.656837736766
36129.1512182096
37594.89928304864
39260.35483187519
40949.1220653488
42567.669553212596
44102.06409054584
45354.920912478694
46326.64053591876
46963.640803548966
47276.17073427907
47277.30473528063
46964.7771883681
46390.52994620791
45594.86608747767
44648.00469090673
43600.32604051413
42517.27988388388
41457.05412197127
40460.50622592062
39564.23772535125
38794.35297289775
38162.697285094684
37669.51149740892
37301.157465746095
37035.83430312893
36901.51887547603
36737.78415682382
36585.054993400336
36403.62538201787
36154.81425015735
35803.171942008965
35318.35245047828
34676.581694715926
33861.651906275954
32865.482094913736
31688.1810849226
30341.569934753254
28834.489789642463
27191.597816223275
25437.80362457152
23603.120741872564
21718.735259609544
19816.50050128036
17927.30314626544
16079.939299283242
14300.137365159952
12636.880715635427
11064.487262330977
9619.233762063554
8305.998005306601
7131.811369927985
6436.222381870804
5504.020682291312
4708.128172931289
4047.3249966029152
3511.294872794325
3097.456001338714
2789.573856866127
2581.0349267654738
2462.2995380493644
2428.038929536285
2476.839201235392
2578.4089574671593
2735.865395762741
3084.094550375692
3402.999396424878
3761.576680412181
4177.673405276599
4637.360493439915
5207.372347283637
5822.779202104354
6622.9994470739075
7442.864684968448
8357.079258008751
9394.770371860935
10571.893266667716
11903.844187370136
12970.286517189148
14623.789893147117
16472.461520305616
18521.05731542849
20772.730055516116
23209.073898292885
25814.84379671234
28561.578816789315
31452.509920189463
34381.081730828504
37312.656347522
40191.8502822014
43125.43525154714
45802.16429108214
48270.695214012194
50450.884244623
52318.76475685012
53905.74052758874
55114.428704296435
55940.24117463524
56412.26919731848
56551.057964970176
56391.93291826338
55979.37630043297
55365.19401725506
54604.97084359309
54044.665039441745
53163.39490741606
52275.359415527186
51463.4842772762
50691.93722262267
50000.22463892141
49392.334089937605
48859.001610031046
48381.03477241304
47953.325946738776
47494.72758717098
46984.724071440505
46384.06020939192
45657.6222193037
44776.17263811035
43733.24577891227
42556.71824798928
41172.09419461888
39622.0285798607
37934.355832589514
36147.063874912674
34292.175854718436
32449.460487467048
30600.286172903077
28812.360038340033
27673.075068392718
26066.939144256583
24607.726707029316
23314.640863546403
22199.456751558067
21266.20400254273
20511.57317792056
19925.74730965315
19493.29844295613
19195.242018056284
19006.420871371756
18908.58362840868
18863.11798064129
18847.487311578298
18834.358525014817
18798.27236374104
18719.588001653035
18604.264254532394
18392.035579208816
18087.271071758027
17687.095306055257
17196.334247917046
16610.78225929314
15961.663367513118
15231.518960951027
14451.503026957243
13953.915649426177
13161.283502098047
12375.37155674873
11624.951737605772
10932.219244008342
10316.708928194106
9821.133553889727
9415.5807617078
9127.345388039012
8960.501975996736
8914.472461930962
8984.965138081585
9161.464333452393
9431.59100327098
9779.314951697525
10186.187082285962
10632.069802708322
11095.889025858654
11556.381522908125
11992.814852407593
12417.2333082227
12767.998321446077
13042.64672473264
13234.474437586148
13335.605847860437
13341.721515539492
13310.414098773841
13166.173974015777
12935.097802658016
12626.423083367607
12314.830091245063
11922.736232459029
11497.155220789266
11062.723107608215
10639.356058089135
10243.774783500727
9951.967427936623
9688.4542502672
9503.66494494336
9410.480208349827
9416.419878625507
9533.98657595095
9762.865754441966
10086.098013571582
10504.742297441786
11009.855378032313
11595.54165102888
12241.27998912325
12926.406243470747
13636.690248337012
14352.095795337576
14822.200390295548
15539.870711520634
16193.31213892006
16783.704876458767
17299.45456640893
17727.355079126908
18057.179960967464
18302.55095177359
18426.549377132218
18443.71990088633
18360.177860680018
18178.424144940986
17909.886341116442
17565.990899528024
17160.14844015726
16706.48624823606
16219.18616024376
15713.9381994347
15199.694665185489
14786.036985567756
14333.486843117593
13904.593756993369
13512.333717357993
13162.263204864541
12864.178010636999
12649.151324071321
12519.791277299855
12365.221506940032
12266.708955618778
12226.500186764402
12247.119412620319
12331.240368060384
12481.612731066083
12699.737918444664
13001.008387859787
13362.828600452625
13788.684278544784
14273.359775593377
14807.552031598501
15377.102108266467
15971.58307474814
16563.451885698112
17131.000122560774
17653.164976983062
18106.931682304825
18470.554311774773
18724.807372764808
18854.097292030357
18858.64399735336
18716.470939303334
18432.42836419958
18013.238232428987
17663.49092035633
17043.900488282885
16341.656866015535
15559.093488043682
14715.81250852746
13839.840507566085
12952.819169492275
12075.61097731025
11225.087791921329
10416.761783282387
9662.8102642695
9511.411282279909
9188.391862020108
8967.164765481868
8925.551416191529
9088.280157510222
9481.895932845091
10371.758901366027
11507.667231065096
12935.03067647816
14762.771566686899
17028.762203267357
19766.699146154857
23003.121049951285
26753.75880684805
29541.405378317788
34144.39511368516
39225.81747904662
44734.58007652888
50596.170236795966
56712.504466391496
62971.48613687535
69219.6976957318
75308.28949539803
81073.32806757576
86348.71491784403
90973.89514535868
94801.81090553661
97706.49905500922
99589.81619930919
100389.34652287477
100495.00624129304
99242.55355803992
96989.7958766476
93833.73012598297
89903.19915696043
85354.64582756562
80570.09920631608
75397.14096777039
70174.7110833421
65087.90756357151
61857.374169723626
57367.150697185105
53420.673814641654
50122.68739841255
47544.974583503
45725.69845517023
44675.45793365373
44354.23478388381
44704.913396447024
45640.75836664937
47051.358295938015
48812.57499840797
50784.995202469385
52823.849228247855
54789.619457731154
56549.83440660813
57986.29860589722
59000.506433427676
59513.805418507305
59474.11990120223
58855.94903163195
57660.159157510905
55912.36769278127
53656.127573564016
50957.18908103769
47893.5725055693
45691.17994958045
42214.66761481216
38611.97193230852
34969.56193344935
31367.680838227432
27888.612355506317
24579.59648989617
21485.431787535792
18639.73966958664
16065.087016267942
13770.54755743384
11759.343293712833
10016.16120816298
8530.243364415986
7280.026527309089
6603.720711459174
5957.508057199788
5499.136071615396
5257.34969401869
5228.739572456364
5413.871416963417
5960.431028361591
6707.520789829687
7683.24559161448
8934.517340218894
10485.235888810206
11717.543281419004
13815.60767879119
16249.016350092545
19021.853520366632
22125.854301601
25540.70749035958
29232.330288193
33447.665889682
37691.2968396872
42039.98352132155
46476.592847950255
50872.793599419245
55153.78418499117
59344.64759797889
63235.33705648527
66760.36548988003
69907.52530650857
72622.91462420326
74883.37554548337
76689.07209687853
78061.34800304339
79015.14570109577
79594.7990846449
79848.77487343557
79827.65139408526
79685.13421912017
79311.70928039102
78785.05688155923
78122.57610218607
77341.75161496857
76443.93974058621
75418.45041955599
74244.93181521128
72896.48443646227
71343.37491621418
69556.60556742434
67512.09762823465
65196.30115384042
62611.04580481002
59744.78852557621
56624.99368268695
53283.416857458666
49759.933905666345
46105.05830589953
42379.7153817667
38633.99150422759
34929.633825653764
31420.887214175942
28014.612823419142
24803.97203470376
21837.30962124384
20010.243895848507
17540.830332368576
15362.921666039043
13557.663362533576
12033.941374479244
10830.001376173885
9937.242248435528
9353.33692678336
9049.71647232172
9008.139260174565
9210.485030527714
9633.496492276392
10251.727694519643
11037.564085596372
11961.206957675176
12990.717591097417
14092.205623585947
15230.179923881484
16368.112440958315
17469.209251973127
18497.36536904471
19418.26142570664
20204.927130614276
20823.1112092422
21253.95094540181
21481.593457607552
21515.67208404242
21387.979426805825
21049.260196290816
20508.426405794635
19780.80332671241
18888.19370326965
17856.43880470271
16904.98762083895
15785.309949605215
14625.792213758235
13482.640484898022
12396.520867171135
11420.675323564814
10644.71437823799
9994.373779919462
9514.811966760082
9253.507972469759
9230.31012459644
9470.348080286372
9977.782231005931
10748.489944670146
11782.552837000656
13072.586016587074
14601.70353858567
16343.542675793486
17607.080945883576
19626.506263135576
21785.26190724329
23986.33692601505
26189.767634740645
28340.84085303482
30379.325571718022
32248.748596035708
33896.17378216565
35290.06371174188
36373.70178149906
37119.83966663862
37517.07138106917
37559.78219128749
37261.22092281713
36661.9202002545
35748.398129861
34573.63816774381
33185.14718723689
31629.86616574346
29959.53870068765
28231.75837129517
26479.947351442246
24747.148862299528
23072.70053092144
21486.497322940264
20489.55363750384
19096.029676816644
17834.13923143356
16707.91079488622
15715.389597355024
14849.886669118765
14103.754406296152
13460.084238377525
12905.933946612
12422.934336113667
11996.64116241613
11611.192992266246
11253.292714067116
10908.963741455276
10567.270625219793
10219.55909554941
9859.04911073218
9501.06285499128
9114.169700037342
8793.990428877427
8418.99635752573
8037.0053264763355
7666.189946128673
7315.192044007395
7004.597559839291
6735.910161410964
6621.797523106158
6482.763729594617
6417.426588423779
6448.466535871294
6586.400892285838
6839.300673619669
7212.178801053252
7753.289786064786
8411.854177866975
9174.832086039194
10047.274937076243
11017.039336556429
12066.488289686353
13177.83357301782
14348.45874325
15520.069595931616
16674.775972124033
17787.474819976298
18836.102439807597
19798.886174182117
20657.129756550126
21395.980260815904
22004.593219553637
22476.537485610013
22958.69538534326
23234.594758193678
23346.23171996459
23428.932906526275
23422.563221622047
23343.345152622984
23208.538117883458
23095.221926497168
22950.54325059437
22796.308037723804
22667.7860969668
22581.40755759258
22564.094004289258
22610.39644230017
22738.51184810573
22950.948364917975
23250.877523808078
23635.489118886366
24096.907297380872
24627.457132335785
25202.979166547982
25802.83378701813
26401.088002722467
26969.916321735942
27478.993403056327
27898.657933067403
28202.120534132417
28325.86013001413
28378.4421531037
28256.530016910387
27949.3867233498
27452.42697207034
26767.082337726162
25902.759635329283
24874.083162273047
23702.81542652072
22410.29070349994
21056.85962750139
19623.53819067078
18154.971554828047
16683.365842703744
15235.523338696768
13835.904808752062
12507.12075935317
11278.452590349894
10148.309320834254
9128.077112690593
8228.851975870202
7454.431175423667
6805.505831508072
6279.9401086649905
5873.062863362458
5577.984239503629
5439.220164546182
5309.842098957534
5264.780442460651
5291.146590685621
5375.045695930589
5501.917332678691
5656.9370302679745
5825.329293097644
5992.744289551216
6145.791968818788
6272.563096209069
6364.184991204897
6410.039815220367
6404.9099842213745
6345.351791850165
6230.195709131462
6060.617995172185
5839.950085195397
5574.248773660499
5268.869563260715
4932.260623788597
4574.343704670126
4201.864043538853
3824.1546443708617
3449.505242409859
3085.26374716528
2851.3833333571583
2517.934510192777
2209.0906842463487
1928.7141894625934
1677.721727224635
1456.5122429002338
1265.1473260862624
1102.5103546411826
966.6603041011784
855.3029701952589
765.7834360268961
695.3106740328021
641.0017524201446
600.0917419547627
570.1513786531648
548.5433524593109
562.9071883482659
563.89698670822
571.7729874826204
586.2348803126588
607.4186684688667
636.2302024207568
672.9041358497424
732.9753501637854
794.8812715097298
843.5488660503149
928.983022110894
1030.6502002342995
1149.9707525817735
1287.8572772388534
1444.741499973504
1620.5247437443493
1824.321099501375
2041.06747264636
2280.477203083577
2526.336739896675
2780.1296657559888
3038.607145290857
3297.1250930117717
3550.9610281355267
3802.940765214613
4038.2574449145372
4263.156891581158
4464.776233846793
4646.311195339053
4806.7787854990775
4946.265656971549
5065.80583584475
5166.489217756401
5250.120962276626
5318.642891760594
5356.809786290547
5403.883382220237
5439.6420498379575
5464.890011937474
5478.744436277719
5480.507649181829
5468.844005569074
5441.695997573303
5405.5136356344265
5344.834614596442
5262.301916530123
5157.50096384096
5029.812498037886
4879.505219027621
4707.770572421183
4533.032462400272
4340.613752060428
4142.1329818278555
3934.9122022507777
3745.9369871904655
3558.730491723031
3387.563013683282
3246.684975307689
3135.760819541204
3060.0485997556207
3030.6964130323686
3034.1454676977028
3088.798342984889
3186.8060352730126
3405.5895163643104
3640.574525434695
3925.9231659549664
4274.1198039621395
4671.006006582009
5116.775120975142
5608.051501378354
6175.223714495383
6767.735713641368
7387.010014599296
8038.564538234042
8718.649441189245
9414.575779813104
10124.74473906593
10843.43950586483
11570.4319960871
12296.431523897169
13006.93851307646
13699.415438847116
14363.24122827294
14989.981669466788
15569.606597954182
15924.781453373702
16403.09328339751
16809.71811635921
17130.769371051058
17358.73491035711
17486.174798541288
17508.433706325653
17422.382725870604
17227.69268275371
16926.8814148578
16523.233683997438
16024.346247302798
15439.351733468377
14779.183257924557
14056.1802503975
13283.500365983491
12499.388276547972
11681.425410186735
10855.490950543415
10037.06744371182
9238.310119622536
8501.28907879684
7790.489468692757
7129.240122760225
6543.751192360975
6016.039542523893
5704.99959233582
5302.835224438478
4980.8039641381565
4754.26119714999
4607.981865632974
4542.729741003088
4560.5297154351865
4658.454610433537
4850.136900152418
5102.713481483658
5417.7290599903245
5787.9902205993885
6203.1756802450755
6651.7534443883815
7121.145557675354
7598.139677115069
8077.9118888276635
8537.030263897415
8963.79003942396
9349.98641548525
9685.458970917016
9962.861915205047
10177.399660650015
10324.329818514565
10402.862678421125
10413.62712289128
10385.451118762447
10290.019472654876
10136.250164621631
9929.886245946302
9677.709862737776
9385.120438614224
9077.576869907636
8733.674853582841
8368.979463985715
8026.452658757797
7662.103840170159
7296.568672746919
6981.660055553443
6672.109572509708
6393.663616930426
6144.8775795274705
5942.594653679323
5815.992518267906
5740.558415150035
5738.3085038930785
5835.485739744684
6021.144537153905
6364.698263511578
6774.776055339647
7305.805847412173
7943.837737972084
8429.125356546103
9246.85644268194
10167.06526019918
11180.113847239907
12318.563830342257
13508.779783169055
14751.31300363245
16031.800679812339
17329.37157483135
18627.735876775907
19907.532686034247
21150.2022698701
22345.19238642713
23466.333201188896
24498.4159494574
25429.996248407373
26246.797799120697
26939.310396834284
27495.29918848532
27906.969553371342
28167.678997924213
28272.387344310482
28218.34847324842
28004.068145926558
27631.25718404957
27296.342319288124
26670.64500950926
25900.895154903974
25024.189624667884
24017.0289458046
22907.31374088729
21715.227998252933
20460.128388224188
19162.681141906607
17844.367413240434
16524.566220274868
15234.463262926309
13987.579746323909
12791.398832165789
11712.568204773888
10699.81352128828
9795.569781117596
9000.502589774364
8325.645474334258
7775.573395252561
7354.438666517113
7057.254611251778
6944.953357238178
6922.075530830295
7009.843390435297
7210.146115558934
7398.6453248585085
7775.9300167584415
8231.349875172264
8764.033276720269
9380.7923472864
10051.15314102895
10765.897480595402
11520.627618751028
12310.290739093098
13119.460079046066
13943.915278722006
14757.285306474136
15556.149649070107
16329.441089031248
17065.98321840361
17754.556290160257
18424.341563691185
19006.527256549958
19515.7202630086
19943.33988661805
20284.57423272874
20536.13036416132
20695.284331960567
20761.96058107332
20752.474024660838
20652.06378313266
20537.329284770305
20304.13793027161
20001.66759982914
19639.59824583085
19226.95746280713
18772.81018798081
18285.839059693397
17785.552424326954
17279.951166726933
16754.318811552
16223.884171036065
15694.398585066392
15169.301360358133
14692.111866508401
14203.010219810763
13729.653087840055
13272.956143864116
12848.90841163072
12441.896697879498
12065.256208095645
11723.910597253453
11423.073436903383
11197.263283306562
11004.61192907643
10870.7337902473
10816.073169090567
10810.478948156964
10859.4396291084
10973.545498484687
11151.819219769784
11388.688046489155
11676.04742692422
12003.444668781289
12358.397285314973
12735.423490853349
13109.341301539966
13465.210196979957
13790.74387526668
14071.941960107637
14296.751824941222
14454.298303094329
14536.7107949326
14538.465206631057
14456.686701731724
14291.023175208877
14043.516611834066
13718.345613517851
13321.47869979829
12869.864579723933
12357.897032726729
11799.70048706913
11410.404400078452
10800.086428617777
10183.376815446964
9551.43823267258
8920.050000290072
8299.207151503602
7701.51712553044
7128.993826868593
6589.785024435847
6089.58188002297
5637.546930840397
5232.248908160264
4876.774631162744
4573.996692164702
4324.309022197027
4127.208267539728
3980.6373059438647
3881.371644529564
3824.7540488333757
3805.687331503074
3818.1691705585167
3855.1110894455583
3909.2930788358894
3982.3527174214228
4053.3357790227938
4120.127665930311
4159.599273797162
4207.718526384286
4237.5970968969
4257.320651009233
4248.27955929565
4215.473246600049
4165.629800300072
4092.645505998421
4008.9722284962104
3910.141665928341
3803.5250417909615
3703.1584480278093
3607.583347592617
3519.110622960478
3444.1211766331953
3388.5617046200814
3356.063896977723
3353.045240479177
3375.0933728985924
3425.3726541478136
3508.507175376897
3614.263367558709
3745.388779971725
3896.196046154444
4062.1019937948577
4246.247752768135
4369.051998267587
4555.200343381802
4737.0499315214365
4909.931962331044
5068.439965786866
5212.007878966751
5331.107570775576
5424.566173861255
5493.203317150248
5581.443606026063
5611.319269490079
5629.242205161583
5624.603722872698
5618.492213279652
5603.7844327215635
5589.39204810104
5588.2453050355725
5602.387358528237
5664.390904322541
5753.712664571153
5879.237198406264
6072.635269513429
6310.732594716017
6606.392615454608
6961.7770043042265
7233.5148915914015
7687.7086736891015
8194.465058174359
8746.831735724616
9335.02568063411
9953.884378381868
10581.426217461545
11203.330697440513
11805.821027899628
12373.112635562493
12889.87076294142
13341.813117059002
13716.255488883733
14002.571499664817
14192.55395822074
14280.650212129038
14264.074163613715
14142.79680753792
13919.426627643215
13599.018929186921
13188.710712433081
12697.481676801013
12135.897498102924
11515.090081242295
10847.246190650474
10144.6839580751
9663.069917594208
8929.598672976354
8192.90948998087
7463.4647687239685
6750.694650089146
6062.687381408858
5406.286349319226
4787.705424005791
4209.76073585389
3675.902376232857
3187.483779747077
2744.987249438401
2347.9338548316073
1995.0259304135745
1684.2627424476775
1413.2160061356014
1180.707137975361
981.2645840221754
812.7303631794384
672.1025626103636
556.3491974607987
462.5566707157412
387.972393236248
330.6599904106667
288.17335389055216
257.4506372070344
242.81208342632667
229.39810066523663
223.22491471729745
223.44315585264061
271.65514391268346
299.1285331081005
343.4511379686183
393.8523660609182
457.67642958194085
535.8373193821373
631.495085003325
767.2072329975255
915.5526517825697
1107.9740460941696
1328.429382098997
1582.130033896779
1877.1220526872437
2216.091348512256
2627.4315593936385
3072.2566223930194
3572.227325255023
4117.464474903133
4705.361057510595
5333.172680125515
5994.108685008758
6448.973206579989
7145.473657465023
7853.737935893017
8566.731777485093
9256.934253875865
9921.343526086106
10547.054410314648
11123.457066868696
11640.60000726993
12089.686282588873
12463.350424843235
12755.942166325724
12963.14343515853
13082.600371703104
13114.079809616074
13058.093384419204
12916.501482079388
12696.568809229593
12398.494960444874
12033.51626927166
11604.872373466782
11122.323248726174
10595.14023367712
10032.692144809705
9444.135047585403
8843.255847183598
8436.496791401889
7828.778094277345
7228.150294174079
6666.629945193804
6117.032727808511
5597.538563957782
5116.21166417403
4678.055709458454
4286.780368027331
3947.2767750017792
3659.094991543682
3423.4217129295257
3240.8328788895906
3110.4162073879247
3030.2991991118697
2997.652750163096
3008.7022907475903
3058.753149757389
3142.2376390051045
3252.791286022631
3383.364597988026
3526.374662445481
3673.897837293036
3817.900934794067
3950.503980714745
4064.263271987584
4126.277617097502
4194.182326462101
4227.669357379895
4223.202071147067
4178.771314790543
4093.969198943627
3969.979319184563
3809.481926038312
3616.4794876473225
3396.0546536473707
3154.0780783043233
2896.8872935949016
