a = [8.87677678] b = [5.1908125] c = [9.95210354] ,Gaussian ,LMH = [0.16926523] ,DW = [1.80460907]
0.0
0.0
0.0
0.0
0.0
0.0
0.0
0.0
0.0
0.0
0.0
0.0
0.0
0.0
0.0
0.0
0.0
0.0
0.0
0.0
0.0
0.0
0.0
0.0
0.0
0.0
0.0
0.0
0.0
0.0
0.0
0.0
0.0
0.0
0.0
0.0
0.0
0.0
0.0
0.0
0.0
0.0
0.0
0.0
0.0
0.0
0.0
0.0
0.0
0.0
0.0
0.0
0.0
0.0
0.0
0.0
0.0
0.0
0.0
0.0
0.0
0.0
0.0
0.0
0.0
0.0
0.0
0.0
0.0
0.0
0.0
0.0
0.0
0.0
0.0
0.0
0.0
0.0
0.0
0.0
0.0
0.0
0.0
0.0
0.0
0.0
0.0
0.0
0.0
0.0
0.0
0.0
0.0
0.0
0.0
0.0
0.0
0.0
0.0
0.0
0.0
0.0
0.0
0.0
0.0
0.0
0.0
0.0
0.0
0.0
0.0
0.0
0.0
0.0
0.0
0.0
0.0
0.0
0.0
0.0
0.0
0.0
0.0
0.0
0.0
0.0
5.127458166100154e-29
1.2789532317777986e-28
2.9136911026468524e-28
6.062736009199567e-28
1.1522059525535886e-27
1.9999902441918873e-27
3.170749597858889e-27
4.591264585875291e-27
6.072101216444884e-27
7.334693824667233e-27
8.09210078506932e-27
8.154115952635026e-27
7.50462142323184e-27
6.308367721363188e-27
4.843301656309092e-27
3.396271053116732e-27
2.5490254666656717e-27
1.5368406614481465e-27
8.462911839660282e-28
4.256445697600754e-28
1.9552877697191823e-28
8.203715229610851e-29
3.143741119036073e-29
1.1003206933949195e-29
3.5174512900546484e-30
1.0270065407190023e-30
2.7387641424570083e-31
6.670714643988084e-32
2.929066708115863e-28
9.926573750961694e-27
3.106251521506456e-26
7.12521447977484e-26
1.4948526501446165e-25
2.868918795593809e-25
5.0350466855078755e-25
8.081933083085109e-25
1.1864596284366935e-24
1.5930135959783055e-24
1.956238060685532e-24
2.1972102446169043e-24
2.257291974246109e-24
2.121276004222473e-24
1.93694912741902e-24
1.5693128695341202e-24
1.1634120712917427e-24
7.893731641096758e-25
4.90322294899574e-25
2.789343343175288e-25
1.4540287767110814e-25
6.950260545320647e-26
3.0492301226546306e-26
1.2293201018894687e-26
4.561348185143528e-27
1.560639736348349e-27
4.9349608918430375e-28
1.4459959548992369e-28
3.93699193756921e-29
9.98772334914611e-30
2.3664797995765795e-30
5.2455514825150475e-31
1.0884639392100054e-31
2.1133141686530732e-32
3.8333423855755475e-33
6.481040830608393e-34
1.7421084779764935e-28
6.2986917328223934e-27
2.076382201396627e-26
4.9226041120096807e-26
8.329441397417762e-26
1.7020904117815904e-25
3.181439233925277e-25
5.439161851879613e-25
8.505559727971105e-25
1.2165598285855684e-24
1.5915576675026967e-24
1.904450151868174e-24
2.084376603977327e-24
2.0866226492540733e-24
1.9106234412457352e-24
1.60019282393147e-24
1.2258523717519176e-24
8.589642220607416e-25
5.505351425958058e-25
3.227524340197225e-25
1.7307295386007078e-25
8.489143767368052e-26
3.8086614011321246e-26
1.56297601228691e-26
5.866785704003364e-27
2.0142406401501567e-27
6.325278977303957e-28
1.816761536383991e-28
4.772627380527033e-29
1.8629158561048657e-29
4.2172835031757305e-30
8.731423705079784e-31
1.653245254983427e-31
2.8626993644696315e-32
4.53300132468085e-33
6.563753268354874e-34
8.690783729860577e-35
1.0521784108028028e-35
1.1647336034293555e-36
1.1788357761464763e-37
1.0908172339225844e-38
9.227945991678117e-40
7.136657345843458e-41
5.0454958231705735e-42
3.2607287904191605e-43
1.926239032871234e-44
1.0400961959782903e-45
5.133199917680424e-47
2.3154644329536705e-48
9.545697998456135e-50
3.59651410591949e-51
1.2383565993227562e-52
3.8965967611670566e-54
1.1204370331565016e-55
2.9440061363468507e-57
2.4748543902784327e-58
5.595287020124507e-60
0.0012360406390474782
0.0029700121607874725
0.006518084875983087
0.013065261345855816
0.02391952205376513
0.03999661153199865
0.061084385386864073
0.08520665635171773
0.10855582797063312
0.12631911409446225
0.13425216699131884
0.13031963169178912
0.11554061889639368
0.09356121248630042
0.06919796126322078
0.04674412809823954
0.02884012469429735
0.01625187638350114
0.008364619556949988
0.003932105683283303
0.0016882644551924314
0.0006620519638244067
0.00023712644234398646
7.757185895445333e-05
3.502017317926091e-05
9.850002633518284e-06
2.5304089209074816e-06
5.937195909707828e-07
1.2723551597641628e-07
2.4904145056288978e-08
4.4521647354419086e-09
7.269543165429332e-10
0.4849823475590058
1.1867736651890797
2.6524437104052465
5.414529919475791
10.095123719498575
17.1909089376244
26.737594963222232
37.982377555810544
49.28662526915949
58.52666625950925
63.56453264289011
63.47087102966648
58.5482729292924
50.743985450396366
42.69377567798581
36.81491091713792
34.47597057729952
34.909932877625096
37.68112494781277
41.26829452832456
43.61246112576807
43.217909787790774
39.615957999509526
33.39274767593212
25.818196511164214
18.291218573297453
11.869064238248704
7.052906150422233
3.8376023906162735
1.9119196152256088
0.8721249086855437
0.3642238657849608
0.1392572567483084
0.048741995426735664
0.015617022531770962
0.004580082827789707
0.0012294102487021706
0.00030201940543825566
6.789718492073396e-05
1.3967240911863363e-05
2.6288965853798644e-06
4.52691071886171e-07
7.13111165196632e-08
1.9795052927832518e-08
3.158072343055023
62.19345151063752
172.8924999959057
470.502640139746
1013.7006201208262
2001.3906125984875
3620.571933847237
6000.757985738686
9111.49284282005
12673.814772116348
16149.04872642135
18849.577542710893
20154.36370336439
19740.127760545307
17711.13133950066
14556.613896102988
10959.565601325614
7558.652181364518
4775.398156055609
2763.640273241371
1465.036485787396
711.3677058203039
316.37176507009787
128.86458422919156
48.0697256802516
23.720614027443762
7.640520594057037
2.2533187017178515
0.6083895135560625
0.1503677478677692
0.03401686308353436
0.0070429076521937185
0.0013343780572744476
0.0002313267805667293
3.668972485206597e-05
5.323371436025434e-06
7.064905140235805e-07
8.575474246340276e-08
9.519167377350833e-09
9.662454966242508e-10
8.967770321818709e-11
7.609443024337872e-12
5.902796081831187e-13
4.1856848684343364e-14
2.712992593839849e-15
1.6072211694474138e-16
8.702044914829076e-18
4.30587385339699e-19
1.9470322397877107e-20
8.045187763477595e-22
3.037606100460489e-23
3.251570064369229e-24
1.0564217578088935e-25
3.1749682817344145e-27
1.7524733404881647e-28
1.8818070485126918e-28
3.5050365952292137e-28
6.028606744982509e-28
9.47186103161084e-28
1.359222889002748e-27
1.7814857615206707e-27
2.132604582929904e-27
2.3317104919373396e-27
2.328494528704846e-27
2.1237926960869428e-27
1.7692342174881675e-27
1.3461543024888354e-27
9.354932607837641e-28
5.937762041057147e-28
3.442240587044024e-28
1.8226192764847986e-28
8.814283268475683e-29
3.893268482748812e-29
1.5706449081795706e-29
5.787326356400174e-30
1.9476649224192984e-30
242.81453562973869
619.6568055448569
1444.3221526901316
3074.7741920620165
5978.588854193394
10617.455642536475
17221.79949277836
25513.668479894644
34522.60774757
42664.88561300576
48158.60337142317
49649.34093093048
46750.83781674957
40206.99489600797
31582.76417751136
22658.698801819664
14847.594618178982
8886.148013008788
4857.438271678733
2425.142954236102
1105.8690503359016
460.58137263338165
175.20453445346268
60.872427382992726
19.316667521524163
5.598608452776849
2.331542325833724
0.5810119143343321
0.13224007251796605
0.027490169992416463
0.0052194901014375105
0.0009051384987174847
0.00014336340344730465
2.0739480518690487e-05
2.740272495146444e-06
3.306937107081744e-07
3.644973920496284e-08
3.669435189229701e-09
3.373963062914139e-10
2.8334642157883232e-11
2.173358884865738e-12
1.5225847223522731e-13
9.742441233538942e-15
0.10331264716376932
0.2608124318585158
0.6013667248486386
1.2664463749357782
2.4359620762240604
4.2794755213105615
6.866681067941103
10.0632789795339
13.470026647844213
15.556755673787075
17.903659798399588
18.81918922191019
18.067426942388845
15.842656711129417
2833.116981729631
6666.73605729124
102037.32882676287
269478.70441621577
593462.2537941089
1200813.176519934
2231515.410160552
3807452.5625056867
5963246.598570265
8571941.872309983
11308030.92723596
13689423.732024616
15208042.809447655
15504622.393083895
14506606.856727285
12456869.235990666
9817840.481335327
7102637.9827848775
4717036.980522333
2876414.7835122216
1972981.4908681219
1044634.8892667736
508844.6503797261
228512.9607864003
94979.05705668248
36785.63112821185
13423.555558135458
4690.856812947533
1601.3925865124859
543.6907975359774
184.8979887038129
62.49258549200981
20.60657744737746
6.494177966234791
1.9234246164906024
0.5292122644909887
0.13429345758551273
0.03129709813595198
0.006682256404974972
0.0013053278134720588
0.00023311130128588945
3.804268306622065e-05
5.67206900391633e-06
7.725350520655807e-07
9.611032437885607e-08
1.0921436792378154e-08
2.4364524114077365e-09
0.5645876008474624
1.4172256124991165
3.2492487086679254
44.35690081274515
113.83545025558912
246.71157631378722
491.7972403295118
901.2384247770101
1517.657581211222
2347.7974701726957
3335.9205596718457
4353.022205835921
5216.352210862215
5740.4454371891525
5801.525229689761
5384.905160646046
4590.6483566486495
3594.5494718888267
3303.540531798153
3449.122215542937
20541.821533413637
52493.423535201735
129853.48826039876
273188.679852649
529504.970498746
785828.1502339792
1324756.5414778162
2052184.5628835585
2920933.8135738405
3833633.8720853417
4626212.784494831
5148377.641676068
5307072.882727975
5105333.8245412735
4643702.5111698285
4077474.4370725565
3552151.6984083257
3149657.3112801644
2870194.186645945
2653638.90137414
2423702.099526113
2129452.3078561844
1765080.6012515137
1363815.1414932215
975656.7088352436
643862.8732557881
391185.2755486056
218565.03181313453
112225.28003052618
52930.06193350956
30586.17453722419
12510.17927438393
4695.366150981139
1616.551858153199
510.3543680006073
147.69510743223404
39.167569690356665
9.515102618730037
2.116870126120637
0.4311664590360664
0.08038058459144905
0.013712221494221478
0.002140028722044497
0.0003054924950513949
3.9881698787823436e-05
4.760694661286182e-06
5.195529215065818e-07
5.1832050050015165e-08
4.726383238804214e-09
3.938946462341471e-10
2.999961424764474e-11
2.0878735227355604e-12
0.0033493376621041297
0.008299292311796064
0.018782763741041958
0.20983617640871505
0.3713558672805575
0.8957069187872838
1.8449001608901827
3.500636767431132
6.114622788097396
9.82658383651369
14.523863112154586
19.738298271963963
24.662642580156017
28.331301719881587
29.923507091759664
29.06124852346727
25.954437257883587
21.317526805052935
16.10296713264473
11.186957109251692
7.146950431273402
4.198254114560005
2.433660718543388
1.5492528768349327
1.4993396068143139
10.197166934839855
23.92103071282949
57.27216381352561
118.14712044114887
224.7622652747752
329.70246117712054
546.7433311103731
834.3129436006758
1171.1673013228906
1512.101617841279
1795.548679246738
1961.0248717164443
1970.0678544102727
1820.7234260610544
1548.1955898214744
1211.3780559975055
872.2995972079972
578.2052352750862
352.97335700630936
198.67456719670415
103.37504378657215
50.00634102844282
22.75096057941068
9.946205144119553
4.320418961500157
1.936386557616358
0.9138457568203536
0.4478973460896808
0.21970434561470498
0.10394679518745152
0.04624409120488869
0.025849852597061632
0.010086785835968684
0.003610684107490771
0.0011829767826466984
0.00035435309456034687
9.69932341958614e-05
2.425397228373068e-05
5.539983298157911e-06
1.1558281420019162e-06
2.2025479704606537e-07
3.833531823516844e-08
6.094128569451695e-09
17.102027176928935
41.93267491401763
93.90610953898626
192.0752626762917
358.82717778112595
612.2594951687215
954.1618207376052
1358.1409594073348
1765.6473434028155
2096.521834408764
2273.6893124858098
2278.7927611045748
2103.827653323199
1928.1308618101316
1657.5803797420695
1486.0637329424558
1514.9950602475642
1796.1296580671192
2310.255885848325
2962.7421957006313
3600.633415823377
4054.307324946336
4192.770894887568
3969.914121492668
3438.6141556008306
2725.0859063479943
1977.6407224905633
1316.4478525526026
806.050790651974
456.01661360314927
240.03526162788518
118.73802968183055
55.91569056846056
25.419324848981727
11.278463511563004
4.901488968705633
2.074788465551977
0.8451405287613928
0.32667484043832545
0.1673252020349705
0.05775143297926823
0.018427624749900104
0.005410411519387206
0.0014573449978950285
16.285706596483692
41.54825866364236
96.88931796076643
208.2179031610278
405.88843673737887
725.6976198517398
1184.3030195219744
1770.3091623344321
2423.950742367513
3045.2513466643127
3517.0264651684515
3744.2603980511326
3688.6393268819543
3380.443602719791
2902.0547617084253
2353.654814236101
1820.0641887956986
1353.1772856415027
972.4504892300425
676.018618065523
452.8256958133908
338.4902731675026
223.7622984527837
156.70347306128886
142.51901778675315
186.17628327294258
295.7483104077372
476.8306391712014
723.8129194115602
1011.7117330770326
1294.3831634919177
1513.4247455097411
1616.478332665254
1577.0362615009292
1405.280332477823
1144.7563026492144
852.6816176621436
582.6898950394555
457.93169361575514
440.614430546744
625.1446984348094
3458.5529842681226
8505.972466368745
19240.61499287603
39695.26539190402
74912.29419274005
109557.99484756682
181374.7679506739
277093.6709912759
390369.4745190981
506948.1462661689
607017.5616291298
670041.9199218085
682230.8846736378
647253.5160766405
571871.9369633952
484159.20991250064
410428.43838634435
378673.4147619179
408270.6654049138
506208.56705227186
663720.120423513
855559.9036977312
1043559.0989172208
1185280.779539466
1246223.1165861408
1210650.7982163008
1086302.412684047
900607.9380014968
690372.3182851927
489871.8094614969
322336.3855683814
234162.17126560645
136870.75507215768
75101.49572142793
39057.734010065076
19503.525550522118
9489.689980228935
4555.274628932839
2168.24712575202
1018.6775395944567
466.8674385271009
205.89883902409454
86.40638263608848
34.266730736934505
12.810081473445475
4.519426668881382
112.76492334387764
276.4303090090868
625.2884572982681
1303.7221596445745
9411.448580685978
20769.52068278623
45297.834921661764
88061.16866529324
157849.876811102
262081.37144368663
402058.0097317679
511829.70500924526
688230.3607897974
855168.5250340331
982444.9843078888
1044344.9659501059
1028198.8584199216
938584.8016329188
795284.3160178424
626208.884396175
458728.1659755226
312977.68906891946
199096.34314213798
118209.57570624386
65640.71655516425
34180.36321333622
16889.021522886458
9774.09254732713
8806.833396686077
13409.062931411685
26361.019084027383
49097.21719152676
85790.58316473571
139011.95573243705
208220.09761599445
287970.51248737174
367569.0530048945
413651.21759732044
461943.53092637437
476310.2774166304
453627.7576969983
399189.54538878857
324815.21317591576
244456.04601908266
170469.34511565755
110843.54861910557
68341.38114394432
41989.94355387388
28584.563153941508
24255.424474744486
25371.288000103475
28895.332599475063
32471.81164748293
34471.48569728313
34051.47059635514
31155.105667120963
26369.118277293794
20639.277804004025
14936.276671539124
9990.842441741945
6173.925465215797
3522.5546550759254
2317.4589314300033
1156.4748283779836
533.9111862949266
230.22821509510442
96.90029045606312
46.60776008947636
34.68493259104766
41.1628410119409
57.88154308101535
80.71483316106492
105.67627103425518
127.79748350533559
142.2472068123706
145.17440114122383
136.26768239115546
118.54242562144381
112.493823565195
120.64357688384716
163.8207524606487
282.2703822761025
496.54165511242724
847.173335849849
1357.0789998304454
2020.3929292784744
2781.8470469527992
3540.924274950241
3981.585063357323
4450.063401631669
4607.990624855732
4429.723851928488
3964.4428361791292
3315.6455110739435
2604.2135576733576
1932.7167033562805
1364.7844283459794
923.2314343459187
601.2858122477165
377.6213064724663
228.0768497389814
131.650399171486
72.02443010554714
37.030167866004
17.757385805641995
7.894572910392354
3.2391909031454595
1.2226075847646525
0.423535136954844
0.1344503410977098
0.03906971455756218
0.0103850874645709
0.0025238269131588604
0.0005605902106635838
0.00019556233862715375
3.7373803359418596e-05
6.525196139268374e-06
1.040711423672879e-06
1.5161939124063485e-07
2.0176759098106574e-08
1.7506096614428932
4.426306594161471
10.221861001024877
21.560297820911792
105.10861940932901
249.3514257798145
524.7730134492448
1084.436857201532
2016.5427518168399
3492.940619935751
5607.337750299312
8336.060570368863
11464.82774156245
14790.243852096322
17662.465476406585
19849.625818723132
21260.54274991897
22149.005760818145
23063.258426068493
23973.93122315925
26065.72509238229
28985.743741828614
32212.117928908334
34854.95963536237
35984.68919849123
34992.096625445934
31815.852459211423
26942.547156066797
21205.15541597961
15492.183050773829
10497.631206334523
6594.320853412448
3841.010684669098
2078.3685870536324
1050.3869367165428
502.02003915484937
232.45959373691537
108.31543160499254
52.8765591903199
27.7016672677598
15.402032131972124
27.84610322162004
52.452776074365026
117.35628649215641
239.36524861042358
369.30219612960116
664.0650275174391
1093.5195637154075
1707.9886046997467
2431.897439016461
3234.7929131072383
4053.9488522962797
5096.611234674286
6176.962476735638
7607.2535471796755
9624.595743211368
12490.661785625949
16433.64613958944
21476.50423603421
27331.380283184437
33342.61552424875
38564.81193702121
41972.65959777224
42790.54857017141
40754.288902664
36214.320444184035
30018.971920342534
23237.594149703444
16848.462720696236
11512.820506784421
7497.809979012191
5542.115420335053
3494.1142361046636
2247.758563173142
1528.431441904973
1432.8443466975095
1784.4011835426102
2847.189231453886
5253.641499053434
9486.684394906479
16261.96953103081
26094.37266959009
38932.77266150529
53872.36537890004
69080.38866695685
82107.65555438178
90526.59521181816
92674.97322339726
88179.13362531508
78039.64427828729
64266.808104728654
49247.83381644372
35106.90739581569
23272.74344339227
14346.0771566986
8230.345240498838
5466.5567261763235
2801.9523240160197
1357.3985205438705
631.8404305821002
293.659034195941
150.06602639044434
102.17553106950459
103.95249210666263
134.0155697156218
179.50320757111538
228.67398874835288
269.341547305842
290.83843685047583
287.1747501816656
259.0835343295158
213.5120368539117
160.7157429218673
110.49342407529852
69.38292642211157
40.362379504416644
22.235031300999676
13.073264280121725
10.672473573884243
26.72952073340289
57.4255035725794
116.92228572724146
183.45069054222665
356.2417812826216
628.3906487597405
1033.6664187281863
1580.0519380751282
2293.2200042345316
3068.4566329939576
3861.915855182077
4608.939310625652
5279.527108810946
5891.593440627163
6483.710287817605
7075.050286360698
7627.139780595356
8037.502955471029
8170.289955553382
7918.6250473292675
7255.368704827468
6251.951795840465
5122.739552139135
4002.484929249953
3113.326871387275
2652.009876041376
2706.410741359723
3356.717540497443
4592.601978390818
5690.149601560695
7587.86905323783
9509.437013999996
11115.739787762783
12070.560195044507
12201.886995500363
11521.413083297219
10291.232282841303
8776.526059215728
7374.719618253018
6411.560828756521
6112.688786911512
10587.165042497318
17544.162845790288
31391.302563202964
58071.915257275235
101184.52965734137
166691.58301207243
256912.1686072468
374971.4588390421
506292.09601322573
640733.2228622896
768658.9771848401
880015.4227075157
977283.5998769584
1067824.2396091793
1128173.6310115473
1219594.592772241
1304042.8476402587
1363254.3127804971
1375446.1963640146
1324587.394187191
1207825.9314972432
1037232.6721176708
836680.9368540819
632855.7343107101
449932.4512645621
304182.2733741944
203630.14270649105
146683.2521008623
128051.35080110992
139129.8859857598
169755.10705317036
208960.20909964817
245868.87829038518
271133.33634771954
278614.2581966084
266533.52885592944
237480.6338806576
197389.31736218513
153107.7732947128
124581.67356006484
87028.50973130981
58384.355789474386
46611.90407053293
48850.64736055665
70411.61148029049
122520.67788072025
212890.4552935357
354748.41398058494
554486.7560067407
807338.593486877
1092019.5013442792
1370316.1010990238
1596301.249863485
1728736.6205599855
1743708.673427061
1641809.5955014988
1446330.5121457232
1194795.6944259978
927751.0404317143
679050.8705910952
470311.69475990225
309972.0671099012
195954.32614228933
120416.56795677124
73005.99482339757
52624.01497525201
33760.36774493749
25131.44400468394
23668.362591889338
27900.87560186057
36563.09612562047
48102.473657538976
60446.7958647561
71195.31975319423
78131.98899307621
79812.13909140589
75939.72345201625
67369.60516314705
55762.06509091365
43061.266610551786
31000.242478513934
20774.286382871298
12933.007872281316
7462.6959011488625
3982.022100086814
1960.4967818999246
890.2767076131069
374.11898146494065
150.26132469461598
67.85159784620515
84.67675841513633
122.58507928645642
241.67447660280936
469.27533774651914
860.4823034892734
1475.2773040440545
4792.410274646577
9373.458863280146
17764.045149768248
33188.14464235667
57675.358431036526
94201.01016044916
143638.0657892845
203630.1046580995
267857.57367058896
326803.2138143938
370096.51704292424
389603.4405449665
381916.52446323296
349207.73019495327
298170.5861996067
237871.05249898357
177278.12272527657
123380.77148520185
80241.17376754692
48981.602265317546
34245.274066566315
19668.82085237861
11672.410495273896
7821.352023031474
6273.1616159517225
5900.710038664641
8142.282073086801
12289.974342793785
20442.487178482563
35600.13575942445
63501.7949282732
106232.02303957287
167357.93147989962
246301.8350652073
337343.1142550812
429518.325719065
508836.40803115256
562038.24930395
580418.015137804
562093.1978901289
511927.46466899896
439535.0430569527
356447.45003745967
273459.16229662474
198767.56259191435
137130.07336736668
104117.6305142155
66168.9779564746
40143.359533631854
23275.373242765265
12894.09368607114
6834.895091057626
3478.884424663049
1753.5275117197214
983.5824753193036
770.5033576836629
901.7519973929067
1265.4897463044106
1771.205599616959
2448.6136677362742
3165.999746112332
3953.352663151988
4923.5680478588265
6883.013683659189
9680.03194136292
14059.373053889778
20616.314418950315
29401.68773346736
40299.81406479805
52603.31779506319
65099.12537197412
76190.70338820863
81969.42081339285
87290.04150812312
87711.2932072002
83323.21242266112
75052.85577778859
64453.517385004365
57354.28504975295
52939.0696497517
56671.111904493926
74256.1992312879
110637.34349291801
170138.31915487465
255193.9978000905
361645.3693175945
478945.1240343009
591278.489803232
681032.5282672767
734067.7138479982
743944.7926080078
712727.0691285164
649169.596729829
565298.8242472268
473118.05179220095
382426.10865812586
299866.513726052
228913.83113156675
188583.3633691073
138108.2750362122
98390.54380782752
67799.813912195
44842.20205526836
28229.753131695412
16785.615165267034
9368.169096389294
4886.20402767656
2379.888586523589
1104.2040039767546
521.8462479653749
318.4877160466518
325.1399456786524
480.91513175709366
745.3416696514847
1111.8692421691658
1563.0614161237156
2060.9364983985474
2554.4376627003203
2992.685978057616
3333.9955014528973
3553.2022112284412
3640.220056862353
3594.8995447815223
3494.566090370011
3246.402096254245
2898.832496347
2480.1830804559618
2027.044223915749
1587.958533620961
1195.3550647972866
886.0127346784034
682.5433072131692
595.4481621365253
622.5867336099168
1241.0252372125376
2135.373691597943
3796.254740408977
6772.4391079822
11597.398275931817
18745.33997937132
28409.285359828355
40119.14121537791
52639.50823069988
64140.14914483847
72717.69990083162
76839.28238614638
75949.5941931685
70493.89097801597
61696.253640327275
54768.30832535443
43994.36599832166
33971.318009303635
25607.077061787313
19254.5240266507
14942.922634363118
12147.184130915439
10521.988135440568
9784.833024248444
9844.81740153079
13675.004357832257
20667.56674497297
34209.91968193654
59411.92154220661
104203.23282742387
175685.35000501652
279461.43674283905
416667.3956721613
578689.8923116861
747115.6115024711
896737.8247561199
1002486.6953569804
1046553.9599018616
1023510.0807254538
940581.977803436
814369.1967035589
716401.7815589575
564214.5048722172
421474.2071369118
300612.0710500175
207846.1613636604
142613.63400813562
100767.24049313033
76311.07478777482
63469.520456661725
57903.060465461414
56837.31400537764
58483.36228390937
61434.152434492215
64326.28243717567
65867.58207021633
65257.669514013425
61963.23805022874
56348.68730252797
49274.679543518585
41856.2044446661
35279.32780504565
30384.716057004534
27635.684011707464
26942.68012123239
27788.6768401385
28830.727337267886
30564.10865844043
37317.699938891325
45386.01465421753
60088.82513252763
87115.71954899158
131898.09254242867
198991.94106491483
289526.6552195048
398113.11612433865
512234.51360341907
614496.1395996675
687425.1230389632
718719.9714362012
704519.4611640419
649510.2571824329
564541.0755879965
463058.7026818288
358357.7417287144
261473.69633982613
180025.52265134765
117585.01318317506
74142.87654635473
46972.65777482078
31979.115036866766
25017.85638496428
23405.667403002233
23067.60442811004
24338.666759108262
26934.98547000022
31649.958988262515
39024.9766875267
49819.27174848354
63846.23167837124
79765.40751580687
95207.56612878492
107387.81028376259
113962.61072483525
113729.6155911092
106867.734638654
94697.18696336336
79179.5438473308
62415.113680021306
46270.43700633603
32142.488199100586
20834.963217901444
12549.271453740057
7010.47899383878
3634.659354504845
1784.6662604792318
909.4062960489059
617.4463913297844
624.3029495611188
828.9763322922553
1185.7299918781755
1612.6518164231204
2023.376587680144
2330.117011957889
2467.352245420016
2452.8045196288354
2361.3991384815868
2313.1394610494194
2531.154895613757
3336.6211361751048
5123.752528194974
8082.9555696268735
16136.93783582433
27157.614799434465
44779.58538502457
72132.486591917
113660.26439513615
169689.46241464253
240046.83805977448
319443.0824653732
398175.56388343294
464146.58265375096
506319.11702357023
517682.58311072
508352.11215049174
470565.7451505225
411574.04197013343
340435.115520618
266073.4652213329
196214.3495163871
136201.2272035573
89168.21451514315
55758.453194834816
34750.28022149555
23640.103949116932
19699.00232177804
20355.845270850798
23464.060065495716
27270.26619155619
30477.509932659257
32274.07551356192
32363.666370546387
30870.53329685655
28213.106571954962
24901.95143292459
21403.513818627056
18057.231550061577
15066.535226546177
12511.541330640668
11046.70725385202
9160.135129842587
7568.738542421688
6189.5045101616515
4964.235931010383
3867.165125440265
2899.564170144488
2076.467945130078
1411.5389031004197
916.5700249527852
574.0707520572597
371.8706818178843
294.70655343770517
335.8259947659
492.3123723214595
759.5588983250055
1121.5755290713323
1538.6782144193826
1946.3262401121601
2271.2848302348943
2452.8816036955336
2462.968716522148
2315.2588495722407
2081.687801747854
1804.9588655695504
1563.758130649025
1451.648841904377
1418.0292180722574
1550.107537153707
1877.9268774405487
2401.2227614255867
3094.061347461135
3880.2078313380703
4671.531493483696
5367.425810529649
5875.859478850373
6128.908028059368
6091.729655920395
5773.321849117331
5218.5189739133775
4505.862870460345
3726.3958284064756
2965.6755928049947
2289.547111796568
1737.2174820166545
1320.5623663518315
1027.7174923350751
830.0879563216969
692.1516280373987
581.9727268754832
478.97201305768664
377.3650202126246
311.39809320415355
221.73610610673745
150.55243861746192
102.92558954077258
79.23281998734494
76.77586631385414
89.73086335936523
200.11556557928483
356.9618408195668
657.4546417446817
1206.258551939568
2133.2553304743797
3552.476160125823
5493.461615116783
12767.080110005145
22079.51917175648
38199.49775007827
65337.16406884619
110200.17932549733
175385.3329092573
262472.0119323796
366330.6170533533
475118.1256876351
572552.6023707957
642705.2371068067
668670.5742532221
673407.4295307879
639929.9979090011
576471.7012427252
493762.3296508287
402421.85076282156
311900.0738753154
229793.13954113147
161302.91535781813
108752.17203197436
71615.575444345
47273.50697144394
32195.647853913237
23026.03321111175
17208.719026045736
13125.508755131485
9925.91718245672
7265.009220490371
5060.775310269077
3323.634040605141
2057.3211781533
1218.2675122382545
723.3550722901705
471.75302318225175
369.20143621952695
342.1661076367184
340.9121311003682
341.48155757906363
331.63884764067825
306.9224626322739
269.6243146359925
224.65729565374556
179.41711422893727
138.41976968655476
107.72052868567638
92.03944089498016
192.22709280600384
353.86634754301195
683.8046620807161
1275.9329820247951
2236.212129942141
3639.802510697556
5471.928360506835
11874.052486834758
19960.017189659542
33864.50405554046
57306.23515089397
95948.39167621439
152423.82291564828
227914.16926505606
317934.684280598
412123.85295926244
470290.9590594053
540020.3723800865
579325.3079628189
583822.199411041
555952.7555323149
502750.46030007704
432920.6940296953
355106.99277787673
276658.6190504476
204147.53272956648
142797.01868058508
95874.6441712831
64458.944504064384
47010.0873050776
40645.95715020823
41630.262295222456
46224.279039437926
51281.88882673128
54629.24196798608
55194.38097659544
52864.164357807356
48144.53626936613
41792.770915532215
34572.10508865173
27165.531683538804
22421.556475652218
15969.980108421867
10638.875644950429
6598.585821320071
3815.120402982125
2078.1378778812077
1119.3988550671934
687.4684725901673
595.4471702399501
735.2621501941081
1034.2409524941743
1448.772418388103
1925.3430767064199
2394.7946768601323
2781.5567267795577
3023.5748966593433
3090.081898678139
2994.9353883072386
2765.590072969853
2454.4676243499475
2112.18315572719
1785.1593401372463
1512.8369350560433
1322.7720448079856
1489.6316780352731
1902.0296422634005
2426.7086488530967
3812.823541591705
6240.615551174447
10227.752478268918
15896.400325876455
23206.34329732382
31609.119593053285
39968.25874792855
47052.172750052814
51839.912495571814
53879.22295917918
53352.42036799517
50835.43528998259
48975.44389567247
47677.51333458669
49486.03587658377
57745.81748055204
76567.96832858531
111628.24819812839
164155.7924061828
233728.80003631517
314168.8970507742
394713.53347131476
462981.4201916871
508597.7222716306
526597.8462250348
523405.8834012989
498939.8954497774
456004.8993383272
400335.4672495121
337138.77647889603
271451.04776847287
208313.4934000568
152197.10092032087
106064.67626183608
70829.87518242883
45596.316770149504
28433.45606841459
17221.133042355777
10133.722197526176
5824.042632737596
3353.417768076398
2081.3617628469656
1664.771140694299
1778.9491622569894
2321.319863014422
3933.83419153149
6303.72597833773
10293.074485492258
16571.667107379588
25854.039632382402
38840.30078888213
49191.79450725325
66579.60934279206
84424.53218287816
100221.24949066553
111560.7544844878
116861.09614815914
115776.09514063664
109092.06090112726
98364.12397554176
85114.96375543991
70844.7771816793
56892.16646924157
44484.69255886417
34802.84299784514
28569.257478659816
26037.76524895067
26689.98124169473
29544.589324810462
33526.55939568291
37539.92317482098
41154.58338757468
44325.9244573033
47392.35765923954
50667.33516339574
54265.891134556776
56802.56706224584
60534.186106513174
63774.67197581291
65952.82087438798
66597.23174907843
65456.384355597904
62561.710279739746
58199.03997641876
52775.315926679476
46676.83858604141
40221.65434800726
33694.27290927685
27391.189455271844
21611.529638983407
16595.700153529637
12462.221961333413
9192.982152783443
6673.644530622856
4756.916238464601
3310.707970674754
2235.2500421015275
1456.0722579042445
919.9435180288353
568.7534579388798
364.2363098192648
274.52396526757406
269.11103561625026
334.62972678708536
479.9992119779077
690.2126536662465
936.9298018882436
1177.3420701316618
1414.6704249309314
1588.1526878395318
1738.5726453788202
1945.9753023038793
2334.912519908212
3062.809679258301
4189.082737518591
5710.963138676465
7480.152187362218
9242.749701062088
10727.012621143791
11695.55396598239
12061.593668545991
11867.310446449581
11262.789244193063
10447.647991076225
9533.787540053921
8959.405613181449
8800.201114368992
9533.498196763454
10808.110300407803
14344.685389570717
20335.44732083119
29322.58399355361
41051.478210469875
54580.46375911504
68501.68086555066
81199.5605225945
91455.2978177744
98900.85055372283
104286.64063568664
108105.98169975636
110876.12787351057
112206.18794293184
111120.66118584806
106775.93734608614
99074.91279519227
88812.78659701347
77457.30971448473
66059.50507259333
55493.37231053141
46581.94308491983
39371.90697774559
34615.258828834085
33015.09368651444
34061.33140852481
39160.6730199687
48202.82546371209
60179.17096329735
73388.11177574501
85631.05605514327
94763.86218171367
99277.6016030544
98695.10207316393
93566.67728058508
85078.69848224637
74526.23197640637
63045.72741519191
51367.19794842387
40210.012536700895
30302.101053862934
22371.85276693875
17001.164926863054
14366.59703470375
14202.852731039082
15840.361406699576
18353.737946201247
20804.81911473607
22494.781505569044
23060.810388834947
22713.744845412035
22054.774339219606
20802.76424059123
19709.38488566825
19280.49815580256
19957.853050080612
21985.209427319867
25304.56609751792
29475.218547870318
33692.1599649086
37033.22002747134
38782.34472203338
38660.803858618085
36838.3025503674
33746.606347376466
29843.2633991552
25478.36993432793
20901.440559341463
16362.124685837714
12125.856695619348
8478.477682642319
5632.7264231719955
3669.215969929903
2536.5181971661223
2130.0083268485528
2232.970459293257
2710.0648078267363
3192.0167994783037
4151.807101468406
5424.840224402332
7115.519745006116
9217.509918537691
11655.861035762216
14314.099350541868
16758.489097657508
18767.238984120395
20254.741637758823
21351.333109222604
22354.50960830743
23469.82073544979
24708.796714280783
25852.859243367184
26524.453859266698
26384.46948458337
25300.81788575857
23389.020796686556
20939.780430749168
18262.771010203
15570.596022965155
12955.846646765143
10448.716562552625
8089.653075185272
6063.359202413532
4907.727334443843
3604.892132466011
2933.1524747622607
2983.089683650687
3816.729892847464
5394.544082028702
7563.031978047647
10029.325458897054
12513.52844982983
14560.294645171765
16024.491076202234
17026.50915078817
17934.01855842684
19205.443531208235
21326.6289269162
24185.890430575244
27521.44771229811
30767.251410421064
33331.714163765835
34864.20448918831
35343.26179733911
34964.78698306023
34032.5708679754
32718.93057695204
31010.7942971047
29616.144176367587
27135.41638388904
24319.103229676733
21416.802561178465
18759.93994450834
16472.094856654643
14651.028864800368
13333.35079893479
12564.83293479338
12418.272819424034
12997.549503031423
14194.19030467052
15810.780383239317
17471.800339911017
18739.205407646656
19280.651748799984
18982.169740416986
17963.333972462082
16477.690834674468
14769.141341368042
12986.737735679662
11317.752941762918
9849.208366644512
8709.687892253918
8350.683466191122
9262.87851411302
10799.85425894656
14789.683255892094
20572.143398813583
27579.361690929058
34750.114265727854
40825.283303677585
44767.941342514954
46112.81753782818
45053.13106738309
42217.86786639302
38353.571183308995
33923.054021852455
29204.82667344201
24384.953205173373
19724.56977620744
15608.930700480107
12398.100945592329
10281.483293639323
9184.978865758863
8802.601080224733
8738.243201802874
8658.914779957295
8383.913439237549
7912.461864508787
7286.106173977001
6599.75233652192
6149.27999544719
5538.503900401063
5102.788034065325
4923.264785908325
5082.443592307815
5600.0362132840555
6424.193374197052
7438.674102325331
8510.055121099205
9511.678336949257
10336.689404594483
12213.55162974612
14560.758615491917
18736.51623410745
26617.03273388148
40550.04213955419
62776.252558432774
95197.54726031891
135519.23299406614
179697.13766297273
220940.09545267926
252174.87818750125
268638.1592817941
269524.9592218163
257698.1861324974
244999.7269146877
221824.82744538516
195939.9793759321
168277.1527209016
139126.9158743607
109366.58171304988
80786.11035458055
55596.3720420678
35494.17772594596
21086.205475669154
11890.65580414289
6755.601114117396
4356.875419227282
3543.3521941461167
4324.758223380936
5834.256538593089
8687.034310368417
13934.290907428203
22939.051731967702
36954.915491647145
56937.49673486369
81301.63309214318
107442.15503987556
131258.88618728973
148682.76387478347
157187.88275294367
157745.9843752385
152192.3274669308
141413.9157110422
127929.1847467403
113177.107005185
97501.31312324009
80947.79460116015
63980.06229566558
47682.36606970502
33402.278515253034
22156.291819234062
14268.645640284636
9392.82859965428
6768.335166926674
5560.900084638992
5092.107945220668
4925.736270271381
4835.329759986857
4723.8499127698215
4544.4572203171665
4276.605774541877
3918.0839677098875
3491.9610020830046
3043.486368741876
2624.8738324028172
2271.4592934778752
2077.53983592413
1859.6863241931808
1730.6520433032813
1670.578495917604
1723.9200896460543
1959.246269399622
2454.531513362659
3269.445050953411
4370.86873985193
5644.0557314554735
6871.7594707098815
9042.906452881874
11338.680116543908
14948.904996754452
21268.165389290312
31924.914647046164
48206.36391747993
70869.92346332032
97632.12340512779
125198.59004994205
148964.98106959267
164899.4456384359
170969.36498193257
167948.48261315277
158629.95362504892
150536.42893924905
137361.50682550867
123806.90158050827
110736.378446711
97021.44983849484
83897.15712361415
73198.26294862293
67330.77119573554
68232.50241187013
76899.46970319872
91426.91701846039
108859.22944504952
125082.10229488312
136406.08844978287
140804.61603749805
138392.1455251857
130860.9052983458
120391.75727698325
108582.7891634242
96082.912207052
82939.47508536487
69233.02272108555
55452.16958224439
42454.93848411984
31123.057791728068
22012.033026673013
17238.906324047373
11866.662873649173
8265.109384834728
5962.317606124851
4530.306892314311
3632.097276170897
3050.386099864237
2607.1529359532224
2270.0615903897856
2070.2387599351323
2077.3873942292007
2353.523350446345
2920.304843945527
3687.5195284118076
4667.005601605326
5638.308016053288
6642.907093279127
7882.489214176612
9737.27047610979
12753.091652469939
17218.90094089382
23337.496216706226
30453.769809705176
37708.52498958566
43979.57422596147
48388.23588605668
50052.604701993005
50728.18308840731
49641.31155928449
47345.57649051106
44218.882282071776
40393.80554967405
35893.49549248708
30821.091196468613
25447.669562700587
20155.767406084
15309.892618595406
11154.328319744858
7786.970071600117
5200.694074268083
3310.5942298341465
2016.5942003938073
1209.291862018301
784.6765054311431
652.216949566392
733.4934234006787
957.9120614335428
1256.2576094000015
1556.5134398623857
2271.812865652554
3159.776071489486
4695.478507109162
6376.877464986913
10417.498654433504
16918.629416931017
26355.44373114121
38361.7849713549
51806.62544976731
64910.79477723076
75736.16823447967
82956.01339929173
86284.93471966207
86406.87475268287
84403.3778919676
81061.5623115433
76540.74637321365
70581.89326981964
63005.84096714155
54151.749929786034
44748.52778171776
35771.19163340456
28022.14884236722
21954.289514832668
17702.233676772557
15185.067354472527
14229.927664382618
14412.99771225347
14934.971543454729
15895.611774248835
16609.062981388477
16779.11787717348
16338.618308192275
15529.395743239917
14706.789133871502
14183.114287243674
14124.919332452851
14545.86646614633
15356.497709049949
16300.821542990374
17124.759310337187
17556.653462214137
17410.942764808766
16664.13925481862
15468.167594741326
14068.074408961997
12674.665767245795
11375.944100467326
10122.799756108452
8819.55749815688
7426.7273134502975
5989.248681109875
4642.4908262261715
3531.1386682552757
2974.7401793348686
2429.689919249513
2193.0441207411795
2166.654837315456
2233.470547206222
2384.81360500556
2728.496233567469
3245.5827795904997
4269.429299070897
6213.6996752059995
9499.182564916788
14431.723804445315
20995.81353272599
28600.145950100865
36189.279291923434
42495.016023623684
46442.70339842943
47581.304668965546
46231.97585845046
43403.054713653815
40035.94561233981
36847.738719977366
34154.307681721715
31975.21059783766
30310.910771006536
29324.07352674145
29107.662737257306
29473.359837870677
30400.89182550219
31364.14993755664
31761.84327526186
31227.02358272456
29782.970967923462
27760.49199955864
25544.860260873586
23654.94280088112
21930.94752891211
20543.845172158883
19821.48318060917
20374.094738356343
22948.89739041516
28042.98455606583
35713.87679928493
44678.45887029119
53290.62426416831
59676.50563880474
62571.68564709357
61874.823363844815
58474.06040042439
53844.48132420623
49212.50621489223
46409.258353601916
42550.140522788686
38675.420677901755
34373.693456261004
29534.18019784128
24458.082413712797
19606.98487995107
15379.170387326474
11983.459887420087
9444.660502591863
7655.499819285198
6453.48277451955
5652.83365283905
5072.980940095489
4566.732713084707
4047.853713081607
3494.638240645545
2937.619434058717
2420.808164851391
2078.635981215909
1894.012313277895
1964.1008006483387
2395.418004396611
3302.52011010055
4775.101990156251
6802.715173823621
8432.623118852864
10972.73043682719
13292.104972707843
14960.169699387574
15698.612078412349
15495.735513034066
14597.388659946135
13371.978407463548
12128.331584367384
10991.076207511216
9903.151081776108
8728.982687844897
7381.331481196382
5890.633995079783
4388.903772871187
3037.72985825189
1954.7770423748595
1179.5735118858115
684.8306149471657
400.843282923574
259.04588475786574
207.19618147925044
214.0643184066561
263.71497341329496
346.05886082157616
451.2763243767082
524.4077703075492
624.154139234609
696.8528072653595
728.475054137471
721.213120950437
690.3965055268218
658.6526200472878
646.2373442433213
662.3732696101081
702.7627117302778
749.7650702163535
784.6738433512448
789.6947048513564
761.8924115175676
709.9288328070983
651.2575758616961
603.7976482597866
577.807213932119
571.1452817482427
571.392628470064
561.5481638875917
585.5712940172679
618.7062343990423
729.0803447488995
1005.5369725874108
1550.0515397423474
2107.496362103917
3263.9764576149064
4777.977528909685
6475.833965392192
8087.42691231535
9321.429425859711
9964.703693304744
9975.955913201647
9496.925497861172
8774.320612974514
8033.726656736327
7416.950222532207
6883.2639380568735
6396.0999602093925
5893.723040004398
5455.922340239943
5242.016520682813
5418.095482304588
6078.953340185138
7132.145606259825
8370.497023085878
9468.122265929947
10160.770563831476
10312.65575694491
9964.237706102627
9538.316142924888
8768.702231044106
7995.972204510687
7293.773941200142
6629.526492087309
5920.420226367852
5105.743159823221
4189.379907652278
3239.847019303483
2353.717829414525
1612.0313270271827
1078.1834806555541
741.4548875338687
596.9857290230648
635.7668038983843
856.8027192473262
1262.6386009601374
1869.3800801789475
2626.235063974781
3470.418398626889
4347.725211155176
5209.925464975394
6065.9219575315565
7025.30880120732
8236.266794371957
9783.067192603829
10986.31500788967
12933.872704524434
14793.764976237293
16244.173709497398
17140.82238946743
17353.402947956765
17094.29531608136
16752.484473669756
16843.662575739774
17799.863222745687
19893.655113904166
23075.19896946751
26992.354893514672
30762.746528445285
33616.359741419205
34968.367397306974
34692.719815725715
33190.5990927988
31156.41329900728
29213.71814987459
27662.956138776524
26353.05825010081
24913.19362931314
23008.308446822928
20557.81440040238
17771.875759033752
15909.369239108644
13370.579837644174
11308.9661664101
9731.582832140555
8495.883112971671
7427.410638241849
6417.096810105172
5456.054764617517
4603.265381457765
3917.3394738894813
3413.70510949159
3050.131344951569
2753.737937807577
2459.845773679925
2179.5308390547993
1907.8041193814868
1722.856244729642
1719.8717799863516
2000.6490594730267
2731.271450691364
3928.1589231633393
5626.760077688619
7800.302000177026
10250.6685057599
12788.59480303676
14427.178043151376
16675.47142616942
18600.790868719432
20024.29946976028
20841.47511666004
20940.85688249359
20290.25405624884
19058.607359507507
17441.09594443885
15776.838551112993
14349.863946427842
13318.109670542764
12698.853440790357
12401.362224311053
12294.485023985295
12193.813507093137
11928.57657094344
11380.687168647475
10517.22088929348
9425.980083561744
8289.087879461433
7295.663078734581
6558.503237492095
6063.493617210879
5684.430602990367
5270.8551574658895
4923.332717216069
4280.92823432256
3570.6491370944136
2886.59159325149
2356.1060066382324
2128.7524788911564
2245.887387414906
2808.5651126222197
3895.1782276338
5742.527180442182
8297.409524082768
11599.388867180525
15599.060236599937
20173.21771212817
25012.598405683937
29773.459468711702
34063.09714121281
37390.742674194364
39542.477163452095
40239.173123614055
39723.79190090404
38634.988875509436
37826.275899430155
38136.43341570992
40019.26029237707
43378.445470636805
46013.4264325858
49670.37742128084
51897.365602138154
51883.661496707755
49590.522769054514
45754.34322005552
41518.54248091333
37910.49372969845
35330.17668552246
33526.31871651287
31805.36792719578
29478.059523029824
26237.621944434482
22254.206366052393
18034.636780535053
14131.978271173464
10910.976185615234
8463.242616590756
6672.808315411105
5341.968987401999
4298.639793396951
3436.226280748891
2811.612622984582
2372.623017879466
2212.90715683408
2308.6813733167323
2823.7996849398387
3839.7775569744535
5343.116318066199
7184.18222694808
9144.68457101815
10801.947930144803
11979.435939277771
12486.069027595944
12559.64722199269
12627.34143299954
13227.003254055586
14759.45589026215
17309.725436489094
20531.383729299137
24010.633475279967
26801.60415473361
28499.69097976032
29020.994063720365
28818.475456675937
28582.905396072925
29015.842592632773
30460.495426839803
32652.47039788806
34886.47749565779
36345.586209261164
36602.6455162902
35779.01563191425
33746.0495212625
31072.099828649916
28362.708776240484
26030.068116801947
24214.071129897653
22914.55646838999
21906.212597656442
21043.21263512722
20233.412570944318
19472.060354208414
18844.428732817112
18478.098193875
18457.39790756384
18777.593577583037
19153.989902405527
19267.388514943385
18810.328720519283
17678.898473483106
16027.524059428972
14190.637500107092
12509.382114791128
11198.986689007126
10261.93572684782
9524.990757169784
9081.77179909377
8465.928624194812
8008.588518640899
8017.269801592253
8635.527196905472
10011.736589225438
12095.328259286329
14666.578917549192
17468.654979516246
20288.996453900872
22969.180205921508
25397.363948886934
27318.836614795673
28430.392275492104
28505.986814670377
27475.101351305897
25564.24655600868
23264.003727372496
21130.11583835824
19567.31043442195
18683.97364955755
18284.31352376164
17998.886544336612
17437.527581932474
16335.671187440104
14663.173088196192
13308.851416906811
11135.195834830827
9085.908813506594
7435.001778819557
6311.04544593575
5667.282758436137
5320.3745660876975
5038.830996797719
4638.8882517625625
4044.8533878082503
3326.624818046621
2572.291169113587
1936.808420119212
1529.983729109051
1467.582691817553
1750.7159351607604
2390.1098546748035
3343.6996429379133
4535.476988555925
5811.394681605578
7020.070330021725
7998.408177265898
8646.499327402496
8886.882379420817
8748.741648370295
8487.344315054075
7933.13244435139
7300.139300030952
6691.030755243254
6152.110976189414
5670.6630757735375
5195.228704924946
4669.922360464566
4078.876605149384
3431.7106308768202
2796.169206350103
2249.536237467541
1870.6144416545267
1710.7253973929626
1807.0956812001184
2126.5322993683853
2622.384627098881
3234.106778409503
3871.704100774497
4509.183528165117
5126.905032792896
5755.601956339524
6448.727732239614
7191.35066970038
7913.272154284738
8549.17931601346
8894.293285126629
9282.583629686087
9529.658613222626
9668.262233085523
9716.098285270991
9631.994396170623
9354.419254114191
8835.584968929594
8090.480443117221
7227.142439373672
6367.281797618875
5649.712998658046
5158.162604606506
4905.85675317227
4858.434519592774
4935.677184174004
5061.749509358454
5171.0590724626645
5302.179756312039
5389.220138674023
5553.209897713667
5998.622116779788
6983.5336409231
8777.872817209678
11542.196810634643
15207.80909257984
17959.004431337424
22130.06995366995
25619.066938214743
27768.375671678892
28252.509932250898
27250.882424745683
25368.359399086097
23391.57631352811
21959.222544659144
21333.311370567713
21341.107797801058
21499.339932968556
21279.453742375183
20258.134732367867
18353.84242008589
15774.824580259634
12920.552364034309
10221.031248104893
7994.877432315029
6373.216211094709
5301.921771836108
4604.9087625749935
4074.001122836669
3548.1958299731523
2955.4685468439448
2527.3994238963505
1880.290022516402
1292.0788383605718
817.0804091423332
475.6178497435857
256.8065082487214
132.57737468235166
71.7757716373234
48.66937657000145
45.32893010714931
50.55311034497794
57.3796355118192
61.86366749232782
64.38936128520757
63.90145697519765
64.10773628562507
69.9355071455953
86.42213903296721
117.66547541801269
164.51451719267976
223.2981599698225
288.9754493776871
347.7704995843128
391.7241106365518
417.83266408797004
431.30773996391116
439.04031596178146
459.64186738998984
498.2923529367063
557.6005297649364
624.6212579090986
684.8133492180251
723.0752339151276
736.6276747788675
818.3813659192496
955.8865144694784
1264.9213733231998
1880.3793275321384
2958.282606484547
4644.130457040119
7035.432356808768
10015.15596337809
13286.081177053797
16414.704175881634
18848.35598655929
20228.458829567804
20532.616438010104
20126.275200495656
19454.88249617524
19018.26418342661
19041.96622157476
19479.7578836158
19891.26432759441
20477.75147485049
20819.882558837584
20773.74544367528
20303.20366572381
19352.107629731832
17923.347964451976
16072.943918397938
13952.645711768679
11805.306849561724
9900.258671135496
8431.657402318851
7441.447638647231
6809.924822729449
6322.6931172984005
5775.265001172893
5052.01107991402
4162.089042145776
3216.584687415641
2343.52997303459
1653.3470557729806
1207.777547810462
1013.1185570503333
1040.3948690243776
1238.3590699882511
1554.051053125335
1791.2738346541832
2144.1692993013958
2472.3045946031702
2727.329324360936
2956.352242531223
3240.028857761897
3698.6479978963093
4439.764333784578
5509.959141956373
6848.015911223239
8262.925567133008
9509.499864560825
10319.936636157658
10549.950399349442
10238.077118581086
9590.865590579571
8900.09002135997
8410.404625826635
8221.795038180959
8249.144554168592
8284.148304718916
8106.116695662742
7589.762669547959
6753.0423971272085
5735.537746384832
5050.0614888548525
4130.542931434073
3418.108357984177
2912.004600462948
2545.450436029736
2233.48523244757
1916.8413589719405
1579.3984674023452
1242.4154088719538
937.6369051860686
693.9087318012006
529.2161439969633
438.99106378659
417.79630742034436
460.870237356777
561.5858258871687
716.739580175051
921.6928063939876
1159.7939341381298
1407.751052128763
1636.4324365374634
1814.057610187513
1919.235125212884
1948.1944895038348
1915.1956517281574
1856.120382321845
1812.1566195451746
1772.9095077983397
1833.598282551528
2025.6918321487333
2403.60428114166
3053.146747099273
4050.5013888350586
5416.344441710116
7107.540752468395
8961.994633557644
10732.503253494611
12148.481718532119
12954.36806436328
13046.47199423395
12495.136645989092
11530.668781079148
10444.793153338862
9492.439468078286
8806.902245823418
8373.321805499512
8062.974821992191
7705.511560506761
7165.30265455967
6390.602766842801
5427.361969526199
4373.621992699784
3683.265270163921
2745.9558175925604
1990.855800925139
1450.1957636538846
1118.484244832645
962.3745256108272
931.0823267651095
962.9666582141977
1001.8053318480084
1002.784977292508
947.2723704243492
841.8635587919812
846.4913886892356
934.4312273080574
1279.4414226202584
2065.8593552359507
3499.084863184773
5751.8928271095765
8865.332653285768
12650.965765115108
16602.28375055693
20069.704555136068
22321.12738587061
22942.37464106157
22012.62396146617
20787.945169317318
18637.947643239
16819.020858638363
15851.686674713366
15791.59594933507
16255.652093082763
16650.02691151771
16449.458355826948
15407.839285878286
13623.89885750856
11441.488400737282
9289.204707882298
7457.067103158299
6077.8826654998475
5127.409895153388
4505.6015261170205
4121.702174099328
3923.0051091856153
3878.408044588728
3943.317253191325
4045.5380767631264
4083.7067021032067
4000.3632515509835
3761.4283341697387
3426.7538564427705
3103.1284525674823
2951.2265526815613
2883.2350442956813
3031.0328660590776
3345.327057768214
3714.080761825462
4002.3233669680358
4092.9478640046636
3938.3891832320783
3572.300250951508
3091.2596631422125
2613.387823892829
2233.7339227190096
1996.11093578608
1883.8961817969368
1842.282181419179
1803.8763161079855
1716.8063959616175
1560.5280544908169
1346.895158465753
1108.9672992617004
881.5865525827687
695.6515515843286
557.7953049553033
469.9126022761197
428.7093384210588
431.07346900366525
455.90064022536666
524.9995122240638
623.118793267118
731.4691922581993
824.0828263376333
874.6059751099887
865.2213753667853
793.2696898029292
672.0492957320159
525.3827909627819
378.868889214086
252.10753599121452
