a = [5.12749541] b = [5.12749541] c = [13.76475069] ,Gaussian ,LMH = [0.31881063] ,DW = [1.51743499]
0.0
0.0
0.0
0.0
0.0
0.0
0.0
0.0
0.0
0.0
0.0
0.0
0.0
0.0
0.0
0.0
0.0
0.0
0.0
0.0
0.0
0.0
0.0
0.0
0.0
0.0
0.0
0.0
0.0
0.0
0.0
0.0
0.0
0.0
0.0
0.0
0.0
0.0
0.0
0.0
0.0
2.949808688759929e-29
4.805056661543244e-29
7.629695287303647e-29
1.1809184053991343e-28
1.7817083151713397e-28
2.620338149628247e-28
3.756488730883489e-28
5.249414401930784e-28
7.150619090868169e-28
9.494682513974383e-28
1.2289133666786895e-27
1.5504797777863432e-27
1.906843111081668e-27
2.2859558353784222e-27
2.6713126856762385e-27
3.0428856707951012e-27
3.3787072301682196e-27
3.656954061680547e-27
3.8582686664877844e-27
3.967979728282962e-27
4.141890071516685e-27
1.6681806843232244e-26
2.559524542504253e-26
3.797892327767703e-26
4.9379672177913534e-26
7.265922732722073e-26
1.0535987853326389e-25
1.4991997975248865e-25
2.0878356627244496e-25
2.8411060119059074e-25
3.7741030553225907e-25
4.891315661209145e-25
6.182660059088538e-25
7.62035871258539e-25
9.157444581967997e-25
1.0728565508344104e-24
1.225348470025491e-24
1.364324395295491e-24
1.4808448653398252e-24
1.5668655448412347e-24
1.616151264008725e-24
1.6250215881899069e-24
1.5928041565067556e-24
1.5219182046855228e-24
1.417573803781144e-24
1.2871386653064572e-24
1.13927928786929e-24
9.830151904278143e-25
8.268284144564158e-25
6.77946904218472e-25
5.8554889205236065e-25
4.601350528340358e-25
3.524784700126334e-25
2.6321158102966047e-25
1.9160309493336892e-25
1.3596438939045776e-25
9.405306826425844e-26
6.34228710027704e-26
4.169115904262518e-26
2.671573857675796e-26
1.668843257853208e-26
1.016223096747026e-26
6.0323665779238235e-27
3.490692080457086e-27
1.969067066362736e-27
1.082766044859522e-27
5.804086794846913e-28
3.0329015814207233e-28
1.5449267154805717e-28
7.671540674459917e-29
3.713491547602254e-29
1.7522958057313908e-29
8.060417388681708e-30
3.6143712778985534e-30
1.5799127621986114e-30
8.971821373013959e-31
3.758571355271682e-31
1.5349352838497692e-31
6.110579749414132e-32
2.371372768978229e-32
8.971029649546114e-33
3.308337386516483e-33
1.189329839563999e-33
4.167924493741508e-34
1.4238438293527663e-34
4.741653786460589e-35
1.5392964656814608e-35
4.871241163170209e-36
1.5027332451808938e-36
4.519069694078292e-37
1.3247716943879027e-37
3.785801784651864e-38
1.0546285065068314e-38
2.8639531885333215e-39
7.581533686283335e-40
1.9564688452849e-40
4.921681276270793e-41
1.2069205523426497e-41
2.885150636723474e-42
6.723306036593609e-43
1.5272910509329472e-43
5.606106866945261e-44
1.2205093527242005e-44
2.5902714855506544e-45
5.358877741686011e-46
1.0807537754954275e-46
2.1247311100488582e-47
4.0719782484341324e-48
7.60731030868024e-49
1.3854184771969523e-49
2.4595458922963533e-50
4.2565030158438493e-51
7.180835337563283e-52
1.180921269420073e-52
1.8931752587127315e-53
2.958588319366124e-54
4.50715030846176e-55
6.693345931192666e-56
9.689651717009653e-57
1.367403440380658e-57
1.8810862636368074e-58
2.5225758573039015e-59
3.2976394654852696e-60
4.20228455735361e-61
5.2202466522138065e-62
6.321495053008011e-63
7.462283157842924e-64
1.770458813719291e-64
2.002977932450946e-65
2.20896814546686e-66
2.3747922362684603e-67
2.488769018225554e-68
2.539876360467972e-69
3.416476077571311e-71
0.0
0.0
0.0
0.0
0.0
0.0
0.0
0.0
0.0
0.0
0.0
0.0
0.0
0.0
0.0
0.0
0.0
0.0
0.0
0.0
0.0
0.0
0.0
0.0
0.0
0.0
0.0
0.0
0.0
0.0
0.0
0.0
0.0
0.0
0.0
0.0
0.0
0.0
0.0
0.0
0.0
0.0
0.0
0.0
0.0
0.0
0.0
0.0
0.0
0.0
0.0
0.0
0.0
0.0
0.0
0.0
0.0
0.0
0.0
0.0
0.0
0.0
8.634210392193253e-29
1.4098562328216366e-28
2.2440423450522722e-28
3.4816994950767994e-28
5.265693042190316e-28
7.7628967629824075e-28
1.115568133421928e-27
1.5626884669090065e-27
1.9288221152716758e-27
2.5892571235643847e-27
3.388146653382416e-27
4.3216862878097126e-27
5.373389145523065e-27
6.512494458785591e-27
7.693969447980714e-27
8.860486447383507e-27
9.946463457214951e-27
1.0883882252533851e-26
1.160921877653195e-26
1.2070525392771814e-26
1.223357446922853e-26
1.2086055480620909e-26
1.163911112415925e-26
1.0925946340471707e-26
9.997751306086452e-27
8.91763336960171e-27
7.753555761463422e-27
6.571374731080764e-27
5.4289465997523864e-27
4.3719876235035354e-27
3.431992225683865e-27
2.626138849888099e-27
1.9588135120000562e-27
1.424205030250551e-27
1.135344595090154e-27
7.910679999854769e-28
5.372840580197284e-28
3.55711667010991e-28
2.295600352042363e-28
1.4441040069852248e-28
8.855328589765101e-29
6.006123809693299e-28
1.614333749934901e-26
2.9403441476066465e-26
5.955186513971307e-26
9.296955373805783e-26
1.4151696402240114e-25
2.1002861443635462e-25
3.039089338032758e-25
4.287467573910223e-25
5.89725005643734e-25
7.908407710021573e-25
1.0339965442387022e-24
1.3180729933728149e-24
1.6381362937979018e-24
1.9849551179664096e-24
2.3449919500908235e-24
2.700983727524934e-24
3.0331402125844846e-24
3.2311424425617177e-24
3.478375241779894e-24
3.650788268942363e-24
3.7358271025284995e-24
3.7271496314394816e-24
3.6254078188433264e-24
3.4381667297193715e-24
3.1789747868065623e-24
2.8657439080679535e-24
2.5187083446953948e-24
2.1582843374348902e-24
1.8031413739770734e-24
1.4687277652640226e-24
1.166388693456073e-24
9.030999658888958e-25
6.817402458339656e-25
5.017561093022937e-25
3.600452399077458e-25
2.518907249152606e-25
1.7181378165796053e-25
1.1426008521300724e-25
7.408355465440261e-26
4.683168516006189e-26
2.886346265166465e-26
1.7343937537869182e-26
1.0161025284459641e-26
7.014784907363916e-27
3.939625479767167e-27
2.157177207153453e-27
1.1516138659627298e-27
5.994017082998723e-28
3.041717856193197e-28
1.504906607798718e-28
7.259214544653887e-29
3.4139640632673174e-29
1.5653708285023282e-29
6.997843586950915e-30
3.0499985566349155e-30
1.2960540891607142e-30
5.369506464885517e-31
2.16886739884036e-31
8.541194977727584e-32
3.2793733985735534e-32
1.2275784992488236e-32
4.480158697314571e-33
1.5941264682127088e-33
5.530149925222114e-34
1.8704033999741602e-34
6.167616660165571e-35
1.9828169411207603e-35
6.214847179487378e-36
1.8991544260764473e-36
8.495561365548697e-37
2.488612024029603e-37
7.107267021608218e-38
1.9789177064984317e-38
5.3719483269481794e-39
1.4217204738884867e-39
3.66837902349994e-40
9.228073748926751e-41
2.2632058041185696e-41
5.4114347667800484e-42
1.2614656623051711e-42
2.866898334665746e-43
6.352171576881473e-44
1.3721589472316548e-44
2.8897354942107934e-45
5.933110242081887e-46
1.1876174669191205e-46
2.31760669997728e-47
4.409314384612897e-48
8.178425762326341e-49
1.478886488849952e-49
2.60714741595516e-50
4.480857156149909e-51
7.507935175726756e-52
1.2264305758942487e-52
1.9531140274392981e-53
5.65785047731323e-54
8.636500328054936e-55
1.2852392606088894e-55
1.8646149747594922e-56
2.6372571565669593e-57
3.636411761290134e-58
4.888211935307247e-59
6.405935164694912e-60
8.184077458351844e-61
1.019320479394911e-61
1.237669659464842e-62
1.465044680791677e-63
1.6906288852898227e-64
1.9019371166503202e-65
2.0859007833372848e-66
2.2301801256860516e-67
2.3243345121603154e-68
2.0563551361671847e-69
1.9895254543198264e-70
0.0
0.0
0.0
0.0
0.0
0.0
0.0
0.0
0.0
0.0
0.0
0.0
0.0
0.0
0.0
0.0
0.0
0.0
0.0
0.0
0.0
0.0
0.0
0.0
0.0
0.0
0.0
0.0
0.0
0.0
0.0
0.0
0.0
0.0
0.0
0.0
0.0
0.0
0.0
0.0
0.0
0.0
6.087148671329423e-29
9.796667507448948e-29
1.5369043712021904e-28
2.350278569234714e-28
3.5034494275858897e-28
5.0906868514130235e-28
7.210426099303533e-28
9.955188666711757e-28
1.3398064910795932e-27
1.7576754125556615e-27
2.2477049148490237e-27
2.8018438661366034e-27
3.404494078394645e-27
4.032415295527583e-27
4.655667340244736e-27
5.239654450270142e-27
5.589230439138084e-27
6.028085685297838e-27
6.3373958596658716e-27
6.494508241006002e-27
6.504428161534701e-27
6.344202729593156e-27
6.038298272784336e-27
5.6120053099782695e-27
5.098801563950352e-27
4.536657482694005e-27
3.964058477882999e-27
3.41629363002701e-27
2.922457394691385e-27
2.503445676137228e-27
2.1710441986301822e-27
1.9280451408146146e-27
1.7692134469836235e-27
1.682865222472604e-27
1.6528096687504412e-27
1.6604265896518586e-27
1.686685977111768e-27
1.7139521138343098e-27
1.7274474443061427e-27
1.716283329705163e-27
1.674000816158737e-27
1.6273672579752852e-27
1.530819546829361e-27
1.4064331369549174e-27
1.2610709427423853e-27
1.1030162112072326e-27
9.408532294025719e-28
7.824987444218388e-28
6.344845287123216e-28
5.01540441662177e-28
3.864749407292572e-28
3.0637820047490144e-28
2.384165298433612e-28
1.9223952562016996e-28
1.674687313443488e-28
1.6379551225902993e-28
1.811916989613617e-28
2.19942880181205e-28
2.8049865980836875e-28
3.631610481964839e-28
4.67658128589097e-28
9.171733374432077e-28
1.254370395388861e-27
1.2638332215047019e-26
1.9987903981466867e-26
3.773096065238675e-26
5.779330956416472e-26
7.583476362518663e-26
1.118028253867616e-25
1.6097691549883045e-25
2.262747338116662e-25
3.104188192826507e-25
4.155366594013715e-25
5.426921433950657e-25
6.914038493344667e-25
8.59227777834005e-25
1.0414941986002119e-24
1.2312840600511263e-24
1.4197063396528822e-24
1.5964946222558006e-24
1.750885217626032e-24
1.8726810780275923e-24
1.9533589301943195e-24
1.9871331204174893e-24
1.9713895998065376e-24
1.9099002878247315e-24
1.8038406037267302e-24
1.6642535722341273e-24
1.4989297385829101e-24
1.3200583695153756e-24
1.1388224387325062e-24
9.653825117184238e-25
8.081151531418183e-25
7.153766566867272e-25
5.974540466164149e-25
5.066225346151038e-25
4.427468562230849e-25
4.038267908900659e-25
3.8642003745358835e-25
3.8608890268360354e-25
3.9783723289746425e-25
4.165191772696485e-25
4.372099045428367e-25
4.555299533551955e-25
4.679118892371705e-25
4.7179421506127125e-25
4.657267322654419e-25
4.493759951777556e-25
4.234291977025785e-25
3.894077838516843e-25
3.4941500638444e-25
3.0585114768795812e-25
2.6113367861504043e-25
2.174564204889363e-25
1.7661272948738656e-25
1.3989515259347074e-25
1.0807083746372126e-25
8.149654937197526e-26
6.658704826815632e-26
4.82048148952472e-26
3.702164001510275e-26
2.8343557101078995e-26
2.5240987825699595e-26
2.5025785159055468e-26
2.874227244953187e-26
3.6577645892824975e-26
4.8871114771161955e-26
6.604530311189055e-26
8.850660764575444e-26
1.1652262849697947e-25
1.5008951516995278e-25
1.8880687610731438e-25
2.3178139710554203e-25
2.7758091235650453e-25
3.24257081789412e-25
3.6944658357778167e-25
4.10548563974392e-25
29.81280266671398
47.64118873471058
74.21067654312154
112.68191261111113
166.78079761336576
240.62563925663224
338.4088969247779
418.8037728505728
564.4391810256981
741.5283135747432
949.6035750326822
1185.3891867994614
1442.3929768735147
1710.843383348439
1978.066680140286
2229.3364557342124
2449.1440303250397
2622.750941980038
2737.8130853270436
2785.82964529809
2763.180999552486
2671.579668803216
2517.8563167246493
2313.1179251342887
2071.4221820856633
1808.1876085276722
1538.588111381759
1276.160427728462
1031.7920855632535
813.1733339418184
624.7094598245574
467.8181356119854
341.4916136811494
272.95073455697974
190.93869601502976
130.1990018340145
86.54169056327144
56.07213754518652
35.413827491811595
21.802316508307527
13.083876324952682
7.653749394664077
4.364314745026825
2.425838622624799
1.3143522313667868
0.6941696866836713
0.35737448320827364
0.1793434225409157
0.08773065748556555
0.04183322364488354
0.019444433649720236
0.008809946710921448
0.0038909467063184397
0.0016751021684636518
0.000702961170992664
0.0002875579576403333
0.00011466304256511197
4.456824677987672e-05
1.6886189411827095e-05
8.7170852361229e-06
3.1650756497028367e-06
1.1202137895773917e-06
3.864753077678913e-07
1.29971043724449e-07
4.2606462648451386e-08
1.3614709177256343e-08
4.240775442751248e-09
1.2876155160397527e-09
3.8109315124676244e-10
1.0994616973105327e-10
3.091954410876179e-11
8.47598300290388e-12
2.2649107337422876e-12
5.899512427891953e-13
1.4979080966979182e-13
126.00217474466862
203.33921571936534
319.86613663203053
5404.516934708469
8675.728759974407
16149.931819034053
24886.28374663087
37411.04237418136
54863.489105853834
69849.0678624041
98288.94223180019
134920.65811498262
180666.593439833
235993.1107281011
300704.4426359373
373763.50725958374
453177.58059061185
535985.1430020406
618370.2916421862
695913.1629954582
763961.3314397357
818082.5996422133
854539.5074024752
870715.4787502971
865425.218283771
839058.2317994521
793531.3483231812
732058.2916822269
658774.7784132427
578279.8516944938
495163.8617076342
413589.4697454631
336976.3187586454
267817.053867718
207627.7449950022
172817.49673904115
128542.508243082
93263.44047898939
66005.51921442777
45567.114857470806
30684.801574015324
20155.49186428553
12913.955924991376
8070.831432356945
4920.025258289668
2925.5209476279515
1696.767795243227
959.8893866441144
529.658039369829
285.06333029629536
149.64222124381087
76.6177419000946
38.26151714511636
18.635786385307647
8.852804491043349
4.1016293999932545
1.853399420879137
0.8167953515977802
0.35106182482024106
0.1471548183461869
0.06015618254190828
0.03267638828078831
0.012811069688472563
0.004898199739523891
0.0018263400847904304
0.0006640720519682509
0.0002354677880727031
8.141884812609745e-05
2.745301222865214e-05
9.026537000070573e-06
2.8940966372912573e-06
9.048159646036427e-07
2.758402246769859e-07
8.199736675091119e-08
2.376742468526496e-08
6.717370670276169e-09
1.8511714001697502e-09
4.974155521016054e-10
1.3032054655465612e-10
3.329068616675827e-11
8.291718681769833e-12
2.013604118208799e-12
4.767681404809596e-13
1.1006265258930856e-13
2.4772422098524503e-14
5.436119210764968e-15
1.9500778998178555e-15
4.102209348679736e-16
8.413298620030734e-17
1.682263866134755e-17
3.27942789444989e-18
6.232685183190121e-19
1.1548423699499588e-19
2.0861189591163332e-20
3.673910409226093e-21
6.308519492469078e-22
1.0566928635727894e-22
1.7313412724675546e-23
2.816636349127813e-24
4.906371081156968e-25
1.1944702310057754e-25
5.475250715470321e-26
3.760802670846685e-26
2.8499135426642213e-26
2.159580038567774e-26
1.6037887308527384e-26
1.1629219973570606e-26
8.227789099593946e-27
5.679185204484889e-27
3.824220832328687e-27
2.512148063691725e-27
1.609849986270128e-27
1.180220058844788e-27
7.256883524534945e-28
4.352669580012353e-28
2.5466671638720756e-28
1.4534232444452175e-28
8.091105457665995e-29
4.3935122558517406e-29
2.3269999763103472e-29
1.2021364996806436e-29
6.0572619905251926e-30
2.976846285560867e-30
1.4268760992918612e-30
6.670498314444017e-31
3.0413392230490346e-31
1.352379207148018e-31
5.864779502872709e-32
2.48037363389445e-32
1.0230278790651535e-32
4.114865267004678e-33
1.614040847794987e-33
6.173866986472083e-34
2.3029106766398734e-34
8.376592225510582e-35
2.9711299238425663e-35
1.0276224646148537e-35
3.4657486735185486e-36
2.2378330708051393e-28
3.657575830689107e-28
5.827241403254717e-28
9.04975243366733e-28
1.2252745576743206e-26
1.9631386632589965e-26
3.4187565072603823e-26
5.441065757250386e-26
8.172067985211983e-26
1.1977586103979628e-25
1.713104209394968e-25
2.390917916509644e-25
3.2561363743538093e-25
4.327025759350229e-25
5.610719049240315e-25
7.098785125882216e-25
8.763576541046327e-25
1.055618345154209e-24
1.2406745805176496e-24
1.422761961908261e-24
1.5919473074970525e-24
1.737986796489576e-24
1.85133641897519e-24
1.9241788833218036e-24
1.951314237255931e-24
1.9307733906042563e-24
1.891192359809392e-24
1.7961616591987976e-24
1.664483880440281e-24
1.5050084597341128e-24
1.3277735993649772e-24
1.1429709744262872e-24
9.600028501286541e-25
7.86748133330403e-25
6.291064630139446e-25
4.908363599294874e-25
3.7365597567089087e-25
2.7754138495365303e-25
2.0114149229820526e-25
1.4222981599928382e-25
9.8127589778586e-26
6.605398611684835e-26
4.338201640912306e-26
2.779829233828871e-26
1.7378750927669237e-26
1.0599977825561038e-26
6.30769602363372e-27
3.661921030163142e-27
2.0740166299575955e-27
1.1459688034961049e-27
6.226566880959163e-28
4.103171442939389e-28
2.1937145593348927e-28
1.2162456073271822e-28
7.618662686819188e-29
6.032306317928361e-29
6.191699402334625e-29
7.481335416961593e-29
9.601882018748303e-29
1.2404846715043632e-28
1.5796024991956933e-28
1.9679985854933824e-28
66.57052466488703
107.51700172722293
169.26857092325238
259.7643377500273
388.5856384478929
566.6279342465776
805.4029833155715
1115.9185692144708
1507.1476213522742
1984.1892759284738
2546.3284427586786
3185.2957480900373
3884.088529256054
4616.7089462452695
5349.089805664715
5817.64277190292
6459.533270960154
6991.321056646455
7376.00785826757
7585.557638974684
7604.272512995631
7430.736297040723
7077.991616520439
6571.919817794273
5948.103074953233
5247.6967827691815
4512.97573001268
3783.217242566859
3091.459635130969
2462.4640442498317
1911.9662987598185
1447.0868118229769
1067.6107932546033
767.7774340010079
538.2223755754667
367.78344088262025
244.97773335347804
159.06149865483772
100.6717331707999
62.1089287441939
37.35119914507639
26.23657387030826
15.120436483457091
8.494260042126925
4.651476101426292
2.4829047148818004
1.2919131831836603
0.6552554235706186
0.3239604072133282
0.15612673069402364
0.07334434131457854
0.03358613097132012
0.014991923564587381
0.0065231709342687145
0.0027667134173062695
0.001143861943061053
0.00046098528579252026
0.0001810941967001816
6.934673537739037e-05
2.5885200049359223e-05
9.418484952570873e-06
3.340523939180576e-06
38.189049889963336
62.391359627623245
99.36056945745003
154.24379895709177
203.87894279089784
303.3002096675037
439.82211815215834
621.7065437214937
856.6389730238701
1150.573154551372
1506.3804204271803
1922.467936280055
2391.5946087770208
2900.1472155591455
3428.124133853212
3949.9996100316152
4436.511213223687
4857.246364206906
5183.733879047642
5392.6133336549765
5468.3950588267235
5405.3584723176455
5208.265762306745
4891.767310843962
4478.601918260101
3996.8987846922523
3477.025349090818
2948.4691004574247
2437.1896337364533
1963.7494718649275
1676.4328123162368
1294.4628989741407
974.3098204155145
714.8395455086529
511.2391188265473
356.4048479015246
242.19609995604347
160.4333698312629
103.5920156761582
65.2021443555165
40.00382252606208
23.924624069718387
13.947384396586205
305.0477628220136
487.01019129104935
766.5223808494242
1180.639537302795
11089.727446848565
19533.881390212286
30722.464283336223
53141.327589049906
80386.92455338164
118732.53467383883
171221.44574679813
241060.83350804055
331325.0211922935
404138.04367668903
533601.4166562353
687734.9940669991
865229.0216067405
1062522.2040688503
1273606.2494941277
1490107.7977633236
1701697.1804728871
1896824.3646702305
2063723.7510048915
2191572.955943638
2271649.414189691
2298313.687040905
2269665.594357496
2187767.2272062264
2058396.6407263135
1890373.2309399245
1694564.2678682841
1482727.8567629403
1266362.4892103383
1055716.5326175026
859068.7979731697
682334.9408065372
528996.7778756376
400303.936298194
327970.5190531795
238357.13571263818
169077.639439628
117057.87915154053
79097.4293110691
52162.831300835074
33572.674640156794
21087.48693275724
12926.03000676333
7732.031635487374
4513.321942448589
2570.7440639999995
1428.7834591811788
774.8255374754673
409.9737516305674
211.64466564901025
106.59632409954501
52.37755895343337
25.10735657786114
11.7407050440786
5.355620171085386
2.383049047321668
1.034306711279195
0.4378695365293479
0.18080290683813968
0.0728145292076172
0.03916156712612473
0.015127396870142716
0.005698845992329282
0.0020937101257819304
0.0007501392757926231
0.0002620910895573458
250.7465050536039
403.7812473374618
633.8135464776454
969.7972015673316
8280.808508564991
14494.673574601851
22716.02296143741
37808.08755605936
58427.29899842602
86050.89480623402
123767.73627356919
173836.3023289313
238411.34141800186
319258.90992354
417415.6857592876
532828.6139648657
664028.3045680502
807894.285555332
959586.5053251629
1112679.502995282
1211779.8193472673
1349886.9754257596
1467988.926300834
1558478.2765999995
1615225.8098691883
1634266.536334595
1614257.2720299135
1556632.484914455
1465433.4388332046
1346839.031158396
1208474.0388513957
1058602.2119894614
905322.130605864
755872.400056732
616123.8811606346
490297.87977771286
380909.3727217768
288901.1914233496
213913.7105232805
154626.70982845916
109114.29787012351
75166.56323292747
50548.542768727784
33184.05497715277
21265.943661737012
13303.752094013724
9601.835650272884
5770.457543356163
3397.6081212516974
1958.4869865521955
1114.5644416239816
637.9227995742999
383.51324770872554
262.1971243503543
221.10764754550857
229.9584124963635
271.8486902209097
337.28418591170896
420.4036571392923
516.683739268415
621.6351167051977
730.1816920099855
836.5290587977684
934.3891367504249
1017.4497296556895
1079.9782906496955
1117.444483885513
1127.0488676348295
1108.0625148678218
1061.9157733373754
992.019035606397
934.6353861254316
836.7176033169824
730.1626594552702
621.1040400692078
515.0069717917513
416.2611508081714
327.961353983111
251.87408081083868
188.55945056168525
137.59959229187822
97.87910909284015
67.8682867130108
45.87201119635697
30.222660658356478
19.409825266103105
12.151071437532165
7.4150065687929105
4.41075082077713
2.5575110845947386
1.4455281161437294
0.7964152720917668
0.42771711935707135
0.22391217291945328
0.1142622556891668
0.05683709855470161
0.027559099559058005
0.01676959876566488
0.007792243072947586
0.003529444271909525
0.001558311171042467
0.0006706656395586908
0.0002813597352567016
0.0001150593335936453
4.586546274584058e-05
1.78218885035102e-05
6.750340540996943e-06
2.4923077075096597e-06
8.969777204991847e-07
3.1467748391249916e-07
1.076102646689561e-07
3.587118697299198e-08
1.1655792659521158e-08
3.691831716891572e-09
1.1398455218305933e-09
3.4304738702062543e-10
1.0063898582004988e-10
2.8779444371882476e-11
8.02236792730349e-12
2.1798507761937596e-12
5.773710055742807e-13
1.4906895066216973e-13
0.7899617861383664
1.0988946157662856
1.7649578452071188
2.763227523681278
4.216993899790276
6.273260424813449
9.096779728804856
12.85837413392704
17.71692941559156
23.79550189493745
31.153389241762365
39.75756255159453
49.45818992891894
59.973680633325785
70.89036376256901
81.68037531579711
91.73863248249695
100.43632580767706
107.18484623842036
111.50131242237555
113.06562475358693
116.62975826628995
115.59599882219811
113.67166214922753
111.94727778520293
111.76275451499414
113.23416210870623
368.4049821051057
530.5027021022283
774.4392810188235
1236.9795052833326
1802.2519459443145
2582.3302608930335
3627.5706075734806
4987.548008817101
6705.2449392240205
8809.84259134624
11308.780557248027
14180.13065431299
17366.61321315148
20772.670040419194
24265.8200872079
27683.034651547652
30842.122732776217
33557.23253964664
35656.727171548926
37001.074382427825
37498.164180906155
37113.71829609807
35875.16032150941
33868.34540743438
31227.69601579865
29197.287640961375
25882.50495763039
22409.03445490829
18949.270926937537
15699.952198215462
12704.05869127026
10071.136777151643
7844.952812500972
6038.325224180372
6191.634787290935
6410.525764664182
7360.93789797763
9382.603709470553
13857.430944653455
19428.70558363868
27192.22319033513
37559.30560651606
50918.24403007234
67576.12927866381
87690.80704155193
111200.6515689388
137762.7403484926
166711.63619046292
197050.5528006557
227483.71671435202
256493.29823876277
274241.02663246036
297287.46749329416
314756.94139137544
325487.1010099344
328744.47738018294
324307.0981727266
312489.1063833325
294103.6462911111
270370.1524941828
242780.74140150982
212945.9924142362
182442.07779150465
152678.92727925483
124803.71374522123
99646.80934319552
77710.06355594785
59191.17327803835
44033.95475978891
31992.799977561586
22700.271747440856
15729.047036568956
10642.476958391318
7031.155974516072
4535.527677251741
2856.3948691929486
1756.1815824512873
1252.9187324587783
739.9636188109424
426.56010966243264
239.99546001951632
131.78000126836048
70.61401645298892
36.92317938782746
18.838513221447055
9.37792952077489
4.554644739105206
2.1580657368986107
0.9975023663404688
0.4497590287103868
0.19780681290579027
0.08485507765713665
0.035503454670876955
0.014487773283409463
0.00576572672426308
0.002237752452378799
0.0008469559126712434
0.0003125982318368699
0.00011250615636385903
3.948372432674685e-05
1.3511414719917318e-05
4.508313025460166e-06
2.1385724046327912e-06
6.84122267220042e-07
2.1337814404384522e-07
6.488805489927736e-08
1.923848921089984e-08
5.56111508545342e-09
1.5672250071710591e-09
4.305996729624385e-10
1.15340991117184e-10
3.012010519592555e-11
7.668098394192293e-12
5.424292147529783
8.70562147029254
13.619479321889733
20.769462010884077
30.874078731341775
185.58622539145014
317.2083622424507
491.3110909508266
744.0602638444133
1195.2990274821107
1745.5388490090866
2492.436899076441
3479.2181228230465
4747.145347984483
6330.192435531973
7571.424723484544
9715.01767338397
12179.473886375414
14917.807278261713
17850.60839665567
20866.967475557238
23829.587640165602
26584.11424682341
28971.97603244803
30845.32732105418
32082.15626819452
32599.416024592276
32362.21581347556
31387.663724728507
29742.782103121874
27536.854777035096
24909.423640305526
22015.762750937396
19011.91477177872
16041.253562134192
13224.096102315509
10651.245253288313
8381.647347957169
6443.731211354678
4839.556059034644
3550.680272829835
2863.8006680905883
2032.3574019239927
1419.3259912795538
984.3465833640078
690.8866788449533
507.99633128194125
410.9020083971493
380.7060908236052
403.47712711672176
468.9969343976294
569.3938517592339
697.8503264163331
847.5333831075254
1010.8578760012058
1179.150925896574
1342.7381593104717
1491.4182750333746
1615.236913673529
1705.4228522332583
1755.3199260367585
1761.1456459889318
1722.4358217038957
1642.0899925047265
1526.0044980858797
1382.3534672637347
1275.9401693302218
1107.6448804095849
937.2918572530853
773.1311692073174
621.6351276071001
487.2164407967108
372.23083055762174
277.20864259291085
201.23578354373777
142.3992393970563
98.22321558533794
66.04267315227774
43.28517292123777
27.653982757295676
17.221867206145806
10.45458510126058
6.186391290118499
3.568387314826545
2.006368059867042
1.0996468683083453
0.5874892111887056
0.30595007701359156
0.15531208706833993
0.07685355514512958
0.037070349979330175
0.017429841096048653
0.01039058870043343
0.004681807915945469
0.0020563216435049163
0.0008803847664867126
0.0003674159531600893
0.0001494677569360278
5.927083456432279e-05
2.291071195553444e-05
8.63257073392206e-06
3.170631160641061e-06
1.1351553988205017e-06
3.961584575253417e-07
1.3476793151396482e-07
4.4689779392563995e-08
1.4445543171063175e-08
4.5515944562572414e-09
1.397968097376846e-09
4.1853808125142114e-10
1.2214528717951085e-10
3.4747412376621e-11
9.635455266021704e-12
2.6045099930181814e-12
6.862523335379526e-13
1.7625670943818003e-13
4.412772105857469e-14
1.0769148311681938e-14
4.1463264864053694e-15
9.697059284857283e-16
2.2106532310598228e-16
4.9125299848734287e-17
1.0641278893422582e-17
2.246914082776227e-18
4.624695801721054e-19
9.27863495188045e-20
1.8146374186682247e-20
3.459421625509414e-21
6.428952452818235e-22
1.1648886299127095e-22
2.0603643319421443e-23
3.58396629061171e-24
6.431895783089971e-25
1.522793599730538e-25
7.713963335477816e-26
7.071660956618016e-26
7.492882793018133e-26
7.995470175922517e-26
8.388861106783685e-26
8.617513051538241e-26
8.658259558802491e-26
8.505252365047446e-26
8.167362281732369e-26
7.849652831013216e-26
7.256926486322078e-26
6.557702041491463e-26
5.792259544914585e-26
5.0008346713754794e-26
4.220204929520192e-26
3.481094315563594e-26
2.806592476328174e-26
2.2116146757081388e-26
1.7032813048718862e-26
1.2819927479401326e-26
9.429268139780927e-27
6.776891023781472e-27
4.758898082193672e-27
3.26487047339106e-27
2.1880991172125497e-27
1.4324039338094966e-27
9.158329129855573e-28
5.718383458149272e-28
3.4865064385941176e-28
2.0754965512449547e-28
1.206209629590469e-28
6.843034639314007e-29
4.581632738773536e-29
3.316545245313287e-29
3.060126728853355e-29
3.322153548994264e-29
4.280716043846593e-29
5.901595421964122e-29
8.223775036497833e-29
1.1317017847262679e-28
1.5247380146700943e-28
2.0055084811463528e-28
2.572673749662514e-28
3.2175715706834723e-28
3.922882338666494e-28
4.66229299875601e-28
5.401397774578829e-28
6.099921023135317e-28
6.715129477497345e-28
7.206063747816484e-28
13.01019778291812
21.20014956404193
33.67425283653597
52.138799766760535
78.69155152491415
115.77084532831631
166.02531702340457
232.08840800941965
316.25441596919165
420.07202938723634
543.8948528530184
637.0076337818216
790.3919653154575
955.970331770684
1127.0685449444513
1295.2698660336835
1451.0227182084918
1584.499767562652
1761.806877974718
1871.368145546378
1960.9029500387396
2037.7956595545263
2114.6456314169204
2208.6560289188
4397.969365253607
6238.405461112058
8718.06405311286
12371.052721571057
17592.814542672255
26512.520040455212
37286.72050828431
51566.11232956356
69963.222107419
92993.63841086494
120985.99129052125
153985.05147964507
191661.1346628966
219014.92665850022
262536.7045928525
307637.50423592667
352370.23919846094
394513.4488597393
431747.2096453306
461862.43796095974
482977.4637378956
493732.24824612454
493432.5288720733
482121.7743275981
460573.0595419913
430200.1715062618
392904.1481683993
350877.6170925153
306394.73764223006
261614.06698456162
218416.92826308764
178296.0848380487
142300.48049252664
111033.24531614245
84693.4753764001
63148.26947841783
46020.30756685143
32777.496335254
25809.185013657476
17689.691852500426
11847.433525507562
7753.166407751721
4957.961297722419
3098.521732328085
1893.006989265692
1131.1138502615224
661.5498788606043
379.19675386058367
213.42111068496953
118.2743845381604
64.79300620611347
35.271403301005705
19.203742926042683
10.53247837614453
5.858232207603176
3.319768767835656
1.9189801675984188
1.1284846602020573
0.6712862427822415
0.4010418950993063
0.8945120310347942
1.2074285618809164
1.7729173286782187
2.6601958617069337
3.4760476397215614
5.118712832790454
7.374184744091955
10.3695433478667
14.220971940764013
19.0145183578032
24.784278679792436
31.490738641687624
39.002979245317434
47.08888091665537
55.41707370459933
63.57305142823747
71.08969162510749
77.48974885880484
82.33526852481923
85.2769347248541
86.09566316537135
84.72956722244382
81.28168881166432
76.00715317692686
69.28197062512209
61.55878156115661
53.316768099073364
45.01338097281946
37.044477196068016
29.717298279289327
27.27865942205312
22.68787079944669
19.73712378881193
18.665443626077135
19.721298598176098
23.177334142011155
29.33012113213589
38.48048807367635
50.893031606988856
66.73726759118385
86.01719387889912
108.5001177748
133.6585582737836
160.63989695538277
188.27645085474904
215.14351089226076
239.66511216600196
260.25816515874766
275.49698168645693
284.2742612618992
285.9329632667668
280.34696342784554
267.93653820721664
249.61590276205314
226.68181062359562
209.57937796731247
182.3894555539366
154.72302128704104
127.94230519676145
103.1281971833051
81.0297873394475
62.06060294744534
46.33309376800008
33.718684839085725
23.919603248796534
16.540221992214658
11.14891781219554
7.325345471918203
4.691670745010936
2.9290781481092454
1.7825364077680286
1.0574257369366618
0.6114562124081072
0.3446552232039676
0.18936878157371942
0.1014228762969843
0.05295018455608537
0.026946542636439617
0.013367267580986462
0.006463775286795859
0.0030467293440849283
0.0018192868951105799
0.0008217798964842804
0.0003618377314069171
0.0001553016995822272
6.49744456406489e-05
2.649799260798234e-05
1.05338561647745e-05
4.081932425261936e-06
1.541871763917077e-06
5.677206840222674e-07
2.03762939392451e-07
7.128853568022129e-08
2.4311861263462427e-08
8.082035263213929e-09
79.49318063298362
127.90403589862994
200.60540972148752
306.69383773987596
457.05817067178725
663.9600083592386
940.1916372422411
3779.497696274091
6164.237204149711
9274.871240682596
13691.932726430816
19818.98721002325
26119.21035741225
37261.04084681501
51498.699529425445
69714.33478407685
92397.58069509757
119857.72307183835
152131.41046970198
188897.0826437203
229411.4695680247
272483.6907937989
316499.5089670933
359502.1301466167
399327.36444802955
433781.46367922483
460841.4740917869
478852.3915113757
486694.1661912812
483895.1488046235
470676.31256381073
447921.024138776
417076.21829001815
380000.4640967648
338780.9324963699
295543.7826175987
252280.94424083052
210711.41755630582
184624.01538013807
148681.60453363584
117129.99674388903
90254.18527173727
68013.35108434425
50116.64609174742
36104.36731051323
25424.54602723308
17497.921281174622
11767.467833080338
7731.557487811622
4962.082513770713
3110.297350430011
1904.6072840303639
1139.0666172875012
665.8689955076125
381.2299678357518
224.9473654649469
137.02183682511276
95.27729405597545
106.42240320198451
132.55131472181304
180.14363286964044
252.79508721982532
354.01063634981114
439.64357577075526
618.2617833842627
830.4169548922289
1092.8717462690822
1408.9000146713718
1779.0434648602159
2200.2433885948462
2665.1771261727345
3161.93421244087
3674.1491946293386
4181.662032228899
4661.707735159374
5090.555228723656
5445.43639517381
5706.546075089917
5858.866119241417
5893.5788231573415
5808.886489908742
5610.135482265417
5309.239895241206
4923.494368694967
4473.9415269271
3983.5057989984857
3475.1172009373317
2970.0279162600223
2486.47831568175
2183.3356897225663
1765.4223078031382
1397.6930166170616
1083.2264988316078
827.9409238965643
620.0812005911275
463.1422081587289
346.2289281548815
266.75357086429085
220.09061326800867
202.35732260588875
210.5056920304103
242.21029059801285
397.07206419820034
550.6722587322574
749.7546643635511
1016.2330113358058
1364.9633564147687
1812.9274569529327
2469.532588531722
3224.5899969620514
4156.532618638218
5284.318272428507
6619.479426099891
8162.143647894174
9897.213590301293
11145.179685673469
13117.234344425635
15149.580466062629
17159.561433010796
19052.576173092424
20729.297365889965
22094.358788351066
23065.43054404089
23581.455325244337
23608.89224482619
23145.09708879776
22218.402151704628
20884.956739741458
19232.39216058777
17340.00142017072
15312.526332198475
13246.826363409551
11230.533859218971
9336.788628213704
7621.043890138457
6119.935444761159
5212.93701115241
4463.865634001759
4036.0139297836013
3995.1291115036674
4200.870583472292
4890.78236199581
6342.714649109112
8244.803593600158
10825.658492036357
14147.34906197235
18250.522813341166
23139.85632474375
28769.914157119452
35033.86938220073
41757.60572080327
48701.30671521276
55569.728046425436
62031.05259960208
67742.76636752463
72381.65997815886
75674.14911555553
77422.83386409377
77525.6615529439
75985.1396560303
72906.54587392771
68485.75130141001
62988.39581147736
56724.02358159663
50017.91728183506
43184.49412651258
38698.873898812424
32253.85271183506
26315.749669608816
21015.62284767176
16424.51344763255
12560.020340807558
9396.268051654142
6875.546912823303
4920.064647374548
3442.577882143178
2355.0897194536415
1575.227228206562
1030.2865749974771
659.2118436122657
412.9397592915594
253.6023832930946
153.05522441598796
91.11879824798889
53.81724542402457
31.792533089618303
18.983112901292973
11.589385896280671
7.305823659428556
4.777636374022131
3.2329963385986695
2.24440298810575
1.7747393942662446
1.2532432776625626
0.8818149664413705
0.6136189825566506
0.42008105814737084
0.2819582219062768
0.18513890880954734
0.11876066072961257
0.07435980921623023
0.04542201525596385
0.027059340694178535
0.015718290721636698
0.008901816527929986
0.004914795333122652
0.0026452478920520467
0.0013878728562195274
0.0007098199153864293
0.0003538812099042799
0.0001719788305159197
8.147024519657676e-05
3.762085075084132e-05
1.6934140430239757e-05
7.430230569005825e-06
3.17794070877842e-06
1.3249317875117345e-06
5.384500184105742e-07
2.9126094779640915e-07
1.1343339859663939e-07
4.306294054173444e-08
1.5935674809118876e-08
5.748324355811749e-09
2.0212316869348458e-09
6.927793799475533e-10
2.3146100149066756e-10
7.538149084519073e-11
2.3930712844541168e-11
7.405434872076394e-12
2.2338268983346405e-12
6.568292479299216e-13
1.8826061280773214e-13
5.2598150145987915e-14
1.4324698521068057e-14
3.802809132327567e-15
9.840736053991942e-16
2.482302223084282e-16
6.103595534639818e-17
1.4629209342216553e-17
3.4179049451638795e-18
7.784005325403883e-19
1.728026059543489e-19
3.739396124838279e-20
1.3288353462254462e-20
2.7556820829083613e-21
5.570463328774371e-22
1.0976377494791442e-22
2.1083428865010796e-23
3.9482129239978934e-24
7.215951074249104e-25
1.2970422500636262e-25
2.4198178981418276e-26
6.234993633293002e-27
3.6692730957420695e-27
3.7761405395134716e-27
4.354006775601453e-27
5.012833078869991e-27
5.663574899896638e-27
6.264719259892219e-27
6.782838639563205e-27
7.188697203941837e-27
7.458905911665279e-27
7.577965193335942e-27
7.53964954793979e-27
47.26417689876951
75.59712503355755
117.86435327620546
179.12808916630212
265.36822910289555
339.9966570675854
482.68808220720445
667.9785590816956
1991.0312167137731
3133.7691264197088
4630.474414448277
6740.783756438323
9659.292927798557
13611.616132929923
19429.533776617423
26816.049180975104
36026.12086498612
47469.709479338904
61307.55971619439
77567.80381805853
96103.6385406252
116561.90727033277
138370.1776652704
160748.2905241858
182747.19467014435
203313.63185095153
221374.69804563143
235932.45200448533
246156.451801352
251461.9293400854
251563.32836471754
248744.44514950248
240407.47720646393
227634.80609864814
211189.87753987007
191991.56554291383
171032.0847058408
149296.8461340703
127694.30697869584
107001.5742529496
87828.91224614708
70603.76412683881
55572.71836750815
42818.20845811445
32329.69532919874
23887.247778727597
17293.88005768768
12289.981359907317
8607.61726730492
5991.454273224212
4212.613152711295
3075.8872814116553
3493.61938453281
4033.138008789697
5122.737593643766
6940.704888025706
8621.657669585687
11974.245793747818
16957.13586885877
23372.869384942565
31456.43433597852
41567.82388831978
53874.3408429829
68431.86297528671
85143.81840562042
103728.93301813093
123704.81306863409
144393.25612813857
164950.53345355726
184422.11184481427
201817.0833994859
216193.83978968946
226746.1182200709
232878.03831930977
234258.28116975422
230846.79364742734
222891.6188880702
210897.77492033254
195573.71573516022
177763.25898176065
158371.74692431345
138294.74221377625
124940.5820765396
105494.29876701435
87277.74735203975
70735.34838143637
56146.34707873059
43635.498859410305
33194.38612638645
24709.469635465273
17992.95153288034
12812.942668762142
8920.181279011114
6069.502255994583
4037.389266675932
2624.1324987995076
1667.8982403164523
1038.125174054246
635.3634621730307
386.17391172850154
238.3353251992036
155.9768305638639
115.24861930150936
100.74161692055911
102.6983578943186
114.95325744855784
133.48972177248805
155.48814030741335
170.97510774299747
194.0111464926448
215.26640574889302
233.17161006320777
246.3996488482548
253.9556027894379
255.263072243805
250.21818361961277
239.19415831246758
222.99145107267412
202.73981254162774
179.76752597015383
155.45814136194676
131.35798682479805
108.24997129475254
87.15947704242038
68.68339896105643
53.14280042528193
40.61865416117135
31.00435842962796
24.063405829200303
19.482583829770682
24.832670985340805
30.11364508917541
38.91117328216896
47.530904306678984
65.41050029779885
90.44048243321483
124.18063806066897
174.4236736097241
234.20643544068497
309.02182755106776
400.1493162203891
508.05168134522074
632.0695802834997
770.1797941467679
918.8703401333581
1073.1765836546035
1226.9023589511
1373.0216733902216
1504.2252101697702
1613.5483443887242
1695.000147868082
1744.1100653104074
1758.3213358862085
1737.1848919722718
1682.3387187212593
1597.2887654184653
1488.3099131081324
1359.641491359862
1218.682289366993
1121.1797107419068
974.3327292465816
831.839266433779
698.51477899204
578.0502428563759
472.9365311045598
384.48060250856565
312.8971424509794
257.4876614393084
216.72086815278269
188.5769679559307
170.67395446871188
160.48780051296288
155.53588106272932
153.53476114039495
152.52599261013492
150.96474836699636
147.76767141253916
142.31869137399966
134.4348649391363
124.29816742953801
112.36285759399492
99.25067519048362
85.64699519664214
72.2098535347793
59.50069887031536
51.64714159272379
41.01193294887009
31.885793521530218
24.297355371640474
18.169201504229303
13.352165020092185
9.65827522972227
6.88832333679052
4.852047997686135
3.3806948410554907
2.3329372217124003
1.595794163819777
1.0823229332233946
0.7276531696880533
0.484538591123212
0.3191747586907243
0.20766185508358215
0.1332237387211913
0.08413299679907317
0.05221704521994809
0.03180437927759735
0.0189861902874798
0.011096750990656646
0.0063441160480758345
0.003545236615422249
0.0019353588033803487
0.0012757320316772653
0.000669132976505402
0.00034249359158493883
0.0001710295886613895
8.330754450784671e-05
3.957545737878385e-05
1.8333485381347523e-05
8.281367720248634e-06
3.6472576604561924e-06
1.566082080168967e-06
6.5558353513853e-07
2.6754257993920163e-07
1.0643838449877804e-07
4.127962589635902e-08
1.5606261902223213e-08
5.751521066746826e-09
2.066252504031672e-09
7.235990257894504e-10
2.4701548733526316e-10
8.219781479403363e-11
2.6662746975281695e-11
8.430571246932463e-12
0.3818115297066936
0.6186497225037855
0.9771126226295889
1.306511960308026
1.9775154575511529
2.9176312476746604
4.1960913453447475
5.88252096491278
8.038704251294874
10.708105365864904
13.904111390119128
17.598589388096137
21.712833195165285
26.113143246853394
30.612995229695564
34.98295682410689
38.96827863115589
42.3126228764709
44.785011507645244
46.206114568660716
46.65756171190847
48.23603738378096
47.89040465586917
47.45694033037291
47.49168114407488
48.66650613412752
51.7315264519289
57.463133261295035
66.59798928365862
74.89145146824646
90.97500938734807
111.61090421610594
261.4135668129472
383.27889765092647
537.8145642308104
749.5824188626332
1034.685209698444
1411.1125996182302
1940.808952384286
2600.2526287012947
3406.215320424087
4383.185117218709
5535.015270397752
6853.4054697131005
8315.540655687077
9883.047160292299
11502.702026494766
13109.090907664013
14629.091397529477
15987.726865442892
17114.66674666363
17950.50851689236
18452.000105841522
18595.54377958125
18378.618071252182
18041.790800729887
17272.765397647978
16228.771783259193
14966.36744388265
13548.285910797065
12038.756660939996
10499.333466816608
8985.477946179646
7544.029491678696
6211.60535157282
5013.911185469236
3965.8924536655586
3072.6118847006915
2330.8883013143522
1730.4739337721153
1256.899981220264
892.9282877234655
620.4149389479722
421.72532993406975
280.75188052315167
183.53022236985677
118.49799014936053
76.47155930289257
50.42883053484857
35.18307189758275
29.133052235924442
24.192522467277193
22.47963381320298
22.621409284875003
23.689326174006336
25.05540370149115
26.29674282061381
27.136342522995747
27.40819350493872
27.03635016567709
26.020183112757028
24.420759479811615
22.34586760961176
20.50792508401093
18.264051871451805
16.161926878898537
14.401245328000742
13.169907249996783
12.636581334254636
12.944469992137114
14.204897886921131
16.489524200647462
19.820692511672256
24.160531012132886
29.400619631271123
35.35499895322156
39.59406365028499
46.11735692386569
52.50602341393428
58.35932297139369
63.280079106977496
66.91400022750406
68.98786236671819
77.25613581967157
80.85618705479321
85.43318997716686
93.71016763745885
105.3009760058629
123.09914769486234
149.31688011152767
186.18014901812612
235.69229227293678
299.347757864927
377.8195741520195
850.9844859017109
1240.4289244185456
1732.8235716495374
2477.9995675035625
3422.0609436502714
4674.143607869112
6302.115413617137
8603.33357688708
10343.075808993191
13444.444818268119
17201.09656267259
21562.946998056883
26507.06666959684
31936.005786162154
37697.609340156
43589.790627867915
49372.04185651582
54782.81337146286
59560.80121299051
63467.40600479853
66307.3585267192
67944.81867148135
68313.06684597176
67417.01671976334
65328.91850277632
62178.54228924334
58139.667966628054
53414.82170922164
48219.96539954363
42770.41314742726
37268.77904705307
31895.371783617327
26801.19485262894
22103.570086770436
19233.991934545647
15361.795139842143
12028.096718224548
9228.72530459905
6935.6898972679555
5103.448376905462
3675.3546225645437
2589.676904467566
1784.7064266910145
1202.6565901909178
793.0474039667967
511.35917826977584
322.91720411002933
200.32366339663534
123.01551359563443
76.10659873023702
49.189449486143914
35.22626349280788
29.600282527886502
29.353294502833062
32.6045803030947
38.12992214896141
45.07292298133185
52.76096191350741
60.60122393996075
65.63607863649712
72.50574953247227
83.47186505936403
90.78048674357126
97.87458450883341
105.29541383383082
113.90381904817959
124.85620505494609
139.5291824747703
159.38990872883716
186.73732018440052
221.38967773483103
264.53878110095263
525.9805707919435
744.2705970763467
1023.758291501412
1407.8748253601743
1928.05266279183
2620.5952710288107
3524.7282212814416
4767.484030413704
6298.229452727512
8146.784728803542
10352.567482647239
12909.33310968044
15787.0081627571
17849.446150741096
21092.68034811223
24411.848972711345
27670.246808927794
30719.71344846253
33413.13860466669
35618.98114179991
37228.51374290017
38169.060163254515
38407.69119079038
37950.88268192555
36841.51483948574
35152.566199976645
32979.12818338929
30429.946695008526
27619.44025222404
24660.791494232242
21660.272934010638
18712.962862599106
15899.53378063221
13284.14576606632
10913.344938934588
8815.977580777604
7004.119447465067
5474.955510885749
4213.441840774247
3509.496988153521
2637.5532192810783
1957.8746323532025
1437.9470002365745
1046.8669112624225
756.9152386351672
544.4240482480585
390.03382375393244
278.4927281964438
198.16612995642043
140.40992644003327
98.92707889188316
69.18551091312588
47.936927295229154
32.84610817555974
22.220906902492565
14.823703385536684
9.74299128956604
6.306209910718173
4.019332152889999
2.5233035577787044
1.5612132394970049
0.9527329991985042
0.5739649377200783
0.34166002109948085
0.24025837854297885
0.14041497013312987
0.08120763698297302
0.04647458335531958
0.026308036110697052
0.014719036137116283
0.008130665238892193
0.00442874046155914
0.002375472139143845
0.0012529631055816317
0.0006490432196712299
0.0003297845474901138
0.00016418758558638997
8.001980984910495e-05
3.814666769466351e-05
2.604812656291574
4.158725894983584
6.472165771915209
9.818460945746942
14.51915502206378
20.928751446341376
29.40690549566853
40.2772074547228
53.774130445867016
69.9828232118444
88.7834008535253
169.49560844551763
242.42529530524283
334.4850344021537
459.36421594933483
627.2588415422352
850.1282123089699
1141.104050018242
1513.3879288842895
2027.4790661487516
2623.143543404399
3336.2231588874242
4166.320056415572
5102.035030034437
6123.205979884317
7200.004666295489
8291.06507103328
9350.972711241464
10331.064407085227
11184.335895714637
11869.648360924733
12355.278885517757
12621.32832280083
12660.723083822382
12513.556186207765
12152.078079012785
11618.64103050053
11186.032785728958
10450.10148954869
9645.607796855034
8812.895447814817
7990.413301562566
7233.470977021894
6542.335264753558
5953.364600305374
5482.290606784806
5135.86118076581
4911.518118842059
4797.83719096441
4775.785744943649
4820.716105684325
4904.877339525157
5000.1289067810785
5080.5028589994
5126.138247566465
5118.664049639519
5049.250692711074
4914.6529717232615
4716.958041095406
4462.648193160953
4161.358538682298
3825.2621299748894
3587.7054987034253
3220.2731603601123
2850.4909513038247
2489.3620536513386
2146.354123583194
1829.059017626141
1542.9678742540423
1291.3759849007433
1075.433749951173
894.3481535287451
745.7183437308662
625.9669562903637
530.8134368305873
455.7315526042262
396.3411729448338
348.70117696070236
309.49084114325814
277.4408010091968
248.72883281831307
222.97922355893158
199.54224970762087
178.19832028507577
159.03819072727327
142.34743440075303
128.49851765862687
117.85231423736164
112.67007732961365
107.86345340905498
106.64534348692061
153.3804781048191
191.5002508307267
243.2691348529746
317.2429497790202
419.5659059212178
557.4215891935102
738.6336084968996
970.9387769005959
1288.7878366836035
1657.5495991654523
2096.7727173881917
2604.462035669415
3172.9054446797686
3788.166793078583
4430.307379214828
5074.423896007564
5692.448322764746
6259.460353744822
6742.824254384839
7122.425468163837
7381.977321749359
7512.585798751329
7513.004882936322
7443.5720423474395
7242.873870858519
6939.663089822544
6551.695351491416
6098.2350795439415
5598.720043091729
5191.622844140103
4743.339976054057
4330.659167742828
3991.3835811509894
3754.5616354886374
3649.290916324938
3703.365462583596
3941.2101464318453
4451.445273768017
5145.423464002166
6068.4316617970435
7209.327011398113
8541.130712572643
10020.505717574159
11589.057566509711
13176.608155127566
14706.24476354737
16100.586807228505
17288.431082051535
18210.81365471403
18656.66855721878
19052.525489275846
19113.819488534926
18849.56890467028
18284.51332644294
17455.228640895188
16405.992860230977
15185.025109670427
13841.468596449311
12423.206495176777
10975.373261529567
9539.308223460313
8151.704501556308
6843.80427760605
5640.62642600085
4560.327598641286
3613.853353048518
2805.0196817237243
2131.0916880393684
1583.8262567190247
1150.853826093665
817.2168617391959
566.8706294887467
383.9815823614369
253.91576450509092
190.14502137344877
120.7322263010588
74.79391992004786
45.20100440592006
26.644877985174915
15.318558028356026
8.588614376205133
4.695680680917426
2.5033345135313083
1.3012575772368196
0.6594997343528873
0.3258809293806241
0.15699462024793542
0.07373653383561532
0.03376331826613113
0.015071820703681772
0.006559026657474506
0.0027826717856536567
0.0011508801208070442
0.00046402453444521194
0.7249029033182789
1.1827390944013032
1.8813347078548908
2.91717327144242
4.409262242221948
6.4964257505396255
8.293080202411904
11.709311044580788
16.11576236503468
21.620930895499054
31.87900035034556
41.89862024087445
54.05930226519807
68.56041484200894
85.58448089736734
105.29848443740495
127.85096476835663
153.35862582143972
181.87655135031596
213.34887501103117
247.54192829253782
283.9686486108238
321.81971329422055
519.2752686993957
673.1923392269341
864.4890598052673
1122.9987158482331
1470.6559787688814
1932.5553008091522
2535.5221353412076
3305.461531759086
4325.86896197714
5121.172625352885
6477.421199240543
8052.360845460705
9823.249459197486
11747.427424776904
13762.96827790739
15791.97872363626
17746.385238678435
19541.170289181093
21083.757767567335
22306.877333619414
23159.790811086463
23615.152870237638
23669.501022846965
23340.973896941396
22664.983661602706
21688.858754427703
20466.495499473654
19053.83404277983
17505.596009884455
15873.314190095962
14430.232190015538
12935.155719944716
11543.922565215327
10336.41680068895
9664.614790964562
8902.938201166586
8489.114919713154
8475.799803794751
8903.803391111343
9939.410441094846
11382.649997480992
13302.822105390394
15652.086468126157
18350.676266232902
21288.64023669961
24331.327914914178
27328.514146702182
30126.251087978417
32579.961376035608
34566.85674990329
35995.7896694226
36813.082469913905
37003.65616968871
36587.70517637939
35614.05925937677
34151.49589030903
32280.48102870469
30085.781905341526
27651.3872541344
25057.57750868416
23277.22709085465
20582.541696136876
17917.488325590955
15342.519370538193
12910.977231165702
10667.413551032652
8645.7731759669
6867.956808814141
5346.35091654621
4074.050797341221
3039.130982115099
2220.4174843550177
1591.180110095407
1122.239574170299
784.4913453476445
550.8372558578515
398.47703955601304
306.33800275142033
258.3240776470178
242.07128987891173
247.85763075403213
268.22612137679914
297.4041039397423
330.84388811153855
364.9075502429857
396.6844937138262
415.4539491211342
438.68803648586135
454.956380699403
463.6022593025162
464.50720534060196
458.0065802272946
444.77871084385487
425.7242917081921
401.85488259805294
374.2054888226548
343.7784567038159
311.5171448385528
278.30083161363393
244.94895046681881
212.2234862416226
180.8223594435446
151.36213581461845
124.35349570906821
100.17609202050843
79.0600595756609
61.079743141811775
46.162066222819966
34.108505060223756
24.62686199959111
17.367550357981028
11.959029225750633
9.201119802567254
6.084663022832876
3.9261387819697946
2.471451203845504
1.517517782019181
0.9087838037204055
0.5307519780518092
0.30226921310764365
0.16785751925550307
0.09088888354811134
0.04798289966741867
0.024697557883805992
0.012393732485372008
0.00606347782584763
0.03028497066561605
0.04551694563659343
0.07004216944274953
0.10665471877815927
0.15900885724718286
0.23137808502901544
0.32831267508613843
0.4541542817450254
0.6124019397565325
0.8049660711046047
1.0313919166199585
1.1995644454679806
1.4729120771682274
1.7629261482514034
3.1248882875918573
4.185240412470164
5.489292651086868
13.21068414477795
19.16848204026743
27.694216571119814
39.64730350650648
56.01472378421309
77.85372976163306
106.817987051296
142.92136416042678
187.15870547760036
239.67328658813597
299.96950553730164
366.78794843527663
438.05011831493374
667.8954610452696
838.3239485880068
1087.024718153619
1387.0553948421407
1782.9650556529818
2305.89598132407
2991.530879365644
3557.5757769652496
4596.731415889076
5890.382123461901
7579.921074422472
9492.314090474141
11687.180962747498
14123.132057269771
16731.63464801085
19419.52546679684
22075.41258959072
24579.055251658738
26812.72896349369
28672.75552820367
30079.338684348968
30983.098757967786
31367.340179194165
31245.95359990392
30657.73307178176
29658.553189078735
28313.13538976011
26687.980610949708
24846.526297779037
22846.868703819244
20741.694363476206
18579.53883093266
16406.390819347387
14973.516787320885
12879.989522829685
10889.636400967556
9039.169052063422
7359.027405128218
5870.210233927709
4584.352639653621
3502.6227058225627
2616.7759208527896
1910.9371291273906
1363.9415847369385
951.8266519414376
650.1131556721359
435.6252249019627
287.72961558394155
188.9956172536048
125.36316052191184
85.9522412123434
62.65524949188262
49.635855797448585
42.826236516360844
39.47946923946049
37.803330512308165
36.67923778846102
35.45642406576982
34.41378832134087
32.40497599294601
29.864367963025295
26.885949377791107
23.620866801169118
20.241401087670358
17.40533119118133
14.57928032735129
12.212577172767215
10.434360579068542
9.349959521635599
9.04472141855291
9.587169685508082
11.02926230486002
13.402359923717118
16.708699793313112
20.909513762535813
25.91217298614934
31.559617238989812
37.62558898243034
59.99694537446147
76.24009434764807
100.50275804412875
130.17248681418357
169.85539164065543
222.83557638816308
267.3880018855679
350.99836762357427
458.14658232383675
592.0397772633269
763.1400213565313
962.9282430295482
1189.9781500376178
1441.9357394568333
1711.5745081088871
1989.1237062903185
2262.9465657432293
2520.550006044274
2749.792696230729
2940.105548509087
3083.5224674790884
3175.347436960071
3214.353224021934
3202.5018715911187
3144.2744552539034
3045.772489971257
2913.786928177334
2755.015542118233
2575.55204377638
2380.6885206920515
2174.9903378157323
1962.5416110165131
1819.0809965639355
1604.0355255240015
1392.7095014952904
1189.1290298551423
997.1778153949566
820.3188728976629
661.3048813070008
521.9502996899558
403.015576632924
304.22214395155214
224.38619426824746
161.63693564950464
