a = [4.94862873] b = [4.94862873] c = [13.67967] ,Gaussian ,LMH = [0.14684817] ,DW = [0.22980291]
0.0
0.0
0.0
0.0
0.0
0.0
0.0
0.0
0.0
0.0
0.0
0.0
0.0
0.0
0.0
0.0
0.0
0.0
0.0
0.0
0.0
0.0
0.0
0.0
0.0
0.0
0.0
0.0
0.0
0.0
0.0
0.0
0.0
0.0
0.0
0.0
0.0
0.0
0.0
0.0
0.0
0.0
0.0
0.0
0.0
0.0
0.0
0.0
0.0
0.0
0.0
0.0
0.0
1.150074045714529e-28
3.1248751886719565e-28
7.527321091917261e-28
1.6074930410509298e-27
3.0433973217417288e-27
5.108214197739695e-27
7.60116987853829e-27
1.0027500001097028e-26
1.1727509565718896e-26
1.2159614712097592e-26
1.1177243842747117e-26
9.108576919723775e-27
7.432575689868405e-27
4.955528373006013e-27
2.9291491533699105e-27
1.53494882051685e-27
7.130946947043709e-28
2.9369828088310513e-28
1.0723992378688777e-28
3.4714625304659875e-29
4.301543464191686e-28
3.166993474040196e-26
8.789781248961212e-26
2.165505275656979e-25
4.735417792501836e-25
9.191123089995582e-25
1.5833841780797618e-24
2.4210766856063072e-24
3.285738476032064e-24
3.9578357381568785e-24
4.231372890419325e-24
4.015154152021811e-24
3.381576725441221e-24
2.5277320896781496e-24
1.6770119527232354e-24
9.874904824870835e-25
5.160827522303583e-25
2.393828778999301e-25
1.3424230231118933e-25
5.1039006563292516e-26
1.722240511270307e-26
5.1577463242965374e-27
1.370869114097813e-27
3.233675959213822e-28
6.769483866382674e-29
1.2576698215713349e-29
2.0735887792073553e-30
3.034002037564182e-31
3.9394730600276505e-32
4.539214692322706e-33
4.641244621662818e-34
4.2110435890444656e-35
3.390287856336161e-36
2.4219470931390767e-37
1.5351943560988268e-38
8.634195364273371e-40
4.3085301737281083e-41
1.9075415084105223e-42
7.492817979530183e-44
2.611147379944349e-45
8.072746072402403e-47
2.214132609055127e-48
5.387250817228457e-50
4.2322512795813607e-51
8.433590331995393e-53
1.490752561637955e-54
2.337437460878435e-56
3.250913318212611e-58
4.010435654341248e-60
4.3882217297440485e-62
4.258795319865523e-64
3.665702922535506e-66
0.0
0.0
0.0
0.0
0.0
0.0
0.0
0.0
0.0
0.0
0.0
0.0
0.0
0.0
0.0
0.0
0.0
0.0
0.0
0.0
0.0
0.0
0.0
0.0
0.0
0.0
0.0
0.0
0.0
0.0
0.0
0.0
0.0
0.0
0.0
0.0
0.0
0.0
0.0
0.0
0.0
0.0
0.0
0.0
0.0
0.0
0.0
0.0
0.0
0.0
0.0
0.0
0.0
0.0
0.0
0.0
0.0
0.0
0.0
0.0
0.0
0.0
0.0
0.0
0.0
0.0
0.0
0.0
0.0
0.0
0.0
0.0
0.0
0.0
0.0
0.0
0.0
0.0
0.0
0.0
0.0
0.0
0.0
0.0
0.0
0.0
0.0
0.0
0.0
0.0
0.0
0.0
0.0
0.0
0.0
0.0
0.0
0.0
0.0
0.0
0.0
0.0
0.0
0.0
0.0
0.0
0.0
0.0
0.0
0.0
0.0
0.0
0.0
0.0
0.0
0.0
0.0
0.0
0.0
0.0
0.0
0.0
0.0
0.0
0.0
1.316444135262181e-28
3.863568099311415e-28
1.005253519128518e-27
2.318801250299822e-27
4.7418994723854256e-27
8.59690351908001e-27
1.3817601261228837e-26
1.9689022364030282e-26
2.4872334040424148e-26
2.7855427264800157e-26
2.7656931884650073e-26
2.434439964840321e-26
1.8997437789641896e-26
1.3142920659858753e-26
8.061013240788839e-27
4.38316960648941e-27
2.112943141879393e-27
9.030010147220905e-28
3.42128741005984e-28
1.1491898282020073e-28
3.4221172107728475e-29
1.4272779591460265e-29
3.4773346515669105e-30
7.510784658943286e-31
1.4382190135450065e-31
2.441550066885333e-32
3.674575170199143e-33
4.902860436433893e-34
5.79953026106324e-35
6.081868138748082e-36
5.6543420151242805e-37
4.660452023866954e-38
3.40545308866081e-39
2.2060871033154993e-40
1.266984502108096e-41
6.450907915520824e-43
2.911865263529875e-44
1.1652593647448144e-45
4.134041397591247e-47
1.3002532075516585e-48
3.6256171246909657e-50
1.2119298449628794e-27
2.750079159646102e-26
9.107881690281256e-26
2.3757682082000483e-25
5.5233193866503105e-25
9.0914031616826e-25
1.7436374590498794e-24
2.9787439163479244e-24
4.532230345361583e-24
6.141323737554841e-24
7.410840092192776e-24
7.96384801630955e-24
7.621304959396985e-24
6.4951551314251436e-24
4.9295250621304235e-24
3.33175498915341e-24
2.0053193052528498e-24
1.0747753926395215e-24
5.129165317309261e-25
2.179369650093099e-25
8.24366003940672e-26
2.775580789290697e-26
8.316926229675922e-27
2.21753150824357e-27
5.260067633706519e-28
1.1097867314920227e-28
2.0822058623698854e-29
3.473375961627495e-30
5.150296580890071e-31
6.786953620761614e-32
7.94679946446372e-33
1.7809354289000254e-33
1.7117443999320613e-34
1.4611339836262385e-35
1.1074641706551363e-36
7.452311689600976e-38
4.451560416493825e-39
2.360134460596655e-40
1.1104847400862925e-41
4.636525567977624e-43
1.7176481573145474e-44
5.645451261539936e-46
1.6460813790541202e-47
4.257561853722645e-49
9.767867455682014e-51
1.987663019416148e-52
3.587300420945811e-54
5.74189116281922e-56
8.15054797705596e-58
1.0260008220860735e-59
1.1453120588491684e-61
1.1337124173156231e-63
9.850948113010839e-66
0.0
0.0
0.0
0.0
0.0
0.0
0.0
0.0
0.0
0.0
0.0
0.0
0.0
0.0
0.0
0.0
0.0
0.0
0.0
0.0
0.0
0.0
0.0
0.0
0.0
0.0
0.0
0.0
0.0
0.0
0.0
0.0
0.0
0.0
0.0
0.0
0.0
0.0
0.0
0.0
0.0
0.0
0.0
0.0
0.0
0.0
0.0
0.0
0.0
0.0
0.0
0.0
0.0
0.0
0.0
0.0
0.0
0.0
0.0
0.0
0.0
0.0
0.0
0.0
0.0
0.0
0.0
0.0
0.0
0.0
0.0
0.0
0.0
0.0
0.0
0.0
0.0
0.0
0.0
0.0
0.0
0.0
0.0
0.0
0.0
0.0
0.0
0.0
0.0
0.0
0.0
0.0
0.0
0.0
0.0
0.0
0.0
0.0
0.0
0.0
0.0
0.0
0.0
0.0
0.0
1.4525581306175253e-28
3.933311307774387e-28
7.146934369119582e-28
1.5833590724717224e-27
3.109853487832078e-27
5.415035849029705e-27
8.359179218043689e-27
1.1440021217869073e-26
1.3880046356467743e-26
1.492986553681708e-26
1.423710766353594e-26
1.2036176157946496e-26
9.021031400594337e-27
5.994110528593281e-27
3.530971338710156e-27
1.844015346162002e-27
8.537599198064412e-28
3.504353328418454e-28
1.275207639294015e-28
4.1139102894933057e-29
1.1766021057831998e-29
2.983357638768953e-30
6.706283510752816e-31
1.3364705499876864e-31
2.3612271606005093e-32
3.698426908554902e-33
5.1356711081656465e-34
1.288038722711675e-34
1.463335486910879e-35
1.4738720493577657e-36
1.3160626207992823e-37
1.0418236666583906e-38
7.31160593303643e-40
4.549170638322156e-41
2.5092999121424818e-42
1.22708263011205e-43
5.3198077619443376e-45
2.0446499310305383e-46
2.228978271926745e-29
6.376771467417191e-29
1.6173230045660314e-28
3.636583535250533e-28
7.249219757638014e-28
1.2811201320019555e-27
2.007193951146443e-27
2.78798040007743e-27
3.433135828497111e-27
3.74794448313066e-27
3.6274063206704125e-27
3.1124340277605964e-27
2.3675818239899093e-27
1.596653704039435e-27
9.545910574347594e-28
6.336265813032113e-28
3.099380089150504e-28
1.3440554386339145e-28
5.167261250536942e-29
1.7611832630752014e-29
5.3216900060617736e-30
1.425592786722677e-30
3.385651862759459e-31
4.761142702785634e-28
1.36395870773276e-27
3.464567045534061e-27
4.235173424126795e-26
1.1772978923014322e-25
2.7614236187428132e-25
5.814784769055483e-25
1.0977582761662742e-24
1.856303501558861e-24
2.809904473718309e-24
3.8063901330870284e-24
4.614120915331717e-24
5.0056835161845325e-24
4.860953721606706e-24
4.2263090438660784e-24
3.2905721804715808e-24
2.2946478085255745e-24
1.4332696954360893e-24
9.851425333357846e-25
5.121499034776722e-25
2.38490731518052e-25
9.949005273562314e-26
3.7195363010398423e-26
1.2472486641848214e-26
3.756712953407171e-27
1.018770103946896e-27
2.4961033292106726e-28
5.551321867095353e-29
1.1270639011853968e-29
2.1015862048690943e-30
3.618048912263076e-31
5.768512675510599e-32
8.516505725385064e-33
1.160357056126116e-33
1.4506016982579664e-34
1.6526776097555976e-35
1.704741217386082e-36
1.583111384047667e-37
1.317691164010973e-38
9.797631748734755e-40
6.492263748710094e-41
3.827470130124321e-42
1.277232224253495e-28
2.633439559412683e-28
7.052141184130742e-28
5.9873918950573755e-27
1.6005968220883772e-26
4.154766204560199e-26
9.1992239817117e-26
1.8342546629981503e-25
3.287505595881604e-25
5.289134448935595e-25
7.631940578921369e-25
9.872257900447367e-25
1.1446295309778266e-24
1.1896196027379398e-24
1.1084622223733745e-24
9.261551900981248e-25
6.939802520539451e-25
4.663414360006493e-25
2.809784982455562e-25
1.517372964808355e-25
7.340455953903897e-26
3.178789719086639e-26
1.2312831350896448e-26
4.262190026438627e-27
1.3173422680791535e-27
3.632239765376556e-28
8.926864349238563e-29
3.2844676617236656e-29
6.652908903336048e-30
1.1989214656986837e-30
1.9211409533431207e-31
2.735943165207258e-32
3.4614258244262905e-33
3.88912185823731e-34
1.001652270443252e-28
2.910650344092728e-28
7.4983230154880825e-28
6.727862560615366e-27
1.7660269615433338e-26
4.5029998236287864e-26
9.79686481053627e-26
1.9193059680506091e-25
3.379554013112564e-25
5.341746620820117e-25
7.573622582511133e-25
9.629423006695571e-25
1.0979736105713202e-24
1.1230049068272251e-24
1.0306330975811715e-24
8.489411774696278e-25
46.05612416006537
129.64849094415146
323.5552403774526
556.7762395633606
1136.8325173047622
2057.8474381005785
3302.4082055159047
4698.391780539546
5926.094799363698
6626.5709798791
6569.162529903542
5773.405385145981
4498.368113695249
3107.268799688318
1902.845596917591
1033.0686160520602
497.22811802576206
212.16956434067725
80.26225967968098
26.917862704122864
8.003328773237236
2.1096073760684644
0.4929847735781109
0.10213304247554297
0.018758578552541785
0.0030544602394403982
0.0004409302750699799
5.642950693329554e-05
6.4024100397482244e-06
1.4033949576858881e-06
1.302722646837168e-07
1.0720743552557767e-08
7.821656603799348e-10
5.059102468362568e-11
2.901009157139528e-12
1.474774489698769e-13
6.646653314527457e-15
2.655714165602607e-16
9.407203231633122e-18
2.9542049134756236e-19
8.224729033018261e-21
2.0300347617699516e-22
4.442078649706277e-24
8.617274072020284e-26
1.482021353563729e-27
2.2596434112786954e-29
3.054402392310516e-31
1.6854752996023634e-29
4.692686054120526e-29
1.1585508688592535e-28
2.535770612301363e-28
4.920460117680101e-28
8.46452049377658e-28
1.2909216926452328e-27
1.5997171398954951e-27
1.996069036610071e-27
2.2080495287584134e-27
2.165424055220234e-27
1.8826864469326236e-27
1.4511554213092514e-27
9.916325050049586e-28
6.007426595646508e-28
3.2264659390609927e-28
1.536266603791005e-28
6.484955314388356e-29
2.4268798685704243e-29
8.051753366793216e-30
2.368282692272016e-30
6.175576583952424e-31
1.4276520578369809e-31
2.925958301871276e-32
5.316364909509844e-33
8.563717376307389e-34
1.2229558040145416e-34
1.5483177481172056e-35
1.7378421031405276e-36
1.7292645186208125e-37
131.67959661820106
394.18399787086184
1046.117302815232
1875.4820980672773
13555.703257341811
34501.02029327518
84491.61291956142
180295.90036568418
348029.74557225377
605901.1553845395
949455.007936194
1337714.8049308653
1694023.3909338654
1928509.6089849172
1974628.9900037656
1819569.293475979
1509696.7553741336
1128134.5354552919
759176.4516977558
459860.8787731822
250520.1674444912
122600.2986339729
53825.176354351126
21168.755416441963
7447.175063714521
2340.324992726362
656.1510478524558
163.94307429792494
36.469485028423186
12.547283901830378
2.2958948677090985
0.3733353065208852
0.053924293876549664
0.006915789821455725
0.0007872955373229974
7.953648510614687e-05
7.129244284197254e-06
5.668950186848594e-07
3.9984481170207804e-08
2.501317361762317e-09
1.3877215274778937e-10
6.827578883704229e-12
2.978805745028695e-13
1.1524264097814221e-14
3.9533720614995877e-16
1.2025307976315816e-17
3.2433320209781987e-19
7.756174776422032e-21
1.644604528303209e-22
3.092998753544197e-24
5.385148274139974e-26
5.0905908765880464e-27
7.240183819890397e-27
1.0705887581582188e-26
1.3047517230286585e-26
1.6010544826948814e-26
1.9390271493102145e-26
2.2704716098305688e-26
2.953514328946078e-26
4.3828383589588024e-26
7.087477685962197e-26
1.143651215606933e-25
1.7358583097212508e-25
2.410816069981149e-25
3.0302096835637416e-25
3.4337503629967557e-25
3.5047201363773835e-25
3.222881825808099e-25
2.6719884527356157e-25
1.9985081534310226e-25
1.3490061301788598e-25
8.217112390876659e-26
4.514012097990111e-26
2.23398462336018e-26
9.945966611674439e-27
3.976846088537467e-27
1.4255861936236507e-27
4.573662908820565e-28
1.3111639192134081e-28
3.35392877395305e-29
1.2678089810019687e-29
2.6749448817183407e-30
5.02162361778604e-31
8.381467096727286e-32
1.243035840650035e-32
1.6373022424012036e-33
1.914665114046941e-34
1.987228006396748e-35
1.8301789992976737e-36
1.495383677228585e-37
1.0838383181792015e-38
6.967586424219226e-40
3.9725559712596325e-41
2.0086280090886015e-42
9.006358774225385e-44
3.5809854548198895e-45
1.2625442598180672e-46
3.947039790151278e-48
1.0941316957488733e-49
2.689273703454165e-51
5.860884670153171e-53
1.1325322977341648e-54
1.9404146608899932e-56
2.9477654103773597e-58
3.970489633526298e-60
4.741837927377535e-62
2.317328881555367e-63
2.2645197618698303e-65
1.9622398114106235e-67
0.0
0.0
0.0
0.0
0.0
0.0
0.0
0.0
0.0
0.0
0.0
0.0
0.0
0.0
0.0
0.0
0.0
0.0
0.0
0.0
0.0
0.0
0.0
0.0
0.0
0.0
0.0
0.0
0.0
9.259102561152406e-28
2.4825865764971854e-27
5.901206390361379e-27
2.825397206125505e-26
7.365511779135429e-26
1.686958025182506e-25
3.720711958632937e-25
7.261404654286109e-25
1.2882796148869545e-24
2.0687226127685097e-24
2.999176823083502e-24
3.921859120223836e-24
4.626566135434321e-24
4.9284064644591895e-24
4.7464635064674015e-24
4.1375152318645314e-24
3.2667118307193964e-24
2.3360615826549466e-24
1.511915609378807e-24
1.0694976529569069e-24
5.840827353233892e-25
2.8726753600989943e-25
1.2694045445686682e-25
5.028352957041715e-26
1.7818047390865628e-26
5.637886298828864e-27
1.590500520156295e-27
3.9955201691352653e-28
8.929020806407107e-29
1.7737254543265208e-29
3.130096605125619e-30
4.904731731350212e-31
6.821880864176919e-32
8.419895288132547e-33
7.844880389224137e-30
2.2874702948158014e-29
5.91388934612067e-29
1.355480916340439e-28
2.7543210865633165e-28
4.961769913189869e-28
7.924275551134842e-28
1.1219755929744013e-27
1.4083420396672067e-27
1.5672337313244887e-27
1.5461808513306141e-27
1.4331431685031946e-27
1.1567803955595275e-27
8.277766183307478e-28
5.251414310400866e-28
2.953522643386172e-28
1.4726692523657069e-28
6.509850680732559e-29
2.5511601823177994e-29
8.863501488770261e-30
2.730070166547326e-30
7.454923469687058e-31
1.8047350915681683e-31
3.8733311587103906e-32
111.16654968896711
322.96330226669545
831.827206495082
1899.3891703617123
3844.9941857877106
6900.464254429046
10978.975772625148
15486.24893508524
19365.625926135574
21469.292566272616
21101.086755115113
18386.234929202474
14203.052097921189
11183.709323402112
7068.212012105419
3960.3553715904354
1967.2503949507588
866.3353138041233
338.23090462306504
117.0688763330073
35.92282691178138
9.772382441458124
2.3568464932147415
0.5039216671452369
0.0955202962152647
0.01605200114853686
0.0023914626193006798
0.00031586310823319367
3.698580756357354e-05
3.839478145031285e-06
3.533541425550984e-07
2.8830293760911244e-08
2.0853974643768663e-09
1.337302042347856e-10
7.602756264418753e-12
3.831894298771272e-13
1.712209360167097e-14
6.782676536111254e-16
7.371833873121703e-17
2.3892115242402632e-18
6.864905372903749e-20
1.748700373130032e-21
3.949091017433256e-23
7.906418109679343e-25
1.4033412917510073e-26
2.2082473812909672e-28
3.0805838712822164e-30
3.809949714066893e-32
4.177402700301527e-34
4.0606385729485054e-36
3.499316475734521e-38
0.0
0.0
0.0
0.0
0.0
0.0
0.0
0.0
0.0
0.0
0.0
0.0
0.0
0.0
0.0
0.0
0.0
0.0
0.0
0.0
0.0
0.0
0.0
0.0
0.0
0.0
0.0
0.0
0.0
0.0
5.429564936913547e-29
1.5039496428227104e-28
3.693196806252103e-28
75.19564761570201
219.31771069838
567.0947112094481
1299.985125902625
2641.934599913209
4759.996519092631
6591.859731858495
9716.891466075616
12698.360122916802
14711.901892804615
15110.919569281674
13759.855113745238
11108.047318232251
7949.914801277413
5044.151485601681
2837.3614271077145
1414.9532566774858
625.5620856423192
245.18824096509422
85.19806868587223
26.2458568244183
7.167911816730703
1.7355033061708478
442.423357239968
1314.5185998206841
3465.1082770554426
8098.196253091792
16778.84225759852
66816.98751579557
149261.70373353438
314233.0673535122
511862.3001178748
964200.3331287714
1664840.7726752183
2614859.8859226787
3720311.5671794205
4788570.702154433
5580656.126808435
5901246.9434287995
5677118.46917333
4980323.961762594
3989519.602252708
2917935.1752096303
1945430.9311044654
1178939.0268455618
647037.5085640794
320381.39136165846
142604.80839662257
56879.99344528671
20277.47577580227
6447.692897498212
1825.7700492485442
459.85958390139194
102.93482219724712
20.46351297274071
3.611421459487006
0.5656031299243502
0.15376880769154067
0.01972632539902951
0.0022446324322333193
0.00022652879242951522
2.027453706632586e-05
1.6091879203126496e-06
1.1325984818474412e-07
7.068839174240717e-09
3.912152649072245e-10
1.9198792790844494e-11
8.354470582724845e-13
3.223653751798793e-14
1.102962194839277e-15
3.3462203840299025e-17
9.001800941659143e-19
2.147260629498449e-20
4.541719857260779e-22
8.518001852072168e-24
1.4173697581912267e-25
2.2602638821740764e-27
3.446285280962933e-28
5.210755442477807e-28
7.576771923178312e-28
9.773022933795931e-28
1.1175741670383003e-27
1.1329864007876329e-27
1.0693877368262704e-27
1.0316468830634618e-27
1.0400370754826816e-27
1.3468855422045951e-27
2.18778185756118e-27
3.7536256157412255e-27
6.064896708763492e-27
8.843356900128571e-27
1.1488743309134779e-26
1.325027173108046e-26
1.355319426329933e-26
1.2291485209228006e-26
9.88280623129944e-27
7.044667045472787e-27
1.734993077298564
5.1656135446119995
13.634743464369754
31.906041322870287
66.19112593210706
121.73837688485442
198.4980015390231
286.9364120359472
367.71900923092886
417.7797563930563
420.803745256529
375.76185730726934
325.89650223052695
238.0935434677892
154.21138259613494
88.54950471603021
45.07717958554031
20.343619616295896
8.139554056735165
2.8871801942464197
454.8479941049635
1295.0844236138294
3274.440093360328
7340.84436707704
14590.246594046439
49661.62334567143
106400.75031643645
218048.01372391236
432623.82412247243
786520.3702272208
1313499.0788115517
1997130.4059283116
2752738.4735452784
3437170.835328211
3895058.9015640873
4019312.5785426577
3790909.6132777343
3473719.5259244423
2837424.29707613
2127384.1350959744
1460891.5166217855
915295.7540369016
520722.279946598
267690.7465477319
123799.33965274702
51315.748727032056
19008.984536849737
6278.842310251717
1846.304673871607
482.7459977727291
112.14029844255916
23.130036796717672
4.234318211781743
0.687794500096343
0.09910958946190432
0.012667614706475545
0.0014360023902399844
0.0001443671676115791
1.2871090888098633e-05
1.0176132468762543e-06
13.216020963415854
39.58263800079169
105.10167699634233
188.49124965693835
409.478333173792
788.6268386766371
1346.5208181861829
2038.2407721232819
2735.2611081023674
3254.190621968593
3432.3224511389394
3209.4755100824837
2660.6083170206625
1955.368954959351
1274.0233278665182
735.9137844549905
376.85769594224496
171.09161763800628
68.86221207989541
24.571637506529527
7.77299025277112
2.1799324668337405
0.5419994542416177
0.11946908899332945
0.023346035841688068
0.004044563301924044
0.0006211993880195019
8.458459896520198e-05
1.021062821312155e-05
2.332588782133742e-06
2.3037437664085966e-07
2.0171168470129256e-08
1.5657731206175914e-09
1.0775253672175013e-10
6.573960134679284e-12
3.555719735725842e-13
1.7050176203215095e-14
7.248215781402157e-16
2.7317078424756983e-17
9.127214944003743e-19
2.7036047553043263e-20
7.09984950623433e-22
1.6529756909850048e-23
3.4191316385682963e-25
7.528938891155664e-27
3.023950394423102e-27
5.829354647623482e-27
1.1486315870691393e-26
2.23519914697372e-26
4.2566046050637444e-26
7.470087813807242e-26
1.2029975696321132e-25
1.763576616834019e-25
2.3417628350503537e-25
2.6806794152562336e-25
3.039643500698578e-25
3.165312074101069e-25
3.06087477946938e-25
2.998878767723575e-25
3.008154356644161e-25
3.47029566269662e-25
4.8586171950635055e-25
7.554434976831916e-25
1.1855228270879856e-24
1.7599585422419678e-24
2.4021044546953602e-24
2.986231766169762e-24
3.379724597488037e-24
11.681018570763605
33.59176087101513
85.64178663262204
193.57067334487186
387.87723928574707
1034.1269855342255
2182.080251427806
4378.552706050435
8503.604900383674
16039.217333458733
27796.255023848567
44200.56116682171
57142.40689430285
77416.50044373528
95114.5378218236
106290.41906289103
108568.51743330645
101906.35463821828
88278.152334723
70708.3924056313
52307.98655687944
35614.28865255506
22224.684126692642
12684.497378186603
6646.378016720129
3247.744298345199
1531.8976690552122
734.1314552827828
372.0902759485183
197.83332518016846
104.96417664045926
52.747267613076176
24.268156952307
10.044208361632203
3.709206051739702
1.2177374583772747
0.3548517243672691
0.09172007177858979
0.034813300016411974
0.007364181326555218
0.0013811094167902362
0.0002296374205231641
3.3850294515189915e-05
4.423693157579969e-06
5.12518127607369e-07
5.264228149817453e-08
4.793593650134734e-09
3.8698014793198523e-10
2.769600166860207e-11
1.7573018733540922e-12
9.884997539101599e-14
4.929554295067717e-15
2.1794135029745282e-16
8.542254654522932e-18
2.968289746890603e-19
9.144104383159755e-21
2.4973697869930253e-22
6.0491015405652925e-24
1.312891088695251e-25
3.272804685996241e-27
4.239413058649272e-28
1.620709117312734e-28
6.047346676433607e-29
2.0078838749635363e-29
9.005732517440627e-30
2.446939825840341e-30
5.894372110846512e-31
71.46275252712381
211.47641577147294
554.8109647748215
1290.413871729167
2660.8102425430775
4864.068444445582
12942.017481388615
25389.50910992328
49093.66941909594
93162.52057948137
167270.94475071845
277744.430495621
421563.4167611828
580855.6308814327
725739.5348436944
824687.7363697443
857056.0545414466
819963.7459739669
726310.4994033165
597412.3546252818
455879.65444923827
321262.42065852234
242588.06147144243
147384.94528824778
81126.33549661498
40212.40306635744
17865.305267452022
7089.699347645057
2507.0951360979348
788.7295670445326
220.50691384155357
54.74395616292566
12.063167496718773
2.358636989518586
0.40911586452825666
0.06294469312906197
0.008589384473126488
0.001039515458978456
0.00011157076015298299
1.0619658338806671e-05
8.964070175807726e-07
6.710126379145889e-08
4.4543528337967135e-09
2.622199152394493e-10
1.3689045208226695e-11
6.337335885797535e-13
2.6017541133696225e-14
9.472218770701697e-16
9.733218385237811e-17
2.9005828962014044e-18
7.665496439068765e-20
1.796512547999233e-21
3.7393840392420623e-23
7.688487528292966e-25
1.1358641774988928e-25
1.18022696493806e-25
1.2393851300981085e-25
1.198491179352426e-25
1.073434661825099e-25
8.948431435161754e-26
6.948763657713291e-26
5.0080560795383307e-26
3.326661379309495e-26
2.0198694785304996e-26
1.1121862076944124e-26
5.517140342494405e-27
2.4533595456905516e-27
9.744596566739151e-28
3.448668006879855e-28
1.0856892328618954e-28
3.0370544050396084e-29
7.543685243049093e-30
1.663024059368039e-30
3.2528855321042465e-31
1.025530711600956e-31
1.6427682963098842e-32
2.3339963908247048e-33
2.9410042506480592e-34
3.286603162189053e-35
3.257207502386518e-36
2.862755485011024e-37
2.2313117680012793e-38
1.5423091040513692e-39
9.45402355966723e-41
5.1392000860067804e-42
2.477466527651427e-43
1.0591403424187948e-44
4.015436728023267e-46
1.350037310500717e-47
4.0252475945000436e-49
1.0643228157638165e-50
2.4956756356280607e-52
5.189635867479687e-54
7.759249277683611
22.884066677397044
59.833939459777795
138.69566398010784
285.0224464568981
519.2734715531166
724.4678629421607
1805.0430503324803
3373.2751207617425
6303.898389614499
11631.575161438772
20336.34495942756
32835.80621235314
48362.2873983949
64591.1370537979
78256.80372756315
86424.92097589106
87664.12344282166
82366.07089438826
72174.90718578089
59145.984517733305
45214.35257723551
32021.775485248003
20820.737472092107
12317.182180333099
6579.266748367382
3154.775807676812
1352.3387008255959
516.7765845494343
175.7151297312089
53.0978740168617
14.248466487987601
5.547935807477187
1.2201740008439503
26.885470881725542
79.24121560974405
208.69392679689702
487.4945020360493
1009.5833995938148
1853.600992590807
3017.1106550138416
4353.786408471744
5569.855049937216
6317.155397328435
6351.848347389864
5662.126579768368
4474.658751676962
3135.0260960211467
1947.2570868867438
1072.2753419741352
523.4681206857725
226.55572985754392
86.92821380769155
29.569729687661823
8.91733015259108
2.384093210673235
0.565083347161414
0.11874154080502274
0.03925313983946135
0.006748377900147741
0.0010285496972485915
0.00013897992084989068
1.6648677184344133e-05
1.7681060006947184e-06
1.664706812621026e-07
1.3895305793895516e-08
1.0282515048520883e-09
6.745769414633194e-11
3.923417485622544e-12
2.0230119480684951e-13
9.247690051527854e-15
3.7477358760634508e-16
1.346497588941426e-17
4.2888719578923434e-19
1.2111046827551437e-20
3.032029120929463e-22
6.740655520113717e-24
1.4585931726253066e-25
1.6554937988821108e-26
1.4502711080407704e-26
1.45829990431937e-26
1.631373245908897e-26
2.2120067004766144e-26
2.9700744966507377e-26
4.9427166647934054e-26
7.990673044322648e-26
1.2019243904119858e-25
1.6481429360032731e-25
2.0531616099759107e-25
2.333618268504872e-25
2.442277676056767e-25
2.3810624514163786e-25
2.2089858447872247e-25
1.975197417204607e-25
1.760340059045648e-25
1.6657133648397808e-25
1.8204805375345467e-25
2.335867952627216e-25
3.250127108124236e-25
4.472545699943328e-25
5.769228399397098e-25
6.839352603485213e-25
7.437966440804622e-25
7.469153072658965e-25
6.990837842346863e-25
6.145930399593013e-25
5.087864323805787e-25
3.950002875499963e-25
2.8497216548754377e-25
2.1887310945273225e-25
1.3637529922309828e-25
7.684599087855221e-26
3.889928189499792e-26
1.76070888208721e-26
7.104496459630008e-27
2.5505221520711983e-27
8.136549164077989e-28
2.3048051576863255e-28
5.794364153143918e-29
1.2924955729073686e-29
2.5575681791240893e-30
4.489041619190216e-31
6.988439808423967e-32
9.649177560046444e-33
1.1816097389105596e-33
1.2832933941289156e-34
1.236069739863838e-35
1.0559020091718058e-36
7.99958174245667e-38
5.374943043715577e-39
3.2029011583112555e-40
1.692686646837948e-41
7.933654135272093e-43
3.2978727402810523e-44
1.0346273369493483e-31
2.116621463512575e-31
5.602082195027528e-31
1.3144880751115668e-30
2.7344168256323265e-30
5.042822454708293e-30
8.244864666584827e-30
1.1950725690142646e-29
1.5356983501030002e-29
1.7495181427178343e-29
1.7669809872790223e-29
1.5821446814846054e-29
1.2559183559383059e-29
8.838478572111812e-30
5.5143523398713665e-30
3.050088238847294e-30
1.495654178033894e-30
6.502058408671615e-31
2.5059444384550093e-31
8.56234853240291e-32
2.59367322855914e-32
6.965278884283107e-33
1.6582982927889227e-33
3.5001583327782726e-34
3.071147360506394e-29
8.343005979893547e-29
2.009306383737571e-28
3.3765527843641695e-28
6.653222184274007e-28
1.1622281876967128e-27
1.7999136672995828e-27
2.4712281267001067e-27
3.0079796589479232e-27
3.245920247477398e-27
3.105286591281241e-27
70.35442779081731
190.71532865070742
458.3325057651525
976.5098111102801
1844.4778998564716
3088.6677539438133
4585.321854566265
6034.889876401385
7041.574314790779
7284.019129821132
6679.951072387679
5430.95717694546
3914.5366945551145
2501.412130847162
1417.0690997411793
711.7011990555503
316.8876108224758
172.8178412610797
62.95510613329591
20.331725522613972
5.8212789258053945
1.4776224229883776
0.33251361312308597
0.06633706920158824
0.011732863650861682
0.0018397239419945602
0.00025574207817130146
3.151756177906341e-05
3.4435304587812527e-06
3.3354630803946974e-07
2.864238909533914e-08
158.97246655942126
460.5119043059876
1182.6621641119953
2692.6594982562287
5435.044020934559
9725.805657577937
15429.398701720213
29249.20015844615
49813.39913762424
86789.90862161458
155400.65630505275
275436.55508266133
390979.0108175673
615884.7449093555
881705.2250268237
1141440.0914818195
1339608.9295989273
1436681.5766556934
1424989.719033429
1325039.0330826617
1167753.6081504538
978938.0241724369
776367.5106614269
575511.1718543706
393213.85946704674
244576.78246938615
137203.04105163907
68977.95334075729
30951.270113263872
12364.244149937611
4390.465608716135
1384.5503409906494
387.54827006380026
96.25485039064726
21.208882901694306
4.145376600199023
0.7186773748455645
0.11051272438061159
0.029674740533897317
0.003736188931976009
0.00041721916936733036
4.132300406650071e-05
3.63003879867727e-06
2.828279847070205e-07
0.6145782329590261
1.692054813659724
4.130024115113452
8.936997586533058
17.144766983905612
29.15898660617125
43.96571688824177
58.770148045080475
69.64666152753328
73.17196460463249
68.15379141819476
56.27768432695881
41.198680856544826
26.73814629435056
15.38438617381962
7.847475053159076
3.548792509477009
1.4227616976181403
0.5056902907684868
0.23731827857548518
0.06901102242186655
0.01779125674603329
0.004066265067296163
0.0008239211232200449
12.528007776788863
34.0526180396309
82.05866364981345
175.30711095153507
332.02863042604366
557.5097018196366
829.9085101476757
1095.2389992475785
1281.4110792485064
1329.1345356609093
1222.22258281244
996.3973370222722
720.1379625258925
461.423539474172
264.8544992501353
139.61638880517114
77.68098452085007
64.23440407401822
87.31907491073423
138.25735752708619
207.0353615670872
255.44052438229434
317.4614390546524
350.0340014117467
342.20625951401723
296.60399995564853
227.9128677371128
155.26083758018171
93.76828203218518
50.205453935225556
23.831245041727325
10.028672750385121
3.7414597779946295
1.2374840066449717
0.362859921217095
0.09432771240539584
0.02173904670972968
0.0044416320913866466
0.0008045361483588335
0.00012919610920636865
1.839306903620046e-05
2.321452811298812e-06
2.5975649311794725e-07
2.5767593337142074e-08
2.2661163093865367e-09
1.7668164258832203e-10
1.2212414974198554e-11
1.9237704240651876e-12
1.0879230803165948e-13
5.454362906102542e-15
2.4243245724863537e-16
9.552969466803339e-18
3.3372359177654123e-19
1.0335615093479797e-20
2.83783416106326e-22
6.908236837334595e-24
1.4992433484145067e-25
4.325446503144948e-27
2.3542285635933422e-27
3.2518039272975325e-27
4.1200548468420405e-27
4.7103849540284766e-27
4.901458560598673e-27
4.706492912525839e-27
4.243193015823236e-27
3.651069742653694e-27
3.0241320487376175e-27
2.4535854509839085e-27
1.948962543325491e-27
1.6196155254358758e-27
1.600341344092092e-27
2.1148253044301617e-27
3.208959042646204e-27
4.294102746410467e-27
6.399321837085093e-27
8.920225018392625e-27
1.161885765189486e-26
1.425024526411006e-26
1.648483682870719e-26
2.2518123152614654e-26
3.093608982629568e-26
4.834097780287555e-26
8.26934726610347e-26
138.91273579428628
413.1239809467499
1089.2301138028365
2546.0080180097143
5275.951413681585
9692.653801700644
15786.487417805587
22794.454721675895
39008.444267078994
60555.79621929851
101260.48351046024
178915.77899612975
314077.2749994366
524101.11212346307
794979.8898265646
992071.6758207865
1268496.6531856298
1467529.626444171
1551202.7049997307
1521049.3162868917
1409280.8794801426
1253483.6824126153
1076653.9872968062
886483.3142395726
688143.5033515281
494370.5500484886
323684.59442458214
191079.8277178609
101010.1541667889
47620.624176683225
19974.433968241112
7444.185593426553
2463.166844881109
723.3038395328394
188.45011444962438
43.557708277435445
8.930925872489814
1.6243322094730681
0.2620547472502303
0.0375011150776091
0.004760250011589616
0.0011248485915450728
0.00011692341764396049
1.0780587231570818e-05
8.816926359499512e-07
6.396261372723618e-08
4.115944815342359e-09
2.3493471702215716e-10
1.1894848324606834e-11
5.342003659038222e-13
2.128052244744365e-14
7.519556955121298e-16
2.3568550618065024e-17
6.552434872840037e-19
1.6158464768359298e-20
3.5344605003393974e-22
6.857561609268142e-24
1.180150896201584e-25
1.8014577925471655e-27
2.4390835321858486e-29
2.929155423622886e-31
3.1200983140249225e-33
2.947820720471053e-35
2.4702302958216426e-37
0.0
0.0
0.0
0.0
0.0
0.0
0.0
3.17106237754944e-29
8.714828707892187e-29
2.1233120225730374e-28
4.586376203252908e-28
8.782667174037325e-28
1.4910220566844416e-27
2.2441020581095724e-27
2.994346352250636e-27
47.909884377515986
127.58714625073152
301.22403218061527
630.482744311195
1169.9240941060389
1924.6114209830482
2808.826173779276
3634.737181975489
4174.094298804989
4259.184808991742
3872.004953521825
3154.371577846846
2330.7706861779307
1824.1151455290274
1270.58725972817
978.2951088866699
1003.0052918438561
1437.929743097833
2432.5973164847724
4145.842751087258
6571.460694890829
9430.389487534241
12182.450581273266
14204.726626676496
15090.882759598853
14841.502241162932
13797.602188288956
12373.727492232909
10815.004433298336
9158.798860272182
7377.819257115719
5531.789380060342
3791.452799921329
2381.3900563834495
1401.8446917850551
900.481126858654
863.1019535152609
1270.114013583198
2092.8722271733654
2831.3650935572464
4083.7929165811825
6126.561081745525
8769.328621485196
13447.908950101742
22839.835554660152
40659.183492349475
70303.65434944862
113405.46435603958
164792.95836263566
215401.5677446219
253796.0392208407
271960.6936478178
269190.80318352685
251486.06644394898
226802.2189331571
200179.5302878819
172428.30509646164
142529.1027982704
111396.80671723366
81370.42954789336
56735.21556337215
40706.13227772018
34460.96790959072
37234.083815570964
46114.90808673464
53583.47132412402
64042.28154289194
70655.54251403632
71922.64729082034
68552.11772305577
62522.160216317716
55592.04557569788
48410.78161604855
40760.05769771514
32437.003878769407
23860.826460466295
15956.7043837049
9598.074209255708
5160.450394716849
2471.3259253349274
1052.1566587168504
397.8253717829582
133.51466118155204
39.76168893095895
10.505940446555876
2.462668509711593
0.5121077650632962
0.0944698935657156
0.01545962582564951
0.002244280405124868
0.00028902007044747985
6.895908717188623e-05
7.273301596828452e-06
6.805279728820717e-07
5.648524419066314e-08
4.159094286940436e-09
2.716670860507131e-10
1.5741613329997698e-11
8.091602466862147e-13
3.689705565252995e-14
1.4925167909709989e-15
5.3556874648518664e-17
1.704816114439638e-18
4.81397364407507e-20
1.205844010569508e-21
0.12925158076496443
0.38456261299224953
1.0143764312282337
2.372095299776093
4.917745041503952
9.038591908728842
14.727751270147241
21.27516792145331
27.246482638030578
30.934905042476068
31.137806989391343
29.249994334593456
24.087950123412803
17.586312794177953
11.382840137601232
6.531717198559266
3.32280612628346
1.498592397938349
0.5991877708011932
0.21239449195213017
0.06674587826914026
0.01859544378220886
0.004592926924883738
0.001005711502420979
0.000195235231573253
3.360035452259744e-05
5.126611656902426e-06
6.934543467878402e-07
8.31584186313161e-08
8.840879321010296e-09
8.332697115523411e-10
6.962682996495313e-11
5.157848035707268e-12
3.3873600050647495e-13
1.9722186511640006e-14
1.0180044139185448e-15
4.6584898901794855e-17
5.574258697917264e-18
2.0869793102904679e-19
6.927366818315878e-21
2.0410132001835648e-22
5.531179101368461e-24
2.8374298258552254e-25
1.1576226319568138e-25
7.591639763485355e-26
5.0028394133025636e-26
3.4112754955511155e-26
2.50830414916133e-26
1.985656010918968e-26
1.6147593309739613e-26
1.2749300101468297e-26
9.3863314484696e-27
6.299649551964047e-27
3.8182404727622445e-27
2.0943138236218327e-27
1.0645895224160896e-27
5.437959841613893e-28
3.32280664882224e-28
2.7493915602644634e-28
2.7236630465103246e-28
2.704435782704332e-28
2.473661154702902e-28
2.028284981021587e-28
1.665196570872091e-28
1.1215858028175008e-28
6.700347337974295e-29
3.549173722147227e-29
1.6667864054157412e-29
6.939708739418656e-30
2.5615699852453307e-30
8.382491781876053e-31
2.4318754515239797e-31
6.254758730052923e-32
1.4262010263880025e-32
2.88304779496681e-33
5.166826057065245e-34
8.209122500203983e-35
1.1563000013915466e-35
1.4439269074239316e-36
1.5985299815133582e-37
1.5689071999569982e-38
1.3651319121576145e-39
1.0530594149361601e-40
7.201650229270643e-42
4.366284871566711e-43
2.3468914502094377e-44
1.1183425052785477e-45
4.724518495980103e-47
5.359911786604846e-48
1.8525723847243785e-49
5.676669669281127e-51
1.542101476856554e-52
3.713925402974359e-54
7.929655002500501e-56
1.5009848277331212e-57
2.5188320171359106e-59
3.747339154464131e-61
3.064983447992906
8.491402515059963
20.85602869994765
45.41347098817968
87.66750981440127
150.0353299818747
227.64037799036322
306.2005394613119
365.14343609834407
386.0307830653142
361.8105869773492
300.6363545633207
221.46373283274806
144.63207870463322
83.73895434490517
188.9274306872739
426.1506205463684
763.7428859669789
1720.1685810468061
3469.1541728084844
6212.833918774126
9866.732234164268
13892.387132988515
17341.410373459115
23216.28579865744
31046.111106201897
47553.667110308146
83193.16027494878
150302.66123406842
257532.6861639133
403968.309573442
567249.5558681557
713456.7827415831
807218.901304656
830583.0867015983
792456.1731794933
721239.8665154428
645600.3348560275
578117.1932691741
513463.97187591915
439900.7264825439
352619.1818044087
258471.56106138154
198493.9041645867
121863.99881334623
66726.93329845792
32499.89472182017
14061.84500301877
5401.270534540907
1841.204580020929
556.9196639179903
149.4636016481352
35.58905995590114
7.51848317206677
1.4092081344450282
0.23434279347548198
0.034574875870231274
0.00452588290202026
0.0005256304643592517
5.416176175352636e-05
5.230014469214176
15.646743285726329
41.49982891848317
97.58196499544731
203.42002599265578
375.9401798854129
615.9488907729844
894.6877749676859
1073.2502400414269
1275.4476616111415
1343.7707473458918
1255.1297295022587
1039.3287564037564
762.988801525517
574.0205420779138
515.4836033495433
748.2708372741682
1465.3563687320616
2910.264313394914
5279.663847466236
8543.475139330147
12272.887757132285
15636.827509276052
17667.607350437695
24640.937569863927
34459.502619941166
57239.23082237473
103899.91256035345
184787.82089867754
302804.9535143583
449373.1204035863
594574.3430173406
704865.5462114979
754227.4222009436
750620.8260583084
703560.5777641091
633439.6675274358
566320.0801544501
510920.7256672377
459005.1054043458
397527.42805674707
321296.514551924
236865.72321693154
157155.24514690175
93170.86844707387
49179.02647487323
23070.053866722876
9609.621094087
3552.793919552076
1165.6099554280079
339.325169547919
87.64782605558001
20.087312982904205
4.084665572856422
0.7369628616981446
0.11797510596127807
0.016756840586885865
0.0021117958897797317
0.00023614045986396884
2.3428670299626714e-05
4.698321140746564e-06
3.819002628449691e-07
2.7543145969666593e-08
1.762509629965088e-09
1.0006940199454199e-10
5.0410371852397485e-12
2.2531167861295708e-13
8.934877929741938e-15
3.1436203946387906e-16
9.813030288045032e-18
2.717713254465203e-19
6.678633290254447e-21
1.466207837746787e-22
3.8277182022588796e-24
9.678423139805147e-25
8.212347803913518e-25
1.036794580475887
2.900504964466308
7.193750994715369
15.817508702003982
30.833416982447776
53.28514151956027
81.63783596284352
110.8862604845362
133.52570644619317
162.81361490300452
181.8075784065286
245.56300824897784
398.2014133559801
726.20602140996
1316.3562489594367
2208.051568727871
3346.722348994819
4531.433249535212
5481.754690309883
5964.274640844294
5911.882909416839
5464.0393201986835
4875.15245031503
4355.921337657935
3963.3629053079094
3611.763429216522
3177.739593386488
2607.0844393451275
1948.377277247825
1309.038023382267
785.3267829489411
419.29641952109284
198.91613432450467
83.78539878722763
31.322960327152664
15.211639135447042
4.808253684467212
1.6697749772842527
1.27739953747338
2.14315832548913
3.950593113253475
6.619605434581309
9.858466243767468
13.019629740577235
15.244035850796092
15.823527376826544
14.561551477310232
11.879903185407859
8.592490234733761
5.509676325982168
3.1320884541487337
1.5784936675902177
0.7052653747380153
0.2793593259897469
0.09810128114135089
0.03054126891732837
3.2886473970772747
9.723032438031916
25.540241260663937
59.48763449513198
122.83883839795813
186.30320147523528
314.74925328869716
471.42216754645875
625.9738429811168
736.8910216073399
769.0440866633135
711.5412827116107
583.6464667170046
424.4245650367501
273.62265771319954
156.38838497792804
79.24243744080938
35.59688944315477
14.17643944040928
5.005220070308831
1.5666792120031963
0.4347482850827134
0.10695388569552232
0.02332685287947376
0.004510416283380546
0.0007731753429427587
0.00011750064701035939
1.5830820096945183e-05
1.8908952123203525e-06
2.0023150148761099e-07
1.8797419732240614e-08
3.6315085383648187e-09
2.789251828611653e-10
1.8992812309255633e-11
1.1465466233115532e-12
6.136137119946217e-14
2.9113826218855096e-15
1.224628628771173e-16
4.56678350434981e-18
1.5097927396043575e-19
4.425120840755846e-21
1.1498305209987834e-22
2.6487650656411755e-24
5.409500294778068e-26
9.805494492117835e-28
1.8707578278114473e-29
7.193170237022426e-30
1.442302286956052e-29
2.645136593004816e-29
4.301549476733197e-29
6.201591482739251e-29
7.926514953622898e-29
8.981777764679808e-29
9.022839251758922e-29
8.637410746109945
25.20012407165234
48.12384919915394
114.87202723869305
243.0911268915097
458.25471564667953
764.6204717182625
1133.4373462099445
1494.6946418204573
1757.3821299041053
1848.646286316049
2298.218116731743
3086.2220240166657
5047.592358113325
9230.999039479286
16659.75448912503
27754.732508322526
41719.24312340749
56024.206262528125
67186.89079287354
72342.28739976806
70770.75401146125
64388.00435636204
56600.759742719034
50281.616391489675
46275.50644649197
43395.93102042851
39708.6429830482
36156.23599654965
29194.250757577785
21268.827994163024
13856.355762345838
8038.671669885535
4144.854536974927
1897.7752371073318
771.2982492245305
278.20776289698296
89.05447835255012
25.29713566066383
6.376960581609817
1.4265400940383997
0.283194128538206
0.04989036697897986
1.116747585849762
2.9644038150585237
7.020299319637691
14.744067087475566
27.45283928715531
45.316724917177545
66.3178863960038
86.04065970878489
98.96410013163418
100.91425574133036
91.22802150020466
79.77320118060965
59.002114574023274
38.68824472155781
22.49009910374438
11.590564956234413
5.2956434197624045
2.145031907138711
0.7702818629764308
0.2452259810758526
0.06921244356873338
0.01731820105658412
0.0038416895417042293
0.052095318896425755
0.1396796658649651
0.33629456512938105
0.7183998811608279
30.321272295206878
87.14599554911823
223.85224862387946
512.1990286430109
1041.8744550326608
1881.8510056650439
3016.1610823701626
4287.989507414736
5406.114102965997
6043.5617881334365
6088.847485362116
6767.208350210486
8144.798330700331
12567.462182289502
23309.35727127071
44112.284702525634
77614.99613298864
122858.8933240847
173839.48643316445
219061.55147864198
246558.4551987878
250020.63422741895
232361.79184850812
204359.02287699998
178393.3139611808
161586.28963194982
152881.75021295462
145535.7230726776
132622.1299767295
111847.81424320134
85708.25135536719
59929.86404127325
39785.646835092004
28005.44195917843
24451.01674323563
25597.825303645153
30319.08393667864
35515.38582964957
38511.45516094426
38075.77853219526
34732.3397355804
30218.032340107682
26359.753230262704
24046.365788503143
22911.921658033236
21830.707150289327
19780.862613166944
16465.856982473648
12359.84865981825
8292.306873333395
4952.538401958637
2628.4744638077295
1238.7158683262137
518.1929473308644
192.40052129684526
63.400832034397574
18.54179887589573
4.812573090177076
1.1085974914629066
0.22664410367820947
0.041123628862014226
0.012334819816943041
0.0018344701686118445
0.00024214052349581878
2.836628066212087e-05
2.949262953248752e-06
2.721434222352297e-07
2.2286994223772418e-08
1.61983049697714e-09
1.0448314290847449e-10
5.981013278981404e-12
3.038418979766029e-13
3.210901702522072
9.238122151394636
23.563580561464928
53.284360739966225
106.82161245374056
189.85384271668818
299.14417292633675
417.8713502593821
517.4942617151283
568.1583236674702
553.0114226161473
477.1992180076128
365.0616714425054
247.59031115210985
148.8682031664435
99.1879895722471
48.79352684284288
21.27973554225091
8.227561465276485
2.8201807096764164
0.8570055471442054
0.23088260906797575
0.05514418254159236
0.011676403055272745
0.0021918929803855934
0.00036477956985181057
5.3819859674756445e-05
7.039721989178898e-06
8.163367515880501e-07
8.392359563727019e-08
7.64891279116077e-09
6.180394954114222e-10
4.4272458789103844e-11
2.811589731818224e-12
0.1022144840238549
0.28029685300456963
0.681435721702702
1.468697864838161
2.8063441198703356
4.753902581455157
6.318317623524996
8.75680401318478
10.759465531059714
11.720244196437262
11.318360318797348
9.690167044530613
7.35495305483856
4.949136585131727
2.9524317509419076
1.5614611668990575
0.7321219062452248
0.3043242139082825
0.11214773559988325
0.03663915106232763
0.010612096459660741
0.00272494580040635
0.0006203195109644696
0.6961272727115411
1.888523536308065
4.542816512259087
9.68798319811992
18.31651085503025
30.701036014092615
45.62093784338345
60.10025020627955
70.19226299534508
72.80750707095855
69.57031138686368
71.49023931665509
82.67512585161207
129.53074090409146
248.6167422391383
483.1370994632802
866.4936590736685
1393.508067408332
1994.1662787188206
2546.9855025284064
2894.0661644648976
2948.3384424489072
2729.0084580426624
2366.929972846957
2045.6137786270401
1885.533346460445
1949.03429790376
2219.1609862467676
2648.979840350656
3190.502336747574
3783.56261057828
4323.768334231567
4658.653714190089
4641.027322291687
4211.733270637136
3729.247129240525
3868.091863602028
4912.684170688128
8511.041628450546
16662.140552927875
31363.469018188098
53529.162671952334
81517.43565673445
110581.78752330213
133467.83190657359
143787.11679605665
139465.334838446
124081.14653092404
105141.9927240292
90059.07387725895
82419.3108973173
80773.43298960157
80367.91051224296
76410.90706566325
66749.53061133533
52533.5860300856
36925.99393563674
23095.917170478417
12834.808191830689
6333.3088898283
3701.6654773297014
1497.6966373812224
537.8860759007326
171.47242017714777
48.521994853118045
12.187864742109882
2.717472757514176
0.5378416746316126
0.0944924844479008
0.014736495451776235
0.0020400672219174293
0.00025069510873383297
2.7346061883825903e-05
2.6478072316571573e-06
2.2756966738339938e-07
1.7360866267127744e-08
1.1755708832169407e-09
7.065403800919882e-11
3.768992079545746e-12
1.7844400688014793e-13
7.498162483305886e-15
2.7962165537337087e-16
9.254142262350635e-18
2.7179208206360653e-19
7.083667493082478e-21
1.6382740700637905e-22
1.244472711854108e-23
2.365947193573431e-25
5.2594202198093616e-27
2.3502012668838655e-27
3.974213888766798e-27
6.459995549922578e-27
9.516821411749019
26.582535646984034
65.8266544752751
144.51337873602048
281.2646935838318
485.31451170825915
742.3901972125968
1006.7973710443778
1210.4665987890762
1290.2219932010094
1219.205643392835
1021.3871294569317
1156.0343630067339
1641.2353609916263
3083.7413863705233
6208.951789688687
11731.484609049778
19950.015315899196
30211.062273387044
40638.3842281446
46534.85188861267
51646.17758725034
51359.24837490483
46380.0184959521
39180.76118525048
32722.208260886993
28963.521152822035
28043.41468872678
28521.688820281164
28411.398379479873
26324.776660561576
22091.14349846907
16594.479584052548
11114.44595241927
6647.622306035387
3595.3122152717247
1842.342615103784
1020.439391825613
740.0450099284176
703.1039390199396
722.2810802232393
702.5261418153067
616.9851673277523
482.71484872611956
338.92284875246116
216.70512751641812
158.7106239363818
113.43737140416265
118.09804656904768
167.21888640523616
249.47869222398302
345.5192598170841
428.7944160929556
472.8959843959852
462.60876430392443
401.24920394137706
386.86511066249574
450.23558282528614
755.0668714425308
1526.3693845099488
3037.018184898806
5507.075971319161
8918.132549478436
12836.434493325785
16441.64682127222
18739.130063214172
19079.196931692346
17534.09755165475
14891.122120243777
12265.182681288134
10540.605717457995
10050.055818351064
10078.079616090667
10401.86971537303
10299.23904412039
9369.525471079789
7675.377688225759
5615.9443290280515
3660.670893852371
2126.5184434556304
1104.2235140280832
516.153700791532
220.26551385491751
87.99456915326921
44.34585902122341
41.81199310054455
72.95715223646054
144.69095003330813
267.49661493439913
442.990777813719
652.3390631203293
853.0256168934803
995.1895392856464
1034.0716289757631
981.2264604021578
869.6446319069505
781.7969772901465
777.1548484942098
895.7120333291571
1179.5728099487592
1589.8718982926207
2030.2948956459554
2372.3542084702485
2501.689714567631
2366.985082821528
2003.3824911763709
1513.895322383088
1685.2737957289855
2515.4090172626534
4963.292196607342
10176.3345942823
19285.547597720706
32740.00141464511
49435.831097364
66295.4866424407
79185.81116820138
84276.7987010896
80399.84516746674
69846.08880985409
57222.82554853779
47209.43527398905
42668.888943627404
43133.3786198978
45100.624192247604
48311.16333117791
49856.76152962069
49072.92326662117
46708.30824347776
43825.07314171625
40861.72203271646
37373.98431035185
32814.103753689626
27302.11677787582
21775.262058831286
17487.511547730166
15251.951570569592
14973.646356319558
15724.85077795031
16257.267673951155
15626.453924094882
13583.742898336914
10557.39030878933
7303.724034556442
4490.118382667959
2451.500512664198
1188.435732273333
511.5198273875028
195.47417520025692
96.35548019757165
30.200605137322725
8.404486400297323
2.076674905008323
0.4556081185388408
0.08875276387217566
0.015351107045548045
0.002357560026385183
0.00032147478844209485
3.892118669967215e-05
4.183812611527571e-06
3.992965700024285e-07
3.383332343181283e-08
22.058598600081005
61.008227199285834
149.5890437086387
332.6980863021397
646.9328260151492
1119.08380496078
1724.260927467724
2370.2451624127143
2913.053838676058
3209.2637934149016
3179.1737778089323
2841.735249870897
2300.1755058988197
2506.1245519937393
3120.5102674608593
5415.5462203086345
10794.928080425561
20835.691665636674
36560.17852490072
57301.275862788
79854.6759119122
98842.44190826656
109204.2353549707
107565.03276704995
95564.83721098151
78484.82542433793
62884.90361823801
53559.653230492004
51649.95435857996
54680.01976485199
58229.47554113901
58261.17312106731
52932.351170224974
43058.49321123219
31193.507449926125
20085.693889136917
11487.681605020658
5835.362477605487
2634.5642523329457
1454.536586882574
548.3223229446374
197.51830517315253
84.32349148978878
59.07990461725381
61.2940940198329
69.34596256577078
76.14676164313234
79.3455872409205
77.93992073074365
71.53989260440505
60.66056660339176
46.97463735821064
32.9070659816175
36.150098920163394
56.385478161295126
116.80971793369832
246.8359651822698
478.012563697804
827.0695422523252
1271.8891396738259
1736.7982580805208
2105.790936043924
2278.796249408763
2199.255929160333
1916.3451577509982
1671.815429533733
1324.0668838147258
1095.2564774207046
1026.929844361226
1082.935723193945
1176.622147195496
1216.4366762889824
1147.70491315103
971.272331639856
732.4685063388421
491.0772916747023
292.45892158606955
154.67337382291473
72.63889320523742
30.291654614057936
12.528627227917141
7.437141990105694
10.576099176285217
21.61917302085053
42.5660516710336
75.05828649331053
117.47573447761643
163.02644753167672
200.57451579888024
218.77371131639435
216.8135344517786
193.48205687068557
153.07204974145517
107.36234612200515
91.10341875746771
106.27443094329526
193.74925296058302
402.0174860974216
786.8918046427726
1382.9193224206817
2160.011967236757
2992.4354260623404
3675.6537165288278
4002.7002331877884
3864.3276248704865
3307.495419953758
2509.750186634248
1688.4316674378824
2430.0217031313045
4533.025320575973
9881.381060342093
20680.01040075304
39046.40812302626
65646.65415790655
98031.99346278555
129985.05328102004
146861.5262217653
160255.12186901722
155973.59992684377
136507.54749048525
109897.2410968866
85806.55490221336
71363.0821927064
68569.37904059097
74230.08672311477
82002.13343451593
85483.56917771146
80972.94388730943
68667.6055995037
51854.554511103684
34804.27992008857
20749.936394749282
10986.410727877692
5165.72824626789
2156.98549456206
799.8568210715412
263.41266112879595
77.04224903691879
20.012229198716884
4.6167877323701685
0.9459392871766354
0.17213285176591764
0.05174934223940043
0.007727206635161969
0.001024706212844262
0.00012067683300694991
1.2620667370488207e-05
1.1720837414214656e-06
9.665735974710341e-08
7.077689395680351e-09
4.6015820442824284e-10
2.6561921108186885e-11
1.3612094456235533e-12
6.192689547126117e-14
2.5009079408289136e-15
8.96509632985674e-17
2.8525011078117317e-18
8.055408775307864e-20
2.019313444346822e-21
4.529939325962693e-23
1.2878426974458102e-24
4.876244774913853e-25
5.8780718958659845e-25
7.041013357187874e-25
7.7376078712414e-25
7.648390606434871e-25
6.774789269882351e-25
5.897954125963369e-25
4.463984473086339e-25
3.2508242445087785e-25
2.5047835472056804e-25
2.246573769426775e-25
2.315819542311982e-25
2.4727631266978427e-25
2.5071453636716697e-25
2.3144463431282045e-25
1.914176538673954e-25
1.4104582934958103e-25
9.331077829012742e-26
5.647547126562156e-26
3.461064880695265e-26
2.808299211707708e-26
3.5943841897527634e-26
5.679191327415496e-26
8.77977590874504e-26
1.231875174271793e-25
1.5421806242076107e-25
1.7196764165497603e-25
1.7086701060239407e-25
1.5207746663747764e-25
1.2313381472998134e-25
9.435352001363571e-26
7.439977980433025e-26
6.815060304350432e-26
6.876180151609816e-26
7.692903146886713e-26
8.568643049212652e-26
8.905320139563064e-26
8.386778712455539e-26
7.145075598214917e-26
5.612080061474364e-26
4.286534217302186e-26
3.506153000651422e-26
3.3324533162054184e-26
0.1653600866002236
0.4501406373050029
1.0863421864321827
2.324266708806027
4.408655580533566
7.413567984971528
11.052213624852559
14.607374372390746
17.115750314852612
32.963580228605665
61.62570371967054
132.92925149395512
289.7304697634766
587.7708905225224
1078.3276550558376
1514.8406647114714
2289.5148222587572
3079.064347477996
3691.933290054342
3961.4543575359207
3827.66102998759
3362.9603511680425
2724.1347595771203
2069.1577049228863
1497.4228280801308
1041.5247929669713
694.3101943336444
