a = [4.97677884] b = [4.97677884] c = [13.91371803] ,Gaussian ,LMH = [0.42571123] ,DW = [1.10391823]
0.0
0.0
0.0
0.0
0.0
0.0
0.0
0.0
0.0
0.0
0.0
0.0
0.0
0.0
0.0
0.0
0.0
0.0
0.0
0.0
0.0
0.0
0.0
0.0
0.0
0.0
0.0
0.0
0.0
0.0
0.0
0.0
0.0
0.0
0.0
0.0
0.0
0.0
0.0
0.0
0.0
0.0
0.0
0.0
0.0
0.0
0.0
0.0
0.0
0.0
0.0
0.0
0.0
7.53499934691124e-27
1.5872423415697819e-26
2.2569978809137815e-26
3.163756803326572e-26
4.371787635903184e-26
5.955236902290923e-26
7.996925361484799e-26
1.058597959800076e-25
1.3814115032401565e-25
1.7770476959144137e-25
2.253507962879574e-25
2.8171054348742897e-25
3.243240075583005e-25
3.9587956020141714e-25
4.763553430683816e-25
5.6504492537134455e-25
6.607221847331216e-25
7.616207497316852e-25
8.654512511985584e-25
9.694611568945309e-25
1.0705382086708423e-24
1.165354035229765e-24
1.2505398775671951e-24
1.3228821341993e-24
1.3795222161829811e-24
1.4181435184830665e-24
1.4371285073659344e-24
1.4356710895748487e-24
1.4138333866892593e-24
1.3725413428571355e-24
1.3135195986215148e-24
1.2391720135410558e-24
1.1524193697970864e-24
1.0565095141822424e-24
9.548170869453081e-25
8.506499010970584e-25
7.470771091512698e-25
6.467908989172833e-25
5.828759752919026e-25
4.927361736673253e-25
4.106167169972749e-25
3.373204654290976e-25
2.731697699897102e-25
2.180752913433243e-25
1.716185232887876e-25
1.3313913522515028e-25
1.0181954950541596e-25
7.676097381314538e-26
5.704710920088158e-26
4.179368513775048e-26
3.018363539748761e-26
2.1489003541551252e-26
1.5081511061328563e-26
1.0434154937024462e-26
7.116288508816077e-27
4.7844679587073176e-27
3.1710098303325007e-27
2.0717882089401105e-27
1.3343721004060237e-27
8.472125344738745e-28
5.302633509875288e-28
3.2717089930842855e-28
1.9899471211039776e-28
1.4172049989344723e-28
8.416649132382019e-29
4.9275333549867743e-29
2.8438305868447026e-29
1.617937211741813e-29
9.074096569945098e-30
5.016824590489093e-30
2.7342499853561765e-30
1.4690321434247837e-30
7.780511564525748e-31
4.062269912561689e-31
2.090803243233379e-31
1.0608190616020617e-31
5.3058286564993e-32
2.616067099312926e-32
1.2715348981244754e-32
6.0924423999845284e-33
2.8776522962896315e-33
1.339889352211569e-33
6.150115648221441e-34
2.7827958821996057e-34
1.2412610842585287e-34
5.457938531775084e-35
2.365799025319846e-35
1.0109059651205323e-35
4.258212857672951e-36
2.373840861246472e-36
9.763548587360585e-37
3.9586532733480765e-37
1.5822347355589445e-37
6.234161304788221e-38
2.421412727562317e-38
9.27135617694354e-39
3.499462657661721e-39
1.3020963109720442e-39
4.776045925063868e-40
1.7269410556926089e-40
6.155596764434116e-41
2.1629497633246518e-41
7.492147478366689e-42
2.558290222213565e-42
8.611462325444226e-43
2.8575089256039967e-43
9.347207270225257e-44
3.0141143960849876e-44
9.581227735682428e-45
3.002383474795097e-45
9.274589958720002e-46
2.824273990043267e-46
8.478176992911668e-47
2.508890270870251e-47
7.31887591993037e-48
3.193737835452374e-48
9.097062468276872e-49
2.5543864270379688e-49
7.070587773140877e-50
1.929336270083352e-50
5.1897187466781725e-51
1.376141809446583e-51
3.597211909213471e-52
9.26941469983003e-53
2.354626622477327e-53
5.896241008069351e-54
1.4554987406192101e-54
3.54186384434533e-55
8.496406882604422e-56
2.0091952583779382e-56
4.683735700428772e-57
1.0763313732288737e-57
2.438276722386399e-58
5.445068529370636e-59
1.1986904953693418e-59
2.601322024181188e-60
5.564991540212288e-61
1.173594926016741e-61
2.4398057574239215e-62
5.000064238271152e-63
1.010134511510135e-63
3.4503347163187164e-64
6.806183459264854e-65
1.3235164363986799e-65
2.5371040613922894e-66
4.794358049703518e-67
8.931119088855582e-68
1.6400780505315933e-68
2.968973775244391e-69
5.2982372815267875e-70
5.4920918037021124e-71
0.0
0.0
0.0
0.0
0.0
0.0
0.0
0.0
0.0
0.0
0.0
0.0
0.0
0.0
0.0
0.0
0.0
0.0
0.0
0.0
0.0
0.0
0.0
8.948618858201266e-29
1.28098455079171e-28
1.8076267267212398e-28
2.5144939604588715e-28
3.4480171759329714e-28
4.660851061078953e-28
6.210663660637961e-28
8.158076565116454e-28
1.0563662663544494e-27
1.3483984735829557e-27
1.696676173883631e-27
2.1045374141939733e-27
2.5733053426183715e-27
3.101722734185588e-27
3.685459182819463e-27
4.316753193515218e-27
4.984249949555855e-27
5.673086273995011e-27
6.135385732004857e-27
6.818514188234194e-27
7.469896869160277e-27
8.067081492453596e-27
8.588063822565405e-27
9.0126200619642e-27
9.323604527536388e-27
9.508097046789242e-27
9.558293201489882e-27
9.472051962651278e-27
9.253047172243138e-27
8.91050793788729e-27
8.45857350163157e-27
7.915325418103877e-27
7.301589319986697e-27
6.639616736272342e-27
5.9517626070022215e-27
5.2592664132262725e-27
4.581226057640603e-27
3.933826978808314e-27
3.329858413019003e-27
2.778518299589757e-27
2.8401530787407362e-27
1.8891640278028292e-26
3.4519586129864484e-26
4.813141080515876e-26
5.98938047258516e-26
8.25285366574589e-26
1.1247364788463967e-25
1.513898633559741e-25
2.0109014990528025e-25
2.634732004938192e-25
3.4042733009973543e-25
4.337045194280734e-25
5.447676219760285e-25
6.746176501331765e-25
8.236122041614267e-25
9.912899840331876e-25
1.1762193097599732e-24
1.3758900347932275e-24
1.5866676196315992e-24
1.8038250885522796e-24
2.0216630710678576e-24
2.2337204471793806e-24
2.4330689658787214e-24
2.6126756080509764e-24
2.7658076406191736e-24
2.8864485130396414e-24
2.9696890680711967e-24
3.012058707535058e-24
3.0117654006311325e-24
2.9877991900285965e-24
2.9173227116835443e-24
2.808165635259652e-24
2.6648092109383166e-24
2.4929562027878624e-24
2.2991551500255036e-24
2.0903884021485668e-24
1.8736598433768456e-24
1.6556157171409047e-24
1.4422260585878447e-24
1.2385459353453388e-24
1.0485662074280448e-24
8.751540999784745e-25
7.200756375745348e-25
5.84085723480229e-25
4.670678003276816e-25
3.6820366227162556e-25
2.8615483839735377e-25
2.1923953466542545e-25
1.655927857024826e-25
1.2330159329391258e-25
9.051085625721716e-26
6.549940258550215e-26
4.672815737396756e-26
3.286431577615812e-26
2.2786368953628306e-26
1.7709252738999262e-26
1.199016099404048e-26
8.00302728738094e-27
5.266087260241794e-27
3.416065894007721e-27
2.1845843871303042e-27
1.3772594832115022e-27
8.55986741341074e-28
5.244723338871316e-28
3.167979537515713e-28
1.8864545476363166e-28
1.1074253812935475e-28
6.408947337548595e-29
3.6564781946642615e-29
2.05656896665307e-29
1.140322050904098e-29
6.2332661163856044e-30
3.358981886505649e-30
1.784446149481788e-30
9.345509099429462e-31
4.825098207558456e-31
2.4559129146227157e-31
1.232319495162758e-31
6.095890554001737e-32
2.9727228588066134e-32
1.4291408587999584e-32
8.70120687411312e-33
4.084813227508687e-33
1.8904625332879363e-33
8.625157454718388e-34
3.879439644258401e-34
1.7201800203103702e-34
7.51937337824304e-35
3.2403518629285547e-35
1.376592438414888e-35
5.765290407461685e-36
2.3803428279552778e-36
9.68858285426351e-37
3.887615798218272e-37
1.5378311733622412e-37
5.997028724417037e-38
2.305502771092819e-38
8.737699828085633e-39
3.264603537499678e-39
1.2024458419077907e-39
4.3661861943587764e-40
1.5629335861291904e-40
5.515440883926601e-41
1.9187627323741767e-41
6.580570349506554e-42
2.2248816177187068e-42
7.415685049272202e-43
3.536743595967294e-43
1.1511078589569896e-43
3.6934238700229884e-44
1.168269007495117e-44
3.642981882523644e-45
1.1198800239343882e-45
3.3937995895410616e-46
1.0139136558047894e-46
2.986178136887928e-47
8.670223320908631e-48
2.4816730349217408e-48
7.00258544192875e-49
1.947922697253014e-49
5.341759548775424e-50
1.444096233197848e-50
3.848637303880389e-51
1.0111527100044998e-51
2.6189384689494395e-52
6.687017856303906e-53
1.6832095111566453e-53
4.1767861236567004e-54
1.0217497171750548e-54
2.4640238248827273e-55
5.857917164454693e-56
1.372901421007016e-56
5.177550846342176e-57
1.1849040730621589e-57
2.6732491385685163e-58
5.945562624123316e-59
1.3035977864288607e-59
2.8176773406839214e-60
6.003931756041328e-61
1.2611795814190068e-61
2.6116481295388176e-62
5.331492439170234e-63
1.0729492619044121e-63
2.1286569562948803e-64
4.163208178912085e-65
8.026872888447229e-66
1.5256689297106255e-66
2.8587075420140313e-67
5.2804935042711815e-68
9.61555835706603e-69
1.7254765789182348e-69
2.3583348404991837e-70
0.0
0.0
0.0
4.7613219502403507e-29
6.81391331234463e-29
9.612639171696815e-29
1.1995437677397227e-28
1.6523058352278699e-28
2.2435810098275575e-28
3.0031018052257293e-28
3.962555294912362e-28
5.154156448982581e-28
6.608712197841448e-28
8.353203511464333e-28
1.040797562328074e-27
1.2783696495210667e-27
1.5478312728207821e-27
1.8474290296553524e-27
2.1736463745440414e-27
2.5210821617421597e-27
2.8824520318808468e-27
3.24873403919539e-27
3.6094681158485264e-27
3.9532041416312855e-27
4.268077083725746e-27
4.542471885231637e-27
4.765727679052005e-27
4.928822493976903e-27
5.02497741355247e-27
5.050123874893712e-27
5.003189230204487e-27
4.886172643469399e-27
4.7715501666559414e-27
4.549981957437149e-27
4.276976220616036e-27
3.963154266576168e-27
3.620112779291768e-27
3.259719303528799e-27
2.893445382679141e-27
2.5317881011096228e-27
2.1838177963066255e-27
1.856873969169491e-27
1.5564151020921604e-27
1.286013196506265e-27
1.0474719333136062e-27
8.410394080497278e-28
6.656827104786212e-28
5.193919207500813e-28
4.11700465464736e-28
3.2032584059342377e-28
2.509196718046745e-28
2.0083093906719874e-28
1.6768538152185103e-28
1.4947296109834483e-28
1.4458297512505875e-28
1.5179300114990005e-28
1.7021930215167428e-28
1.8841851951808464e-28
2.242327292617237e-28
2.69892073153687e-28
3.2493861921463097e-28
3.887673283133974e-28
4.605248521493761e-28
7.440007375913171e-28
9.178490861181585e-28
1.128540647176305e-27
1.2353705938172154e-26
2.0668726331875653e-26
3.0475923386567677e-26
4.215366044085526e-26
5.757698152222235e-26
7.763295430406905e-26
1.0330165702595376e-25
1.3562455608454844e-25
1.7565702170779345e-25
2.2440433060862795e-25
2.8274215643356845e-25
3.5133373923870352e-25
4.304981583798341e-25
5.201558028229806e-25
6.197121266483701e-25
7.279948642270038e-25
8.432156505988824e-25
9.22721555961449e-25
1.0438831334528127e-24
1.1643639111150405e-24
1.2804939781943253e-24
1.3884028553793406e-24
1.484227657935679e-24
1.564339731721825e-24
1.625571514530539e-24
1.6654239683668078e-24
1.6822356863981047e-24
1.6752977352079427e-24
1.644903171846896e-24
1.592326417360526e-24
1.5197345108727489e-24
1.430038856800263e-24
1.3267015969401595e-24
1.2135145350404586e-24
1.0943702156225918e-24
9.730442179598923e-25
8.530051799983964e-25
7.372649779551021e-25
6.282764830330846e-25
5.278810842065219e-25
4.373033467183514e-25
3.57186279083657e-25
2.876580288310026e-25
2.4705549887427955e-25
1.943440601584747e-25
1.5074181745756747e-25
1.1528951378883357e-25
8.701530282951904e-26
6.475709411412939e-26
4.911890716836233e-26
3.7138599905369116e-26
2.930962651658971e-26
2.4019748220036034e-26
2.1376009467435232e-26
2.1059114233333732e-26
2.2869423484478674e-26
2.6709128627819707e-26
3.2560725361238676e-26
4.0462701849308085e-26
5.048319619757755e-26
6.269238465907168e-26
7.713452086895233e-26
9.380081332698555e-26
1.1260463469117666e-25
1.333608192037613e-25
1.557709386567618e-25
1.794163791664207e-25
2.0376072203011944e-25
2.20065418506544e-25
2.441069179042313e-25
2.66969191639125e-25
2.8786708953120136e-25
3.0603503497165834e-25
3.207729292343407e-25
3.314906255165465e-25
3.3774701178402937e-25
3.3928007444120404e-25
3.3602507237474627e-25
3.281190550676283e-25
3.158912796268426e-25
2.999025726792667e-25
2.8068947674671006e-25
2.605377058684221e-25
2.3819461248812414e-25
2.1620319329278987e-25
1.9377085834028244e-25
1.7252257565951698e-25
1.5319570265575895e-25
1.364319753077179e-25
1.2276603071689075e-25
1.126199213396109e-25
1.0630176661871638e-25
1.0400653490745597e-25
1.0581716125061102e-25
19.550994774541916
27.988171807845855
39.49637008711943
54.94356270391921
75.34482545436181
101.85140543817708
135.7242973850531
178.2892503359741
230.87116611289056
294.7075181427637
370.842682993752
460.00779894735524
562.4936912411245
678.0271709171718
805.6631885417439
943.7064526229351
1089.6758080062218
1240.3226503045273
1391.710875593814
1539.3605352491022
1678.4509585349851
1804.0723293885499
1911.5084195183654
1996.5282791996704
2055.6619517657396
2086.435243382721
2090.49830075046
2071.721307698283
2023.9036218700478
1949.0604244732829
1850.2813007460782
1731.5187439077138
1597.3262010577766
1452.5698134382537
1302.1391442968932
1150.6805057271683
1002.3723938164657
860.7567160075964
728.6328100488158
608.0145998661878
500.1453934025478
405.56037803665157
324.18412661636665
255.44943947374813
198.4244306304481
151.93656807841822
114.68495879267178
85.33507887108968
62.59299124083208
45.25856705714531
32.25914655059275
22.666367626459333
17.772317586469324
12.192743052115944
8.245856237198316
5.497270111903053
3.612728920736796
2.34045694085894
1.494661734634744
0.9409404908822642
0.5839267621792629
0.35721655949765646
0.2154178898569694
0.12805865390549923
0.07504349949921928
0.043350509389371954
0.02468609026268587
0.013857580211959611
0.0076683066284823
0.004183006319348533
0.0022493371275508107
0.0011923329992379343
0.0006230423337237141
0.0003209331141534637
0.00016296280256316198
8.157168252689298e-05
83.39187279155654
106.57670125278474
152.15433817615414
214.13291556536677
4397.605995369971
6270.571372274662
10927.467793536294
15239.884972238406
20957.06340550338
28416.12503075945
37991.29891662536
50082.675611696766
65098.99587058376
83434.14046970135
105437.58494962315
131379.83485182878
161414.70367304148
195541.14507353082
233568.08450049837
275086.1820654071
319450.57304812863
365778.2781162069
412963.10641286994
459709.5138627717
504585.126608075
546089.6696974718
582736.0852484455
603776.6169264895
629334.3027143899
646792.1048134714
655429.7429644302
654885.9328353693
645183.4519509971
626727.5536124872
600277.883044836
566896.6081806299
527877.7003554568
484663.92211448296
438758.92369442416
391641.8520232807
344691.08791495365
299122.3016378579
255944.17898044185
215933.17707756974
179626.77210973893
147333.0679695266
119153.48823918821
95014.6382858056
74705.29013352195
57914.73877583748
44269.39244987866
33365.26063245799
24794.864723505343
20183.86590094243
14650.914969958567
10485.777794505033
7399.659396996718
5148.700510475885
3532.3031609381724
2389.4191427747355
1593.6769830061742
1048.0485247185345
679.5714415291101
434.47117462950627
273.8787838191588
170.2263609110494
104.31953475972284
63.03390963855678
37.55363431233872
22.059626168888673
12.776504988376576
7.296137451664474
4.10809248239483
2.280619898763822
1.2483325708888806
0.673707793823467
0.35848903612332506
0.18807988960963318
0.12138816552133962
0.06220297595563988
0.03142720576905783
0.015655222336671323
0.007689013665639847
0.0037233939618371613
0.0017777199255773065
0.0008368405154687078
0.0003883971795349408
0.0001777306952496622
8.018641495495642e-05
3.5668932522673065e-05
1.5643335149099763e-05
6.764216003671381e-06
2.883722172541071e-06
1.2120935585649781e-06
5.023016320016586e-07
2.0522851043075137e-07
8.267122838461669e-08
3.283323059666029e-08
1.285624988782965e-08
4.963127017521484e-09
1.889016736825112e-09
7.08850238430389e-10
2.6224691086776327e-10
9.565384290742349e-11
4.8447596388463564e-11
1.7257936047880155e-11
6.0609238467968834e-12
2.098558654478596e-12
7.163655248554511e-13
2.4108961122313143e-13
7.99929203689334e-14
2.616693369875451e-14
8.438812558137775e-15
2.683095181865075e-15
8.410388699714024e-16
2.599084104188778e-16
7.918591012300243e-17
2.3784709675192945e-17
7.043186984891024e-18
2.0561797340585572e-18
5.917966535113683e-19
1.679200691023857e-19
4.6973235857562324e-20
1.2954338659016104e-20
3.5220542327143544e-21
9.440434862869161e-22
2.4946078595576743e-22
6.498693690277035e-23
1.6690237858110996e-23
4.225818674290642e-24
1.6779209891878287e-24
4.148628468388954e-25
1.011224011671927e-25
2.4299606563787187e-26
5.97589511069752e-27
1.659763505428515e-27
7.564269458466262e-28
6.945308110076095e-28
1.0810440536281738e-26
1.5380883847668482e-26
2.589940392742211e-26
3.6094410042042315e-26
4.960527010133848e-26
6.722702608026971e-26
8.984322442041884e-26
1.1839963958070174e-25
1.538642075377731e-25
1.971722101157553e-25
2.491572372033091e-25
3.1047022157264714e-25
3.8149081882215493e-25
4.62237395806367e-25
5.522836250227721e-25
6.50690855868792e-25
7.559657536691056e-25
8.660519343861912e-25
9.408579295064323e-25
1.0529853183698629e-24
1.1620746833412585e-24
1.2646169138435292e-24
1.3570535144706928e-24
1.4359782856593792e-24
1.4983442109003863e-24
1.5416628687191571e-24
1.5641528751408667e-24
1.5648833262663867e-24
1.5438241427778378e-24
1.501851393472199e-24
1.4406868525813502e-24
1.3627808567561375e-24
1.2711495688324244e-24
1.1691817014188104e-24
1.0604319182212511e-24
9.484183380116945e-25
8.364399084863165e-25
7.2742622840575625e-25
6.238281842814734e-25
5.275531269309417e-25
4.399438311958672e-25
3.6179665750574685e-25
2.934115169132207e-25
2.5319852568080595e-25
2.0063782417544907e-25
1.568032331254163e-25
1.2086986471630552e-25
9.190600520970036e-26
6.894310138392917e-26
5.103162337643742e-26
3.7282130756574364e-26
2.689227563007279e-26
1.916146322235506e-26
66.05683626921646
94.09246445074061
132.12010142549903
182.87735596093518
249.53297855710375
335.6394092213566
445.0357773917642
581.6930640218354
749.4968732668784
951.9688686511829
1191.9352070727666
1471.158721209822
1789.960281061984
2146.8625417079925
2538.294821604218
2958.3998368975012
3250.445144071317
3699.0137753285167
4149.598109109865
4588.842018804028
5002.38549702349
5375.615377448778
5694.507896576457
5946.496838334
6121.292974093979
6211.580537106684
6213.52508368935
6127.043619658998
5955.810476054836
5706.998354528513
5390.779972281937
5019.638550257758
4607.5522261259175
4169.12645559089
3718.748864573812
3269.833310083968
2834.2056392860386
2421.665099206273
2039.7351907285636
1693.5985586133074
1386.1944094308064
1118.445409768441
961.6521146029149
757.5947228269694
588.3460900647941
450.4076759987747
339.90353074223776
252.8614064641058
185.4327348396709
134.05012974435613
95.52676148235798
67.10576807905795
46.46988838257722
31.72198737672285
21.346472954746787
14.16018240742522
9.2595215994933
5.96877531957766
3.7927908466029976
2.375798140388139
1.4670238107807738
0.8929800745445696
0.5358254715941666
0.31694355304993393
0.18480659715051573
0.1062257973129926
0.06018933006773618
0.04088731730481419
0.022620720205239503
0.012336762961671598
0.006632434862428424
0.003514971009776506
0.001836316270925765
0.0009456930516448846
0.00048009799776926545
0.00024026282117665956
0.00011852780194777218
5.764091548514972e-05
2.7632392556676424e-05
1.3058193235558105e-05
6.083096036080544e-06
2.7934650081730295e-06
1.2645580751634126e-06
5.643016286520427e-07
2.4823373911497403e-07
1.0764337234901248e-07
4.601408202894546e-08
1.9389705387099072e-08
8.054315529176436e-09
3.29809414750426e-09
35.94027151011075
51.587142800360596
72.99255684204401
91.26678353640415
126.08927530609438
171.71986285057326
230.53660759747356
305.09581057740013
398.0242852030725
511.87023806788466
648.9140352492842
810.9450683997042
999.016560448823
1213.1958575697035
1452.3327503947496
1961.8490356281613
2350.871047047954
2793.330076230321
3294.090972535749
3858.9771390751134
17332.366579316276
23516.188012499206
35516.086801757716
49745.170067276966
66836.98969943271
88951.6858531468
117152.57315283793
152573.47198271233
196369.05116653818
230770.32907669683
290925.9846745309
362074.07276940846
444753.7087363563
539098.3918146141
644734.1759829258
760694.0056778595
885359.4137857603
1016440.1776774137
1151000.5468322437
1285537.2998641825
1416110.3700807374
1538521.511882891
1648531.049523282
1742097.839154832
1815623.8732318701
1866183.0485779645
1891713.8874907119
1891158.5482836047
1864535.0790028982
1812936.0519354888
1738453.7342900585
1644038.9461115326
1533306.877808988
1410307.6643837302
1323586.7512974283
1189551.2187881935
1054341.345764735
921608.5704603471
794472.2503454621
675425.8184667731
566295.3009160758
468246.17938158824
381830.8768196469
307066.7663848808
243533.61636986356
190479.66665262962
146926.82845154748
111767.47501476905
83847.59415153279
62033.38463977462
45260.44588490313
32566.368188548393
23108.701837398432
16170.965828029095
11159.607777376445
7594.7369908429155
5097.128283208573
3373.5371510784503
2201.864255499283
1417.2243817124195
1048.345938989169
659.2541937905914
408.8257915457677
251.03991899054125
152.24432499285749
91.7445056508045
55.48355800856845
34.39506424320116
22.740400586486842
16.959380552357217
14.891405064863603
15.257289330876302
17.32010977030724
20.66621961920765
25.065263289571796
30.381234342732412
36.516178650863
43.37484097931539
50.843091628402526
58.77592338673268
66.99262395902674
75.27774227620414
83.3869311224317
91.0568546545087
98.01824643989765
104.01101009629251
107.35047146364916
111.22573093658147
113.60139767293576
114.3771075402301
113.51978124980653
111.06595903804728
107.11921490074455
101.84290372507525
95.44894823953366
88.1837376283472
251.0821646322847
317.5770057391952
411.64971235113217
541.5463440957171
716.9146675643925
8538.059382396037
12115.093699913947
16966.90235005691
27283.727125590583
37458.03907006173
50733.25396817519
67782.16671934864
89329.148791623
116121.51528035096
148889.74617826258
188296.77678933827
218527.90345193012
270095.8285400874
329263.7442626919
395897.09627612046
469494.9034597758
549145.9616587831
633507.2140598205
720810.3086282469
808900.5114628013
895309.493017344
977360.2724912215
1052299.1323798457
1117446.0189213736
1170352.2686514312
1208952.8485260205
1231699.9610316465
1237665.9780158184
1226606.1659185728
1198975.2947377313
1155896.5644275106
1099085.8122612028
1030745.8834206373
953398.4709227168
869766.5835653762
782594.9186736742
723819.5577798965
636468.1940593208
551991.3624495424
472171.14079954074
398365.6663141679
331501.48995617474
272094.20213478897
220291.3839232146
175930.95350392128
138607.8429806799
107742.5246022322
82646.01178932114
62577.36662733094
46791.237367646216
34574.34747519062
25271.033231727804
18298.807365939938
13155.491421939387
9419.731393316544
6746.7397840740205
4860.957435596474
3547.0671987647083
2640.4790535628704
2018.0904736436999
1589.8400432511996
1291.3357845102475
1141.590532431693
966.8132855783065
832.0593548447545
722.4800882307785
628.964229437057
546.2402753416884
471.5010577123213
403.4321611781731
341.54622083895924
285.74444504147226
236.04355417256215
192.4203036107745
154.7370031541468
122.7203511349427
95.97293002211764
74.00227784797576
56.256881124290906
42.16195956590453
31.15068437577831
22.688594596867006
16.290530726620776
11.530465865408377
8.045259543461015
5.533670187746801
3.7520226764745637
7.510738840601468
8.274385305691423
10.293280666658978
13.473980543830526
18.003148215728135
24.12484375772035
277.9968408327304
392.13921353355784
545.6844445772301
862.5363579388912
1176.2463156662334
1582.4071841217656
2100.0337860002523
2749.249885006836
3550.3848762990906
4522.768000531607
5683.239260353868
7044.4326550204
8612.927484670037
10387.402823858207
12356.963239903693
14499.824396198903
16782.549725695935
19160.009726686214
21576.19189543645
23965.92332649945
25509.137217439165
27693.69065163011
29655.47075173229
31323.306177913528
32634.69040922113
33536.99695976447
33994.58318562204
33988.90141279625
33520.28265374515
32607.912589897383
31288.534303100078
29614.000157278846
27647.90015248506
25461.571954497722
23129.84034233302
20726.837688257907
18322.224178112763
15978.063307807637
13746.524633069019
11668.493370224833
9773.076722338448
8077.919544855336
6590.1841634032435
5308.0144191916315
4222.292566746818
3318.506825925415
2808.2235054722905
2166.467395448133
1654.8592294631478
1253.1665344397345
942.3183870574767
705.0179271065197
526.0924133215716
392.6250904814532
293.9188268775726
221.3411157054777
168.09532841002815
128.95577403295107
99.99565548162785
78.32859095237461
61.87678861423722
49.172682032576475
39.19602408417806
31.245060167230065
24.838285842065243
19.642200508436822
15.42014073612755
11.997474144675396
9.238952549611223
7.034700187425216
5.292031491828404
3.9309744044918964
3.2008713370278747
44.78100249721007
62.31801340924812
86.59085400696169
119.39311267076862
162.82687255370064
1520.9845752136846
2373.1274038178913
3332.0629309948677
4614.927843902764
7193.602675059678
9764.982335110642
13077.843322044888
17279.4811557183
22524.05292688248
28965.16153389505
36746.16901630257
45988.44881531385
56778.07014243979
69151.71127606217
83082.88655599821
98469.80093745157
115126.27112755638
132777.1335386347
151059.36922948822
169529.80708318434
181698.8714474732
199329.56417742095
215706.4061523261
230263.95358859928
242471.36344852782
251864.37133291154
258074.5452439169
260853.24963183978
260088.14837172927
255810.7212748649
248194.09501845093
237541.39865206808
224265.73683619814
208863.62543926176
191884.26809557038
173897.3140373843
155461.71004750248
137097.96415659387
119265.6300264073
102347.17586588104
86638.7072859627
72347.35373651955
59594.572868423114
48424.224107519294
38814.034201064685
33238.711723043336
26042.495823643614
20127.284860253527
15344.375276955145
11539.092405302885
8559.516755640596
6262.943305639762
4520.178601741082
3217.930074706268
2259.629822841018
1565.0682155690479
1069.2023997033236
720.4643311758643
478.83514573067157
313.8885368070907
202.9437091296752
129.413959437495
81.39292348213326
50.48782775126518
30.886998029144035
18.635803000246003
11.089151232262038
6.507597177028877
3.7662535417679157
2.1496084848764725
1.2099419097364241
0.818478107593036
0.45011706405386626
0.24410942287061027
0.1305505997904073
0.06884987224404623
0.03580569490988237
0.01836202719948297
0.009285464710702922
0.004630162222180934
0.0022766353296841597
0.0011038007903164603
0.0005276953597167129
0.0002487520629133848
0.0001156209580597533
5.2989354565524195e-05
2.3945215359524846e-05
1.0668979929564685e-05
4.687024094386269e-06
3.5690529090776972
5.13373908667683
7.279334928637325
10.174817510383907
14.019694397646699
19.042652806848384
161.5291956486009
250.59220758373766
314.0259748262231
435.57219827126096
652.8199969944781
911.4953777302068
1222.8989714044187
1618.9044016894713
2114.6314392723407
2725.3382766898458
3465.5233084335496
4347.817886380485
5381.71119040495
6572.177712865466
7918.306620327261
9412.05637570869
11037.273103712658
12769.11319983007
14573.996600507675
16410.18568035589
18229.036941284947
19976.912057403697
21597.667362473254
23035.574228274523
24250.325174663532
25177.942113321624
25791.073448787494
26012.958378277548
26056.35828915992
25753.080328993907
25116.834144482764
24174.628494152847
22965.011194017676
21535.59416602893
19940.08149800995
18235.05394631945
16476.77133966469
14718.235626340746
13006.71588689358
11381.87901895424
9874.603855739024
8506.490223849205
7290.014969013413
6229.2396316741115
5320.942410411462
4556.031243844532
3921.094232529176
3399.95569327793
2975.1274880417427
2629.072200945097
2345.2237479444198
2108.7391303088184
1906.9800467887737
1786.6255331369628
1621.283391028752
1468.8281948889899
1325.1702302583446
1187.9904885622764
1056.3533080045115
930.3122329513828
810.541295940988
698.0150383248387
593.7515465947131
498.6243738850394
413.2420459349583
337.88831769942874
272.51263400462784
216.75833327968454
170.01582263856997
131.4889255995297
100.26447202589145
75.37756261457233
55.86743275230983
40.821169330597456
29.404495873763963
20.880326202664904
14.616768559098974
10.08677952435696
6.861801743124016
5.265519440020549
3.4975476388844515
2.29016327735833
1.478253014952433
0.9406108231426806
0.5899966683049911
0.36481037199055216
0.22236301754593896
0.1336089358584766
0.07913814521314136
0.04620761312134154
0.026596128755232245
0.015090390558427895
0.008440334320362904
0.004653673396565528
0.002529351622809323
0.0013551880159437906
0.0007157591690390745
0.00037265873048543293
0.00019126375796093057
9.676784454419592e-05
4.826212547258494e-05
2.3727873156613037e-05
1.1499743880459754e-05
5.4940740706323395e-06
3.331001599877007e-06
1.5538514282156964e-06
7.145310811106292e-07
3.238990997770549e-07
1.447355912202944e-07
6.375553874186967e-08
2.7684550855768717e-08
1.1850427718775533e-08
5.000432285876634e-09
2.0799747206351053e-09
8.52875313578863e-10
3.447386783261743e-10
1.3736353591594434e-10
5.395477575800967e-11
2.08912921855506e-11
7.974026880462122e-12
3.0003164866263703e-12
1.11284178052118e-12
4.068897572155381e-13
1.4665506716102712e-13
5.2106796022888977e-14
1.8250242829555925e-14
6.301151270990716e-15
2.1446091032596562e-15
7.195373880136183e-16
2.3797731837241e-16
1.1291018898327863e-16
3.646226448291854e-17
1.160729763068413e-17
3.642466662419338e-18
1.1267745583636957e-18
3.436018254901237e-19
1.0328824045872725e-19
3.060717809527833e-20
8.94072457565288e-21
2.5745373943362416e-21
7.308072878116028e-22
2.044956120684523e-22
5.64083324337938e-23
1.5338480747385408e-23
4.1115478683001044e-24
1.0864885159272265e-24
2.8305680085678434e-25
7.27208439027476e-26
1.8441052214867236e-26
4.63446573264944e-27
1.176215581100905e-27
3.2832287497140993e-28
13.755988022170651
19.76082322712293
27.983063511429915
39.06271850945361
48.4042358602901
65.97492053729465
88.6444120911688
117.40884969764203
153.2947505537856
197.30164850100556
250.32897759289264
313.0895109055528
386.0138538867001
469.15272794252417
562.0857576511137
663.8468474409505
772.8766631979365
887.0119522819624
1003.5193026947283
1119.1774989829387
1230.4081255107074
1333.448944036042
1424.5594366484515
1500.2434418542716
1557.470684396438
1593.8777410841817
1607.9299005126456
1599.0284756989422
1567.553114177101
1514.8349391535007
1468.93793343273
1386.0369104304827
1289.208399409938
1182.0842688700798
1068.4414550703625
951.9847760839662
836.1539724274828
794.2731765761012
718.2996374424599
661.1871876215711
627.2414108970006
620.6833733127099
645.6649874757139
2656.9613523682197
3923.4897207062136
5382.399628406618
7353.234663901639
9964.613510651834
14773.376759670235
19728.422563797827
26025.981945213596
33903.51493005925
43601.250893019416
55348.35768199919
69345.84897573812
80005.94771514206
98061.05121414442
118610.40191329048
141575.74369147437
166757.5304237305
193823.04107747375
222301.92353399246
251590.85853406155
280968.40502230753
309620.2374802486
336673.98994936363
361241.8867226762
382468.3912038144
399579.36906249984
411928.84918631235
419039.4504991203
420632.9501720199
416648.2694242643
407245.263928558
392794.0008212322
373850.5320599769
351121.3790945736
325419.8894382331
297618.2117243765
268598.8118726895
239209.2230086668
219796.59238891563
191458.87505128988
164572.27479091994
139592.57845923048
116839.62063367828
96501.94576715106
78649.5730534899
63250.86053571546
50192.77064520847
39302.03717344182
30368.140772212773
23152.88116409099
17418.173981379547
12930.993147634867
9474.099746163853
6851.89949318719
4893.551929206727
3453.8470150624285
2412.400627682439
1671.6976655347491
1154.4486062261487
800.6401053981396
564.567577582438
412.0489440554181
317.9412346686597
264.01928453646127
243.78180144913958
229.74214428882755
228.93914995736407
236.15502066545994
247.67202782482735
260.8148811823417
273.63919498176386
284.7278948000024
293.0637401179358
297.9523451580406
298.97581765118963
295.9622526047181
288.9607731088725
278.2156033306675
264.13579827774674
247.84147012983334
229.05261227110927
208.86613073760236
187.99179665786974
167.11307915614162
146.8551171835994
127.75995000686422
110.2698473663385
94.71873235326733
81.3309480222282
73.67071325072861
64.10656521430616
56.81825564885688
51.698114130889294
48.5773145874897
47.23889030741016
47.42975893749049
48.87161868708299
51.27085772876394
54.32777431452108
57.7454281901106
61.238350547198806
64.54116443704751
67.41695584387996
69.6650358347104
71.12758936883863
71.69464736728209
71.3068598964773
69.95568616742796
67.6808313078212
64.56501793000325
60.72644333013446
56.30950189950927
51.47451473399512
46.38728358331299
41.20926726744172
37.78095061828763
32.77243104588284
28.02368200375563
23.622243605763945
19.62888512148809
16.07859539454748
12.983094119588902
10.334410284638318
8.109058628842584
6.2723795951884345
4.782679923495278
3.5949044559203203
2.663669966062981
1.945586237290163
1.400869102784144
0.9943095732586026
0.6957010736636099
0.479844710962452
0.32625391727328784
0.2186692626300937
0.144476339030136
0.09409849940988546
61.014161243127404
87.82075578664463
124.64526427150494
174.41779261855447
216.48403222400765
295.8039231544697
398.4424544925684
529.0627449850681
3139.709418822019
4774.936950202179
6624.704647959861
9074.789131981845
12272.426246240642
17884.746215980857
23736.123620751427
31104.385308921257
40242.77052267058
51402.09547471901
64814.992765272706
80676.96327240483
99125.04669546362
120215.38307367309
143901.37417345584
170014.49512580063
198249.9858397273
228159.60995857144
259153.3678089933
290511.4801969721
321407.14996989124
350939.6242102968
369409.82706316997
394603.0120174932
416005.8243287136
432840.56473655906
444476.77122190007
450470.3404338224
450591.5487815575
444839.51867438626
433441.8748055697
416839.6722493653
395658.99789973383
370671.79860668856
342749.3470649747
312812.235107654
281780.8496147366
250529.95763891406
219850.3702113602
190419.76863691793
162783.78105853684
137347.40965178635
114376.03429447993
94004.5348844992
76252.62674373589
61044.302924910655
48229.304737150174
40916.950786992944
31623.254904239024
24118.931049964613
18152.90740420686
13482.141044899912
9880.60329970969
7145.077504984016
5098.188937585073
3589.1925654634065
2493.0764877679153
1708.5138267556665
1155.1315271290155
770.4783341383371
506.98086196197613
329.08725294403
210.71978664109704
133.0947631296182
82.92107175330122
50.95705652921593
30.886363450569515
18.464609336766912
10.887110504906918
6.331009287711645
3.6308652788401745
2.053589555690722
1.145442687644607
0.770165455184437
0.4197100779940967
0.22555164795658
0.11952678814846125
0.062459561124579115
7.987095641006628
11.387372912386219
16.031069852358932
22.26063342991269
30.477663687984716
41.13728111424539
54.736640020833484
71.79625860066064
92.8333339482218
118.32692761059968
149.26021249258488
184.99194436096425
226.0387126354118
272.2959262679261
323.39698468220627
378.6838453168169
437.19436491456287
510.72953682667793
599.6746836346458
680.0684948868758
761.5575798389939
817.7330777044991
904.9251299711175
996.1686012113677
1108.1962078727297
1655.6974130141105
2031.7166015142284
2452.9116304001323
2989.991413767576
3671.8093629482346
4714.076761413855
5942.518986697188
7400.886662423479
9188.74475026481
11349.364891643783
13921.433308363967
16935.66523422291
20411.121965123955
24351.460396334267
28741.408706518214
33543.80843024493
38697.58231356569
44116.97041424812
49692.318541355744
55292.60282070219
60769.73724379766
64274.381366268295
69190.37138026426
73554.53221995004
77216.37026823826
80044.24712660967
81933.16521760571
82813.80729624558
82647.61867995698
81441.74047869141
79240.86287652141
76133.85619431251
72221.4584556658
67646.68868608895
62564.03479807136
57230.04155407974
51674.779369144206
46098.41185012806
40655.269586575574
35471.20960587733
30649.94418861229
26342.112799393624
22492.299491790007
19184.8753469515
16434.986178323277
14240.088876948173
12582.856555215398
11762.703212898052
10931.882296780597
10541.132168925387
10541.071484255846
10877.981003636458
11494.986841705746
12333.021647673293
13331.696775120345
14430.211007972775
15568.392813065197
16687.929170568364
17733.782130893025
18655.742285959186
19410.02383445037
19960.77503715846
20281.36469958463
20355.311459026496
20176.747029796228
19750.343715939853
19090.685143949562
18221.11096240603
17172.114722588816
15979.413549577932
14681.834252339479
13319.170852938232
11930.162893491235
11007.41874204029
9652.259769443022
8356.567738892765
7142.89211818804
6027.789448773119
5021.971259911014
4130.518179880375
3353.8222129449528
2688.243661602158
2127.0545005766094
1661.3448085638083
1280.8703954625134
974.7971385084822
732.3147304029345
543.1084797544089
397.6912112007987
287.6074599432103
205.52882585280423
145.26274841175282
101.69758431469229
70.7053786838647
49.020829128857585
34.111312625526914
24.04903172293464
17.392750598175535
13.083497961544982
11.126923912351527
9.140951202832545
7.92463804858345
7.181743584883856
6.711721561035798
6.3821382201382475
6.108528579461268
5.83989977123308
5.5483938936335155
5.221935120438505
4.858974548713096
4.464693486378403
4.048224273411423
3.620597369541559
3.1932291085716082
2.7768335787616536
2.380682900189576
2.012160958564278
1.6765637533985898
1.3771009168893538
1.1150521065178876
0.8900317796150737
0.700317854538686
0.5432043723646016
0.41534512791440603
0.3445477478406577
0.25723157533969293
0.18931120688314262
0.13734266574255968
0.0982226559548219
0.06924603284417342
0.04812326969673013
0.03296798115586387
0.022264173043367187
0.014821691528614995
0.009726709739167122
0.006292324686813045
0.004012668425144372
0.0025225071527122025
0.0015631783067195154
0.0009549081798226334
0.0005750315700200873
0.00034134908638161303
0.0001997481574067739
0.00011522422606139829
6.552119332377115e-05
3.6727957585588e-05
2.0294985192463602e-05
1.105497284728415e-05
5.936132722736003e-06
3.1421470492444912e-06
2.0397856945197775e-06
1.0542309117700948e-06
5.371108577798752e-07
2.697547484090482e-07
1.3355226116194865e-07
6.517940228629296e-08
3.135786474386481e-08
1.4871664262645724e-08
6.952638406332394e-09
3.2041784465450716e-09
1.4556626110422713e-09
6.51901140086032e-10
2.877926742417242e-10
1.252433598900056e-10
0.7143876784028947
1.0194570636169622
1.4341048490804098
1.9887026390599845
2.7185403081024244
3.663352283314963
4.866296567214843
6.37228867663727
8.225632303487018
10.466949361802785
13.129492365239841
16.235016253162886
18.555187905202214
22.402601359482254
26.662970122859114
31.28207709268226
36.179254928750275
41.24778543135579
46.35735355949757
51.3586517798595
56.09001741116324
60.38575713712554
64.08559753740028
67.04452851417761
69.14220489642094
70.29105948955447
105.56619955230823
119.92606427961978
138.88064767659387
164.08902979047627
197.51744678141745
241.41344316584986
298.2503535735761
370.637159480719
461.19061630441144
1910.384561975135
2813.541261407011
3462.965122881291
4690.487847473073
6286.839310666739
8333.272749629914
11649.088041308398
15182.75325503407
19557.31617648004
24893.1087132946
31303.120615927288
38884.34093610637
47707.91721899882
57808.68905090273
69174.85698869584
81738.71220185819
95371.41381732831
109871.88493549476
124976.23585264881
140356.46524261512
155631.2707220477
170380.31051772076
184162.65410104688
196538.3547638716
207091.69153168824
215454.3662554409
221326.843311718
224496.10397232033
225046.63523997925
223509.8461252805
219201.85007311718
212287.82993606795
203024.53759027453
191744.44862815973
178836.0367710854
164721.786077698
149835.94946487955
134602.0098969287
119415.15901506333
104625.99077418835
90529.54305669056
77358.65355330323
65281.71799653396
54404.40420710222
44774.63135942144
36389.975892799135
29206.61337189963
23148.939037321597
18119.11119700467
14005.90931969793
10692.470101522118
8062.6390629531
6005.8353523077085
4420.461283329962
3580.254336997421
2618.9788927637924
1895.3323850581648
1375.0978663161052
1011.969622980035
769.5350014964827
619.903156803007
542.2940111758771
521.6714126888997
547.4727464978236
1748.5469458774305
2502.5996793554136
3372.160897016502
4524.27287526974
6022.421530671106
7938.80517829762
10998.603808204785
14272.222099179462
18310.281871533192
23217.953105227574
29092.687130213577
36016.34393592604
44046.37474156731
53206.580758390046
63478.14438482395
70911.32300312087
82853.47662038982
95595.33725850534
108912.44510768043
122524.31604765313
136102.0823030723
149280.36608854408
161672.9110735359
172891.0945486264
182564.09814671718
190359.2725982805
196001.12746921144
199287.42914885614
200101.09902317362
198416.9483966949
194302.72970356746
187914.47527034063
179486.580689109
169317.5174173738
157752.38533909418
145163.71167476862
131931.9557053964
118427.09427918581
104992.46100396621
91931.723517494
79499.54563239684
71661.80978539505
60694.36683026944
50765.27941782844
41930.105347625584
34198.77672009382
27541.985254896714
21900.828808188464
17194.294258755228
13327.375609462071
10198.133091036269
7703.6205431754015
5744.54762832454
4228.665497956152
3081.8291987320604
2218.7945594862235
1582.0675300455607
1121.3954392890967
795.2919458601938
570.8459427974664
426.16875419749914
337.68810379519925
291.23246435456167
277.563367371789
289.39545367768085
321.6480280991816
370.777974762458
411.62182688626115
483.51005168589234
566.5630287600435
659.0388778979454
759.0625562214186
864.5071514810176
972.940838816268
1081.6325307113707
1187.6298217061756
1287.7824290592453
1378.9753171920606
1458.215836080702
1522.8041741913246
1570.4818117427458
1599.5596507029416
1609.014839648738
1598.5481309332436
1568.5971461202594
1520.3048238706792
1455.4461754051247
1376.3198808001687
1285.6138940905662
1186.2558608291208
1081.259689709225
973.5790907009338
865.9774405467839
795.5196552818503
693.3475723688939
596.9725832505087
507.76793337205595
426.667620053217
354.19035547508975
290.48256684923297
235.37467080509433
188.44479969007804
149.08459043178982
116.56245111219448
90.08075917085934
68.82458154401921
52.00061931998811
38.86607106402449
29.94237250221299
22.762717458619683
17.685710433221555
14.338394273641157
12.43362578909574
11.761340494548076
12.177648707709677
13.592530187811445
15.956693478514882
19.24802538633655
21.952970945205255
26.771283948100077
32.48840121914105
39.06927427371828
46.448794354732044
54.52400798416817
63.14931633699013
72.13524558260028
81.25119822600928
90.23232162047125
98.79028012825339
106.62732911096099
113.45271113028845
119.00008139526226
123.04447089398774
125.41724975145057
126.01767857050254
124.81992639619202
121.87486076243471
117.3064277302807
111.30297436701387
104.10435566464872
95.98605216378098
87.24175912481105
78.16597069786506
72.2990560285709
67.19401613979913
60.24170146012535
54.415589824638424
50.00920562119411
47.29159640875683
46.506709542035864
47.87223167660925
51.57669607311299
57.77391583957457
170.81892112317465
242.34944107217413
324.88617152050136
433.7821281298692
575.5270099284094
756.4007385222135
984.2292677882042
1337.0069139823588
1712.6029462551717
2169.3758098042545
2716.725893179406
3362.7288250478646
4113.320061821237
4971.429204296355
5936.1273369736555
7001.863849548776
8157.876313802457
8970.881772961637
10238.358807727098
11540.446830220399
12847.050084032706
14124.394325490599
15336.417948910372
16446.444596466892
17419.029153670523
18221.845800832732
18827.475878674006
19214.95649814761
19370.968080973213
19290.568575793674
18977.420647449562
18443.501334526132
17708.326744064747
16797.76276341968
15742.522782068749
14576.472510600486
13334.869060400653
12052.656817882891
10762.9278428905
9495.63197084162
8276.594441532674
7126.869775209905
6406.993376501086
5405.774047619923
4505.312551291842
3708.7642360650107
3015.381881932287
2421.217410617871
1920.0094377854668
1512.680000934892
1175.7551381821188
906.368363178664
695.4708931194493
534.5493809130109
415.89470259717683
332.76033702323565
279.4226604590187
251.15875420131474
244.1588898269539
255.39114342827415
710.4044368197124
993.4592026625784
1319.7243326534658
1748.9971965135876
2303.039165024745
3006.450526070054
4029.0030535409264
5234.291605790141
6154.1262737099705
7774.15371951464
9710.815708979633
11991.379047495033
14636.882263177726
17654.03633409442
21039.227057290198
24771.72368072041
28812.68574293362
33104.12588493261
37569.73929361368
42113.73553277122
46627.15723443012
50989.822967632754
55076.0482790474
58823.9796790576
62024.68821718166
64605.386568657006
66489.34020077363
67618.11142070696
67960.99967908657
67516.72442684814
66351.30845428811
64460.37870871358
61950.81644663444
58922.550036367276
56671.19519500362
53034.37872742492
49194.33040038625
45269.827841627026
41370.90487820489
37594.22781095796
34019.631891482924
30707.946742650514
27700.13801395415
25017.69796477139
22664.412899103958
20627.754068109123
18883.244045694697
17397.01079244766
16129.457848765336
15038.595857442313
14083.022612999646
13224.398187626239
12429.318578966373
11670.54866041587
10927.62806827657
10186.90808394289
9441.110895135318
8688.523586147183
7931.947901266841
7177.524476479152
6679.809293694486
5947.932610297625
5242.082271171845
4571.175130935155
3942.950217071353
3363.517902070954
2837.9957656117685
2367.2881954978225
1952.469027474166
1592.3496553950092
1284.3636501381052
1024.883498881281
809.5468785760206
633.5668099691856
492.0067173792038
380.0082364114848
292.9659780000756
226.64893114826234
177.27248825660797
141.52808385609254
116.5791680052123
100.03281883909601
89.89594008043439
84.5239340774528
82.56824221848049
82.60964643826253
84.00281466974074
86.31280207587147
88.9115968030887
91.31748896690775
93.12267417712225
94.05989563094376
93.94656646458654
92.68812087731463
90.26985222229581
86.74732551622114
82.23499440132169
76.89313618537537
70.91361525797626
64.50525567064311
57.87972952139922
51.23885140578223
44.76403120023715
38.60841177776364
32.89194593646366
27.699389352724012
23.08093988969186
19.055064595966606
15.612938862630022
12.723880172364108
10.341184162840557
9.006145214436042
7.338010602658904
6.015144552895114
4.976332948320071
4.164942593745411
3.530788036139947
3.0311358242474755
2.6309852307735344
2.30278638578478
2.0257593631587794
1.7849660767461673
1.5702658959057527
1.3752600945867408
1.1963031271799343
1.031632844295791
0.8806488102325942
0.7433488202253374
0.6199189363626684
0.510461850906845
0.4148418382116978
0.44440093905646966
0.4237721660415855
0.4329493953171183
0.47602297447877306
0.5579247400121515
0.6844581512855428
0.796841594963418
1.0127395739422935
1.2920372264897568
1.642087352082779
2.069590556804568
2.579881105781205
8.05858155747821
11.484357899073503
15.356369472203273
20.354187228027
26.731174329189333
34.76972778132441
44.77400447723029
58.99469447493684
75.48387663467575
94.69397882944679
117.50431374726
144.1892189712801
174.9272608803986
209.76853589608027
248.60385065503073
291.1388424597673
336.87620244239076
385.1089160620733
434.92681307797227
468.4865706296975
518.4454082213111
567.7697847699831
613.5436371385866
655.1267800842859
691.2837946011557
720.931719573075
748.5490492261273
765.1668898857744
774.3492028005061
776.3437623791892
771.7486871146606
761.4868728035349
746.7593088304666
728.9796722838374
709.6937917221139
690.4885465315293
672.895498271374
658.2950252753037
890.6480761992118
1020.5268284723967
1173.2735945656648
1382.63530480842
1660.971297958918
2021.7843871698396
2479.378841081802
2926.114876083778
3645.0212269651374
4492.48332366161
5506.721636736704
6700.832528664778
8083.747918947829
9658.728791717873
11421.917040237257
13361.086816077062
15454.74401422284
17671.713812492017
19971.329786241557
22304.294896958294
24614.2280205428
26839.845365926565
28917.66150445313
30785.037771572173
32383.36391957693
33661.137750765076
34576.71004382056
35100.48826415094
35216.4390891069
34922.79090917465
34231.90582143617
33169.3584055791
31772.318651097255
30677.827664572655
28830.358724288802
26786.597835526012
24605.40207340361
22345.28386363939
20062.013300540948
17806.58994262449
15623.661936119403
13550.432736889012
11616.060291759324
9841.522390958513
8239.896456842405
6818.832989925583
5574.854055841449
4503.375127646822
3594.373971665513
2834.8134113351434
2209.737623940291
1703.2557655736675
1299.376160517648
982.6706910633545
738.7642050852812
554.6566636834826
418.8956835219641
395.7286126072127
377.06426458057524
369.55323668982476
396.7479407677523
457.89133219410047
553.8108211252218
686.6625784240061
859.6204750264038
1109.1450734050482
1401.1379319590233
1742.4864949385403
2147.0313008448775
2618.5173740342284
3159.0181629125836
3768.357050803034
4443.589202893015
5178.599500418194
5963.836663240143
6786.297426737416
7629.703883106398
8474.94897529493
9301.675911252496
10085.965537592663
10805.73407555422
11439.19249761562
11966.585548877569
12371.230004943312
12566.326284791257
12740.339004690639
12768.052826760972
12649.683186920183
12390.401737996328
11999.956762881377
11492.060496482227
10883.59717126169
10193.714268024349
9442.862022758016
8651.84334086257
7840.928996850641
7029.082668311916
6234.227793346875
5469.559847363579
4747.635802048934
4077.5505241717947
3465.5789118348994
2915.3274179234154
2427.9918787183924
2002.6923904929104
1636.8550564201678
1326.6116247274374
1067.1910957754146
853.2818999966723
711.3769568055445
627.2161347591056
526.0448465893214
457.04425233307967
417.26118654407827
404.4668812395094
417.13421033684546
454.355737568987
532.3880487049873
624.9289979444011
744.0544267644702
890.313930243668
1063.9792978106568
1264.7950325469835
1491.7449114293745
1742.8533115425278
2015.0401445590837
2304.0960577435876
2604.514698692722
2909.835786672708
3212.689229803198
3505.1051388636934
3782.1967264727277
4030.6311833977566
4245.262854905151
4419.590170617981
4548.395690748883
4607.0971747988315
4652.744206446193
4648.4567795231
4593.204582110166
4490.52011284236
4344.88884435169
4161.919482451465
3948.1562671092993
3850.7299099923575
3674.6912305883893
3500.7673852477164
3354.1338151027253
3248.4189306412786
3197.433901629459
3214.4999715942186
3312.2021427962213
3579.8924530296113
3904.3690995119555
4349.298141777
4921.765895568122
5625.43304435541
6459.808184785415
7419.596378041052
8494.197101040758
9667.42735431008
10494.85823477102
11781.98435459023
13098.676991931188
14411.134714464444
15683.058650917745
16877.207666190003
17957.11549418418
18888.850434985845
19642.68938869237
20194.582561827814
20527.302625079687
20631.200124276616
20504.52187679799
20197.762421838077
19660.118309516798
18934.39222423915
18051.49508439376
17042.552160882846
15941.432094273829
14783.2581108226
13602.957238700075
12452.411123943037
11340.516388544886
10296.032726333493
9347.25728208793
8512.379991042702
8025.5858878213
7410.991809162849
6928.816967248911
6580.511187022317
6359.0315382152685
6252.850973309859
6246.691312420076
6322.384835137694
6460.776493776318
6639.320396486634
6837.6831921582425
7035.841703304879
7215.554069306133
7504.044828716571
7683.6782116103
7819.55620744059
7925.67021729761
8008.017430633335
8077.020121320368
8146.999223481828
8235.395601328182
8361.751836887473
8651.477718757134
8959.17930210054
9378.93069982519
9929.28225881683
10375.914018347074
11172.315172369277
12123.11810693402
13223.846187688905
14461.763156349078
15815.506357936003
17255.28051268229
18744.122456692945
20239.173714319586
21693.662793214335
23059.18189658196
24288.147682797913
25336.26831428956
26164.836197495868
26742.68151115898
27051.139408128085
27072.97988466157
26808.08205983192
26264.980465667137
25461.141608459304
24422.046344944516
23179.6399292874
21770.581642197973
20235.748765249857
18614.2052700393
17504.876906905778
15827.310396440203
14165.14400804978
12550.29345104597
11009.882903907192
9565.748881510412
8234.224647729337
7026.1856159871295
5947.326484231993
4998.632709603741
4177.002605768408
3475.972279172188
2886.494255539719
2397.722267563341
1997.7592667503607
1674.3329231690834
1415.371998720039
1209.4671094776813
1046.209533482331
916.4109406265407
812.2144820763169
727.1131138280699
655.8941814465483
594.5302801027162
540.0355639727177
490.3044856157847
459.0858250011673
414.4864012607993
372.11089920991924
331.74585956343304
293.3948021888273
257.1877102012287
223.31058954225455
191.95340169343058
163.27413815766562
137.37657351736337
114.29920204953278
94.01295577920523
76.42546867539018
61.38986285608134
48.7162733766954
38.184591268067585
29.557184451297946
22.590645380007032
17.045901790771605
12.696299287319702
9.333507682345084
6.771305067635801
4.847446444853468
3.423924495777528
2.3859809674918715
1.6402348364625055
1.2679522493992856
1.1714874442535228
1.0207637753319794
1.0109537847405543
1.1283595032227314
1.3689367669563466
1.7363304291704418
2.2399858553683774
2.8932670583016082
3.7115172564804495
4.710019937491192
5.901854808478674
7.295688977288761
8.893593564342437
18.157250449820943
23.28966357612816
29.693364262835335
37.634955756922295
47.40964034984271
59.3500060297752
73.80927529061476
91.14884433412331
111.71782423977464
135.82632212525584
163.71310180385734
195.50915863136092
218.878167684945
463.42292460042336
621.3186394246615
800.8318813980859
1029.6906258542579
1319.4737197892211
1683.414656676013
2136.181785066679
2693.448096722194
3371.2143986453575
4283.60691930921
5327.5979822142235
6525.032956089345
7913.5820842737
9499.117309985288
11280.564628198612
13248.54792051841
15384.375528196511
17659.517016235764
20035.68995109362
22465.63068939123
24894.563020786736
27262.31053231143
29505.93111080702
31562.694031792118
32800.48832107578
34416.77384589936
35703.068049680005
36622.35962640189
37149.72203782575
37273.25040765946
36994.23844782074
36326.63433398869
35295.86996665324
33937.19714835935
32293.684412246843
30414.03024579266
28350.335566687903
26155.955440361904
23883.5225415782
21583.207482878093
19301.25718746481
17078.83357068495
14951.160894324456
12946.980097385276
11088.30049550926
9390.431905709745
7862.272512040433
6506.819473237573
5321.860987356116
4300.801388183401
3706.289853874401
2934.7108332287994
2294.950903924381
1772.1150125171198
1350.9939065316119
1016.7048813881454
755.1932367843309
553.5911395583025
400.4411246118644
285.79962903624295
201.24130554480945
139.78737505247298
95.7812738011379
64.73287743243687
43.149298588046385
28.366306039925753
18.39036280298238
11.757550681625723
7.41250767539677
4.608077439268535
2.8246652422515797
1.7072401901241459
1.0174003373553406
0.5977906976546177
0.3463043575061682
0.1977929306200854
0.1350898296123426
0.07535308902175879
0.041438820421356735
0.022466573031823055
0.01200840058887769
0.006327740353491857
0.008409152203284325
0.009067397875970159
0.011343298888902559
0.01512305822778016
0.0205076908659802
0.02773520296144554
0.0371322591433222
0.049079709707592456
0.06398266538350633
0.08223987142926938
0.1042098859869896
0.16212187582378376
0.20578300161414845
0.25842352503931926
0.3211700007783593
0.3951302031649331
0.48135150671375243
5.753694109993228
8.136323686321967
10.186944079142522
14.132760930886286
19.370307008365078
26.217891344332035
35.03221684499954
46.19865527031258
61.09051793707401
78.69073417263496
99.87136468582037
125.04691802855774
154.4510071816647
188.18036722200938
226.15766033264174
491.20443039985076
659.74040895179
850.2506362903288
1090.8814887384372
1392.9321230053883
1769.2665131863882
2233.8692021111056
2801.465715601104
3486.7974694085615
4391.909886017757
5423.917169968157
6601.982004309303
7957.5241615389905
8961.378657391779
10615.129803325668
12437.304380130228
14409.703981445664
16505.1619220304
18687.747904510583
20913.560362900975
23132.240885502153
25288.974502329325
27327.32148063465
29190.69203005744
30826.846123686526
32189.460670626442
33240.61779990056
33952.51539564928
34308.53561202831
34303.62977196209
33944.043345977276
33246.461070205376
32236.693043145966
30948.044243845034
29419.512181354898
27693.943282976514
25816.25335291918
23831.787161604454
21784.862812207954
20406.435533550877
18347.241099959632
16329.918516343118
14385.929146840994
12541.65565461598
10818.104304358916
9230.802766113524
7789.890200700436
6500.391159143416
5362.65667596783
4372.946356707906
3524.1161614345897
