a = [4.79019444] b = [4.79019444] c = [13.46785843] ,Gaussian ,LMH = [0.20488812] ,DW = [1.92654303]
0.0
0.0
0.0
0.0
0.0
0.0
0.0
0.0
0.0
0.0
0.0
0.0
0.0
0.0
0.0
0.0
0.0
0.0
0.0
0.0
0.0
0.0
0.0
0.0
0.0
0.0
0.0
0.0
0.0
0.0
0.0
0.0
0.0
0.0
0.0
0.0
0.0
0.0
0.0
0.0
0.0
0.0
0.0
0.0
0.0
0.0
0.0
0.0
0.0
0.0
0.0
0.0
0.0
0.0
0.0
0.0
0.0
0.0
0.0
0.0
0.0
0.0
0.0
0.0
0.0
0.0
0.0
0.0
0.0
0.0
0.0
0.0
0.0
0.0
0.0
0.0
0.0
0.0
0.0
0.0
0.0
0.0
0.0
0.0
0.0
0.0
0.0
0.0
0.0
0.0
0.0
0.0
0.0
0.0
0.0
0.0
0.0
0.0
0.0
0.0
0.0
0.0
0.0
0.0
0.0
0.0
0.0
0.0
0.0
0.0
0.0
0.0
0.0
0.0
0.0
0.0
0.0
0.0
0.0
0.0
0.0
0.0
0.0
0.0
0.0
0.0
0.0
0.0
0.0
0.0
0.0
0.0
0.0
0.0
0.0
0.0
0.0
0.0
0.0
0.0
0.0
0.0
0.0
0.0
0.0
0.0
0.0
0.0
0.0
0.0
0.0
0.0
0.0
0.0
0.0
0.0
0.0
0.0
0.0
0.0
0.0
0.0
0.0
0.0
0.0
0.0
0.0
0.0
0.0
0.0
0.0
0.0
0.0
0.0
0.0
0.0
0.0
0.0
0.0
7.898395881934215e-30
1.0793215326335199e-29
1.4585256369355364e-29
1.9490751083593843e-29
2.5756945858958153e-29
3.365979270755544e-29
4.3499051885498253e-29
5.559035240066917e-29
7.025388496232184e-29
8.779960162754461e-29
1.0850906657424792e-28
1.3261443269987902e-28
1.602753884247563e-28
1.9155529722771481e-28
2.2639809943269125e-28
2.515155176727195e-28
2.917844870020996e-28
3.3474253004533176e-28
3.7976144578742363e-28
4.260515326852482e-28
4.726772214004081e-28
5.185832651632562e-28
5.626309306549645e-28
6.03642754073495e-28
6.404535863989933e-28
6.719649398154668e-28
6.971991488068218e-28
7.153496424459501e-28
7.258237296345004e-28
7.282747334523116e-28
7.2262104468708e-28
7.090506338794032e-28
6.880106739230004e-28
6.601830723383268e-28
6.26447780588858e-28
6.223012801897536e-28
2.1180056880568922e-27
3.345625051590286e-27
4.329157869200649e-27
5.626738286040068e-27
6.702938963842288e-27
8.695809768632623e-27
1.1224737777230507e-26
1.438879929545195e-26
1.829237259916123e-26
2.3041505511665618e-26
2.8739141860255354e-26
3.547924473373872e-26
4.333996136777883e-26
5.237609514678654e-26
6.261127472247822e-26
7.403032579275641e-26
8.657244295121844e-26
1.0012581213412546e-25
1.1452433503563847e-25
1.2954704554861302e-25
1.4492068053987388e-25
1.6032567594529395e-25
1.754056150458691e-25
1.897798773380221e-25
2.0305894850129279e-25
2.1486158346603423e-25
2.248327951687987e-25
2.326614980815199e-25
2.380965883888282e-25
2.4096030267305123e-25
2.4139049557392646e-25
2.398014477415846e-25
2.355846388667169e-25
2.288788449898016e-25
2.199013238534922e-25
2.089361264814913e-25
1.963191839905399e-25
1.8242126060909932e-25
1.6762997597214097e-25
1.5233210342554975e-25
1.3689725188640754e-25
1.216638529078485e-25
1.069281261328765e-25
9.293641404915555e-26
7.988099055634637e-26
6.789918445582757e-26
5.70754403328931e-26
4.7445779984170784e-26
3.900403416998576e-26
3.1709186053394093e-26
2.549319682930523e-26
2.0268758746246954e-26
1.5936526438499365e-26
1.2391499162585885e-26
9.528350330850154e-27
7.245615299328791e-27
5.9992018550685555e-27
4.47806647663178e-27
3.30560772423083e-27
2.4131027765184628e-27
1.7420638145624736e-27
1.2437011772847032e-27
8.78075349267579e-28
6.130717263244636e-28
4.233061342859437e-28
2.890424410688718e-28
1.951787170177462e-28
1.3033681306838838e-28
8.607272255127596e-29
5.621183907417673e-29
3.6303948863295275e-29
2.3186957435944674e-29
1.4645273780316783e-29
9.147766347059008e-30
5.6506248645064276e-30
3.4517691202253494e-30
2.0852150835208457e-30
1.2457297520642488e-30
7.359709654187858e-31
4.299930099840147e-31
2.4844255317307716e-31
1.7128354418699968e-31
9.714490466542039e-32
5.448642264195853e-32
3.02218084542228e-32
1.657740280680823e-32
8.992416661752844e-33
4.823921636049191e-33
2.559104137274792e-33
1.3425781247006646e-33
6.96554444716572e-34
3.573834706048576e-34
1.813333766814827e-34
9.09881693241832e-35
4.514981712738504e-35
2.21559793808681e-35
1.0752013348855509e-35
5.1600334931332124e-36
2.4489455332230555e-36
1.1493958051666539e-36
5.334871479112262e-37
2.4487372195110873e-37
1.1115378744504627e-37
4.989651401651473e-38
2.2150319507020295e-38
9.724194324007414e-39
4.221736270873787e-39
2.4056327033613125e-39
1.0251950504539648e-39
4.3206341895270865e-40
1.800745348697967e-40
7.421999190171929e-41
3.025194421486097e-41
1.2194091683325324e-41
4.8608182988195534e-42
1.9161657478720134e-42
7.469998264844577e-43
2.879861880223423e-43
1.0979600408994136e-43
4.1396642021833175e-44
1.5435026610260702e-44
5.691324212764004e-45
2.0753097684413472e-45
7.483696710878044e-46
2.6687817276647865e-46
9.411818511988093e-47
3.282446281100078e-47
1.1321012963277917e-47
3.8613263338989864e-48
1.3024206287300884e-48
4.344397415823434e-49
1.4330829478517528e-49
4.674945918648536e-50
2.2017084092622025e-50
7.050244082926828e-51
2.2326051846327478e-51
0.010552022878623953
0.0144846794658057
0.01966225553544409
0.026394234141627983
0.035037739225977714
0.04599539671620466
0.05970957007506931
0.07665223127773865
0.09730988078041786
0.12216318913995924
0.15166140149657142
0.18619201427421855
0.22604677617762425
0.2713856419799716
0.3222008623368495
0.3782838599808826
0.4391978519758591
0.5042592632495437
0.5725307861530298
0.6428284453468084
0.7137442291293946
0.7836847857270629
0.8509254310237517
0.8933695854702193
0.9521383416333812
1.0035065864520356
1.0459036594646127
1.0779892247806913
1.0987235648263702
1.107423513509895
1.1037998326523082
1.0879731794333283
1.0604674353226664
1.0221809109661568
0.9743376346716929
0.918422408503052
0.8561044354807433
0.789154986042434
0.7193647361768314
0.6484660835845585
0.5780649934813784
0.5095858450850306
0.44423147256459655
0.382959258686019
0.32647287650909085
0.27522819361637874
0.22945103224531624
0.18916395863231353
0.165288858516232
0.1337552267491804
0.10703584093345189
0.08470303484494572
0.06628572315715871
0.10447252207361964
0.11231121929093865
2.163453004502463
2.95550372062124
5.290360942871062
7.131592140421009
9.51376970517049
12.55608809583018
16.39159795752515
21.164850997070577
27.02808922947101
34.13582352256445
42.63774105105074
52.67000940118927
64.3452017788711
77.74124334551644
92.88995857652803
109.76596503112587
128.27678875771
148.2551490775787
169.45435643324652
184.10726458730002
206.5772538648037
229.23197346148467
251.56427898832402
273.0258773915202
293.04862116504705
311.0688780262725
326.5535666727426
339.0262056001066
348.0912102465362
353.4547140811975
354.9403859930084
352.4990565558769
346.2114201431691
336.2836057647281
323.03595573800584
306.8858642824153
288.32595821740995
267.8992093429168
246.17272727299854
223.7119837778525
201.0570734459442
178.70234426231374
157.0803705315576
136.55083105170783
117.3944404250006
105.48862199114824
89.02801594958262
74.30678821639944
61.33537026147383
50.069607240242746
40.42202398894668
32.27324152074327
25.482836396146133
19.899106285454014
15.367385521419019
11.736726674827372
8.864914751198691
6.621900984534291
4.891829640748715
3.5738840929840796
2.5822011727203336
1.8451009302629138
1.3038588986616149
0.9112162277998321
0.6297854826094899
0.4304712589645701
0.29098858621247436
0.19453062820833156
0.12861162481122332
0.08409160071122072
0.06295880915254136
0.04041064038946839
0.025651631860335946
0.016103276609246098
0.00999754678154153
0.006138362350202129
0.0037272749193837337
0.002238257787549603
0.0013292555845156985
0.0007807042316117582
0.00045346540446914715
0.00026048415250065984
0.00014797825634801467
8.313691148322722e-05
4.6192256328773224e-05
0.6774259092449908
0.9303976902587769
1.263667073628885
1.6972677099394746
2.2543442756025915
2.9610230121783165
3.846048461559662
4.940137779379415
6.275013660462278
7.88209347249467
9.790835899808108
11.243758287270397
13.709085873094363
16.529388041855388
19.70862543630264
23.238451128830967
27.096257019608164
31.24371804202079
35.62602748878899
40.171992181975455
44.79511154549614
49.395701475826556
53.86404623590827
58.08447565995776
61.94017874386426
65.31848714063686
68.11630202953029
70.24530291881959
71.63657254779032
72.24430044866192
72.04828762559393
71.0550613407795
69.29751418983614
66.83309530357059
63.740692417819666
60.11644082539027
56.0687696132448
53.191936819014494
48.69589732311484
44.08493694889582
39.4674763141584
34.941357370463685
30.590844692730954
26.48466282252913
22.675073812345122
19.19792331924709
16.0735230713478
13.308195901813773
10.896288025062985
8.822450816806104
7.064008275773155
5.593252621086919
4.379544588866987
3.3911324436951173
2.596640541336111
1.966211342415913
1.4723119692923332
1.0902366324801533
0.798349357637847
0.5781179739199093
0.4139913297943229
0.29316849778690846
0.23147687290935914
0.16089867436490798
0.11059833967418692
0.6388024380448306
0.828495505809346
1.095476370739238
4.972199261345639
6.755386271017114
9.088645144354786
165.0833855654052
225.38006344612708
389.5045063116896
522.7491078064022
693.9017007760913
911.013189284531
1182.9651562783502
1519.2823802255728
1929.8480064855896
2424.513720946471
3012.604168488429
3702.3237774239965
4500.084664643487
5409.785666170737
6432.083733535989
7563.708699973888
8796.879380393806
9669.339732719822
11040.965037665454
12468.844944188324
13926.87883800318
15384.705862555202
16808.613916054634
18162.742202283105
19410.525184052036
20516.301366866563
21446.990632576413
22173.73126184605
22673.36413392217
22929.65779898297
22934.184063208133
22686.778206048806
22195.548778217617
21476.436177641513
20552.353532727935
19451.97449104476
18208.25735704133
16856.811415070028
15434.217956671098
13976.415330087639
12517.245123382074
11087.2371478578
9712.686598861535
8837.934967840349
7600.96845556541
6465.291603153443
5438.864302845362
4525.1096992024295
3723.4939339790767
3030.2098824185996
2438.9065709408987
1941.412789602901
1528.4131101713403
1190.0457146076246
916.40285918769
697.9253999171998
525.691830077785
391.6092867246458
288.5188171363122
210.22994820523496
151.50053781735738
107.97738013661319
76.11150053032415
53.05991291213603
36.58317486015048
24.94564408529074
16.823113429805954
11.220603018424196
7.4015732370128875
8.638629824337228
7.830060729807203
8.059520463572824
117.57171838935399
178.89567313647103
306.50007551832465
413.86864821407664
553.0301221166611
731.0676759853909
955.9362114622634
1236.3328447082392
1581.4829254427798
2000.8309151580365
2503.6308119128266
3098.4381787846146
3792.5149880309127
4591.168919629118
5497.059644839065
6509.514916952809
7623.907736151341
8831.151150211997
10117.36819677175
11463.790164849233
12846.926284673918
14239.032269448746
15156.780050713409
16493.20556906401
17750.607848859563
18894.324039110743
19891.12773978968
20710.821357844427
21327.751178776303
21722.139434941782
21881.13697850254
21799.518420398235
21479.96727885701
20932.929433902507
20176.046053267717
19233.208934063616
18133.30881707802
16908.768092579252
15593.96163030552
14223.632407036985
12831.402376642867
11448.464785865934
10102.523800788053
8817.023276521963
7610.681351545724
6497.323718760798
5485.987962285374
4581.255715787212
4037.7815787886047
3310.4571303341554
2684.3696632506258
2152.810609892838
1707.5695930258382
1339.553346692859
1039.3230305398163
797.5353470859702
605.282461789835
454.3336487614539
337.2875193085116
247.64757655278012
179.83582618749088
129.1595543058166
91.7455300691487
64.45419631659233
44.78424250848758
30.77562324256153
20.916831447023988
14.06022181379882
9.347500412586456
6.146185455259471
3.99689249494467
2.5706662523350827
1.6352159784161127
1.0287515691194387
0.7507072826333147
0.46367684623114525
0.2832471083005736
0.17112780782246637
0.1022540318333227
0.060428910335128275
0.03531939538619761
0.020416704012656783
0.011672437863534836
0.006599951702241759
0.0036908200222457808
0.00204130344973392
0.0011165920254015294
0.0006040645883942527
0.00032320180724605327
0.0001710272725819196
8.950715981017343e-05
4.632875450439676e-05
2.3716114198769488e-05
1.2007044290537176e-05
6.012124561515356e-06
2.9772733146052866e-06
1.4581691712681568e-06
7.063097169086804e-07
3.383608410735851e-07
2.0588997003670792e-07
9.683118462043718e-08
4.503931887104404e-08
2.0718793670478388e-08
9.426115635162068e-09
4.241273387171289e-09
1.8873590813210927e-09
8.306290579453948e-10
3.615376849659266e-10
1.556300445001886e-10
6.625616157581717e-11
2.7896621382822848e-11
1.1616331333181683e-11
4.783854480802983e-12
1.9483997049821774e-12
7.84817741642493e-13
3.126437618999916e-13
1.2317440051172714e-13
4.799327819510966e-14
1.84939286256367e-14
7.04800618630597e-15
2.656386400968991e-15
9.901560080011046e-16
3.6500847489923447e-16
1.3307263237842707e-16
4.7980035366716104e-17
2.4156487077091723e-17
8.550298291160096e-18
2.993047140932936e-18
1.0361681308766184e-18
3.5475698450073435e-19
1.201200990387133e-19
4.022400339348452e-20
1.3321210953029771e-20
4.363196593867621e-21
1.413562249515844e-21
4.531345250372506e-22
1.438938925172795e-22
4.5434831182336126e-23
1.4436293163263348e-23
4.783918216612457e-24
1.8076557817092394e-24
26.82189890598448
36.828818013051574
50.007750873519704
67.14878299870664
89.16414543619086
117.08294540384223
152.0366560378202
195.23346433759926
247.91996077759256
311.3293108866275
360.1349652145664
443.9076280622015
541.0921199417471
652.230483290792
777.4675257663268
916.462513115775
1068.3128069902111
1231.4972496639148
1403.8468756389866
1582.5495448280644
1764.1933185153262
1944.8509018055909
2120.2044138381984
2285.706366812992
2436.7693520939597
2568.9738976946473
2678.281623210487
2761.239474090402
2815.1606754426202
2838.2691924645296
2829.796865962789
2790.025812897092
2720.2728274563024
2622.816985711859
2500.776005576921
2357.9407171134217
2253.2594885039707
2085.3939064002816
1908.6059519973396
1727.4111938041567
1546.0604383546806
1368.3855740541453
1197.6827344333228
1036.6362051290098
887.2831593170116
751.0163408282209
628.6194533025506
520.3283974750469
425.91067240398695
344.7551788608873
275.96522364503625
218.4485654996747
170.99968854443932
132.3709615621889
101.33078566747463
76.70812694889477
57.423892597964354
42.51039703264281
31.12067266840253
22.529630658805036
16.129111741992244
12.82786273823163
9.014247667015148
6.264060594659101
4.304608869586217
2.9252482236236803
1.9658167644957079
1.3063953520413394
0.8585340036439406
0.5579453430221901
0.35857259590245744
0.22788399040159193
0.14321938945892257
0.089010471675896
0.054705585289151704
0.03324861180392894
0.019983274214101
0.011877117705102882
0.006980825066079161
0.004057455185216719
0.0023321258907321235
0.001325566534134435
0.0007450790530392943
0.00041414694181110805
0.00022764485831862366
0.000123740684615965
6.651482693620889e-05
4.370140172308072e-05
2.305791965382958e-05
1.2030845729708211e-05
6.207596453508672e-06
3.167393905915966e-06
1.5982030653365264e-06
7.974677405473527e-07
3.9350075542271196e-07
1.9201241020191295e-07
9.265402913794056e-08
4.4213062934572446e-08
115.55284159166122
159.48042980847163
217.66341923989137
295.04867826217236
4535.029056464511
6918.491476979197
9412.010245936217
15407.223937216992
20622.226050866102
27302.932863416467
35755.644073715324
46317.004415712676
59346.61476486027
75215.99619872359
94293.65139493294
108967.20126381253
134141.47585773477
163337.73532664694
196727.72480636946
234368.734975729
276177.55308656767
321907.61461611936
371131.583314668
423231.55007604725
477398.79210049065
532644.5632507777
587822.7083746861
641664.0487836346
692821.5379138554
739924.2202443004
781637.1393284482
816723.6298616088
844105.9806791331
862920.3346130033
872561.9294231323
872717.3759436507
863381.5704891477
844857.9686193254
817742.2001215259
782891.5523572502
755881.2232268407
710599.235558774
660766.2718245633
607747.2788241453
552904.7336702578
497542.1405460592
442855.37859861023
389894.2058477135
339535.275957572
292467.0600930141
249186.17492938307
210003.87300628476
175060.90243224267
144348.61293447486
117734.07280033435
94987.04342689068
75806.89641615337
59847.904910675345
46741.74631922381
36116.47131443896
27611.585290199153
20889.22494177892
15641.677055217919
11595.672345147388
8513.996587137366
6195.003321224376
4988.417375716935
3582.2455020576826
2559.644624254899
1820.92894285703
1294.2845574757819
922.8038981211001
663.4248236122476
484.07998388280134
361.27092049927506
278.0571177713641
222.4277001524897
186.01079263615014
163.07041574355142
149.7409929579425
143.45321267342277
142.51058346121556
145.78240558313087
152.48525675541302
162.0309527979114
173.92401951275178
187.69589336765674
202.86636107868645
218.92522847798847
235.3289927425582
251.50851189179457
266.88445660146465
276.4065492874929
289.1942919386535
299.7471739497641
307.63714169488406
312.52812169942047
314.19165346627204
312.5169925307297
307.5149271486663
299.3150393079326
288.15664168639034
274.37409500292614
258.37761330635817
240.6309626250183
221.62762649054366
201.86703959328696
181.83238268411512
161.97120622617092
142.67983673483053
124.29215470535156
107.07295523305835
96.72964680210903
84.40776051776596
74.27801250993146
66.50322492243839
231.73272367728953
295.6100775759157
381.8947999706009
498.18646084209234
778.1310025394661
1022.2004707696227
1333.7882566461824
1725.7440182892608
2211.9232392239005
2806.7964297545113
3524.906242316925
4380.169849358615
5385.036239383311
6549.5227694802115
7880.171408779988
9378.98123675845
11042.38820345603
12860.374001895174
14815.791245232396
16883.990342715006
19032.82341305462
21223.081906654406
23409.39791037217
25541.6059704119
27566.525235791047
29430.084104781123
31079.675101390938
32036.2491397741
33224.022395021864
34083.01634878347
34585.898897798514
34716.452057944225
34470.44028740653
33855.83837043376
32892.40177453581
31610.611790486186
30050.07404537146
28264.30916922447
26293.668925148762
24197.06186386351
22028.432568967663
20039.51268653705
17985.86404207601
16005.014804670915
14250.256827519977
12653.841193890836
11246.990367985078
10084.46058872905
9187.5616768156
8572.718082530106
8251.93679346226
8233.173300524537
8520.521393523983
8882.41435210344
9678.35665959293
10771.472563347681
12149.731358366384
13795.3703174179
15684.20802955226
17785.07414614565
20059.47446955283
22461.60141313781
24938.778652343437
27432.396493836546
29879.35352000021
32213.97388775212
34370.32254219782
36284.797226336996
37898.84113522115
39178.36043425113
40055.22218103541
40513.30281057955
40543.4773655047
40607.955837643654
40035.9298183543
39081.219056165464
38056.23159752375
36792.37218824566
35373.04963537807
34422.42427632044
33063.0337295161
31873.085829995613
30952.222148568897
30395.353939404577
30288.973787625077
30707.600469909237
31710.443828270152
33338.37949135955
35611.3326455125
38526.183390167156
42055.31948592793
46145.97042791783
50720.45442151021
55677.45238066762
60894.38752661229
66230.93494286394
71533.61478516147
76641.34087264762
81391.71069768947
85627.74274341148
89204.70217199334
91996.61544363924
93902.06517920487
94848.88237825326
94926.53987555404
94204.35839749753
92493.63833648278
89844.51028886452
86336.96609496108
82076.37794251494
77187.87635578454
71809.97938580012
66087.90270009618
60166.98048492899
54186.59194955815
48274.92315950461
42544.80705299676
37090.7855524363
31987.43679392016
27288.917001706024
23029.588029936574
19225.54329587712
15876.809286488413
12969.986988032942
10481.105195816735
8378.481789770278
6625.424826550551
5182.647532004547
4010.3151252356706
3069.682781107632
2553.2035403415907
1919.3123508445508
1427.2231555814926
1049.8402021933084
763.9037423052049
549.8410669458099
391.4873466088589
275.72692335456765
192.0968869143607
132.3853575830669
90.24783069605029
61.81157415954897
41.905584246271154
28.56723857428997
19.877554083380527
14.470702696997712
11.392984001641516
9.992872457564621
9.83670562130819
10.644923091190774
12.24434765316728
14.532694878627936
17.452215695557044
20.970059109824987
25.06355387914544
29.709130260894955
33.09728956324039
38.582877631221834
44.497305919658466
50.75917844393057
57.265205833916674
63.891022242407466
70.49374796098117
76.91618804834448
82.9924669705327
88.55479694793033
93.4409795998041
97.50216176255466
100.61031983888532
102.66494180061976
103.59841633046021
103.37972349892367
102.0161444534229
99.55285782949825
96.07045361656716
91.68055504989607
86.51988012190745
83.63283753291206
78.49068619686521
73.41237878999367
68.64842558549698
65.77219649457003
62.09352314562807
59.394909342846965
57.90961342491049
57.854044665830216
59.42264024450551
62.78240633181507
68.06695002585151
75.36994436574673
84.73812834726161
96.16412987088883
109.57958846913442
124.84921994107539
141.7665800053109
160.05232533538145
179.35572098148356
199.2599957330392
219.29190534076793
238.93554368882062
257.65007128566435
274.8906450726233
290.1314749647774
334.4090406511714
355.83134799509776
377.61221729765714
400.39101546828294
416.5555438655042
1359.8276870845643
1881.3214535568704
2426.1918889654507
3133.1505032416935
4671.639962465658
6055.0084309822905
7801.793132862594
9980.361959386953
12663.39463362438
15925.603233707889
19840.691576041274
24477.561893253875
29895.842554609386
36140.886100726035
43238.46710217657
51189.48686973705
59965.05797610162
69502.38641780723
79701.8840541792
90425.92143864246
101499.56701915857
112713.55269109257
123829.60573849553
134587.82805337338
144716.43881785564
150984.05999919306
159462.23190748657
166614.23581149924
172223.86592820872
176116.95735175294
178170.35207578112
178318.35804998278
176556.2286288815
172940.40527981965
167585.5062636553
160658.28540710369
152369.00510430988
142960.8458608078
132698.0953724076
121853.91413006716
110698.45995052642
99488.07589399537
88456.11614061764
77805.81841904498
67705.44773183104
58285.75275736079
49639.60987961673
41823.593256304666
34861.11112254764
28746.69221678186
23450.990782962614
20352.311511135318
16307.90061196624
12927.336237320327
10137.874889118986
7865.2424916072105
6036.779140719651
4583.818941610681
3443.3413646183462
2558.9699704997993
1881.4190284202248
1368.499878055201
984.7991700011528
701.1331030302771
493.86826810193554
344.1832760293421
237.3281273601128
161.92189465196688
109.31480866095855
73.0288641342195
48.281780823404475
31.592466639118523
26.022926594648673
20.712624101169432
18.58108508769885
18.925347744871754
20.31871640469848
169.5855690389862
253.38712455949064
342.4838595462885
458.74196827376045
701.7728062136803
926.8592956252194
1211.3718133944762
1566.5701638090245
2004.5272949208174
2537.776206654148
3178.8302412076555
3939.575236218986
4830.542640575028
5860.085162835952
7033.490016673866
8352.078182806537
9812.349892417245
11405.245180842227
13115.592320369144
14921.814909111552
16795.95950607817
18704.089731658943
20607.070237321044
22461.736247556044
24222.41361789321
25321.048968085728
26822.565583796648
28110.3030705189
29145.891427915427
29897.566959332227
30342.668645180285
30465.669945015914
30263.322748644736
29742.142505966396
28918.697111954112
27832.89246858828
26495.316628147448
24956.256357207298
23260.084447467125
21453.386062856654
19582.91812993077
18292.974884949926
16649.730232284346
15136.793568002364
13802.85279364343
13025.148302511157
12303.11777333634
11921.571336557503
11922.459373316935
12344.525317844453
13222.834450959137
14077.166845772983
15781.14152632321
18009.66064894503
20774.67441397271
24077.679377179706
27907.539349994786
32238.357731417647
37027.619168383004
42214.8348918747
47720.92108240286
53448.51101475756
59283.34956093967
65096.84543601391
70749.7674333685
76096.97315103842
80992.96136030913
85297.95200089307
88884.13031144011
91641.65191211583
93483.99937316166
94352.31027721657
94218.3606374994
93085.98067363343
90990.7940330688
87998.29589365228
85549.23205460818
81276.43027385206
76396.91136966956
71047.6140045142
65371.06765890125
59509.171196196585
53597.470580056455
47760.24314306347
42106.61300770451
36727.82881227389
31695.740208054085
27062.422270996376
22860.823947493576
19106.262640233952
15798.554287156578
12924.556668704481
10460.911042120653
8376.789897081195
6636.694490229671
5202.043362475376
4034.159770290851
3095.2295345835346
2349.6373180638125
1764.7835642618006
1323.2267641130682
980.5620415205115
801.0074581950258
591.3535653898468
443.36064852137434
338.36024205668207
269.14200671596546
228.08496205712845
209.44624191451405
208.9987281558843
226.42036951973316
255.14885650830024
295.69606473118864
347.0503464883035
408.4439966468096
479.1986191012985
558.5996343497759
645.7985383553844
739.7420760738394
839.1278522408213
942.3859558221787
1047.6858758745527
1152.9673503836711
1255.9928856773906
1354.4186250069672
1445.879170995121
1528.1111319908962
1598.9400664845696
1638.9023650189206
1686.785666223332
1719.1123671529285
1735.0732484552434
1734.3367540288275
1717.0582331260243
1683.8653247999723
1635.8209743812963
1574.3670595232243
1501.252783045418
1418.4527741894879
1328.0801869087602
1232.2999979806973
1133.2472357771032
1032.9540921792282
933.2888858273212
835.9087624547537
742.2269400993246
653.3943208066979
570.5126334345625
493.8484800437479
423.9434238817
360.96148615995844
304.8757970964485
255.5002467669376
226.16083068527576
187.22551539018863
153.96979406831187
125.89187232824374
102.46679838050704
83.16664562379717
67.4766184867616
54.907184628090825
45.00252255272795
37.34570924899538
31.561159532761366
27.314871132912003
24.313032266559098
22.29951768385733
21.052741847363492
20.382261497299858
20.125431991873082
20.14432999886039
20.323066313154698
20.565532826819037
20.79356175874238
20.9454263998719
20.974582394422864
20.848536791630615
20.5477370131666
20.064390411946523
19.641669442508665
18.86448037445385
17.930985955252805
16.864122157419775
15.691247861492538
14.442352496399314
13.148335013493938
11.839432297474922
10.543865380359579
9.28675539658517
12.027010047218496
12.37446395456262
13.275947020274057
14.855100156788081
17.24928807630744
20.609293281440575
145.15254067595058
215.09530673409094
289.67754198414855
386.6963552168322
511.2955343738149
757.7771624328802
988.3119621148794
1275.8516197386327
1630.1107518791937
2061.185820458964
2396.2472796700195
2977.5895577433826
3661.3614658053475
4455.094446361313
5364.156635665682
6391.033874103971
7534.6265127070155
8789.613909679501
10145.943278618453
11588.500035760006
13097.012162055222
14646.230945792915
16206.414958707226
17744.124024371627
19223.306663649477
20606.639980541855
21857.05747600057
22939.380262942315
23821.952863382525
24478.1780205718
24887.8468906634
25038.171861204828
24924.4484088293
24550.298286554425
23927.476607330605
23075.257257283294
22392.178119979817
21217.60904166526
19893.328371337433
18455.666369021805
16941.955349447435
15388.949748215744
13831.397302883952
12300.83464299184
10824.65856886366
9425.500248937451
8120.905808748561
6923.30538506301
5840.235280910628
4874.7654094004165
4026.0771703602877
3290.135102592856
2660.3984578949367
2128.5252750837594
1685.030434830088
1319.8693587853847
1022.9293850695775
784.4205025895208
595.1654002190872
446.79528747820626
331.8625222461411
270.57571042325446
197.43685149002636
142.53989108921118
101.81446092501696
71.95206722736924
50.30760937618294
34.79977350542653
23.81590830361027
16.125064959860772
10.801272673890661
7.15785704064101
4.6926829454853625
20.78622744105946
26.235757803507028
34.104608426032414
44.76482083592336
58.701209522443314
76.49491519397584
98.80426413817993
866.11727620789
1170.869331862494
1566.4311770129152
2073.7639435561146
3058.9834677456993
3991.847165424505
5155.697570109156
6079.492511850655
7717.674750425703
9696.099159858297
12055.66219898919
15266.681017082878
18726.032921854272
22671.448528531808
27177.844983105733
32260.757869433983
38213.03517746049
44543.91524169091
51437.009759157445
58844.90449201411
66702.95804112162
74927.36656969508
83417.25709798513
92056.48249978462
100717.31074011588
109263.68535450718
117555.39837233513
125452.35915954805
132818.81535249538
139531.98298018187
145469.30620536287
150532.1010085436
154636.94182747407
156808.1795155459
159182.57435079597
160467.10398379515
160648.35363661568
159732.64323160803
157744.00023330294
154723.8375021479
150729.8029844669
145834.4736630133
140123.8825756896
133695.84780342944
126658.06567768198
119126.73679744982
111221.22942340281
103067.01897591571
94784.33756945033
86494.05312200407
78309.60043612217
70335.40101751045
62692.13848569947
55418.57206353382
48593.028004154934
42268.3533340941
36478.63936885305
31260.693173965534
28084.870604402535
23784.06282827149
20024.62789275655
16782.15966047416
14024.954556618703
11716.102079827126
9815.44031076351
8281.287887015238
7071.892731367542
6146.567595923159
5466.510435963243
4995.331532878372
4699.327617313192
4547.555207552953
4511.760870623714
4566.2256201377595
4687.575122640386
4854.598029818944
5048.102974516315
5250.831966638677
5447.4354050975335
5624.502800470797
5770.634444389285
5876.533237707632
5935.092963595754
5941.459424950616
5915.336831961264
5830.059593852962
5690.550549390866
5499.818658247783
5262.598639144184
4985.049018740155
4674.39029975037
4338.542621463387
3985.7336591170506
3624.133768933617
3261.5238861805037
2905.014053856981
2560.8237714367965
2234.130289890811
1928.9858849875457
1648.3004773333205
1393.8821007925383
1166.5248944121734
966.1326182247674
791.8651560981
642.2959487769413
515.5695994721152
409.55076993007896
321.9576814196507
250.47581264392588
192.84954237564367
161.07211149835484
121.89627558438792
91.30886935607269
67.70792912923046
49.71030631916119
36.14474420557159
26.037353884933992
18.59226573376358
13.169788012860133
9.263916156016869
6.480555137139296
4.517378863424908
3.1458766768126116
2.1958376682531107
1.542299150582189
1.0948302351744177
0.7889249720355493
0.5792301178338686
0.4343183646559886
0.33272790648939765
0.2600143487616493
0.2065939447904455
0.16619267043787997
0.1347501462801253
0.10965872405593853
0.08924509300186001
0.0776821876171944
0.06283928235055151
0.05051273531698632
0.04029291594188607
0.03186231555528984
0.024959323185523793
0.01935849327796362
0.014860565415671307
0.011287885240165555
0.008482519476693947
0.006305465036605344
0.004636078320290252
0.003371310566993744
0.002424611664725609
0.00172451828392481
0.0012130154447387005
0.0008437839966385524
0.0005804410558835971
0.0003948604808233363
0.0002656352458909098
0.000176718758861107
0.0001162608357008502
7.563752303432834e-05
0.685845704556697
0.9456926374758873
1.1643333451511386
1.5759112223306149
2.1093075442858074
2.7919040076935375
3.6543729252768737
4.730170236369994
6.05469221617037
7.664056624212664
9.59349037576696
11.875335187004193
14.536719024175625
17.596982416815827
21.064991446118327
24.936509147246248
29.191829144815866
33.79389438757323
38.68712516511147
43.79716068916123
49.031675811331574
54.28236976926289
59.428140764891076
64.33936491039613
68.88309909149457
72.92893448846114
76.35515109446364
79.11398393323671
80.48041257814111
81.81537846855235
82.25792998761425
81.7965042544361
80.45024619845177
78.26805500646387
75.3259974100361
71.72327793330837
67.57706086397282
63.016515317881684
58.17649702412905
53.19128596234908
48.188769338411525
43.285399759453604
38.58217674772055
34.161805378125614
30.08708864840379
26.40051920437189
23.124958537178014
20.265232725819587
17.81043566566688
15.736713543571295
14.010306126536314
15.980233038832035
16.094486595779763
16.831342765397167
17.6961844089262
19.608318028130373
22.33997685333955
26.001072372702268
30.719189945757297
150.1025337934489
217.09607047044784
288.80360839718077
381.4494422100966
499.7293960260021
696.5352920498276
920.5392833979478
1180.8171084330797
1500.2081885250602
1887.7315428488291
2351.6228393879483
2900.3539563340973
3541.2581630983937
4280.1800175840335
5120.877550572728
6064.414400712252
7108.581252815628
8247.391565890903
9470.699237099308
10763.984705682878
11655.894238458117
13021.75218711283
14398.223402966629
15756.96128409859
17066.37708611894
18301.552499341204
19419.246463020172
20394.15205776385
21198.898860734535
21810.33833523649
22210.678880269974
22388.37752654947
22338.725941034765
22309.67327283234
21947.817671404642
21392.63981173734
20700.063718260564
19905.740295264986
19149.52293525036
18354.984071558534
17573.188985313984
16884.239681870997
16333.459308908583
15966.340453648863
15822.84799433803
15936.836012245563
16169.226348942313
16766.58948345366
17671.655478650435
18885.17169622275
20396.88345700525
22185.238482887467
24217.466104647618
26450.076613089084
28829.81390888505
31295.075085350654
33777.78436735848
36205.67763661317
38504.92028380581
40602.94873028291
42431.39835040573
43928.96123339323
45044.0091448951
45736.82202582256
45981.28089497379
45765.91512629328
45094.235364515174
43984.33127278207
42467.76355195686
40587.827637912764
38397.30782341843
35955.87165316237
34220.25031774988
31503.049429468836
28706.426189519214
25891.73355286177
23115.156787094253
20426.050255216684
17865.767609456005
15467.007202934064
13253.648950536004
11241.029604726808
9437.310839732976
7841.745677400892
6449.430252336791
5250.235547547016
4230.536865489334
3374.6907209141577
2664.870251597287
2083.612870206587
1613.526204032157
1238.085701109298
942.0310078603998
711.6146864645965
534.724129030858
400.9004734481833
301.2789201297389
228.4736104701868
191.7939273877312
150.80345191814519
122.9744756517299
104.9707337041526
94.1795700725641
88.57234059097797
86.58390097857989
87.01182606778515
88.93460389468798
91.6471061812413
94.61108115275765
97.41816676316135
99.76290674648408
101.42340138536252
102.24748304304283
102.14262779340248
101.06816328298049
99.02868208181091
96.06789892261514
92.26248466288082
87.71565942333656
82.5505260484921
76.93791894387907
70.96409843326359
64.7974204934206
60.647619542983655
54.46084693876982
48.42354535621848
42.637481273911426
37.18602059224719
32.13320434064165
27.523836878339715
23.38444094081063
19.72489862341854
16.54058038674913
13.814764489149942
11.521164412701436
9.626408289294027
8.092347951994757
6.878111891165466
5.9418523288896345
5.242168787306729
4.739216762319855
4.3955292364273655
4.176590510256309
4.051206732269267
3.9917166921643936
3.9740814257931314
3.97788361890704
3.986259298296047
3.9857762413898157
3.9753833819967994
3.9390601435554506
3.8734334476639423
3.775909260806745
7.2826645162861565
8.481164029281842
10.079741080001567
12.191912573353715
14.94625018591866
18.487499468235285
22.974253526982157
28.575161739695677
35.46348072372557
203.8433105053756
272.73543243154603
361.7563399618474
475.4777860968537
619.0801415370833
849.650977744282
1111.2592333344867
1413.953713673616
1781.6595606713836
2223.0520493202694
2746.5113325751636
3359.664773390744
4068.8601837044516
4597.326503962424
5475.387377417277
6455.728552489477
7535.03274871215
8706.12595731585
9957.649438680592
11273.909531854842
12634.9424312344
14017.075549938956
15392.560618364896
16731.6510448712
18002.84023815351
19174.24436647128
20214.915928836
21096.196692916583
21793.02773859474
22285.133054927028
22567.68784634696
22618.32103711467
22440.780662558616
22042.133303807073
21435.09641200478
20638.42209028393
19681.947041563715
18583.85420529795
17790.60284271539
16532.667152804668
15221.790989602703
13889.495726026122
12565.358841223944
11276.040519732667
10044.52953321783
8889.627871613975
7825.6767044322605
6862.511212228294
6005.619606358697
5256.4728320140985
4612.986208019907
4070.072425188527
3620.246452616572
3254.2463545736114
2961.6390827499613
2731.3862710736207
2552.351295414135
2413.7348694591974
2305.431882827611
2218.306848777936
2144.3891456515544
2076.992233511724
2010.7632899361604
1941.6713463901747
1892.601196286861
1813.1486320489805
1725.928207545914
1630.9166695941933
1530.2295003882289
1423.1031945664115
1311.8599271188625
1198.6072210677917
1085.3693495471387
974.494967714779
867.2357927216981
765.4877501762579
670.6138445808753
632.8162664634485
580.1507397939256
538.1438771431698
513.7277288703104
508.77038462047443
525.1884795642385
587.0805702084372
671.7086283411278
779.3543456990845
920.9977180323965
1099.5277929360998
1317.671056725196
1577.8104382056688
1775.499833827787
2109.3117627757956
2488.1143280967317
2975.1082694318143
3473.2425152000133
4011.416540972896
4592.883681037856
5212.8761826386335
5865.262752649117
6570.986686263076
7287.19548563084
8006.778556893743
8729.511485720072
9446.776569263471
10155.96914965982
10840.196823740449
11496.887435241742
12120.41912946872
12706.263600145108
13250.942624576453
13751.889378974569
14207.230433241057
14615.513326040542
15040.337540685374
15570.440891411237
15814.503080143553
16161.240536065923
16488.69784935084
16801.760095539532
17131.08281184636
17537.30771955857
17890.61743790171
18270.424518138116
18688.563229647225
19157.84409062434
19691.65410650245
20303.35237133234
21005.467269919456
21808.72562569304
22720.96829405427
23746.028190459165
24882.66291609558
26123.64271921905
27455.093877364023
28856.18695687584
30299.23907792257
31750.27061945036
33170.02204459984
34515.398785533784
35741.27493497436
36802.55348259627
37397.296884790034
38091.04284874879
38516.61385924171
38647.17769382432
38464.94302550385
37962.131900968874
37141.41239960857
36015.76884401299
34607.827835104334
32948.69660885292
31076.402496039736
29034.046069550153
26867.79428528863
24624.84301163679
22351.471279745594
20091.51994288073
17884.10768147074
15763.632109461669
13758.317219369084
11889.988421944627
10174.033171024326
8619.667023219648
7230.448986317605
6004.982037815674
4937.732491567684
4019.9047625313074
3485.581709584649
2791.1340675600063
2213.1831735342817
1737.975965355177
1351.9321769942999
1042.0785538407513
796.3637398688294
603.8634117402703
454.88978462731956
341.0221724611731
255.07610471765958
191.02792461038678
143.91019866134923
109.69102800424592
85.14780196239391
67.74334978321176
55.510033302077346
46.945218605853
40.919842078531886
36.658090151508055
33.46314359244726
30.95267044129452
28.837572690645985
26.929613647631946
25.11467994003976
23.331942624093106
22.148514493682818
20.66377183731696
19.193029133524817
17.688775507438425
16.315327594674823
15.114373640525352
14.126733988917938
13.390193185350327
12.937989490614795
12.797768417210005
12.990839617537546
13.531608511406384
21.173642034580148
25.853583381562512
31.04661377139999
37.63220896957512
45.823115100040724
55.85159825220989
70.59936202481764
87.1048457100655
105.83827879409128
127.91486890428207
153.66186012757325
183.37357639237604
217.28979142460773
242.32013449309488
283.55273912249817
329.1792073670626
379.03304538206936
432.7856445306288
490.08539757754545
549.9945422155946
611.7579131607167
674.3412025999138
736.564071662647
797.133157655782
854.6845073135898
907.8336599025217
955.2308819350502
995.6184859720813
1027.8868140724214
1051.1432782231475
1064.6902830981028
1068.1470090342236
1061.4127365434524
1044.6843022749376
1018.4459779229566
983.4454972574595
940.6579224516128
891.2398158308813
836.9491825533831
798.2544236327923
737.9117471871645
675.8753961757153
613.5139729026848
552.0304746390468
492.48884526623004
436.0095000645687
383.05201786199365
334.18135286546465
289.8411057020336
250.24790440808036
215.47137838259312
185.45362613778022
160.03038613718542
138.95245280774498
121.90615679007908
108.53204962154024
98.44126252398365
91.2293154741092
86.48741182789368
83.81144930232115
82.80910264560632
83.10538763736113
84.34710793993347
86.20652880742026
88.38453098608716
89.87994495880776
92.01060018300227
93.82216051664001
95.1415096516715
95.8337046174007
95.80237198792317
94.98920900269736
93.37249419755514
90.96457533254174
87.80837561295239
83.9730330993216
79.5488541880771
74.6418131179916
69.36786082380124
63.8473158176144
58.199597311633866
52.538528881944146
46.96839370739632
41.580865001607954
36.45287334849911
31.645411752463524
27.203224143669974
23.15527759521624
19.515885082892677
16.28632536963871
14.356523340038303
11.797848938038541
9.595174723188736
7.730190350026748
6.171078212388991
4.884470832259575
3.8369362830534364
2.996163771843864
2.3318476981085876
1.8162864253192705
1.424725217751627
1.135481371239701
0.9298939251309127
0.7921411440036232
0.7089669828906475
0.6693537970902006
0.6641733628134597
0.6858424588262052
0.7280033036101153
0.7852433894933695
0.852863924834431
0.9267013143636784
1.0030019413562756
1.0783469961773657
1.1496212458747108
1.2140174817548428
1.2518927866510048
2.393180755994953
2.8433315664443297
3.414011447162762
4.138939601752065
6.472124520313957
8.20520455232355
10.381678973330619
13.129881783841508
16.562516761996513
20.800546952284268
25.969679741875392
79.10941282370759
110.37462999595509
144.29105651641808
187.12533069077375
300.87965798989626
397.7429960546996
511.16389210079257
679.3636454146344
860.9711855755822
1081.5626852120724
1346.5786598349764
1697.2670201865278
2080.253277902029
2526.7310433076063
2861.9241749057956
3423.6597991503563
4058.0772834851427
4765.6733851778035
5544.761928627927
6391.161740866518
7297.961663182292
8255.389601729863
9250.80912475077
10268.861220218667
11291.760716401352
12299.747015943272
13271.67790966052
14185.744203096052
15020.27268437803
15754.57655697192
16369.872991533111
16849.846205282298
17181.684814265285
17356.445905777193
17369.49676733312
17220.711561075663
16914.45941047135
16459.386312213937
15868.00636780724
15156.12947836869
14623.608122107038
13752.734887552728
12814.071050065131
11829.032351515043
10818.69249822338
9803.07105790606
8800.526335832503
7827.275161096879
6897.051951827447
6020.909990781375
5207.159212142715
4461.427517871075
3786.827078261782
3184.221774398431
2652.468578647869
2188.852151675196
1789.3837810247448
1449.1632802308243
1162.704853635105
924.2281792053917
727.9068352005712
568.0700470976371
439.3571241135892
336.82673613955905
256.02527391891954
212.26540731908753
159.19903666464882
118.53245272234585
87.68417492604937
64.67164726973634
47.499306437838285
34.88230469037687
25.716316920313616
19.14055954733006
14.493488444003125
11.273672821900913
9.10616432328412
7.714270699136678
6.896362416588603
6.507170868057815
6.44295763402237
6.629923793184047
7.015266056982205
7.560354414279775
8.235588945101291
9.016579694657853
9.881374341188986
10.808528069487528
11.775865311770673
12.7598226906379
15.056605786699379
16.000702283360237
17.492414364712953
19.083338984782834
20.78925748067523
22.633579033669083
24.647905107199602
26.8720090201386
29.35306190834637
32.143978015723874
35.30081391651477
81.05190115800565
106.70242639482866
134.36323598665314
169.61588897138438
214.1287352827709
269.77138051340853
338.5889692808906
440.0338920464878
555.2236946904159
688.0354147277696
846.2171917467828
1032.4156061068602
1248.9731040256258
1497.7551350745582
1779.9651773899634
2095.957438797291
2325.1017976265553
2695.324929096032
3094.851920068436
3519.6254070255227
3964.2152064615993
4421.8631969034495
4884.60378953531
5343.713622090815
5789.554597394052
6211.395124010174
6599.453022144386
6943.974735938214
7235.997877871795
7467.741530274907
7632.952317258734
7727.1847232418995
7749.273409670416
7696.813699138475
7580.935767303519
7392.950506402146
7142.9181750685875
6839.149413012762
6490.411315956967
6106.373184832566
5697.213190315127
5415.573080585913
4992.573355719374
4567.848884326676
4205.915654426724
3837.38936646945
3496.2275618617946
3194.680860326299
2938.3383393739136
2732.0062906585845
2579.191347721515
2502.3501473031542
2478.0360382691515
2508.4441189010163
2599.274852875478
2749.605210331003
2957.6323984840424
3220.6569816743427
3535.0506896887423
3896.2167126477607
4298.5529521383405
4735.430411003741
5199.199433247514
5681.235716183814
6172.035887719224
6661.369078489661
7139.270341619195
7445.314493381874
7877.986890909025
8269.510727496074
8609.842275095589
8889.948874198526
9102.153590760958
9240.44066996682
9300.701965498756
9281.074099547057
9181.417668485297
9004.140274686924
8783.336783099901
8480.577605614708
8119.345222066273
7712.473428432235
7270.922856364232
6806.274032878651
6330.318126795169
5865.73544240448
5409.91352601601
4974.102426452646
4570.8158431584125
4208.039411689541
3892.2045177312775
3628.060915560825
3418.6038323198136
3310.0222208156015
3193.584797477213
3131.225314971412
3119.719000781642
3154.3708686771215
3229.220018818346
3337.25678356872
3470.6684859883785
3621.1077478359352
3779.975943560629
3938.713029550296
4089.0837895789555
4223.449740901759
4335.015727806113
4418.040722094873
4468.003607118355
4481.748396389596
4457.426042879288
4394.650769690617
4294.343602190694
4158.644103311869
3990.754542437367
3794.74895326194
3575.3582787237674
3337.7435240861937
3171.8564053711116
2915.790210867735
2655.6773075669503
2396.425498322126
2142.472534944012
1897.6758410936193
1665.2393420888775
1447.676679842279
1246.8081952549019
1063.7875425264904
899.1527149380742
752.8956276840289
624.5442046407287
513.2511086594025
417.88377356809207
337.1111608842531
269.4835890348793
213.50298206237053
167.68187981952457
130.5904760977395
100.89175417057317
77.36543739441741
58.921949667151836
44.60788641867956
33.60464424074316
25.221868777239308
20.802066988792934
15.567749977931962
11.656049893294576
8.746521267056607
6.58860328555134
4.989270770578641
3.8019396138969213
2.986683509249591
2.3482956496839504
1.8795487445265346
1.5393929307103018
1.2991446288153374
1.139155380050473
1.0462720434080732
1.0119241635589709
1.0306926609173108
1.0992362804775997
1.2154759342929595
1.3779603565318421
4.107077081180863
5.617369261080168
7.249858171484016
9.318621920005596
11.90948459074364
15.11802878057413
19.047940805175127
22.122414104720484
28.529517276662947
35.70447287154643
43.86019311113888
53.41484362040333
64.47908846032286
77.13899341508295
91.44691670731126
107.41239267597953
124.99361749198458
144.09021270296574
164.53795985435906
186.1061577386648
208.49814828938702
231.3553896003336
254.2652339916478
276.7723112818266
298.563133602892
318.86712825766546
337.324526669263
353.48177595743783
366.93297211481365
377.3374236384785
384.43451126096534
388.0549388038434
388.12770642481905
386.2158191500287
380.4903400852973
371.5110877212867
359.5520801378158
351.94895672975485
338.61474888073167
323.7402875870206
308.6107120399372
293.9595175525826
280.5119442608644
268.9896860672333
260.09132330242664
258.3922759380863
258.1312192888549
262.6845685688966
272.5919959472407
288.25984885482285
309.9648138015844
337.8339576147438
373.2978386666248
413.921368337728
460.07080086270645
511.3134236047822
566.886788807957
625.8486667864936
666.5001858723974
728.5973575406085
791.4249392828523
852.9079741930593
911.7074407755991
966.6258457980439
1016.3827850363448
1059.8215090856027
1095.9512251688468
1124.3468897606165
1143.8521728312696
1154.4165266242942
1155.973781611104
1148.697257371484
1132.9823559930308
1109.420483144857
1078.7662381087903
1041.90008134024
999.7887705360943
953.4457672585659
903.8935842577645
852.1297066617445
814.3758937136134
768.5514104738328
723.5812796450825
682.0404064213895
656.7920174350311
623.3660985098954
596.167366079933
576.1433378014148
569.8353062392863
571.0244501842035
581.0264309353744
602.1832000653715
635.1110302515507
680.2435126051666
737.8919470568394
807.81700512925
889.7124168831648
982.842025746479
1086.0894797985688
1197.9465341576313
1316.5193165383391
1439.5548443486216
1564.4887407288034
1688.5247741686815
1808.680835759224
1921.946199858296
2028.3776368039141
2120.2877135322233
2197.9494935256116
2258.4420315618213
2288.666635512461
2318.041975166584
2327.771865801507
2318.819337985395
2290.19646280318
2245.260699851632
2183.8434231984097
2108.191365117966
2021.1996782941114
1925.5532516323688
1824.0528941507855
1719.4888949715103
1614.5346518706817
1511.6480749261684
1412.9876608643863
1346.9697094829687
1271.8305303325762
1213.062886037046
1164.2404269446588
1129.977201134502
1111.2099199696256
1108.6791380678576
1122.9660682530416
1154.522217734872
1221.9034168071532
1268.8863824998616
1355.992281653221
1463.4801612417864
1591.7012031061072
1740.7984026710196
1910.615164763999
2100.593937136818
2309.673729541629
2536.1966337212393
2777.833878930833
3031.541408782876
3293.5534208974736
3559.4198478316353
3824.0905566790007
4082.0453764798294
4327.465262317133
4554.43633633568
4757.175559921915
4930.264685291178
5068.878117386373
5168.9904839242445
5227.551035411691
5242.614333719238
5213.419796394102
5140.416238326296
5025.231259548086
4926.310799056112
4747.361514690285
4535.567310202128
4295.856600042339
4033.635537423171
3754.578667710306
3464.4227038075855
3168.773000289487
2872.930735721796
2581.7469556362453
2299.5076350999066
2029.8519249906167
1775.9549872639316
1539.6735663730242
1322.7142122806845
1125.958031211011
949.6859478959643
796.0053435292791
660.4127291750024
543.6179821880945
444.3897823891045
361.32950524319085
292.94859563613244
237.73540105069657
194.209767395003
160.9645882122885
143.86303932945378
124.90856924831186
113.01776691823065
107.20603834402768
106.60088704609439
206.72483705052943
262.3310117762898
324.5722601054296
404.7988627303396
505.9960013822384
631.6138651813695
785.5026085973672
971.8092257172622
1194.8305519061098
1518.6008647937479
1849.5630141306492
2235.7326679925372
2681.2836785976406
3190.1966578076176
3763.0124618991813
4400.45471900662
5100.650558914868
5859.4332763236935
6670.155111358526
7523.606508202249
8408.061287928436
9008.066100573911
9911.94034598119
10805.083418732042
11669.156851735877
12485.282369407672
13234.746823696469
13930.473286934055
14510.21691712788
14976.604803426302
15322.38786348748
15540.958311968767
15629.438437605566
15588.78913350491
15423.73863381049
15142.53761749688
14770.930784813683
14304.952958043821
13762.560013859093
13164.93815197159
12530.577491098127
11877.618863293204
11223.36130899362
10583.629939537252
9972.236320724243
9400.55251115411
9046.567194163337
8559.091319427464
8127.985566541636
7754.203590579191
7436.053690039099
7169.467347126557
6948.45017737646
6765.510586849091
6612.166345722014
6479.451943226946
6358.4071271936555
6240.522063200038
6118.118800382033
5984.6540698722265
5862.6499830191
5706.8321822972475
5529.9522986473075
5334.702353806917
5122.768202062403
4897.147478245065
4661.9644557691245
4422.191217041827
4183.372504770713
3963.879721442504
3753.835867947293
3560.428021884199
3445.33787267443
3297.0810495796272
3181.6797245133034
3102.2149305376256
3060.5756213834616
3057.3580855430446
3091.8142172457083
3161.85188048638
3264.0889879587157
3393.9608495329326
3545.877908590062
3718.668947847959
3896.847818856468
4077.9082134986297
4253.178870755414
4416.586471116405
4561.510389727247
4682.490101646439
4774.92093314435
4835.317634362646
4861.40492575474
4856.124053206292
4813.168275598662
4736.819987626631
4629.509762771627
4494.524386340702
4391.088584672642
4218.988539546196
4030.649821798518
3830.7615705669514
3631.2693451718087
3425.4189069393055
3221.10270080126
3022.5871643459063
2832.899816589834
2654.4516894817675
2489.027219449808
2337.8029004218292
2201.3897179469186
2082.978767500281
1978.3813502982455
1887.3113894016603
1809.7673527077284
1744.7164050413742
1691.0018842629302
1647.4446026166747
1612.7037956205168
1585.5514218416206
1564.736873553186
1549.031831428873
1537.2343779352016
1530.9595092330085
1523.0816572337988
1516.0521067785828
1508.7915244602666
1500.2727232716927
1489.5361215836854
1475.7083929890591
1458.0228817527154
1435.8400157141086
1408.6658471176165
1376.1669773617964
1338.1804338576276
1294.7175088111003
1245.961076254671
1192.256412655971
1134.0960054333914
1072.0992051983412
1006.9878410615554
939.5590696342708
870.6567762862365
801.1428092936566
731.8692250777325
663.6525767794371
597.2511065615331
533.3455170914052
472.52380768706536
433.93300397353187
379.27362512920314
328.8561519929734
282.6891423950606
240.93867766641128
203.5934201659407
170.55543914665768
141.65304907585508
116.65487744111765
95.284397990105
77.23421209715767
62.17944818750104
49.7897687318948
39.73961538089704
31.716473055275145
25.427080972969613
20.601651718629842
16.996269933548938
14.393724367460758
12.60307839334681
11.45830511997221
10.816306918801978
10.554610327345742
10.568981833596249
10.77115434349022
11.08679436567426
11.329123352703146
11.701223972316392
12.044648622871952
12.32387127678682
12.511838239393716
12.589396477426934
12.544768597783268
12.37300507865989
12.075361321839713
11.65856830360619
11.13398818962015
10.516667586575391
