a = [5.04628134] b = [5.04628134] c = [14.01497543] ,Gaussian ,LMH = [0.40060434] ,DW = [0.45182972]
0.0
0.0
0.0
0.0
0.0
0.0
0.0
0.0
0.0
0.0
0.0
0.0
0.0
0.0
0.0
0.0
0.0
0.0
0.0
0.0
0.0
0.0
0.0
0.0
0.0
0.0
0.0
0.0
0.0
0.0
0.0
0.0
0.0
0.0
0.0
0.0
0.0
0.0
0.0
0.0
0.0
0.0
0.0
0.0
0.0
0.0
0.0
0.0
0.0
0.0
0.0
0.0
0.0
0.0
0.0
0.0
0.0
0.0
0.0
0.0
0.0
0.0
0.0
0.0
0.0
0.0
0.0
0.0
0.0
0.0
0.0
0.0
0.0
0.0
0.0
0.0
0.0
0.0
0.0
0.0
0.0
0.0
0.0
0.0
0.0
0.0
0.0
0.0
0.0
0.0
0.0
0.0
0.0
0.0
0.0
0.0
0.0
0.0
0.0
0.0
0.0
0.0
0.0
0.0
0.0
0.0
0.0
0.0
0.0
0.0
0.0
0.0
0.0
0.0
0.0
0.0
0.0
0.0
0.0
0.0
0.0
0.0
0.0
0.0
0.0
0.0
0.0
0.0
0.0
0.0
0.0
0.0
0.0
0.0
0.0
0.0
0.0
0.0
0.0
0.0
0.0
0.0
0.0
0.0
0.0
0.0
0.0
0.0
0.0
0.0
0.0
0.0
0.0
0.0
0.0
0.0
0.0
0.0
0.0
0.0
0.0
0.0
0.0
0.0
0.0
0.0
0.0
0.0
0.0
0.0
0.0
0.0
0.0
0.0
0.0
0.0
0.0
0.0
0.0
0.0
0.0
0.0
0.0
0.0
0.0
0.0
7.014301028201177e-30
1.0659982688520188e-29
1.5890143688827304e-29
2.3232629960968655e-29
3.3317173613501836e-29
4.686376261474393e-29
6.465548634216355e-29
8.749290511495569e-29
1.0589709416813537e-28
1.3875550013807028e-28
1.7832638142275314e-28
2.247916694633121e-28
2.7793552086553955e-28
3.3705992643864556e-28
4.009307947848396e-28
4.677684584231197e-28
5.352931415184761e-28
6.008300560822104e-28
6.614710574582641e-28
7.1428128126387025e-28
7.56531328804493e-28
7.859298640538813e-28
8.008291844109486e-28
8.003781380260827e-28
7.846026476742605e-28
7.54403243532666e-28
7.1146993151955395e-28
6.581255928968714e-28
5.971180988100881e-28
5.3138698837220335e-28
4.638321232055783e-28
3.9710920636312714e-28
3.3347118608395624e-28
2.9364557213794367e-28
2.3876492300919118e-28
1.9042186707477663e-28
1.9312044267586682e-28
1.4471327340191137e-27
3.189050411074073e-27
4.706674261080671e-27
6.861355416570902e-27
9.84584904445966e-27
1.3883165646121576e-26
1.9219353496219933e-26
2.611059389519176e-26
3.480404366929234e-26
4.5512609152410863e-26
5.838483763067412e-26
7.347226113025767e-26
9.069764957456838e-26
1.0982850049462247e-25
1.3046047085362756e-25
1.5201514034767171e-25
1.7375537550066848e-25
1.9481967178440598e-25
2.1427438340283825e-25
2.3118005688580807e-25
2.446656170609452e-25
2.5400238278604458e-25
2.5765451070546706e-25
2.5904346720655236e-25
2.5547553980931884e-25
2.471539836707967e-25
2.345456242310584e-25
2.1833748772441137e-25
1.9937484362334755e-25
1.785884267063141e-25
1.5691952579148486e-25
1.3525122591686881e-25
1.1435253695213383e-25
9.483979160762391e-26
7.715701068706572e-26
6.157437783777113e-26
4.820191900739509e-26
3.7014177395495514e-26
2.788118135073648e-26
2.0601239638227764e-26
1.493187915895126e-26
1.0616327914005723e-26
7.404107937607489e-27
5.065350823032479e-27
3.399260913940321e-27
2.237677337232654e-27
1.4449347176380193e-27
9.152433764165691e-28
6.678562111465292e-28
4.096694502201914e-28
2.465024666183611e-28
1.4549425332240184e-28
8.423781413824728e-29
4.784150266645861e-29
2.665255225785074e-29
1.4564945222496604e-29
7.80754972041882e-30
4.105407779033498e-30
2.1175480261650005e-30
1.0713847178091863e-30
5.317317813145229e-31
2.5886573210189906e-31
1.2362066087887088e-31
5.79084429626545e-32
2.6608893731388864e-32
1.1993491398156294e-32
5.3027125560303084e-33
2.2997676606168705e-33
9.783697712180707e-34
4.082771190998711e-34
1.6712436669300567e-34
6.710532550906999e-35
2.6430564645497326e-35
1.4050459804730658e-35
5.3591164114400046e-36
2.0050603169966844e-36
7.358563552308742e-37
2.649047556908574e-37
9.354429898477251e-38
3.240227517752629e-38
1.1009410090885129e-38
3.6692956292219185e-39
1.1995855276002903e-39
3.846886193713359e-40
1.2100876039048498e-40
3.733820055432588e-41
1.1301050064521687e-41
3.355156636174632e-42
9.770912647959619e-43
2.791165143753141e-43
7.821026341593723e-44
2.1496587300385162e-44
5.795655787763574e-45
1.5327195085136615e-45
3.9760291673149244e-46
1.0117260988035364e-46
2.5252396500155677e-47
6.182558584555914e-48
1.4847714711834854e-48
5.675463886205645e-49
1.3198818238612644e-49
3.010882242163914e-50
6.737166341567607e-51
1.478717756976041e-51
3.1835931659939364e-52
6.723166052047369e-53
1.3926880562282296e-53
2.829810442739977e-54
5.640064377482913e-55
1.1026399979869095e-55
2.1144924145136973e-56
3.97741559706533e-57
7.338680994358842e-58
1.3281801604167226e-58
2.3578580492920888e-59
4.105818597569302e-60
7.012987141753095e-61
1.1749713035998399e-61
1.9309550301027864e-62
3.112701629247338e-63
4.921789239351588e-64
7.633583694018803e-65
1.1613245985918128e-65
1.7329986699323233e-66
2.536658721144766e-67
6.970251821499489e-68
9.87970003954296e-69
1.3735915721219012e-69
1.8727583732274725e-70
2.114791152322551e-71
0.0
0.0
0.0
0.0
0.0
0.0
0.014688543865073952
0.022212617943481484
0.03294731096724233
0.047933531732915424
0.06840031609693037
0.09573616232610718
0.1314295878262208
0.17697401478714245
0.2337357195871293
0.30278886191400833
0.38472812020738584
0.47947635077815176
0.5861107378540393
0.7027346863401974
0.8264228731684019
0.9109108133804197
1.0372549252519163
1.158495575908684
1.2691193899589517
1.3636716287620998
1.437197180668341
1.485669247959217
1.5063543195080964
1.4980674445789024
1.461284646033759
1.3980976375875562
1.3120168374379573
1.2076484852104339
1.0902871643008545
0.9654737790642
0.8385699460891204
0.7143932284455555
0.596945374074747
0.4892502752183382
0.39330257705155186
0.31011425604604165
0.23983684167712974
0.18193208113159137
0.1353636026101003
0.0987856238827884
0.07921751450327116
0.055977276481070905
0.03879730355116897
0.026374883313039582
0.0175864741052998
0.011501811155136191
0.007378242320390411
0.00464236006911348
0.0028649955743141444
0.0017342364689646983
0.0010296553960075971
0.0005996180680043796
0.00034249698091765783
0.07041876864431205
0.10667560004582154
2.797329068113926
4.248194285829933
8.099311427791502
11.91280577469235
17.18989592286411
24.334637880084905
33.79624186348196
46.04721101586902
61.55016596064085
80.71341443325205
103.8370784826303
121.52723149539473
151.43633266336826
185.12967959032602
222.02980014706222
261.2375074950322
301.5425864358135
341.4683674318782
379.35067123048134
413.44683089367237
442.0656823468653
463.70541430416296
477.1837893209962
481.7450671242447
477.13018286896516
463.60111427988284
441.9162493365414
413.25997684801956
379.13559431955446
341.23499868695166
301.3008343919002
260.9965800207221
221.79766518184647
184.912702440792
151.23910138804686
121.35255803522882
95.52591723698586
80.57827001391391
61.437814688432944
45.95584712504158
33.72351829928248
24.277945890597955
17.14659236553833
11.880381211237983
8.075500139562516
5.385112688103079
3.522948330915563
2.2610160348130015
1.4235956844465372
0.8793364535747548
0.5328544657102595
0.3167721289553652
0.18474377864472669
0.10570045336554403
0.05932909048722479
0.032669460847957035
0.017648153913223733
0.009352747706980741
0.00486251930998483
0.0024800771065233203
0.0012409385433251813
0.0006091385872296048
0.00037503454637219727
0.00017830787716702668
8.316663040003035e-05
3.8054536231791553e-05
1.708212612718506e-05
7.522374845324399e-06
3.2497125597298878e-06
1.3772450384149911e-06
5.726023351968412e-07
2.335446747157527e-07
9.344608008330217e-08
3.6679699284705794e-08
1.4124181302569514e-08
5.335472740588314e-09
1.977214943451037e-09
7.187956823046353e-10
2.563461858806372e-10
8.96844815317899e-11
3.0780522738234534e-11
1.036339672909766e-11
3.4229053301072237e-12
0.7861975071249538
1.2012134211271261
1.8001467687916501
2.646030710743593
3.8148816695161845
4.816572503950277
6.72392720355514
9.206766516023729
12.364896403355116
16.288198766392462
21.045287577730548
26.670790910528385
33.15248983766209
40.41993700881705
48.33640424109405
56.69598090052268
65.2273046462694
73.60474593114223
81.46694468795208
88.44153382103495
94.17385065685677
98.35662481097185
100.75720961541798
101.23900586261661
99.7743341092292
96.4470680884401
91.44468070244861
85.04075192097883
77.57020890708753
69.40041324252451
60.901554450675
55.225394695200976
46.92495442061113
39.108226006190776
31.969187517236524
25.632697220675595
20.158408512095157
15.54953485706986
11.764616869150508
8.730465496520022
6.354717345511714
4.536848758892448
3.176958862540066
2.1820671270911816
1.4700220459340818
0.9713568675091502
0.629554029377051
0.4002086090638135
0.2495393682908966
0.15261279344832412
0.09154656178743181
0.05386322594195205
0.03108435844920081
0.017595057169534533
0.00976874295184147
0.005319684888373193
0.00350954079151723
0.001850530425516677
0.000957064904884064
0.0004854961364891882
0.00024156243075630244
0.000117888713913893
5.643055147298871e-05
2.649449127285922e-05
1.2201018938808633e-05
5.511068935002425e-06
0.8573760448308143
1.3031768947370639
6.13956912493272
9.240918258989927
13.647546748983881
207.40488990109833
312.88548118454406
569.9560074854261
834.1411870046617
1198.0139475298563
1688.4991900148823
2335.3377142686136
3169.582890663321
4221.359772437642
5516.9009308560235
7074.988741535457
8263.834001491397
10268.700861940086
12520.63383809071
14979.95862582382
17585.928829847824
20257.582379340663
22896.81096653546
25393.65365189578
27633.51593876391
29505.70655398592
30912.43079940169
31777.23277275698
32051.874939420486
31720.794169661778
30802.56157889473
29348.15576024597
27436.272967599223
25166.2747664565
22649.652340480898
20001.025291640704
17329.676749491897
14732.469721546982
12288.729399013948
10057.364472671163
8076.192241432857
6363.174453330651
5371.127038853185
4099.893997907225
3070.5991042089104
2256.4012507684124
1626.86561607679
1150.8760489112506
798.8151698925894
544.0067138459369
363.4977332535134
238.30760093285096
153.28936670285867
96.74383024676415
59.90606017952765
36.3959908098332
21.695550342269055
12.688816407121854
7.281214226582958
4.09937496827714
2.2644433615995765
1.2272528716717648
0.6525806284409448
0.3404556377339889
0.17426564423160373
0.087515813788529
0.043120460271212746
0.020844950772001894
0.012704146079572144
0.005949228882412586
0.0027333323535480803
0.001232080787963896
0.0005448780242306422
0.00023641287197247833
0.00010063591403523952
4.800676651306496
7.265290650820438
10.78461830861492
205.6925693025987
310.15944754798227
558.787087157529
817.2383190300551
1172.8477531962585
1651.668172897505
2282.391243763633
3094.8642693197917
4117.898364094731
5376.387984337138
6887.87367760985
8658.808428731236
10680.91399616847
12928.112379559994
15354.562543364367
17039.99929183215
19609.349778530057
22142.716973462164
24534.2239219296
26673.93743219739
28456.080387197537
29787.63335248603
30596.360151803736
30837.29609572179
30496.888348559103
29594.25804410647
28179.42069574419
26328.695417916235
24137.889280639163
21714.103232287103
19167.131895276547
16601.408457947065
14109.29202781158
11766.244513117506
9628.146885904038
7730.712437096214
6090.711549060274
4708.557902577537
3571.7312498917317
2658.5212971693795
1941.652438040398
1558.1880181504928
1102.6384151024163
765.6222832408779
521.6309880361302
348.7214623866726
228.74913953580102
147.23284312193434
92.98507020049298
57.62140174685444
35.03605348757301
20.9028701545365
12.236425815175968
7.028450918862683
3.9611328840395688
2.1904446339336374
1.1884925512384317
0.632717925943099
0.330499963748642
0.16938632549328023
0.08517829152182324
0.04202629357571332
0.020344767545156166
0.009663216164244233
0.004503247110246939
0.0020590303458620737
0.0009236986888783868
0.0005356076930228306
0.0002327699645699672
9.925022191979106e-05
4.152007007110512e-05
1.704136313901795e-05
6.862270764733404e-06
2.7111043199673056e-06
1.0508411148225497e-06
3.996114453696482e-07
1.490892746676658e-07
5.4570772003216376e-08
1.9596413921527455e-08
6.903884697125459e-09
2.386209085558828e-09
8.091315526524851e-10
2.691678036362078e-10
8.784521113308292e-11
2.812559867654207e-11
8.834294784168116e-12
2.72223851139632e-12
8.229290876882398e-13
2.440497759330685e-13
7.100223373171049e-14
2.0264742076926688e-14
5.673924136319246e-15
2.402618959026483e-15
6.515459914609355e-16
1.7332979292488348e-16
4.523424654642357e-17
1.1580453875013214e-17
2.908345472472281e-18
7.165174170941316e-19
1.731673647602028e-19
4.105462737798405e-20
9.548017901320994e-21
2.1783000048236542e-21
4.874991714661273e-22
1.0702376567653862e-22
2.304810972237766e-23
4.8691213675597044e-24
1.0092051196909844e-24
2.0542261713873226e-25
4.571748751611508e-26
1.526102691409755e-26
1.428824190410902e-26
1.8947031324072674e-26
2.6845128371944233e-26
3.776715882211699e-26
5.222471390461817e-26
7.088798112504092e-26
9.443341673718004e-26
1.1314360731963696e-25
1.460785691568406e-25
1.8508894863908857e-25
2.3014931203018188e-25
2.808485278071509e-25
3.3633049995301377e-25
3.952670286002334e-25
4.558731267564502e-25
5.159712443120856e-25
5.731051766226396e-25
6.246976554373071e-25
6.682387605327328e-25
7.014865465835743e-25
7.226577854447914e-25
7.305863042127854e-25
7.248293671706868e-25
7.057086009710045e-25
6.742802026935462e-25
6.322382741585129e-25
5.817635954353189e-25
5.253366154627734e-25
4.655369241974854e-25
4.0485157850085514e-25
31.633069571609507
48.397879555893326
72.62908255155118
94.18164622164431
136.8513893477934
195.04344995810936
272.654553732379
373.84654084074714
502.77445447906297
663.2118329551278
858.085483398147
1088.9503263116078
1355.45408175203
1654.8581605478591
1981.6911412831064
2327.6109191612245
2681.5384562843897
3030.099566045429
3358.3735024855155
3650.903181156699
3892.878624658578
4071.3705995044797
4176.472585390091
4202.211043222128
4147.107663732928
4014.319977514202
3811.3417216453267
3549.3025174315253
3241.9579020851893
3019.371214390118
2670.4200127554805
2316.550988178164
1971.0760413079154
1644.9932504818782
1346.5549709519591
1081.1433477978014
851.4157883468616
657.6568439793576
498.2602189833892
370.26470114797223
269.8780933076839
192.9399587326315
135.29319572306457
93.05269485704862
62.77419912969774
41.53676144008215
26.957729400164613
17.160629414994432
10.71475738816393
6.561916455577143
3.9416519894180855
2.32233615860302
1.3420574789944368
0.7607051824134199
0.5154415809833328
0.28289379289523553
0.1522883258701318
0.08040980931309699
0.04164383124008584
0.021153953693320522
0.01053978244773639
0.00515075591407565
0.002468934218617419
0.001160772989563983
0.0005352840398343264
0.00024211434471000181
0.00010741278412590563
4.674020920130801e-05
1.994915735823471e-05
8.35136924826722e-06
3.4291781032167278e-06
1.3810888644423255e-06
5.455724496535786e-07
2.113890390905884e-07
8.033628113839859e-08
2.9946095757038095e-08
1.0948835226481729e-08
3.9264028543480386e-09
1.3810869431097e-09
4.764819001214398e-10
2.3187979276513906e-10
7.746169606117023e-11
2.53810933242168e-11
8.157045333695691e-12
2.5713112608788647e-12
7.950156053039459e-13
2.4109926200049563e-13
7.171588042062077e-14
2.0923484598325612e-14
5.9875881298051674e-15
1.6806181509641788e-15
4.626849854600923e-16
1.2493985256907177e-16
3.309145001229221e-17
8.596661610635684e-18
2.1904991661826063e-18
5.47464015169568e-19
1.342045654493614e-19
3.226845915081087e-20
193.79010711958804
293.77602463049146
436.8177951528821
638.3738006330301
8676.659424735279
13051.705912730728
19266.963555521103
28858.98678613894
41632.01732883764
58954.85973957437
81950.21746805488
111818.1347459829
149761.4359617411
196882.91146024351
254057.2669475245
321785.66616699897
400045.8003535373
488154.94434094144
584666.3902653576
687320.0054822059
793064.729849338
898164.3910020652
998388.7106974648
1089279.9293197559
1166473.79275056
1226043.7322557091
1264830.849611175
1280721.2277019385
1272836.7117157802
1241615.2098132242
1188770.3073352796
1117135.3894935364
1060741.3574636693
966302.0581796827
864000.3074898804
758250.2226663665
653143.7620330697
552207.5991864245
458239.9244073267
373234.5619416914
298377.52634845965
234124.30536443487
180311.42048564524
136300.5459581689
101128.3998193828
73647.48258201941
52646.40090605007
36943.577315149785
25452.698427970394
17221.78822901257
11450.097465288982
7488.111595181004
4826.1050005487305
3076.100686222982
1951.1350284090202
1244.6364272727917
811.6948706322861
553.1401964600049
443.89113142298197
340.4169087652732
282.054114863379
248.67351662663873
228.0179326250317
212.90173162613488
199.35199073661377
185.39713634775325
175.36902000750706
161.64556584373415
148.17627195134884
135.84379493640907
125.63019302322677
118.51747071131635
115.41435388262751
117.09876735199741
124.1690529699426
136.99976362912074
155.7005732688619
180.07961846265295
209.6152028509438
243.4417850930494
280.35701167064275
318.8558469047778
357.19546077765386
393.49068060988725
415.60706075593345
444.3097783055338
466.2106524242367
480.0156255088862
484.8807753754866
480.48343582347314
467.0464444054368
445.3120373491067
416.4685223244841
382.03898847190345
343.74592480646197
303.3679898899509
262.60503127821517
222.9649933813656
185.68217954831937
151.67129779482008
121.51672393482758
95.49223900641785
73.60366083523961
55.64549809481906
41.26291557685036
30.011592010099516
21.410035824890997
14.981144295983993
10.281862940437676
7.914483850226822
5.259544499775889
3.42825325930243
2.191779636961419
7.884041183736241
10.797128465100496
15.432576788165735
22.24937884391462
31.83649402952416
373.36604037820604
559.2349745822148
822.2827905236921
1364.2453279666836
1949.2309540556075
2734.4712292164745
3766.256035264439
5092.862096702816
6761.1439875196975
8812.039584996042
11275.181732918942
14163.00426276523
17464.925693407007
21142.35109397402
25125.311788655064
29311.528745020994
33568.517541666835
36368.959791238834
40386.15575122524
44024.84306492144
47111.44967733718
49490.11885470261
51035.71464175784
51664.72049402448
51342.710937818105
50087.46659698102
47967.34116172396
45095.08983307079
41617.93524527832
37705.08855911333
33534.19443029289
29278.19924190447
25093.96272675848
21113.589566001498
17439.01909615018
14150.294270600374
11270.4182787049
8817.188625941617
6778.864836428298
5411.395503665533
4304.476500442007
3539.7887761981083
3252.082691737954
3257.9690968733194
3514.578908016411
4150.20079785674
5187.615115133104
6657.340032408472
8592.97558988165
11025.022487197191
13973.595637025535
17440.642473334876
21402.459336973956
25803.436447062482
30552.008672594002
35519.70676694185
40543.969986804834
45435.00046438851
49986.447899370854
53989.175049000434
57246.85537605217
59591.784341107224
60899.12201335502
61097.87275747957
60197.28108159352
58218.12359302199
55281.5014085547
51542.95920408873
47199.55496236158
44759.73549483497
40342.02742203031
35968.22923099827
32255.537435428894
29137.094706264103
26812.0147655693
25573.54368069304
25595.43194865414
27019.526703918495
29950.522833855513
34448.79527003497
40521.3196994387
48111.42844621455
57088.86442412488
67242.13947602929
78275.43908066176
89812.14944585222
101406.48595509325
112563.72308948262
122768.29407209053
131517.73620410397
138359.33056991914
142925.53880697317
144964.13792115272
144359.369441998
142496.56838882327
137624.14655991417
130498.01504699633
121487.33745797088
111039.00703087995
99640.86933693403
87784.29018190672
75929.97720224276
64480.21096052926
53759.53638104538
44004.71472712945
35363.546337535445
27901.21350773855
21612.16686946823
16435.32119531036
12270.406106098419
8993.65442172733
6471.50236467804
4571.516840969301
3170.267945627699
2158.269782460421
1442.3904809530939
946.2810771054286
609.4107538647395
385.25194684939015
239.06508788990521
172.13923420076716
103.56029414943144
61.153350812659205
35.44474433259257
20.16410496627768
11.25880712233388
6.169967819388536
3.3184956282087166
1.7516937655425684
0.9074537412012854
0.4613505529479609
0.23018063866374236
0.11270126882651983
0.05415047903565203
0.02553175415061682
0.011812869433056001
0.005363129537895814
1.7509362923554193
2.6381161356738807
3.901356668191529
5.66008980266718
8.054810904559984
11.243302416869762
15.39337238555028
20.671571717750307
27.227804607784726
32.367188595618934
41.280303207142865
51.639260129407646
63.36017551440416
76.25212628365033
90.00917296821306
104.21273888389302
118.34613377751947
131.82159588856132
144.01849937479642
154.32959751568964
162.2106600884571
167.2279190226361
169.0975849981514
167.7124297036325
163.15197002748343
155.6749086150024
145.69483051460682
133.74233201564115
120.41840387058409
106.34475304858478
92.11672593340666
78.26365859189423
65.22003450684342
53.30907272587255
46.10493714894394
36.48936016660562
32.601163929497694
28.089112067537663
25.864622969550403
26.118158697628537
29.08886647692394
35.074543013873985
44.427692170447855
57.535562708848865
74.78352156461791
96.50299871518652
122.90746567884564
154.02228916211837
189.6165060770035
229.14616147655695
271.71937015703344
316.0923150213835
360.7027856686478
403.74368915651235
443.2736738909511
477.356352391209
504.2145445858091
522.3824653480057
530.8376321052116
529.0958726724477
522.2949446977414
504.06602890905293
516.7523426589447
503.2804602014776
493.38839713887967
492.0351077564001
504.7749783138265
1783.1994922127753
2712.475502900399
3865.113760720081
5496.366429474259
8650.898295388664
12151.073375333031
16812.628191537417
22885.492481828467
30624.139247143903
40267.84202036486
52015.543359965435
65996.65713417389
82240.14870288498
100645.19183029467
120957.39399423415
142754.8146911677
165447.6163683639
188294.1113464343
210434.24689595526
224344.3256924528
243237.75492658684
258969.4876713118
270750.2510539216
277967.037246225
280235.90264184156
277435.8126626729
269719.0228112053
257497.58947299412
241406.67204123733
222249.89643754557
200933.03981589567
178393.66967898465
155534.26194083056
133165.24479323736
111962.57680630118
92442.22375644479
74951.6310328234
59676.33360627434
46658.44086564513
35822.99058727696
27008.071836143736
19995.05786221457
14536.093254431027
10376.952313029225
7274.353380145082
5682.797713917044
3865.059363053041
2581.731431655886
1693.8731006397493
1091.8215228298782
691.6036510917176
430.7272100077194
263.933562104547
159.29084769713145
94.83245354804323
55.81418097356353
32.574260253519235
18.928203363503105
11.007024528485147
6.443678589621466
3.8207787436230767
2.3066267918164125
1.4220950960841856
0.8953975170366721
0.5740271487262418
0.37274910573011893
0.24366204395596844
0.15937632168581126
0.10376538621341681
0.06696705335058756
0.04968819306846688
6.528207097331874
9.933192990345717
14.849663440040386
21.789250030084236
31.36816416733056
44.29809140771291
364.02045187991774
542.0605707986937
792.9523714052033
1139.3924658398707
1787.838580927311
2499.4890745140274
3433.202707911615
4632.804896501489
6141.282916893059
7996.905012259614
10228.517283692692
12850.332736107723
15856.697960082187
19217.466249518962
22874.68743542391
26741.31342119029
30702.494093649086
34619.798335847314
38338.35861873557
40627.1095397622
43657.06112895515
46073.60336394459
47754.13324857162
48610.872038715424
48598.45065708089
47717.87294417257
46016.37720455426
43583.22173747334
40541.9194496045
37039.86218098511
33237.79848850664
29293.60088164884
25357.342041977754
21559.076572767106
18003.64371739388
14793.042289082181
11937.260601561635
9475.633015803485
7408.486344399615
5718.481366864283
4375.747042389386
4440.760791573911
4231.366237897604
4482.355366797392
5539.704264613567
6564.80713068747
8529.902074082862
11270.053192649399
14898.825848574157
19531.834611942497
25274.07841640521
32204.678994599028
40360.07969345948
49717.25609752719
60178.90415530878
71562.8020155516
83597.49317769177
95926.047745341
108118.91641964231
119695.85677922668
130155.70966725671
139011.6141204252
145828.27430461708
150257.31781743272
152066.74266052974
151160.98487927616
147589.19380129006
141540.7254404771
133328.43701028795
123361.8397085362
115974.62316960159
104148.28149834006
91867.23712715658
79595.418542264
67738.06415228477
56622.89852186458
46490.27927493672
37491.93706514605
29697.0265666326
23103.61271044275
17653.46431245347
13248.089005295085
9764.248061432856
7067.6437145191185
5023.9791718862225
3507.0710157611284
2404.0876397049233
1618.2657601566966
1069.6149746650838
694.1718707919474
442.3356590457418
276.7359377011455
169.97731900348919
102.49703130197278
60.67497959864933
35.25894396244831
24.301605248694067
13.981162291840048
8.01086501993229
4.763277323450123
3.143030950150371
2.509684183775698
9.471144076971306
23.453808713072025
36.050383965928575
52.31529239776519
74.68035157738831
110.5666955407283
153.1001004640267
208.23357400742546
278.1777972990363
364.9873119736798
470.33831469335576
599.3232702431743
746.1393591835368
912.6515689881489
1096.8617446016383
1295.4004725987534
1503.5351443331447
1715.3079358987632
1923.8075839297178
2121.5614309584553
2243.6851579472263
2406.943006669024
2540.556930604249
2639.267273528804
2699.45070400235
2719.3973065665655
2699.2097783886393
2640.9258337755473
2548.1394011249563
2425.6785624015965
2279.1915481453957
2114.7206828874346
1938.3083561477085
1755.6682582779629
1571.9411537059173
1391.540208743785
1218.0788226618272
1054.3656759954401
902.4479128666137
763.6836279443082
638.8280250866976
528.1223088511908
431.379170336661
348.0625952224389
277.3621177721527
236.74248571226445
184.7416772333253
142.37205386681347
108.38347124912376
81.85471888118973
61.14229177400924
45.384278699667604
33.63694802226438
25.09100866461172
19.07423433949321
15.045239904896073
12.580423899663712
11.35628572559817
11.129268386273276
11.715047563751927
12.96886994296129
14.76820467395871
16.99864810293656
19.54371991443615
22.278895034024806
25.069911076958096
27.77506588192989
30.25088268317546
32.36020200623217
33.98150558753169
35.01813898076557
35.35128895441792
35.28989190847284
34.5585862517928
33.197025999568766
31.27992259386348
28.90989523139713
26.20813581808562
23.304027993812696
20.324922153740033
17.38715098822721
14.589107134776151
12.00685305959074
9.692359583979236
7.674135368696454
5.959761311645399
4.539705292291166
8.976171135353226
11.008726685554963
14.545809958879497
19.994287756477934
27.85270253365925
38.705302297270684
53.202406482107456
347.56444796604313
512.3894131293303
742.8752829217135
942.6753364098158
1414.2475286888887
2010.1481571872691
2758.944393201741
3722.4700226155064
4936.776009076395
6434.817203232572
8242.745944223318
10375.72152567202
12833.596360234691
15596.962114039192
18624.118211248468
21849.53535479708
25184.309707516306
28518.93362857137
31728.457628533386
34679.814329340676
37240.76204641078
39289.63422955585
40724.90080865979
41473.49612718854
41496.963031718784
40794.69629353919
39403.90869970347
37396.33851371871
34872.10654098451
32961.08334454332
29848.632457274456
26559.163862102727
23220.488968430273
19947.731327284324
16837.48065020223
13964.21209728389
11378.991125742517
9110.23015547927
7166.078054829249
5537.921298397318
4204.455859662339
3135.838480082094
2297.524120197966
1653.5195282685615
1168.9089170509435
811.6194174811134
553.4803245372457
370.6866866401427
243.80550688499872
157.46652352957818
99.86599379831556
62.18823749270834
38.02217212237561
22.823426625246768
16.07544893907722
9.357283232547916
5.346793884596635
2.998979202212032
1.6510867277886607
0.8922028227999254
0.4731907334121527
0.24630332847210898
0.12581981812044643
0.06307491751885488
0.031029742026166113
0.014979566928872765
0.0070958847029431804
0.003298279073308164
0.0015042842669766394
0.0006731671673575038
0.00029556701560898063
0.00012732662610942755
5.381502569192505e-05
23.540521998602124
35.915928313382835
53.74741115938801
78.8909688958019
113.57853714152688
160.38527081111954
222.14263535215994
1052.911007102871
1684.0428437311016
2461.705585953836
3539.4072355622134
5004.260562631644
7513.673468277721
10350.216849981858
14043.44827878586
18709.24103275942
24505.081983117125
31551.89067966426
39932.11922845494
49672.0704469129
60724.88627797532
73888.20415777908
87548.47666948402
102036.89760422998
117000.709752502
132327.04007479327
147266.79396144667
161375.54864759336
174347.88355407343
185855.741681476
195660.98189733582
203631.9707399233
209746.23693297774
212825.49571048355
216056.5544452279
217795.90846278679
218267.1658193211
217667.98193261024
216169.1207187215
213877.94653385459
210829.81910192082
206996.64882576978
202284.48405963366
196580.63554340208
189768.86162782754
181762.09799270492
172527.84687078677
162105.7608984579
150615.16292274953
138251.89117478937
125275.46317134495
111988.85564514127
98716.75516198896
85770.70199913083
73438.76824240095
61959.513258485524
51513.220281616384
42211.17178998156
36673.03428909375
29361.130800331004
23203.453095366458
18119.197672401493
14000.413832599905
10770.268551756562
8240.427510426209
6308.9385335515635
4870.6900363824025
3830.113286031297
3138.124928974598
2685.198484768182
2443.1965698617264
2376.7019646714757
2460.215310952862
2675.3660085029505
3008.169668976616
3446.4977502162974
3977.888790855358
4587.807990782884
5258.444829989833
5968.118132637165
6691.327427975024
7399.445486329233
8061.991260636
8648.361547701119
8982.635021085922
9380.114685202323
9634.608938034058
9732.001553790133
9666.222420648912
9439.714827911313
9063.184265369384
8554.659312913509
7937.976278895847
7240.862451131132
6492.829721804528
5723.097235794701
4958.739943589499
4223.2212711639195
3535.3702721173577
2908.909318044332
2352.410222467204
1869.670420240421
1460.3806454049231
1120.9720906624107
845.5310747210657
626.6855141570569
456.3914416005322
326.57465764348325
229.6082328540165
158.6280112062652
122.77546104996048
82.41600673853067
54.411315014942424
35.36473695027355
22.668027789454865
14.372461163578535
9.059758806762652
5.723542024201836
3.667150775866135
2.419946119628345
1.6716504049924068
1.2227553031034608
0.9483209259350679
0.7723578902027983
0.6502074478710391
0.5567363357924991
0.47861761339484643
0.4093986131769834
0.3464222336360086
0.288954907010451
0.2370869274371497
0.19112008154165414
0.1512580895251495
0.11748097527107776
0.08952650534945095
0.06692875525975243
0.05454385802434287
0.039488325674146764
0.028041961145292275
0.019532477495902492
0.013344775401074791
0.008942680824241383
0.005877942161704252
0.003789511201572478
0.0023962985696209015
0.001486271819809377
0.0009041801912685717
0.0005395243819173148
0.0003157667930194031
0.000181267982519811
0.00010206456615395289
5.636741583649128e-05
3.0533774181534954e-05
1.6223034198360456e-05
8.454402231881966e-06
4.321484464116785e-06
2.1666174291297495e-06
1.0654442629083025e-06
5.138998181819543e-07
2.4312264889778874e-07
1.1281623439405944e-07
6.689627827438883e-08
3.0057084162134146e-08
1.3246189502585662e-08
5.725775371845222e-09
1.1776130466295964
1.802081489595471
2.7048642215267407
3.9821327969632545
5.750230240798175
8.144303616125187
11.31414923286948
15.416616735225508
20.604186611503575
27.009783267576548
34.72849394680987
43.79757109772083
54.17679739199584
65.73185017603289
78.2235660499233
91.30584719031444
104.53429536751011
117.38651994623788
129.29355745685658
139.68017429282224
148.0102790278419
153.83254047797797
156.15360161435686
157.14734578049982
155.11768716997545
150.18093958748244
142.61576614806833
132.83713107769896
121.35862895766991
108.74794557731596
95.58080564355969
82.39854412335235
69.8055780831107
57.984177597429834
47.3015676153239
37.93413799296884
29.961501762412695
23.381270283342438
18.127484688359974
14.08990451920355
11.131866175021816
9.105141684498589
7.861003361119381
7.257407055862764
7.162759489622611
7.4570895344078965
8.031593572163178
8.787494723537879
9.34750641143954
10.210367261180327
16.375926058973633
19.91104783346724
24.532540595163468
30.624616023524688
38.67330066403746
49.26037935002325
63.04398134559341
80.72289285329222
306.3103752583726
471.1605516397709
672.7853519718047
949.0213147855195
1320.566897135045
1895.1166389207817
2611.3093217519195
3498.290755789408
4613.260352641384
5986.475671559115
7642.436967807267
9596.196230668163
11849.523589648546
14388.08587371806
17176.05963697884
19146.832529107352
22216.7132627649
25341.78672554009
28415.945188922244
31322.340356468783
33940.56495384781
36154.88212725972
37862.7190529648
38982.55112440588
39460.98653037847
39286.6309920494
38453.47580216126
37013.300742583466
35038.92803392156
32625.97073524036
29885.419305628195
26935.51040384759
23893.682878900345
21291.721614786235
18665.21285512602
16293.941867681384
14312.900422683068
12801.645129755234
11993.680911086896
11771.089545837143
12182.432026797747
12860.18362126883
14505.005658512111
16926.39712916807
20130.459840057403
24100.1363219287
28786.512890815335
34107.13790572015
39940.20893244603
46124.270485384586
52461.0220222915
58722.17308584137
64660.26060841578
70022.78100283799
74568.46771502525
78084.15139788084
80400.44605242946
81404.5504784988
81048.74044878595
79353.61283346386
76405.75493335778
72350.15768677935
67378.275208231
61713.074846111755
55592.668506968446
49254.14830970074
42919.082538813534
38794.98504431585
32880.248711576925
27406.08028526815
22464.229668726206
18106.948761398286
14350.957117257094
11183.246314344748
8567.879559055926
6453.009417499728
4777.5024146214055
3476.561527943121
2486.422230753696
1747.6008991142576
1207.04335797588
819.2112766199118
546.3321474471945
358.04052290754356
231.4992188197394
147.54900805286303
93.28757067362717
59.26886392190021
38.82340311404795
27.411177241663488
22.665944168810146
21.71477902398089
23.808793952959725
26.54614779447922
32.35187887751804
39.97215056631608
49.23550734230091
59.99193700680843
72.0620278064535
85.20457827381432
99.09979746871599
113.34641872302545
127.47142564091037
140.9508330225165
153.23931382425988
163.8056782512953
172.17054444061196
177.94219755836687
180.84674466821804
180.7492711313971
177.66372947068652
171.75060277170542
163.30279154049524
152.72147347915697
140.48470327146217
127.11213210532107
113.12938288581915
99.03533771020138
89.80008456287129
76.47348551461191
64.05200130121794
52.84517835237648
42.86598299305919
34.23076925484807
26.933352683822466
20.913838110714714
16.0737583317954
12.290517059927282
9.430000642717253
7.356648367487364
5.940690155582993
5.062627348391498
4.615316275396849
4.504199736918865
4.646316346122254
4.968710600283184
5.40678413562152
5.90299238274933
6.40612482574225
6.871235692366816
7.260137897214265
7.542255392287408
7.695560934193609
7.707313386661616
7.634556185699841
7.407959786665302
7.051481611891244
6.584139253703143
6.030284439649892
5.4173570656080585
4.773564939700804
4.125732303245962
3.497522310921921
2.908173339647221
10.202015871059475
13.676319226484615
18.86840896082341
26.29793144586955
36.568257787253366
50.35015782220317
68.35672158840055
91.270852417249
332.0084548433778
509.0399933616188
725.4318406356086
1019.7461264184086
1413.276916915638
1930.1718592143911
2735.128472672938
3649.04501985031
4385.140437191109
5702.799469285539
7300.550980155012
9197.55941224531
11400.997252045847
13902.32076800384
16674.13624574994
19668.15900342343
22814.729017865782
26024.22944274411
29190.56355773527
32196.6026068319
34921.255169713775
37247.56913973263
39071.10080765831
40307.70434835541
40899.92638733877
40821.33255207829
40078.325473516365
38709.81766995095
36782.07578620695
34385.67336988829
31627.095434080333
28621.381014658524
25484.4294096515
23374.850558926268
20257.325260640206
17272.460586164485
14506.72314403705
11987.126998550684
9752.665469072414
7819.423140460785
6186.950472642065
4842.968645038428
3777.2565338922273
2947.6688094768033
2332.5568977340913
1902.9119536089863
1630.792173026383
1490.2624548515143
1457.7980092262612
1512.2712333624659
1634.6641400170893
1807.6511027533331
2015.1815521400072
2242.1637316676474
2474.3137342951727
2698.1941439008842
2901.4288787335913
3073.0497818973367
3203.9094922949216
3264.983724952642
3313.7756368444643
3309.113245729793
3251.2026789377446
3142.8999082882397
2989.414172634367
2797.8565432671567
2576.678160954134
2335.0527527259655
2082.2603640703865
1827.1244678514684
1577.5442695098297
1340.6181751126257
1124.1142084541632
927.0190116688549
753.799882490907
605.4509221275557
481.8573832078071
382.0373359222706
304.38696846540023
247.4693671207315
208.2424578622185
310.91429031624364
365.0178761723328
457.49658414728685
594.8549440561959
718.7457528520373
951.237626344413
1311.441053548706
1723.6043202050305
2238.3570776610745
2867.6224467329494
3620.7211893426693
4502.768607466217
5513.050582562909
6760.582586546224
8072.994727474465
9482.116220243637
10974.923229134134
12521.586088466061
14088.297019465304
15691.378601857137
17241.370858187885
18709.130091111565
20086.8729549214
21367.297640827
22529.302523726023
23576.197540854806
24510.3495035442
25339.546501537374
26062.782566911366
26488.01933790293
27038.485250565805
27477.061180390676
28024.610324179033
28352.59353111269
28554.556263946826
28651.756779318457
28742.590638324866
28720.283549029496
28757.41100786533
28803.402669978703
28921.197571573695
29213.670985771736
29759.40925720144
30711.774677735935
32018.921858240832
33780.58241839489
36019.35538955355
38725.07595153875
41850.839299521045
45311.99506791161
48988.49181361263
52730.60377179749
56367.69602859096
59719.32839044526
62607.712198743444
64194.707332720536
65962.81095793737
66899.07630608273
66932.66316437903
66038.30982112269
64237.02273887303
61593.238291675756
58208.8975611511
54215.14501392704
49762.532221687696
45010.66884314329
40118.220088202375
35234.020157842824
30489.87999379196
25995.443878495247
21835.221234854667
18067.711849910105
14726.373215038298
11822.05923114882
9346.494485772006
7276.335458170941
5577.401866285734
4208.726837596331
3126.160782314219
2285.3578846906803
1644.669535537619
1308.9392389842103
917.0964632641449
632.5565375792407
429.8076088149046
288.15795475119444
191.26989720306895
126.56927084066913
84.61213189622384
58.468326011026036
43.16080351037213
35.182007458929625
32.09511747260369
32.218474257834465
34.38566140595639
37.77072032318952
41.766986169829224
45.90830239828488
49.82231209064922
53.2067453636711
55.82091213995251
57.48589008080868
58.08816576517877
57.58276287795042
55.993176808522335
53.40669664682319
50.08191057999717
47.438253564849326
43.06397151780569
38.39586335923359
33.6518820363721
29.032615039488622
24.709699128184702
20.818140688840792
17.800030018334084
15.682277611272228
14.00559515352741
13.124445502056641
13.064020335400532
13.840634955916663
15.465706909250198
17.947286491809137
21.288775096749198
34.61796415961513
45.812025576523986
59.34269718602994
76.81128506765151
99.11556003570153
127.27713507591648
162.40588938313687
212.3908282240121
268.2870140666621
311.9114396041311
387.72294804660766
476.7030022574508
579.201759374741
694.9184908022352
822.7602587709528
960.7425720723616
1105.952613745776
1254.5913491424492
1402.3827678906264
1543.817965146687
1673.7471113668405
1786.9335195478445
1878.5927652979274
1944.7350427173706
1982.4557218844843
1990.144447845581
1967.5923952632393
1915.9889951323719
1837.8117623142468
1736.623993605781
1616.8036504731936
1483.2318260073964
1340.9705848492297
1194.9579755946677
1049.7433612899733
955.358343076543
819.9252747437966
694.141873505092
579.8869375347853
478.23302785341104
389.54355440906704
313.5858727108997
249.66319915869758
196.7513209961514
153.6281547238664
118.98714912695257
92.52214456709254
71.67685063821114
55.8364240224066
44.208863830727466
36.07398993834162
30.867162788604368
28.161479543034563
28.325320512592388
30.11164511583718
33.828711732869714
39.37419643256012
46.65067389849541
55.53949005240527
65.87851431901902
77.44538285685962
85.6973942273349
98.6256289788394
111.84690279038037
124.89947786896884
137.28891767421308
148.51561157136135
158.1058108867242
165.64299344360074
170.7962586664344
173.34277935288404
173.18204980157486
170.34065539721925
164.9673868319598
157.31956647712423
147.74230389103113
136.6429594092445
124.46333456049231
111.65204476140764
98.63922172951163
85.81521900800682
73.51443513865604
62.004796414041394
51.4829095242889
42.07444158011648
33.838934384847136
29.003125630277275
22.70229475937344
17.479097814928746
13.23450029936927
9.852601355444737
7.233777258561552
5.221998543593459
3.7191914536068005
2.6240791623541284
1.8494361171847216
1.322828214628699
0.986130558878871
0.7941784845453863
0.7128810093997968
0.7170765270317546
0.7883522685389533
0.9129925247678133
1.0801721197036922
1.280473099114091
1.5047725706414123
1.7435247141659052
1.9864365225783633
2.222512332001613
2.440416197141951
2.629075452428298
2.778426938500546
2.8519740896920363
2.918620291688097
2.9296579983203124
2.8844256470290834
2.7854980116973382
2.638435440459949
2.451262058459561
2.233739090417426
4.052661121979073
4.890314019188259
6.208411229467853
8.179466815768963
11.007786705162273
14.9265513398999
20.190328026008526
27.061921299094436
35.876079988955865
46.723593575173965
63.24599777947195
173.9794955380705
254.84456025845793
352.4543490295468
482.40828515759654
652.9806319253211
873.3714162600289
1153.3872811410647
1426.8583256383731
1852.7397501572545
2372.4872572136915
3138.737123962406
3940.5091025508214
4879.734665400105
5959.989531355096
7179.580477551583
8530.83378080667
10039.869297522579
11644.08913175833
13320.292697296149
15051.796025583108
16807.35611072612
18553.09207907368
20253.44734029692
21872.082408358023
23372.697800148053
24719.830975386318
25879.69731006945
26821.14339501561
27516.932093429037
27944.343000450528
28087.31896235178
27937.16511207601
27493.644284724425
27038.949448249197
26130.5381870333
24972.1777972159
23595.427507147953
22038.2708104503
20343.263430952535
18555.444302190033
16720.188192587833
14881.167399984248
13078.560285380252
11347.604839743628
9717.554028206467
8211.052132675672
6843.920617815226
5625.318581309174
4558.225572231628
3640.1821367157063
2864.2150802887313
2219.870132662849
1694.2750358106307
1273.1616373146594
941.7864064670808
685.7040825073623
491.3672377707339
346.54317348386274
272.19623242074186
187.0022885588653
126.5097460588969
84.32095346596573
55.419088782897205
35.97147291644761
23.12279852676853
14.796862076583967
9.518766526011811
6.263775141253457
4.334489235348794
3.2649168253741743
2.7481799228503885
2.5838217368836855
2.6406181417116525
3.1984244966120863
3.6510025771258117
4.2140662582151975
4.880569158284252
5.655281120606353
6.552572397911158
7.594488161860518
8.808427978835612
10.223996846425292
11.868859641293572
13.76370952160167
15.170550367939752
17.49159607272228
20.042363576520298
22.77407221464948
25.61222421035549
28.458227166434877
31.19409716806328
33.69007612828255
35.814546466541906
40.11520085932729
42.513519118837436
44.82410602749855
47.199596251264204
49.86683874690361
53.12104597447088
57.31047242613614
62.81139940302481
69.99428047056273
79.18309670640821
90.61117342690329
198.5482128936005
275.5456679038121
368.6775435609583
493.1476993857674
656.9391151673627
869.0105177973917
1041.9333805670972
1388.3386297557713
1806.3554801844264
2306.5100823017387
2905.8965604786827
3609.5493282118637
4417.9044097660235
5325.620135270047
6320.692803804051
7384.033419046061
8489.638513536098
9605.428297094197
10694.745721986363
11720.114236815138
12639.790954779284
13418.306754944657
14024.179023237262
14433.15295090472
14629.771751618067
14608.238574979014
14372.521487270724
13935.739362716462
13318.938929537202
12549.422478836977
11678.198818389925
11042.097665120698
10039.081739924775
9011.00231365153
7990.68890962251
7007.587123006536
6086.81900401006
5248.561197147516
4518.1863416582855
3889.7163270693795
3374.926289987171
3057.5661443299696
2821.773949336321
2702.1343292107695
2702.3817290997285
2818.3032786366857
3044.5385900106035
3376.3240174429543
3808.771300194804
4397.267386333163
5046.234433220805
5791.426759330478
6627.849453199537
7547.94127736404
8540.512639886165
9589.84424022361
10675.123540845572
11405.98756925609
12491.129212863158
13533.20728533671
14498.193231352148
15348.151002274753
16050.247387228603
16575.042702211646
16899.526518743798
17008.76144640841
16896.893244320756
16567.443191021168
16032.889598390582
15313.626140807137
14436.741853319549
13475.268947454184
12407.16333923211
11288.582950430971
10160.702697213268
9059.38310847131
8017.57984469061
7064.3443624376805
6224.026535238232
5538.505112080953
4996.432125901882
4606.970858430328
4379.1005315466855
4315.647480840868
4347.147114430801
4518.77099125739
4812.246968464299
5204.577099719834
5668.942786643435
6175.927414023861
6694.68325970562
7194.741210863548
7647.403151600043
8027.262463934498
8313.47586049953
8490.716864683607
8549.734842826942
8487.48721693515
8306.859077570285
8016.025831274177
7627.544389032777
7157.273366911976
6623.222891994645
6044.422871975349
5439.879698844254
4827.670269779941
4224.202854219775
3643.7422278600943
3275.307347761891
2757.378320210625
2287.0396772462686
1868.4333944223945
1503.1552984273997
1190.575573301048
928.2370573749915
712.296400371827
537.9727680875146
399.9717074063209
292.8577956197766
211.35793446324675
150.5863454508977
106.19112751677353
74.42951279459429
52.183980381131946
36.93392916230126
26.697877537790486
19.959666899716733
15.58955761991683
12.768073437106246
10.917506649881345
9.643501925650243
8.687268627053685
7.887754846702593
7.152468982278393
6.673861936370462
5.958811859061992
5.2461272880002365
4.54506557937769
3.870087988391884
3.236280449401325
2.6565013874073404
2.1398608413238853
1.691196382101557
1.3112536991743995
0.9973165372113163
0.8723309776965518
0.7389017343892317
0.6798061453231566
0.6964686352031423
0.7924846747990044
0.9737355563907184
1.2480617712996842
1.6244801502184698
2.1119662417589824
2.7178686252972466
3.4460749142792833
4.295104941496401
9.874029928363552
13.914777333437359
18.74791434071701
22.791463797145227
30.37456999454746
40.16874183569085
52.653376461012165
68.32919683862717
89.59099570648539
114.79072498140106
144.43232439308582
179.29144924749426
219.42352463611394
264.59805373600733
314.2529894448995
367.4724074798111
422.99424374775265
479.2517146648753
534.447876077328
586.6582322906894
633.9521701261702
674.5210394432457
706.7995162852778
729.5677185254654
742.0242443618849
743.8243449218379
735.0820455878916
716.3393508244161
688.5089866146815
665.4936593431812
625.3093166279714
580.0705479446542
530.7803850609951
479.28341223472955
427.10349847793094
375.64021725783095
326.1255332347326
279.5918778754105
236.8513681618749
198.55829202710697
164.95755194128702
136.23366208182426
112.32580551602562
105.41515264439334
98.33455676944848
96.9717084348935
102.83725932732354
116.5546550203021
138.91733175301295
170.864422059168
213.4162022092592
275.28454861617104
348.32721072897635
434.78032594216427
501.09173626726636
613.686981015851
741.5761584378207
883.4546334597544
1037.0964469603632
1199.310748531462
1367.698266475696
1535.11654236674
1697.5425589597833
1849.7617074297123
1986.738084839989
2103.91787878044
2197.4913131954104
2265.3566831599082
2304.569424319098
2314.9646032779515
2296.959586783038
2251.9577699097226
2182.213491964907
2090.670510168319
1980.7877268879977
1856.362029845047
1721.354588249757
1579.7247151742092
1435.2747793350459
1313.7225180398598
1227.1514416872344
1110.0647465522748
1005.2831966613174
919.1923372154653
855.5232273455027
817.8122415821896
809.3409298754977
833.0200286413411
903.1966343161897
1008.4287820423602
1150.4043101790955
1332.337999623994
1552.7291086314406
1808.2224130792665
2093.4384342841036
2400.957090963321
2721.488206633262
3044.239329829116
3357.463735504742
3649.144005490408
3907.7443780127555
4122.952538700809
4286.486493690054
4392.050999332595
4436.350801871991
4418.731282346116
4373.451312164787
4258.132610863285
4091.031683680762
3879.2900794838706
3631.1192571734655
3355.3465919558907
3060.869668057729
2756.4187345650876
2450.1563833878754
2149.4459685241577
1868.9542314430264
1602.585671280528
1358.620536727423
1141.1591265657423
954.2095970167084
796.4680535772064
669.4483108725154
572.7440485910854
508.4177537006601
471.36157905615056
459.75237527111597
472.10683920886856
505.7879153838331
557.8090709747064
624.887779532912
676.2113136912028
760.2799092466852
906.400836789116
1033.2552066932374
1166.3120827164464
1311.1343286783738
1469.8846524081546
1646.10054509445
1844.6058341628852
2071.2147753913864
2332.2047428543724
2674.043529268187
3041.0554148090723
3464.3357447377302
3945.8328103125923
4483.799184588038
5072.1332932765645
5700.075103973742
6352.339892002133
7009.723666183969
7650.152635300979
8250.086692573146
8786.134253586866
9236.702933648252
9583.504264943125
9812.752676156399
9895.848941410835
9913.043477512512
9802.381095439956
9569.746374599172
9225.413833272349
8783.117169221632
8259.042171563504
7670.843547041403
7036.75416920508
6374.821050359154
5702.273775315428
5035.01335682222
4387.20375527388
3770.952383775374
3196.075225506228
2669.951550593022
2197.955619676329
1781.8604280531172
1422.2374449698339
1117.3905702515297
864.0221096357222
657.6414328743992
499.1569012080849
373.71698383666586
280.03901251766314
213.15893824550812
181.24766944358774
149.50789073525894
134.20335608913447
132.63707276940085
142.666922405402
162.57813918958837
190.933639032216
226.42096163167622
267.7130753886984
486.77927533679036
647.2773929661296
837.5908624973764
1084.2422643914456
1402.4986452867968
1810.2602404650916
2327.506097220645
2975.236217496661
3773.8466902043174
4850.753178750484
6055.129856429762
7468.38623780301
9091.231560064625
10912.36662633172
12906.823195201661
15035.360674186404
17245.1697795063
18732.165331068805
20931.931060415955
23025.22614069084
24937.628229276743
26598.706816310038
27947.756734603503
28937.719221225307
29537.828932484907
29734.777603358045
29532.398765972786
28950.074050322975
28020.20428484197
26785.15580343032
25294.08015015833
23599.927684063583
21823.03211612561
19926.574590104625
17995.751971803842
16088.04159894523
14251.74911471376
12530.432602110033
10961.996770664728
9577.782031338715
8402.281897371688
7489.618430427256
6995.6622381179
6452.983979064333
6142.278274802994
6049.087910487634
6151.070846396866
6419.012835422497
6820.034988513398
7312.927565661512
7858.675279161747
8417.27431381654
8951.058069700328
9426.49320159603
9815.707632051026
10097.540897868095
10258.056907592141
10290.509337538959
10194.815237034452
9976.647142201766
9646.287908468328
9266.74868495548
8787.271248648929
8250.738022526113
7682.70632762605
7105.384407140082
6541.009029985757
6011.321255805155
5687.690807040107
5260.65956281436
4918.933978844401
4712.604963247239
4595.98071885388
4598.9945494529775
4721.9044035997285
4958.843704619632
5297.748271032288
5720.740886823466
6204.99349743041
6724.027903433214
7249.356477403152
7752.314457848593
8205.903876036327
8586.46283550443
8886.85209566393
9077.498251892452
9157.053975012066
9125.624754080982
8987.763444351753
8752.53614792734
8432.464164247907
8042.78465712994
7599.097410802656
7123.240778153639
6793.266349828188
6289.703822171482
5790.834896771669
5309.261020484308
4855.418212836196
4437.308118461797
4060.3293450515484
3727.230532946841
3438.2055917281014
3191.140228781627
2982.000210727083
2817.052062453498
2674.125770016315
2552.7869392892535
2448.593384307048
2357.0415961789017
2274.7672790659035
2199.664098564508
2130.844656781766
2068.4641331417442
2018.2479151195228
1976.323846121611
1944.673159370529
1926.026798493685
1921.351578589528
1926.1128171866367
1944.5926149922445
1975.2588428761287
2015.5885947384454
2062.1711445248498
2110.9321691335876
2157.537360637772
2197.365670567881
2226.3407715061417
2240.934610662017
2238.4643568842
2217.2278303491466
2176.5393393410777
2116.6746680858696
2038.7460005215753
1944.5344373863088
1836.3085643248676
1716.6528281889364
1588.321079692564
1454.1210171732655
1316.8268684290772
1179.1122758819024
1043.4937694333125
912.2770876718207
787.502750990946
670.8920931410357
598.3718821344801
498.17754983628794
408.8520762864432
330.6501518948193
263.4345655221816
206.72457681442845
159.76276277596557
121.59293016455632
91.14080446459388
67.2897660098746
48.945577341721524
35.08634023063822
24.79632158955855
17.284373632589148
11.88918199356199
8.074413749645219
5.417055815990761
3.5919757995221904
2.3551826785937284
1.527586550499755
0.9803913948511648
0.6226898886251298
0.39140538947819425
0.24344710750414297
0.1497905894434321
0.09113641336925564
0.06501549587271199
0.0387794835311934
0.02283851347038416
0.013272057162952457
0.007605648124548906
0.004295290307017544
0.002389198098597899
0.0013082143918719867
0.0007047870096560801
0.0003734190618219299
0.00019450211176073594
9.956169174975435e-05
