a = [5.12751809] b = [5.12751809] c = [13.73957021] ,Gaussian ,LMH = [0.27441106] ,DW = [0.81687229]
0.0
0.0
0.0
0.0
0.0
0.0
0.0
0.0
0.0
0.0
0.0
0.0
0.0
0.0
0.0
0.0
0.0
0.0
0.0
0.0
0.0
0.0
0.0
0.0
0.0
0.0
0.0
0.0
0.0
0.0
0.0
0.0
0.0
0.0
0.0
0.0
0.0
0.0
0.0
0.0
0.0
0.0
0.0
0.0
4.135988123990899e-29
7.294265451510748e-29
1.2428157014121214e-28
2.0457604822282985e-28
3.253312076069414e-28
4.998268150969897e-28
7.41884443835342e-28
1.0638388937457148e-27
1.4737993128147055e-27
1.972530475537812e-27
2.5505390679810793e-27
3.1861273094403485e-27
3.845184264083766e-27
4.483261529156642e-27
5.050029069039949e-27
5.4956183936891715e-27
5.777795219738669e-27
5.868547288226813e-27
5.758666896977024e-27
5.4592903665389906e-27
5.2475870452616736e-27
1.3550271087984807e-26
2.5922250403680475e-26
4.0838704505989375e-26
6.466636348996382e-26
1.0105468191139773e-25
1.5424798703606397e-25
2.2872287521760832e-25
3.285734168776783e-25
4.56661241594567e-25
6.136238334334701e-25
7.969170456316369e-25
1.0001303296315671e-24
1.2128254584284982e-24
1.421089489370028e-24
1.6088580638064638e-24
1.7598804709805937e-24
1.8600120136823796e-24
1.8993913835139445e-24
1.8740397715993038e-24
1.7865225270388826e-24
1.6455208464651644e-24
1.4644123449973989e-24
1.2591817075608864e-24
1.0461125382905864e-24
8.397177579349399e-25
6.512581204473335e-25
5.39347975171769e-25
3.949998314585354e-25
2.7950497152002383e-25
1.9109392883637627e-25
1.2623184319726092e-25
8.056670358298864e-26
4.9682890687451925e-26
2.9602109530087354e-26
1.7041309350321208e-26
9.47867652954118e-27
5.093975314710731e-27
2.6450281934793364e-27
1.3269912354511713e-27
6.432355274074789e-28
3.012563092353398e-28
1.3632213310094698e-28
5.960197107856025e-29
2.5177860860996638e-29
1.0276398112362465e-29
4.052535434971132e-30
1.5441036548818828e-30
5.684466720161734e-31
2.02193209981947e-31
6.948753059772787e-32
2.3073345487920352e-32
1.0854625882571078e-32
3.403485987016591e-33
1.0310890823150894e-33
3.0180846582669467e-34
8.535511360063367e-35
2.3323324523820557e-35
6.157636261240132e-36
1.5707249790311058e-36
3.871227435303052e-37
9.218484098012442e-38
2.1209600482452812e-38
4.71484565260893e-39
1.0126616069968974e-39
2.1014687501558914e-40
4.2135010223259773e-41
8.162528162288797e-42
1.5278036558210895e-42
2.7629402791071876e-43
4.827656759477294e-44
8.150083068915301e-45
1.3293773499059622e-45
2.0950525718766634e-46
3.190081688577892e-47
4.6931963626230486e-48
6.671070020076443e-49
9.161823723135805e-50
2.392613779959546e-50
3.1028302957344576e-51
3.8877879675725304e-52
4.7065864175257495e-53
5.505138004025562e-54
6.2214107806781e-55
6.793097079863147e-56
7.166462311871105e-57
7.304654083759625e-58
7.1936962207824395e-59
6.844818096542306e-60
6.2925818401331e-61
5.589239808260755e-62
4.7965976021726764e-63
3.977134325766607e-64
3.1861294752499417e-65
2.4661104493097056e-66
1.844239504078882e-67
1.3313134094621441e-68
6.518487362309577e-70
0.0
0.0
0.0
0.0
0.0
0.0
0.0
0.0
0.0
0.0
0.0
0.0
0.0
0.0
0.0
0.0
0.0
0.0
0.0
0.0
0.0
0.0
0.0
0.0
0.0
0.0
0.0
0.0
0.0
0.0
0.0
0.0
0.0
0.0
0.0
0.0
0.0
0.0
0.0
0.0
0.0
0.0
0.0
0.0
0.0
0.0
0.0
0.0
0.0
0.0
0.0
0.0
0.0
0.0
0.0
0.0
0.0
0.0
0.0
0.0
0.0
0.0
0.0
0.0
0.0
0.0
0.0
0.0
0.0
0.0
0.0
0.0
0.0
0.0
0.0
0.0
0.0
0.0
0.0
1.2657199608026166e-28
2.190419304099114e-28
3.662180735429867e-28
5.9152782134396465e-28
7.9887376324940615e-28
1.2182928743882919e-27
1.7949325626569954e-27
2.5548620481113737e-27
3.5132548952067905e-27
4.667397094198445e-27
5.990495266201447e-27
7.428029049844021e-27
8.898306157682189e-27
1.0298263055757916e-26
1.1514458119517401e-26
1.243786716460248e-26
1.297989593101086e-26
1.3086375958327848e-26
1.2746485665820609e-26
1.1994562651553406e-26
1.0904387065885023e-26
9.577253592091247e-27
8.12650115784244e-27
6.661761839742467e-27
5.2759113518614565e-27
4.036721273559171e-27
2.9838907864253535e-27
2.1308847921337025e-27
1.4701440911670204e-27
9.799021757195013e-28
7.335177869276441e-28
4.616061779768466e-28
2.8064380647915584e-28
1.648398452767932e-28
9.353880570722632e-29
5.127956463441946e-29
2.7159372054372884e-29
1.3896902356199384e-29
6.869722179398967e-30
3.280826228829182e-30
5.108122008492165e-28
8.976837742043458e-28
2.758510917247849e-26
6.099336247925846e-26
1.0309672115090702e-25
1.6842267440718376e-25
2.659181906233912e-25
4.057757580992514e-25
5.984304599926383e-25
8.529625096231313e-25
1.17498977325445e-24
1.5643195006326167e-24
2.012813298599242e-24
2.5030395252565468e-24
3.0082761426933233e-24
3.33672746921678e-24
3.788607785602481e-24
4.157416911781642e-24
4.409124284332014e-24
4.51924395502909e-24
4.476759825934179e-24
4.285941870792254e-24
3.965638770140722e-24
3.546209212945258e-24
3.0647836149044714e-24
2.5598792051900385e-24
2.0664420916009985e-24
1.6121706896755831e-24
1.2155776258469698e-24
8.858049880803052e-25
6.238455925563599e-25
4.246190235244296e-25
2.7932182293641175e-25
1.7757959595323167e-25
1.0910977871069592e-25
6.479123949159375e-26
3.718351421422307e-26
2.0623652232854487e-26
1.1055060604778611e-26
5.7271219137399016e-27
2.8674163306941924e-27
1.7740235322926248e-27
8.390933685076246e-28
3.8356411323360917e-28
1.6944994737169399e-28
7.234685549612902e-29
2.9851868506371623e-29
1.1904080089737585e-29
4.5876615784186225e-30
1.7086645425411253e-30
6.150221594123151e-31
2.1393990686384007e-31
7.192144774159388e-32
2.3366252101193717e-32
7.336384680379285e-33
2.2260548430496523e-33
6.527526242182882e-34
1.849773787939207e-34
5.06575314442782e-35
1.340673320909355e-35
3.4288899717825e-36
8.474885266001553e-37
2.024239169473703e-37
4.6723517708795443e-38
1.0422044325209132e-38
2.2465284054553983e-39
4.679618457331728e-40
1.6134392359780979e-40
3.174526987695757e-41
6.035862408314505e-42
1.1089996321197197e-42
1.9690334498274143e-43
3.378331480205441e-44
5.601144179256189e-45
8.973759422145105e-46
1.3892906961978902e-46
2.0784076365345852e-47
3.0045891843050063e-48
4.197146415191279e-49
5.665466610883002e-50
7.389715250252296e-51
9.313825679209822e-52
1.1343180275740568e-52
1.334891161889434e-53
1.5179559334377785e-54
1.667910589669947e-55
1.770861928192873e-56
1.8167410661621793e-57
1.800925940609263e-58
1.7250086712684952e-59
1.5965314166620758e-60
1.4277513942635065e-61
1.2337150564909306e-62
2.365759499816149e-63
1.9305196289870373e-64
1.5221602761277197e-65
1.1596135590917249e-66
8.536124612496355e-68
5.471419997044415e-69
0.0
0.0
0.0
0.0
0.0
0.0
0.0
0.0
0.0
0.0
0.0
0.0
0.0
0.0
0.0
0.0
0.0
0.0
0.0
0.0
0.0
0.0
0.0
0.0
0.0
0.0
0.0
0.0
0.0
0.0
0.0
0.0
0.0
0.0
0.0
0.0
0.0
0.0
0.0
0.0
0.0
0.0
0.0
0.0
0.0
0.0
0.0
0.0
0.0
0.0
0.0
0.0
0.0
0.0
0.0
0.0
0.0
0.0
0.0
8.605629001636344e-29
1.478834729590939e-28
2.455158584780176e-28
3.9378787905607817e-28
6.101941298810335e-28
9.134748460688025e-28
1.3211375814193741e-27
1.845960429255166e-27
2.4918369059242863e-27
3.249673484537247e-27
4.0943288944623436e-27
4.983662367652995e-27
5.5736357612164456e-27
6.4053462904880526e-27
7.111636169589759e-27
7.628151901548716e-27
7.904820666008907e-27
7.91384604092633e-27
7.664332694464206e-27
7.17001279109924e-27
6.486863454693513e-27
5.680823549527161e-27
4.823701670778626e-27
3.983700281660504e-27
3.2177126953410723e-27
2.5664271127707733e-27
2.0525030485555217e-27
1.681422374030743e-27
1.4442198552105026e-27
1.3212066100149677e-27
1.2859460039518778e-27
1.3089976885222136e-27
1.361186273766344e-27
1.4162996969777524e-27
1.4531675625347195e-27
1.4570528461431027e-27
1.4202729951532569e-27
1.3724940079940444e-27
1.269046232892435e-27
1.1349570041913238e-27
9.81242251383868e-28
8.198609667070236e-28
6.619169762302025e-28
5.163333998903866e-28
3.8913586409622402e-28
2.8333912422571906e-28
1.9931534674341732e-28
1.3545686022690617e-28
8.893768976325135e-29
5.641498322779776e-29
5.649788813700322e-29
5.814787052047129e-29
7.426509339770296e-29
1.068103845553488e-28
1.5894251426020405e-28
2.3455964430136135e-28
3.375610961182804e-28
4.708607302937797e-28
6.352522419431208e-28
8.283085902687929e-28
1.3184716139040785e-27
1.7569708397676933e-27
2.3263110144872825e-27
1.534138355735825e-26
2.5756599668248148e-26
5.022798940989052e-26
8.162386949682764e-26
1.2894192403880485e-25
1.976304170973109e-25
2.9353354231519183e-25
4.2214138615844475e-25
5.875312698896127e-25
7.911050196935027e-25
1.0303301101702411e-24
1.2977762321294996e-24
1.5807660309688455e-24
1.8619001100787914e-24
2.1205641827304743e-24
2.335304407711626e-24
2.486720212544609e-24
2.5603438403252393e-24
2.5489911940556423e-24
2.4536979531113112e-24
2.2838466045517734e-24
2.0603689651597244e-24
1.799346689440527e-24
1.5231726213269747e-24
1.2541887240599486e-24
1.0101907394083875e-24
8.680647333139898e-25
6.921372519783444e-25
5.645571102711971e-25
4.853434445480598e-25
4.508878360097168e-25
4.548435477600108e-25
4.889231744907646e-25
5.435898062948287e-25
6.086992987911131e-25
6.74167263767821e-25
7.306971840671928e-25
7.705383190193715e-25
7.881759777484594e-25
7.808216964637678e-25
7.485830940625293e-25
6.942506197966665e-25
6.22722341598293e-25
5.4017063890527845e-25
4.531098905608554e-25
3.675363558537631e-25
2.882799734206918e-25
2.1864602779982965e-25
1.6035339796558826e-25
1.1371584335695017e-25
7.797703482893456e-26
5.951402405166246e-26
3.8585890752573215e-26
2.4269435509909937e-26
1.4801849565201338e-26
8.827822698360484e-27
9.770840757843822e-27
1.2193271031305285e-26
1.7925329996686393e-26
2.742370282434852e-26
4.211136546595219e-26
6.331454850913545e-26
9.242480513208262e-26
1.3063825042671912e-25
1.7863596057778598e-25
2.362444695101461e-25
3.021402024473997e-25
3.7367666877213113e-25
4.469093345719439e-25
5.168653449378027e-25
5.780559108234198e-25
6.251687983778781e-25
6.538238161432242e-25
37.82980589929586
65.08974507603493
108.19667500795232
173.75533380649534
233.75828556117332
354.4291129433418
519.1760484335994
734.7215796670256
1004.5089934385386
1326.8069854150351
1693.1075864630318
2087.296997769408
2486.0326470991668
2860.5681123704885
3179.9525893438463
3415.166512582853
3543.447544344765
3551.9187203405354
3439.718614102062
3218.1456835734703
2908.7833171203197
2540.036324205295
2142.8480214602228
1746.488377386805
1375.1906649971759
1046.123643772341
768.8223614212967
545.8733364344181
374.4386258645026
248.1374361017202
185.03168497242805
115.76996325423984
69.97913558573116
40.86618889453234
23.055927032092324
12.566777515100245
6.617411624271017
3.366473964401015
1.6545704226351894
0.785630145393959
0.36039097658889135
0.1597175222727721
0.06838393793349042
0.028286455769538286
0.011303836040102197
0.0043641136378356525
0.0016277553757755568
0.0005865500988036608
0.00020419446826483266
6.867611503208214e-05
2.231466403303127e-05
7.0048343903668574e-06
2.124360795284382e-06
6.224171781778533e-07
1.7618046382271282e-07
4.817889267145155e-08
1.991294857308756e-08
5.1412980477455716e-09
1.2824276604748174e-09
3.0904082785743567e-10
7.194849712989209e-11
1.6182681304839972e-11
3.5164311811965126e-12
7.382044346420446e-13
1.497180160774336e-13
2.93355586981035e-14
5.5531262901098815e-15
1.0155554083593412e-15
1.7942897768552455e-16
3.062699787827598e-17
5.050555647808372e-18
8.046310344676932e-19
1.2384465993494708e-19
1.841537993416028e-20
2.6454954686274277e-21
151.2768634076997
264.13531332128815
445.557040436824
6589.68086800401
11403.362822403367
22146.162390115995
30867.217246227327
49414.891269983804
76537.62375895095
114691.57405514129
166269.47073786586
233187.52574290152
316372.97623846715
415227.5347348906
527179.8865529525
647459.0005779406
769206.0900924747
883990.5706557024
982710.3716141836
1056758.6072971446
1099254.9095135948
1106098.7420848317
1076621.5059380827
1013693.8530418042
923264.4384832494
813432.8239270702
693256.61767307
571535.394961183
455793.9032957892
351616.32621458697
262387.32210625
189403.2099765355
149623.23204533916
102184.8579943249
67504.6354350803
43135.455120818195
26661.355236998323
15939.310857772361
9216.964734170924
5154.993813604081
2788.5614158758804
1458.9265132395606
738.2040141789164
361.2411645572963
170.95565125857308
78.23880342028076
34.62583033508693
14.81848866397082
6.132246305330335
2.4537670466537467
0.9493604905193918
0.3551395779055929
0.1284467596124581
0.04491480893420548
0.01518394462327737
0.004962435164711951
0.0015678591127928072
0.00047885963964706886
0.00021312284825424996
6.151556195787121e-05
1.7163113565710534e-05
4.6286205109510834e-06
1.206535779992343e-06
3.039842467035902e-07
7.402419820585646e-08
1.7422001202499613e-08
3.962911783178286e-09
8.711913714726138e-10
1.8509159047895105e-10
3.80036526634508e-11
7.540870630837425e-12
1.445997331939293e-12
2.6795142869011633e-13
4.79822209878552e-14
8.302975510049923e-15
1.3883856262239903e-15
2.24338356933573e-16
3.5027447141524604e-17
5.2846925014906936e-18
7.704284332539303e-19
1.0852796300125462e-19
1.4772171115935063e-20
1.942880428868133e-21
4.9302581375425475e-22
6.1318241073274e-23
7.462280586682115e-24
9.897826715603572e-25
2.556088973669967e-25
1.9044237716676636e-25
1.9707879387178633e-25
2.0649805253835267e-25
2.1030927361065387e-25
2.0734883639016275e-25
1.9782140977688626e-25
1.8262274521659543e-25
1.6313312350951732e-25
1.410041408258169e-25
1.1792887656933342e-25
9.543382814009489e-26
7.472617621042624e-26
5.661411110757962e-26
4.150021247195411e-26
2.9433416336330504e-26
2.0196942763189545e-26
1.3408307194890243e-26
8.611786905210533e-27
5.350941650648704e-27
3.2164026670732293e-27
1.8702455354269865e-27
1.2790952596095627e-27
7.036799197399412e-28
3.744477461551811e-28
1.9272296166187423e-28
9.593650020062721e-29
4.6187468927241187e-29
2.1504823280167547e-29
9.682789383188212e-30
4.215989152737887e-30
1.7750659569643597e-30
7.2264888446785635e-31
2.844592808704984e-31
1.0826180171444464e-31
3.983598942773201e-32
1.4171129846598542e-32
4.8735524698442704e-33
1.6202552252417852e-33
5.2071813216979926e-34
1.6176661548225484e-34
4.857670534899732e-35
1.4099600123000208e-35
3.955599751125203e-36
1.072586951371147e-36
2.8109667550766465e-37
7.119851426135935e-38
1.7428809951609968e-38
6.692086994208023e-39
1.5475308605938656e-39
3.458386061988906e-40
7.468881252929384e-41
4.019808294432914e-28
6.995697781290664e-28
1.1761957971609111e-27
1.9105178226047516e-27
2.102168726519441e-26
3.5495119724892597e-26
6.650196162739398e-26
1.0649033599561566e-25
1.6512288791598817e-25
2.4790517945235633e-25
3.6033802110464076e-25
5.070496921822311e-25
6.906870568655645e-25
9.107123289100881e-25
1.1623393364939885e-24
1.4358952918455178e-24
1.7168809155234735e-24
1.9869059346284084e-24
2.225505187394232e-24
2.4126279266187093e-24
2.531396544882844e-24
2.570613209371661e-24
2.550364200871317e-24
2.4525710835465746e-24
2.282684115032645e-24
2.056239873219009e-24
1.7926840077372066e-24
1.5126311907598698e-24
1.235258586001412e-24
9.762770753231153e-25
7.467445776556692e-25
5.527728182470845e-25
3.959926482202749e-25
2.745250691706977e-25
1.8416976365373274e-25
1.1955879339929732e-25
7.510270011510354e-26
4.5648132057872684e-26
2.684511441192491e-26
1.5274343657387328e-26
8.408029462147447e-27
4.4775330497784284e-27
2.3066101977060903e-27
1.149417806264874e-27
5.540221415206661e-28
2.582848042087126e-28
1.164582275510999e-28
6.721775426547111e-29
2.866404036941461e-29
1.1820346912612463e-29
9.754869460794342e-30
1.072531969052706e-29
1.5883902191292115e-29
2.532245316603025e-29
4.004197155444167e-29
6.153342877115086e-29
9.147305855237346e-29
1.3140794313858421e-28
1.8238955087098217e-28
2.4457220494455785e-28
3.168388501800057e-28
3.9654541176073576e-28
100.7509008072649
174.4545097463833
291.83565448392426
471.64733578273376
736.4093730471338
1110.8210883228646
1618.7948378189133
2279.094809205641
3099.9583552238764
4073.542141677767
5171.439566746037
5948.173970185365
7129.532391459736
8255.840942236444
9236.011698456805
9982.297705548677
10423.161039543096
10514.563884158697
10247.2177921884
9648.139090794475
8776.149873470398
7712.361768308439
6547.773400393803
5370.599609609952
4255.737154605046
3257.9896804427194
2409.6141129277853
1721.7424147237784
1188.5343693298705
792.6440389526985
510.7019748313843
317.89212024785576
191.16785848870256
111.06388823711261
62.338128310501766
33.80317780657836
17.708598339174234
11.289672419477437
5.584009420783898
2.668294926074721
1.231811927003048
0.5493863511196386
0.23671959705435586
0.09854020161477832
0.03962922383985321
0.01539715823226054
0.005779476014582981
0.0020958454053769727
0.0007342651405623327
0.0002485246451676787
8.126600316454511e-05
2.5672681061358786e-05
7.835314561336724e-06
2.310279551357956e-06
6.58105496466959e-07
1.811129015489957e-07
4.815330995954467e-08
1.2368749331206063e-08
3.069363452102109e-09
7.358575215698213e-10
1.7043627570047858e-10
62.84227901049748
91.56926602097376
156.50042267715625
258.40694576732403
412.2073558250281
635.2580518254043
945.8178493206758
1360.4660838675743
1890.56154320074
2538.147202946608
3292.044360963521
4125.128086118094
4993.810793251003
5840.494451631122
6599.180907464217
7203.662193063419
7596.954583843562
7740.136286301647
7618.6947176007625
7244.950491036122
6655.997632131179
5907.636728957203
5065.674629848463
4196.465793127174
3358.558904942549
2596.8396787123384
1939.8144648989262
1566.6895435793049
1104.9335075624576
752.8565433989789
495.57706723069447
315.1614279120641
193.6322999979475
114.93318320065387
65.9076690921778
36.51315462923364
19.54274865730435
10.105197898873229
5.0480876396033265
2.436306003672652
1.1359511908587998
0.5116940809807589
0.22268143013307082
0.09362255666016785
409.659332565495
717.9346003517769
1215.6094999524357
1988.5275402776117
15689.017701798333
29395.64555641309
49141.14147385623
87727.03553910658
139131.01189661672
185947.89559170252
279863.3386619226
408099.01706073066
576490.4022108829
788819.697984107
1045403.8756459699
1341780.4342366531
1667815.5706411344
2007562.573653709
2340108.737387193
2641468.2099655187
2887339.305041757
3056308.6586478786
3132922.574597417
3110015.835196416
2989812.1387355365
2783563.1046888824
2509808.0531078023
2191627.9559252276
1853456.117122491
1518051.0452660613
1204135.2400347595
925000.0272761333
688137.0588219744
495747.2616924406
391344.84595618444
267212.3243881608
176664.5372028941
113086.645094765
70082.9786102214
42045.63521238665
24417.55962604527
13725.26726434088
7466.887986532641
3931.162675787533
2002.750424218713
987.2313363339896
470.82492613156114
217.2256388314173
96.94766887101561
41.85071432689451
17.473237033480043
7.055307819988682
2.7548580868443335
1.0401434596919927
0.3797253925929037
0.13402988468626126
0.04573661883263671
0.015088054197903825
0.004811572934443027
0.0014832178444659381
0.000664182355653679
0.00019346538564718685
5.446720187399954e-05
1.4820642141238932e-05
3.897486731427405e-06
9.90545808819417e-07
2.432901122832402e-07
5.7746144397617163e-08
1.3245237479301061e-08
427.959357332385
733.9665159870516
1216.1099866162535
1946.6700561952644
15448.578220606692
26250.83612487759
43247.0582180275
75600.37207924432
118266.38838394408
179377.72641871008
263725.5347476279
375778.8187797481
518850.1996498485
694108.0275821328
899591.3224054034
1129445.313758367
1373616.04812579
1537615.3920503147
1773330.1674776496
1981038.5970708525
2143682.864329151
2246983.726758294
2281502.1005978
2244059.8922179136
2138217.531176114
1973711.1452944023
1764973.5522232987
1529050.517970198
1283327.5765610721
1043481.780127319
821977.4643155535
627271.216755003
463725.73154043604
332097.6147151376
230386.7469877831
154820.18963946277
100779.88525916122
63548.64407790755
38819.96781680379
22976.437722492934
13179.519198544021
7329.739717160485
3954.9170186268348
2578.7624932786766
1326.2696580953082
664.3170211552803
324.93302096636506
155.75252474270815
89.99933781947165
62.8575023564995
63.614669997255604
84.32750170786615
123.3634209482229
182.21346094094847
263.54129292836535
369.7679278815139
501.87460225779535
658.3651837064415
834.4928694990688
1021.9328447717556
1209.0725671795567
1381.9995478649294
1526.115037579548
1628.132983292676
1678.0909298051138
1670.9522456013485
1607.442660520671
1493.9285756782638
1395.7429627011043
1224.723181477011
1038.2293847309536
850.2988294500653
672.779473141046
514.276607165611
379.7901475073358
270.96519152711124
186.7696054537252
124.37176126863301
80.01294473645312
49.73036080383919
29.861103480995173
17.322596177564265
9.708295713813808
5.256490670915919
2.749613718324079
1.389537783102054
0.6784095001222646
0.31998997173595056
0.14581550340975472
0.06419392365706088
0.02730278993534268
0.011218712545725502
0.004453504540131705
0.0017079834762748101
0.0008844722734059135
0.00032026105689990483
0.00011203324835912625
3.7862789810961415e-05
1.2362354100798289e-05
3.899533306935946e-06
1.1883571279457944e-06
3.4986798457024057e-07
9.951403074589423e-08
2.7345591253593728e-08
7.259608573227079e-09
1.8619241208450587e-09
4.6135330686227566e-10
1.104404541754394e-10
2.5541453982739813e-11
5.706711733384925e-12
1.2318253593512574e-12
2.5688292177633486e-13
5.1754034414474575e-14
1.0073399889046002e-14
1.8942217785132862e-15
3.441188499179185e-16
6.03961126489574e-17
1.0240764920244456e-17
1.6775624446925485e-18
2.6548982769453596e-19
7.620323463188997e-20
1.1386253411691308e-20
1.643659226306656e-21
1.808395468532831
3.115218793091034
5.1844964872509065
8.335804131838062
12.94825681423434
19.431127172657455
28.171344214106533
39.45845101034229
53.39435950139405
69.80292417147352
88.16064074189738
107.57187681154534
126.8077042755168
144.41603625318336
158.89421580344373
168.8976634123167
173.44511845654753
172.07723045649885
164.93302343039505
152.72661253848597
136.62957099259205
118.08577289946153
105.11036375225626
95.06503619748887
83.65571445453332
78.2379967145682
80.96097768987819
93.95289064155367
455.78459481238707
742.9026073629741
1193.29750150754
2012.2592716500417
3101.8403346506907
4645.403757908389
6753.104222623079
9524.32600785185
13027.772314655647
17278.63551819714
22216.695774781274
27690.42999956878
33452.42918821884
39170.21357791076
44453.87116753524
48898.2849908227
52133.95282059452
53877.62914363754
53973.16049466041
52414.36423592382
50521.60898543154
46590.62794138812
41655.24818724727
36107.67097079989
30345.195084766263
24724.96523280829
19530.946513761908
15019.967083177218
11213.95375379645
8177.244960515323
5879.578771663064
4252.773422129993
5125.22044959432
6404.817688808245
8937.070270401191
13335.935112856485
21650.57536193038
32665.268300576252
48139.14643163572
69004.0044041011
96040.49056912349
129687.07339795628
169835.50201863737
215651.55469979768
265467.6731382165
316791.3112863517
350301.00955955114
396900.9981971546
435929.18668748694
464149.29070497496
479102.2195803515
479458.82610012667
465212.8309262029
437675.5646439099
399275.4136865374
353204.71401367674
302985.0504630706
252032.07907293126
203292.1968585761
158999.97332599375
120574.8836152144
88646.83639880498
63178.76076855971
43644.34060210246
29219.643457118087
18956.05895795948
11914.599704969254
7254.350787776891
4277.926043645774
2442.930744086505
1350.704444938322
722.9534906314722
468.03359044685857
237.23460150380976
116.36007882079966
55.21978955446261
25.350914148539086
11.257648944475946
4.835125727699076
2.0082987829532564
0.8066171706823915
0.31324688694144087
0.11761186153373183
0.042690237738347306
0.014979250353345734
0.005080533796507144
0.0016655689055233445
0.0005277502231798531
0.00016161717608756835
4.783243929494857e-05
1.368100203714595e-05
3.7814616559972645e-06
1.010032670044352e-06
2.6069571967196736e-07
6.501972961144855e-08
1.5669685779414952e-08
3.648978783493976e-09
1.3550702055654184e-09
2.980007480933467e-10
6.33215611242577e-11
1.3000479488975268e-11
2.5789088675207352e-12
4.942849306806743e-13
9.153345029433385e-14
1.6377217975057286e-14
2.831101025972751e-15
4.728495474140953e-16
7.630283597993406e-17
1.1896150464035442e-17
1.7919194622948263e-18
2.6078055103226084e-19
8.750006482242544
15.071767551900205
25.08088671678981
40.32222346114457
62.628057840616805
310.1181939686385
555.5414632717738
904.9891338279041
1433.404587557832
2352.586296368838
3552.070347596433
5210.422367324885
6618.032350558946
9242.143991574001
12525.503272433649
16469.29505776902
21004.906733395106
25981.746616810877
31165.785232942242
36251.94677485248
40890.939566194014
44727.87976711589
47446.95993344076
48814.36084944516
48711.298456522694
47150.75460044586
44274.69578663102
40332.59480633306
35645.78505993756
30564.671901379337
25426.573142418194
20520.954447989516
16066.519181953447
12201.73169918764
8987.65170383483
6420.008176238449
4446.52009236343
2985.5467701650286
2249.9002052609017
1433.8864731301805
885.441173127986
529.6757497155918
334.0294359726443
219.23188395839392
172.33049815196122
176.6851180526954
224.345698583806
313.337029800261
445.0519480442939
621.7516020221316
844.2007294188953
1109.5660152637565
1409.8211063136348
1730.9705692516468
2053.375530099374
2353.3138671871056
2605.658272725364
2787.269839617104
2880.4730066183024
2875.8855972250776
2773.973617204569
2584.9726091765197
2327.193286803097
2128.610389193171
1809.3010408758657
1485.7590188046647
1178.7149823630646
903.4250299579035
668.9571811860857
478.55009635277645
330.7344103231363
220.82805270013606
142.4465678749973
88.77130883480656
53.44611513050503
31.08726741319399
17.469152719208996
9.483835676029653
4.974152383426426
2.5204439122421887
1.233837244159329
0.5835278656051568
0.26661722930334175
0.117689497397108
0.05018917903514278
0.020677849108454563
0.008230448812687556
0.0031649332945872144
0.0011757865564073705
0.0005960973041695659
0.0002090832445914062
7.085070735922588e-05
2.319487500448724e-05
7.336058212160239e-06
2.241591068791987e-06
6.617179150776805e-07
1.8871754760594983e-07
5.199655397945816e-08
1.3840753257798086e-08
3.559326082959533e-09
8.842981454689963e-10
2.122523648383817e-10
4.9218599015608825e-11
1.1026275610227681e-11
2.3864444325698846e-12
4.989955762325272e-13
1.008010256065545e-13
1.9672343212960824e-14
3.709113481732243e-15
6.756270604154764e-16
1.188958888604056e-16
2.021387301090284e-17
3.3201304870851228e-18
5.268462443301655e-19
8.076754888863915e-20
2.269630549663698e-20
3.2853267687648498e-21
4.596201988094098e-22
6.227556697494418e-23
8.276861288082364e-24
1.1611121384186282e-24
2.3153298790992915e-25
9.524999268422811e-26
6.096428311595246e-26
4.3487091514867087e-26
3.212342034575378e-26
2.5490984143093725e-26
2.2410231423318006e-26
2.2630149317712068e-26
2.578782681640014e-26
3.1577012136553396e-26
3.969220729588328e-26
4.976597989388435e-26
6.131522440297259e-26
7.371134652632077e-26
8.61850085282404e-26
9.786914222380053e-26
1.0787556424209687e-25
1.1539251383591732e-25
1.197848250276479e-25
1.207791886586519e-25
1.192806737524303e-25
1.1434583227465326e-25
1.0641102537583234e-25
9.614010200780668e-26
8.433302124871689e-26
7.182478764147861e-26
5.939178350603856e-26
4.7679078478065684e-26
3.715655901814341e-26
2.810537699090839e-26
2.063074232599201e-26
1.4693466065217204e-26
1.0151256049672512e-26
6.80136364541622e-27
4.4181708678022856e-27
2.781932061470287e-27
1.6974426480968637e-27
1.0034071857800911e-27
5.744936314853165e-28
3.185050330728837e-28
1.70951643176095e-28
8.881069813719117e-29
4.464862441462529e-29
2.1718219488408665e-29
1.0219812911780591e-29
6.069574292393337e-30
1.555099352697754e-29
2.3448431971967024e-29
3.7825207024896745e-29
6.06420701196792e-29
9.460991908799308e-29
1.4285982697460782e-28
2.0849840965071094e-28
2.940133999260609e-28
4.0055905597878434e-28
5.272725270107354e-28
6.705028228301468e-28
8.23750006362782e-28
9.77736560578034e-28
1.1212001578912158e-27
1.242178096673026e-27
1.3296284444182286e-27
1.3750900104528787e-27
1.3740367302172183e-27
1.326625910552572e-27
30.519716133691162
52.704024815346536
87.92855992688261
141.72257197946678
220.6840657568323
331.9906206015344
427.6039948818251
607.3439862230881
833.3944492940971
1104.8144809757296
1414.9822721546361
1750.7959202610098
2092.8733097969816
2416.9810169962357
2696.661444150449
2906.715312937097
3026.9235877105625
3197.60105184565
3221.2564231439574
3212.667326724732
3215.369759691582
3283.628502542818
3476.2887509643915
7861.73681440573
12143.013475790718
18300.301584155925
27621.685695539265
42686.74532987579
63588.114943684865
91607.60263365944
128581.11301141624
175573.50549021453
212711.24436713936
276880.34984612296
349968.4112055746
429413.7517063973
511404.7168482763
591112.1059992713
663131.8235838477
722086.3783235928
763291.7133770398
783372.6756821376
780714.0585187185
755664.8621763586
710461.4318015012
648894.4944122158
575786.4897197045
496379.93804830284
415740.1466026345
338260.79045614204
267330.2943852266
205180.52603135412
152905.42584860034
110612.08007798584
77653.50769418603
52891.09768751311
34942.786319557636
26057.637336240223
16354.745664517935
9952.86684311199
5873.6892320503075
3363.0765754928984
1870.1024023807927
1011.8609189429646
534.4879316344521
277.12490475267253
142.22214713769662
73.0999189380808
38.17145199383766
20.53080687631816
11.46807529073224
6.644868604610256
3.9539868933651046
2.381474848319467
1.4313900739703955
0.8489173945876478
0.4928550119547633
0.27865794710924835
0.15294057435595354
0.08132517794480351
0.041847798194128996
0.020824119226865792
1.2516109826929132
1.8156412505493356
3.0966711775998133
5.111656557042721
8.155647358856141
12.572835255979408
18.72602298879446
26.945401648908646
37.45826803684034
50.30763323365335
65.27442257547288
81.82294320474301
99.09004993149136
115.93321644512483
131.04142575707812
143.09755742416195
150.96585055377915
153.8679267599825
151.50967700306853
144.1303791197628
132.4626905384901
117.6127762138907
100.88772231156024
83.60745803364952
66.9382891395432
51.77583160731649
38.6903309407247
31.25590417563081
22.051877543293664
15.030795423520523
9.8978585271148
6.296850850410266
3.87015587857782
6.578186061515971
8.790938914388795
13.334768702766702
20.930021048162327
32.536432893153716
49.27881242757576
72.30892497721105
102.60022467090957
140.68889009174103
186.39644968205633
238.59021852679209
295.0497238445501
352.50251362270944
406.8671407050302
453.69716804535193
488.76765838870637
508.7000238881372
511.49800868425876
496.87714964615157
478.11436430056114
438.5054688495762
388.544819581307
332.6060297827106
275.06922252723894
219.7742304485742
169.6424056762541
126.50711838751562
91.14196562851629
63.43730202953779
42.657353144893385
27.711880065054245
17.39245801141845
10.545782809079547
6.177596928761136
3.4960947993146605
1.9114798257691243
1.0096692353409296
0.5152421866143994
0.25401922822218864
0.1209886570362966
0.05567312589452133
0.02474967173920908
0.010629581502893783
0.004410479174412446
0.0017679837607767288
0.0009429441783081054
0.00035687540907271064
0.00013048787228792788
4.6094229764053476e-05
1.5730620770436377e-05
5.186424339968955e-06
1.6520116991335131e-06
5.0837136109596e-07
1.5113739113351945e-07
4.340958683584167e-08
1.2045428933781427e-08
3.229102073168923e-09
8.363039799717092e-10
2.092519144891362e-10
5.0582187028345286e-11
1.1812685795894603e-11
2.6651557136841776e-12
5.809241218623576e-13
94.55314130665005
167.40828610991483
286.3523983917406
473.2031055010504
755.4700185093329
1165.2249294588435
1736.3016897899265
2499.559588479221
7351.979994441731
12326.681706822075
19231.257542115793
29369.385364339778
43840.69936670396
66584.06449433276
95389.43662522601
133181.19028675888
181025.74935936255
239342.43629465127
307605.6046842129
384113.3425877841
465892.0265827285
548791.6776862346
627794.0971288488
697510.4922750383
752799.3849809634
789402.3858532617
804485.3017997744
796988.5804551591
767729.7083973949
719249.9496047468
655445.4952997973
581057.5814233811
501111.47817192157
420390.4222761581
368216.1431585114
294893.4097215012
229606.37909875382
173745.86183023863
127729.63440430314
91187.85621490017
63192.358690514506
42489.998696645926
27708.877462246022
17517.964203888445
10732.800720895139
6370.172756985736
3661.465216579957
2037.4845286922864
1097.3692849786582
571.9084064683963
290.0839037667118
143.5978721820095
71.25503060784577
38.148264781011775
41.30367066026491
51.34355754125401
74.75276978804064
158.71946133031966
255.50010998045715
340.5948708342105
513.2954474706914
753.3964774363859
1093.7637944686835
1534.820388776899
2087.156674081658
2761.97560735657
3556.040553593815
4453.881838148113
5426.362372751381
6431.031238287343
7414.602608468261
8317.495973951753
9079.918508376823
9648.584148429
9982.962308476584
10059.999090369234
9876.547067625124
9449.194241017936
8811.672846847625
8010.430075792529
7099.17328909358
6133.2415604012085
5164.537837628992
4237.545776594851
3386.716906249223
2873.7528638762465
2196.0053784338743
1632.3699802349827
1179.6536451203183
828.297256132708
564.7572561430684
373.7132002046207
254.01485637796566
173.94403063295775
139.33839226343005
133.59346160447805
158.34469450552854
213.60261036789285
301.24687738059794
423.85282169021235
583.2841380180989
962.1578708713376
1359.6753718827633
1860.532402043033
2512.7652043481175
3355.1756251332904
4510.779981059324
5969.380846375916
7781.994275895281
10021.504371971027
12717.222467412565
14765.933025735023
18180.31707185477
21914.146683072562
25811.726441533418
29665.363101385807
33232.896430360575
36263.624545093204
38528.49719763946
39849.2088385363
40120.897834985124
39324.51909007812
37527.17379299855
34871.09695308493
31553.987433590875
27804.510297305715
23857.01317368055
19928.946676522493
16203.467572483183
12818.536441344155
9878.850112600638
7405.538917150742
5410.066707750317
3864.4115123570796
2720.534874015615
1920.4354599971987
1548.3860617062203
1190.1238337293964
1026.159447382163
1987.1584752956323
2791.150543782456
4087.10238425769
6018.8557998643
8764.955605412531
12977.02530392596
18269.890609068752
25104.47426204049
33614.15524822815
43807.44394247046
55522.917716100696
68400.36670950455
81878.60697511796
95226.47084212107
107606.89449180395
118166.38422598258
126135.64436883021
130923.81230173416
132189.6570536997
129877.98539477082
124216.85055092255
115678.82514124452
104915.71331759913
96873.42118763132
84083.1594905427
71075.47349170342
58498.19212681905
46863.830118282625
36528.28444751448
27689.363550748174
20401.801404527687
14603.977873137892
10150.911005041875
6848.23545941412
4482.768569669868
2846.6859558091555
1753.961708384514
1049.227382844251
610.3000759858512
346.19895630671914
192.54151711407596
105.92424402054682
58.426980021258004
32.89571479717177
19.259595116473704
11.868243625993458
7.691138031939608
5.171964166019844
3.5408048260786535
2.753155952327749
1.8707902107172754
1.2467020525775139
0.8096345410524449
0.5104744568055004
0.3118033417342351
0.1842805782385134
0.10531096835318596
0.05816977550515979
0.031049804876936878
0.016014263022171668
0.007980190670417673
0.00384204167377303
0.001787082645094709
0.0008030750321511294
0.0003486533516575197
0.00014623667679285172
5.9257413485940066e-05
2.3198106156287113e-05
8.773756469656795e-06
3.2058388120100014e-06
1.1316725284502998e-06
3.8594267718170646e-07
1.2715919014337108e-07
4.047581522103029e-08
1.244704763511806e-08
5.563219991218848e-09
1.6152328263490576e-09
4.530716820896671e-10
1.2277829347999317e-10
3.2143943329695445e-11
8.130169527605952e-12
1.9866572008461055e-12
4.689960192554815e-13
1.0696415477747918e-13
2.3568408523181268e-14
5.017011973287809e-15
1.0317700189276383e-15
2.0499513634812223e-16
3.9348401839641916e-17
7.296818255812186e-18
1.307262684499378e-18
2.2626384210799896e-19
3.783472908995835e-20
6.1120962570809635e-21
9.539323343860818e-22
1.4384284483328521e-22
2.095880293271287e-23
2.9526967896553214e-24
4.0323067113266294e-25
5.394475110270741e-26
1.420041197285525e-26
2.110086307932778e-27
4.468155186477364e-28
1.7359005035665928e-28
1.1551319269692503e-28
1.8783256665619983e-28
2.7303929489698082e-28
3.9985622139833056e-28
5.876415180468622e-28
8.537779489919866e-28
1.246496709545784e-27
1.7653406987490627e-27
2.4318210190391714e-27
3.270353862224464e-27
4.2873720207240295e-27
5.472258217720137e-27
6.795046699753707e-27
8.20446004821254e-27
9.630223485792767e-27
1.0988694375282336e-26
1.2191379170047194e-26
1.3155009087602632e-26
1.3811419655997208e-26
1.411548999185826e-26
68.25274955708366
119.20685039372724
169.60343196919658
279.67512569986457
445.54947289255347
685.742257571072
1019.6444928000607
1464.73658566007
2032.7930497703978
5323.068143200729
8450.470387607045
12700.780160701592
18813.137802210993
27408.705129716873
39180.94724118351
56632.38928195694
78016.93272631279
104895.02452327286
137438.454790967
175287.0136088455
217436.2136747629
262206.5906053981
307320.7860025133
350092.7782170043
387707.6470824301
417547.09618259827
437503.0086802578
446222.9467990278
445529.0802618696
434951.1895580238
413877.89135749254
383995.91639336635
347458.1349177882
306642.18066774355
263921.83910610876
221474.04321166204
181134.23971268398
144305.06100607826
111917.86449373381
84442.79730467897
61939.61239830207
44138.26974649576
30535.988965021454
20553.96230689044
13441.494276790594
8586.570980721097
5423.386607686755
3488.483380296318
2425.7552771173596
1977.0684947696866
1964.211639122475
2267.2259310927193
5129.810452800903
6937.970840656156
10328.991337612779
15271.287756848427
22296.68827675988
32030.75018229089
46113.07130743092
64389.00378545753
87374.59093376144
115658.37010757526
149130.3014147509
187112.6276500728
228295.7438118969
270767.86479175923
312151.34442456736
349834.83506350475
381266.58516985213
404257.55015434494
417239.23967397254
419431.7231526822
410898.4616378981
392489.63829668093
365696.78931202594
332453.47202151886
294918.1441179946
255268.85797499496
215529.27736563457
189858.4328444986
153644.77175220576
121115.83774387705
92933.36821089651
69359.46088601644
50312.568125356695
35445.97551904907
24236.958387180453
16074.406642366828
10334.49611747359
6437.556523653923
3883.6275579388807
2268.1523364605014
1281.9827479847336
701.0452040153135
370.81829589140614
189.6886582542729
93.8241266750245
47.91514119943661
26.135108373193777
19.102898078943152
20.304731561720782
27.780568003692828
41.082000628701444
60.69113269173614
87.42223365481368
109.56118387744509
149.48613563755137
197.14406374365944
251.26321839161804
309.4713869677287
368.34789902749753
423.68783099726363
470.96549890173924
505.9331738989524
525.2475817569111
526.9966574404999
511.0116004144498
478.89367722149706
433.74988275517927
379.6978692582441
321.24929347182785
262.69889164843323
208.11018915630135
159.4565025430859
118.54148269594428
85.91016836326685
61.32540881548583
44.03037779534575
32.998603291562546
27.128812726545902
25.558642285219086
25.995958133436076
53.42357566466379
75.8716839621574
109.66812653313113
158.4472969396471
226.7099599157289
319.4622628241764
453.95220979805566
618.1302443624519
822.0914884788333
1065.9439603132755
1345.688178746209
1652.5960583097387
1973.2692719333327
2290.506445768317
2584.9315705981558
2837.1463548029747
3030.0265267304285
3150.735364105919
3192.094925698936
3153.1146769189536
3038.6747463837405
2858.533281510375
2625.926216255297
2356.0379786922636
2165.8811693908156
1870.4253725346723
1578.6786634662585
1302.9887587691694
1053.1704326200693
836.2160071017437
656.2147512353628
514.4662332903288
409.7627099468614
338.80199159267397
296.6837972513352
277.44442826582497
274.64317663792946
281.7225096289117
292.69163023052323
302.42728601354264
307.03181350943265
304.03975852354944
292.46869752370486
272.700951876553
246.21104924578833
215.1837867139486
182.08946658661003
149.2888417675211
118.72865812304597
91.76357085352984
76.16273253191372
56.49221661085885
41.11512375762178
29.53243855962913
21.076906223605015
15.048703105992375
10.80977143680115
7.834790532114989
5.725866122605064
4.202428135473948
3.0781765764114875
2.23463073347699
1.5974580100185634
1.1184903363651795
0.7638704060579609
0.5073190570189959
0.326958393462044
0.20418181762602627
0.12343073193413787
0.07218078804385399
0.04081492894113705
0.02230938431886097
0.011785352986554734
0.006016282317018854
0.0029676152879754823
0.0014143487797441054
0.0008466156574767832
0.0003809942368710135
0.00016564894008485928
6.958118751484563e-05
2.8237386314746733e-05
1.1070936989079074e-05
4.193435826282988e-06
1.5345476742616455e-06
5.425189205039701e-07
1.852990060135103e-07
6.114412154183103e-08
1.9492142017317392e-08
6.003265361491141e-09
1.7862348265856492e-09
5.134670157063728e-10
1.4259670822247446e-10
3.8258626911748515e-11
9.916814125156977e-12
2.4833496527129574e-12
6.007952210942009e-13
1.40422907639779e-13
3.170825520960612e-14
6.917188623078004e-15
1.4578397264010186e-15
2.968334438005466e-16
1.0078461612230774e-16
0.6462231822331103
1.1457349755032975
1.9624956127985032
3.247551931618825
5.191900980667362
8.018988375213457
11.965632304033846
17.24942444646924
24.023509427220716
32.32370831971484
42.01736312012712
52.76662231691174
64.01955966601638
75.03933154169928
84.97440200727557
92.96300714539687
98.25509883737124
100.32817592376362
98.97229074675398
94.74021098215776
87.5634475090914
78.44303748300372
68.30041403733736
63.46207874252586
58.060216853431626
56.544972640941104
58.54755359284315
67.06218747241891
83.60218536767952
109.53591671559755
145.91009238801146
193.20157088063314
251.02771034301733
484.9600936613772
709.6793909409122
1009.9506222305657
1434.734688352288
2029.4630774656798
2847.884594031654
3947.5245919696968
5505.172471367173
7401.835083607902
9731.90796313283
12483.338417756779
15596.252353077265
18958.795385269703
22411.270489095292
25759.24218195661
28794.121823070724
31317.731565303966
33166.14804410974
33965.88619344249
34472.78523502759
34147.86055500857
33043.565286658326
31258.785267287818
28923.78576405065
26185.274923802073
23193.685870651705
20093.4252573714
17015.778614811537
14073.72075703092
11358.032042954648
8934.587701816055
6843.110559690326
5097.806046312655
3690.0817521718104
2593.5758151902637
1768.463221632068
1169.4222661493636
749.9953339917467
467.06060466025934
283.5077451291154
169.4143480341582
102.01737363004847
64.88712227280035
51.188862941153516
41.28791392934803
39.37242586908522
41.84009890668339
46.35693105036938
51.3624417654726
55.77847476534187
58.86311414531572
60.15229458505281
59.440743099915444
56.76719960221832
52.383702509482596
46.70275944053153
40.227362533782745
33.475519878837815
26.912715264826158
20.903123852044477
15.68512544603164
12.551264581096698
10.03434504764475
8.897358001369945
9.266995597796782
11.310466859930758
15.240854745784334
21.295433261057546
29.68587117921807
36.63966717937147
49.08781789330296
63.72829356451431
80.02778408154194
97.13663228342564
113.92851606437048
129.1036082187451
141.3450636606539
149.50343263341603
152.77303695447577
150.8224536131159
143.8495539110432
132.54826884744372
117.99471112746421
101.47847472122946
107.11523062939894
109.16743052606141
121.73193019730606
151.00821628345346
202.5313025962658
282.0687014683528
395.008358441092
545.4329242860822
734.9512814913656
961.4705238788646
1856.7213334691382
2404.6017092800907
3487.438054552559
4956.982729842112
7006.176906298379
9836.41060170116
13662.058851816657
18945.383574262945
25644.835362573845
33903.32263281396
43735.821059755974
54963.186815906265
67231.05724110958
79993.22789607411
92564.2315704303
104189.95916873215
114135.75812918304
121775.12533628612
126661.38883660715
128569.05610096766
127499.48953154363
123654.57333357587
117389.05332360863
109155.13585679661
99451.29128710827
88782.33511189587
77632.11091014039
70153.07819478097
59165.07104629404
48763.155582708554
39230.8056480781
30772.122723011027
23506.109232773633
17467.39280716682
12614.665424290897
8846.088415862738
6019.142390257071
3971.5098856441446
2539.7434719092257
1573.4500571412304
944.0507755577704
548.3989969955203
308.3619637679784
169.21758223926813
90.84447144364596
49.23044373003825
29.09314610239251
21.515098259695453
21.615620332172945
26.925231049161948
36.297414463024786
49.19728067788707
59.571348686889934
77.44031520728073
97.42779952694596
118.48221090202433
139.2247806899107
170.72987509833536
195.40973568526894
220.7647072546391
248.2517524581151
280.4360919262888
320.8724473140835
373.69334217417264
442.90424726003977
531.459275757754
643.3208952165115
772.6045385670317
1418.9727237421994
2004.5433688291187
2781.9608660728086
3880.3379173988014
5410.222812101332
7497.085238971723
10266.25271775886
14083.103954817125
18667.4208945154
24172.48803842501
28314.41471262058
35100.75824120906
42324.00589899939
49616.178736563445
56557.92621940808
62704.819076148335
67669.82206315566
71157.05538974906
72994.9226027631
73146.42439264074
71697.36696444977
68831.7122902571
64788.27182720588
59835.85028702438
54246.15912207712
48276.59385602506
42163.59337357321
36119.636170179
30330.87505525537
24953.266297704333
20107.215043299355
15872.430012881163
12285.233740239675
9339.987675684515
6995.047270149981
5182.146516255816
4228.157618224685
3113.7349653828924
2303.250598483395
1719.9030501223774
1299.9442792771872
993.9648363691715
766.0591194098524
591.689301387396
455.00716729309863
346.2144595619398
259.32477530713805
190.4896495803063
136.89804482773863
96.16133987949834
66.05101337691015
44.452125496905694
29.4180299337968
19.246384747232817
12.531991779759348
8.180781032179963
5.388093245258629
3.5934928024939023
2.4259868794285118
1.650792989364761
1.1244239133831446
0.8676094581728376
0.5819502538098734
0.38333376283862375
0.24673540924758924
0.15461976827673
0.09409490896650112
0.05551058054376986
0.03170916662510298
0.017524909365872938
0.009366267454498763
0.004839179735437584
0.0024164425543187736
0.0011660546532798858
0.0005436993722010026
0.0002449458628334578
0.00010661928152111525
4.483784454664044e-05
1.8217545725851822e-05
7.150995774528802e-06
4.660093769460055
8.068314724532572
13.495657535683442
21.808620099284592
34.04749923725974
51.35291941255405
74.82865591442659
94.35158420394183
129.80461899475205
172.52577357035148
221.54280516101488
386.78535072261155
542.9385481313727
747.8780884924928
1034.313355046883
1434.5918957474732
1988.2645213171436
2739.116274404201
3729.4182888303803
5076.055461264667
6684.812838507825
8598.14682241468
10773.743812202862
13134.359221076897
15567.480485778276
17938.71171482521
20099.088543829937
21914.304754652843
23275.7294584712
24114.406361776433
24406.295227856044
24169.62592400945
23455.907922312996
22808.04979073265
21515.83345234573
19978.879504122342
18291.914057808783
16541.67930945371
14810.7655602739
13177.130647846556
11711.854703641162
10515.785357245373
9577.60799180255
8943.039640589632
8607.047211606
8536.174714201476
8672.151761285722
8939.621980805345
9256.567496054717
9545.317628662215
9741.929087919902
9802.22258136539
9706.25276431012
9448.440135008976
9042.58702101149
8511.437177408625
7882.112536306171
7182.644516741794
6690.7700283757695
5933.63948600272
5176.0168937695025
4439.703301843819
3745.566662811667
3111.8196586358986
2552.066028038534
2074.3925218636887
1680.7790800155046
1367.3666320188097
1125.560411973612
943.7030158070359
808.9238871198687
708.7830631489379
632.4465114349737
571.2979530454023
519.0454230609042
471.4773438452148
426.0490090633217
381.4486705907318
340.30528537002226
298.8369084296925
259.7277111426259
224.28655516037364
194.01006924552533
170.39706718831198
159.01054898841056
149.17863809710593
148.43201813303872
156.54441844528063
172.48307200355742
194.64094336580845
320.3423119510298
432.9777634072701
582.979191740868
795.4558187567405
1093.0742174941308
1502.0997748610782
2049.399116638357
2757.6965307003866
3702.1610525318088
4798.472590437614
6063.7437869965825
7457.071032113654
8915.47710933165
10358.968991301663
11699.410958881792
12851.713789007232
13745.061165393457
14331.717083264622
14591.508592593942
14537.511123172897
14335.858362806253
13819.652691401925
13090.843702164128
12199.841613617986
11193.882563484622
10115.12617059119
9001.00093229995
7885.53338351591
6800.359592452112
5774.59075705154
4833.424005028796
4178.178738697262
3619.4463414989873
3260.515325229617
3153.6062746730086
3343.260478853371
3879.854869773064
4816.876698358713
6203.7251077510755
8159.266571803022
10616.681254959583
13546.02820388271
16888.602487491484
20508.821759971426
24220.847961555242
27805.54964924291
30011.997593205906
32889.702446895266
35096.24875035611
36517.342036921196
37110.274493775294
36900.770175481186
35968.517923409716
34426.210053810646
32398.15972647119
30003.803092647253
27349.01291875213
24525.141781684586
21613.20941013681
18689.475180878297
15829.015781535634
13105.467032667379
10587.021463009853
8330.317979714506
6374.525816419045
4737.644043621479
3416.10330371338
2387.6310428704974
1616.4460383597113
1059.4182451993283
671.8822947345394
486.89402355175747
292.10743395375016
169.4498705710534
95.02872833617737
51.51405543464227
26.990403010739833
13.666959476977404
6.687864804414472
3.1625426664136693
1.4451190731908103
0.638083934370415
0.2722389639011703
0.11223143393064161
0.044705973557522316
0.01720678374603563
0.006399030109595012
0.0022993592691688035
0.0007983185045920466
0.00026780649262449923
8.680419638455055e-05
2.7185320414545473e-05
8.226249647435637e-06
2.4051530456966627e-06
6.794488328456081e-07
1.854572789194979e-07
4.891071662315766e-08
1.9734130754829032e-08
2.0345576573614546
3.547052805685112
5.974316043672223
9.721462807848637
15.282624102934523
23.210640752379764
34.05643737537057
48.27632319006357
66.11378844806603
87.47275154450767
118.80928968451309
150.3878600690882
185.65814485920382
224.23645891403572
265.9518368582888
311.02684130815237
360.15801903058235
414.423113373435
474.9773113744289
542.5613257552877
616.9151711446805
696.760305925824
777.8550859850145
1169.901866145123
1508.3598013554379
1789.5538455542733
2359.131171040846
3170.1329555026123
4307.047586991973
5860.40081861171
7913.323104108244
10620.788461326465
13914.18346948849
17755.02541382096
22058.08103122252
26641.32179655186
31261.103645260788
35654.468735959155
39520.71115613592
42629.727958343785
44813.396922450105
45994.119957166244
46186.562661160846
45482.28127320888
44022.29026029069
41965.59315302342
39462.05403441576
36635.714739129624
33580.7028216438
30744.990097930047
28720.31804393223
25846.240793556477
23193.342253928877
20983.22930464946
19425.218603431684
18737.68581035764
19121.202774023786
20725.650419316993
23810.605792034847
28159.96521812446
33616.21920808619
39941.645222947715
46738.5683972067
53532.88720240945
59828.72943227964
65171.109568245556
69204.26432709166
71712.93999617816
72637.54362978968
72060.54536906711
70169.15571853795
67205.4491726076
63417.68782549732
59024.78972257704
54200.48407319289
49076.77766579807
45547.770296805604
40159.0420810627
34752.03723968216
29448.169059943884
24380.21028761509
19679.31135255787
15459.202990487298
11800.645998214284
8742.358034649335
6279.678010401318
4370.475251590149
2945.917691940568
1923.0292549445883
1216.289447624246
746.4725146176357
446.0330534870585
261.2641074026501
158.45952618804282
101.83925602732388
75.85920373805538
70.11838244400832
78.82799239205919
99.50963050497377
131.6121897207269
175.41223373291078
233.16343400181307
278.34586323305064
354.7411245971507
440.12911092782366
530.7312693412822
621.5923998865773
707.1107782236994
781.7635813690042
840.8793144804251
881.2827168923674
901.6595986525933
902.5582584408439
886.0416825727214
855.0995870162579
812.9897378149564
762.6837597121179
706.5434898030636
646.2693526118528
583.0734914193887
517.9679697322614
452.0404476347989
386.61656272840764
323.26406905460493
263.65494754791746
209.34658573458788
161.55974613615243
121.0195710878606
98.12483244459608
69.78246292609595
48.05586348817136
32.02904439319856
20.65189662977664
12.878304037802774
7.76493844413936
4.526070148530876
2.5500638347369913
1.3886233068296912
0.7307848070330711
0.37165710994221296
0.18265248698991274
0.0867412838412253
0.039804623875531374
0.0176498686786633
0.007562135443951454
0.0031306794007791142
0.06733848214934013
0.11436330230301452
0.18976477664613184
0.3049822362621219
0.47381121330884646
0.7112379088531927
1.031477800863264
1.2964955091353219
1.7752416481361024
2.3483728954611554
3.0012320733736018
3.7055697887841292
4.4201123052794244
6.561685462100128
8.274269425462741
10.87248483654565
14.260024369639618
30.148963044408895
45.19468461578734
67.85658457226802
100.96918891768428
147.72506698190992
212.0548351093887
296.22369999150186
402.1647035756112
530.3073016157457
678.6160761688863
842.2978796103425
1013.7027116057634
1182.6941352627007
1337.5275745342994
1952.3271224762527
2454.4743372685343
2860.885961294262
3674.8953197807778
4830.859739049905
6454.079664701407
8675.135147020554
11608.959831559472
15327.711218649845
20013.724004565454
25413.140523841805
31347.28489306697
37579.95130190975
43755.45844313476
49481.64372564773
54383.0957366714
58155.52783412993
60608.950734100355
61689.209549825355
61472.709379868866
60136.28888580201
57910.951432544374
55032.27357353433
51700.403183729
48058.682545205265
44193.540574039725
40151.67323485611
35965.8852621496
33115.87759599778
28799.347073327575
24514.050527480496
20371.57618902339
16491.0266031867
12980.210489222622
9919.285153785835
7350.8112168528405
5277.816140826774
3669.7087409060573
2469.4880661245534
1608.4057463935524
1014.4943038464356
620.911675528409
370.7218472190712
218.78373658409038
131.46713474981365
85.05648640840843
63.6061720597647
56.79617313384662
58.10437877508741
63.420793076777365
70.10075792862663
76.38482726715883
81.08671190270674
82.95364200313907
83.52795531564837
81.33030063136701
76.54297814811972
69.61591017332265
61.1819650026623
51.95528337720712
42.62994680087239
33.796342993519964
26.996082619815546
21.097404515843287
16.97460338090632
14.81006444373136
14.74681575471685
16.915708944131715
21.43846039116576
28.401568255232583
37.80398904099759
49.4895623087718
63.0818573152572
77.9424910444921
93.17235412988794
107.66782148724629
156.03578286426094
196.93620389605042
249.80864897523645
296.8100835115234
392.4890607468425
529.3380344107446
720.9650128499469
980.7303907101336
1319.2673019297406
1741.4877741485925
2262.937503635892
2852.0401934855754
3485.5273142279
4134.629310096193
4759.672080089359
5319.475431098265
5777.248784492153
6106.091131172547
6292.796795082354
6339.011691414976
6259.444982463506
6077.627966930337
5820.374438565921
5512.413984201977
5172.536607231797
4812.055723018869
4435.656244897912
4043.998181764423
3637.015148095286
3358.0608550033803
2932.023768282094
2504.75035208012
2087.9239113201593
1694.4832631956956
1336.405905205747
1022.807625692704
758.794227617013
545.2117700448919
379.18026322230827
255.13138157853035
166.02407931260808
